date_stamp,cnt_total,cnt_total_new,cnt_confirmed,cnt_confirmed_new,cnt_probable,cnt_probable_new,cnt_active,cnt_active_new,cnt_hospitalized,cnt_hospitalized_new,cnt_recovered,cnt_recovered_new,cnt_death,cnt_death_new,cnt_tested_pos,cnt_tested_neg,cnt_tested,cnt_tested_new
2020-03-04,0,,,,,,,,,,,,,,,,,
2020-03-05,1,1,,,,,,,,,,,,,,,,
2020-03-06,1,0,,,,,,,,,,,,,,,,
2020-03-07,1,0,,,,,,,,,,,,,,,,
2020-03-08,3,2,,,,,,,,,,,,,,,,
2020-03-09,4,1,,,,,,,,,,,,,,,,
2020-03-10,7,3,,,,,,,,,,,,,,,,
2020-03-11,9,2,,,,,,,,,,,,,,,,
2020-03-12,18,9,,,,,,,,,,,,,,,,
2020-03-13,26,8,,,,,,,,,,,,,,,,
2020-03-14,32,6,,,,,,,,,,,,,,,,
2020-03-15,39,7,,,,,,,,,,,,,,,,
2020-03-16,52,13,,,,,,,,,,,,,,,,
2020-03-17,73,21,,,,,,,,,,,,,,,,
2020-03-18,98,25,,,,,,,,,,,,,,,,
2020-03-19,154,56,,,,,,,,,,,,,,,,
2020-03-20,228,74,,,,,,,,,,,0,,,,,
2020-03-21,371,143,,,,,,,,,,,1,1,,,,
2020-03-22,505,134,,,,,,,,,,,2,1,,,,
2020-03-23,615,110,,,,,,,,,,,2,0,,,,
2020-03-24,667,52,,,,,,,,,,,2,0,667,10477,11144,
2020-03-25,784,117,,,,,781,,53,,,,3,1,784,11012,11796,652
2020-03-26,957,173,,,,,954,173,76,23,,,3,0,957,13952,14909,3113
2020-03-27,1203,246,,,,,1197,243,103,27,,,6,3,1203,14888,16091,1182
2020-03-28,1373,170,,,,,1367,170,118,15,,,6,0,1373,16965,18338,2247
2020-03-29,1537,164,,,,,1530,163,133,15,,,7,1,1537,19037,20574,2236
2020-03-30,1834,297,,,,,1712,182,148,15,109,,13,6,1834,21470,23304,2730
2020-03-31,2239,405,,,,,2095,383,175,27,121,12,23,10,2239,25121,27360,4056
2020-04-01,2683,444,,,,,2522,427,200,25,137,16,24,1,2683,29769,32452,5092
2020-04-02,2845,162,,,,,2593,71,263,63,220,83,32,8,2845,31766,34611,2159
2020-04-03,3067,222,,,,,2782,189,293,30,248,28,37,5,3067,34772,37839,3228
2020-04-04,3321,254,,,,,3003,221,311,18,275,27,43,6,3321,38070,41391,3552
2020-04-05,3633,312,,,,,3294,291,328,17,295,20,44,1,3633,41667,45300,3909
2020-04-06,3802,169,,,,,3381,87,352,24,356,61,65,21,3802,43548,47350,2050
2020-04-07,4138,336,,,,,3600,219,408,56,466,110,72,7,4138,48736,52874,5524
2020-04-08,4362,224,,,,,3691,91,449,41,592,126,79,7,4362,52256,56618,3744
2020-04-09,4634,272,,,,,3619,-72,505,56,921,329,94,15,4634,55215,59849,3231
2020-04-10,4862,228,,,,,3619,0,536,31,1145,224,98,4,4862,57937,62799,2950
2020-04-11,5114,252,,,,,3627,8,556,20,1386,241,101,3,5114,61714,66828,4029
2020-04-12,5308,194,,,,,3703,76,567,11,1504,118,101,0,5308,65369,70747,3919
2020-04-13,5610,302,,,,,3830,127,579,12,1671,167,109,8,5610,70585,76195,5448
2020-04-14,5823,213,,,,,3730,-100,633,54,1969,298,124,15,5823,73008,78831,2636
2020-04-15,6079,256,,,,,3748,18,663,30,2196,227,135,11,6079,74817,80896,2065
2020-04-16,6262,183,,,,,3335,-413,691,28,2786,590,141,6,6262,78787,85049,4153
2020-04-17,6589,327,,,,,3430,95,711,20,3017,231,142,1,6589,80684,87273,2224
2020-04-18,6762,173,,,,,3383,-47,719,8,3234,217,145,3,6762,83824,90586,3313
2020-04-19,7070,308,,,,,3578,195,724,5,3344,110,148,3,7070,90028,97098,6512
2020-04-20,7238,168,,,,,3511,-67,730,6,3575,231,152,4,7238,93451,100689,3591
2020-04-21,7394,156,,,,,3409,-102,760,30,3828,253,157,5,7394,100788,108182,7493
2020-04-22,7842,448,,,,,3664,255,775,15,4012,184,166,9,7842,107138,114980,6798
2020-04-23,8266,424,,,,,3904,240,793,18,4192,180,170,4,8266,114834,123100,8120
2020-04-24,8726,460,,,,,4188,284,808,15,4370,178,168,-2,8726,122602,131328,8228
2020-04-25,9189,463,,,,,4544,356,821,13,4467,97,178,10,9189,132217,141406,10078
2020-04-26,9667,478,,,,,4959,415,828,7,4527,60,181,3,9667,137807,147474,6068
2020-04-27,9918,251,,,,,5014,55,837,9,4720,193,184,3,9918,144484,154402,6928
2020-04-28,10052,134,,,,,4943,-71,894,57,4921,201,188,4,10052,151876,161928,7526
2020-04-29,10366,314,,,,,5031,88,1013,119,5140,219,195,7,10366,158183,168549,6621
2020-04-30,10735,369,,,,,5198,167,1045,32,5338,198,199,4,10735,166891,177626,9077
2020-05-01,11891,1156,,,,,6141,943,1113,68,5546,208,204,5,11891,174241,186132,8506
2020-05-02,12661,770,,,,,6734,593,1125,12,5718,172,209,5,12661,183615,196276,10144
2020-05-03,13177,516,,,,,7153,419,1135,10,5814,96,210,1,13177,191430,204607,8331
2020-05-04,13502,325,13502,,69,,7271,118,1143,8,6081,267,219,9,13502,197941,211443,6836
2020-05-05,13624,122,13624,122,66,-3,7108,-163,1156,13,6356,275,226,7,13624,205172,218796,7353
2020-05-06,13938,314,13938,314,68,2,7135,27,1223,67,6564,208,239,13,13938,213163,227101,8305
2020-05-07,14096,158,14096,158,70,2,7076,-59,1266,43,6783,219,237,-2,14096,222232,236328,9227
2020-05-08,14441,345,14441,345,71,1,7189,113,1299,33,7011,228,241,4,14441,229137,243578,7250
2020-05-09,14768,327,14768,327,75,4,7157,-32,1319,20,7369,358,242,1,14768,237980,252748,9170
2020-05-10,14985,217,14985,217,75,0,7214,57,1325,6,7528,159,243,1,14985,246884,261869,9121
2020-05-11,15544,559,15544,559,78,3,7255,41,1344,19,8038,510,251,8,15544,257733,273277,11408
2020-05-12,16110,566,16110,566,80,2,7510,255,1362,18,8336,298,264,13,16110,267813,283924,10647
2020-05-13,16370,260,16370,260,81,1,7473,-37,1388,26,8624,288,273,9,16370,276547,292917,8993
2020-05-14,16699,329,16699,329,85,4,7531,58,1435,47,8881,257,287,14,16699,285618,302317,9400
2020-05-15,16970,271,16970,271,82,-3,7400,-131,1454,19,9280,399,290,3,16970,292786,309756,7439
2020-05-16,17288,318,17288,318,86,4,7464,64,1474,20,9529,249,295,5,17288,302913,320201,10445
2020-05-17,17388,100,17388,100,107,21,7438,-26,1482,8,9652,123,298,3,17388,307892,325280,5079
2020-05-18,18011,623,18011,623,110,3,7824,386,1489,7,9886,234,301,3,18011,319417,337428,12148
2020-05-19,18378,367,18378,367,113,3,7104,-720,1498,9,10969,1083,305,4,18378,327745,346123,8695
2020-05-20,18532,154,18532,154,114,1,6440,-664,1515,17,11783,814,309,4,18532,335481,354013,7890
2020-05-21,18961,429,18961,429,112,-2,6457,17,1539,24,12191,408,313,4,18961,341622,360583,6570
2020-05-22,19394,433,19394,433,116,4,6513,56,1560,21,12566,375,315,2,19394,348776,368170,7587
2020-05-23,19789,395,19789,395,120,4,6715,202,1573,13,12745,179,329,14,19789,353969,373758,5588
2020-05-24,20145,356,20145,356,124,4,6972,257,1583,10,12837,92,336,7,20145,363431,383576,9818
2020-05-25,20607,462,20607,462,124,0,7196,224,1594,11,13073,236,338,2,20607,375612,396219,12643
2020-05-26,20965,358,20965,358,124,0,7278,82,1609,15,13344,271,343,5,20965,382539,403504,7285
2020-05-27,21306,341,21306,341,135,11,7037,-241,1647,38,13916,572,353,10,21306,388324,409630,6126
2020-05-28,21679,373,21679,373,143,8,6691,-346,1689,42,14632,716,356,3,21679,394310,415989,6359
2020-05-29,22085,406,22085,406,151,8,6760,69,1710,21,14965,333,360,4,22085,399882,421967,5978
2020-05-30,22566,481,22566,481,154,3,7009,249,1732,22,15193,228,364,4,22566,404480,427046,5079
2020-05-31,23006,440,23006,440,153,-1,7342,333,1750,18,15300,107,364,0,23006,412971,435977,8931
2020-06-01,23554,548,23554,548,155,2,7623,281,1767,17,15564,264,367,3,23554,424939,448493,12516
2020-06-02,24375,821,24375,821,168,13,8078,455,1792,25,15916,352,381,14,24375,437761,462136,13643
2020-06-03,24822,447,24822,447,168,0,8115,37,1829,37,16319,403,388,7,24822,445957,470779,8643
2020-06-04,25120,298,25120,298,169,1,8076,-39,1855,26,16643,324,401,13,25120,451018,476138,5359
2020-06-05,25520,400,25520,400,170,1,8187,111,1893,38,16925,282,408,7,25520,456652,482172,6034
2020-06-06,26071,551,26071,551,177,7,8530,343,1923,30,17124,199,417,9,26071,465350,491421,9249
2020-06-07,26381,310,26381,310,180,3,8741,211,1932,9,17222,98,418,1,26381,472387,498768,7347
2020-06-08,26944,563,26944,563,185,5,8960,219,1948,16,17563,341,421,3,26944,485819,512763,13995
2020-06-09,27575,631,27575,631,184,-1,9127,167,1974,26,18013,450,435,14,27575,493622,521197,8434
2020-06-10,27869,294,27869,294,192,8,8917,-210,1990,16,18516,503,436,1,27869,500766,528635,7438
2020-06-11,28340,471,28340,471,198,6,8977,60,2011,21,18922,406,441,5,28340,506756,535096,6461
2020-06-12,29126,786,28924,584,202,4,9233,256,2049,38,19425,503,468,27,33913,561047,594960,59864
2020-06-13,29541,415,29340,416,201,-1,9338,105,2073,24,19731,306,472,4,34409,566752,601161,6201
2020-06-14,30432,891,30225,885,207,6,10061,723,2087,14,19896,165,475,3,35423,579620,615043,13882
2020-06-15,31160,728,30951,726,209,2,10615,554,2106,19,20062,166,483,8,36284,593485,629769,14726
2020-06-16,31830,670,31612,661,218,9,10627,12,2146,40,20710,648,493,10,36995,601777,638772,9003
2020-06-17,32143,313,31914,302,229,11,10364,-263,2180,34,21282,572,497,4,37420,606924,644344,5572
2020-06-18,32829,686,32595,681,234,5,10371,7,2209,29,21949,667,509,12,38194,613966,652160,7816
2020-06-19,34017,1188,33776,1181,241,7,10652,281,2257,48,22841,892,524,15,39687,628901,668588,16428
2020-06-20,34446,429,34207,431,239,-2,11084,432,2266,9,22838,-3,524,0,40201,634900,675101,6513
2020-06-21,35102,656,34854,647,248,9,11509,425,2291,25,23067,229,526,2,40967,644414,685381,10280
2020-06-22,35553,451,35302,448,251,3,11455,-54,2301,10,23567,500,531,5,41499,658355,699854,14473
2020-06-23,36303,750,36048,746,255,4,11693,238,2336,35,24068,501,542,11,42154,663010,705164,5310
2020-06-24,37235,932,36969,921,266,11,11986,293,2386,50,24693,625,556,14,43217,674821,718038,12874
2020-06-25,38034,799,37753,784,281,15,12187,201,2431,45,25280,587,567,11,44202,683066,727268,9230
2020-06-26,39444,1410,39149,1396,295,14,13114,927,2498,67,25753,473,577,10,45734,696003,741737,14469
2020-06-27,40172,728,39848,699,324,29,13429,315,2564,66,26159,406,584,7,46468,701761,748229,6492
2020-06-29,42297,2125,41949,2101,348,24,14743,1314,2599,35,26962,803,592,8,48873,727985,776858,28629
2020-06-30,43509,1212,43161,1212,348,0,15306,563,2665,66,27599,637,604,12,50413,742366,792779,15921
2020-07-01,45315,1806,44951,1790,364,16,16423,1117,2715,50,28283,684,609,5,52617,764905,817522,24743
2020-07-02,46890,1575,46520,1569,370,6,17332,909,2775,60,28938,655,620,11,54471,783613,838084,20562
2020-07-03,48712,1822,48344,1824,368,-2,18488,1156,2825,50,29591,653,633,13,56644,805477,862121,24037
2020-07-04,50140,1428,49768,1424,372,4,19460,972,2860,35,30043,452,637,4,58202,820028,878230,16109
2020-07-05,51431,1291,51061,1293,370,-2,20531,1071,2871,11,30254,211,646,9,59768,836028,895796,17566
2020-07-06,52155,724,51774,713,381,11,20482,-49,2897,26,31020,766,653,7,60554,843683,904237,8441
2020-07-07,53514,1359,53116,1342,398,17,21022,540,2950,53,31827,807,665,12,62185,858616,920801,16564
