Test Date,County,New Positives,Cumulative Number of Positives,Total Number of Tests Performed,Cumulative Number of Tests Performed
03/02/2020,Albany,0,0,0,0
03/03/2020,Albany,0,0,0,0
03/04/2020,Albany,0,0,0,0
03/05/2020,Albany,0,0,3,3
03/06/2020,Albany,0,0,0,3
03/07/2020,Albany,0,0,5,8
03/08/2020,Albany,0,0,2,10
03/09/2020,Albany,0,0,3,13
03/10/2020,Albany,0,0,2,15
03/11/2020,Albany,0,0,13,28
03/12/2020,Albany,1,1,11,39
03/13/2020,Albany,2,3,26,65
03/14/2020,Albany,3,6,108,173
03/15/2020,Albany,6,12,108,281
03/16/2020,Albany,11,23,140,421
03/17/2020,Albany,13,36,267,688
03/18/2020,Albany,7,43,331,1019
03/19/2020,Albany,18,61,450,1469
03/20/2020,Albany,27,88,499,1968
03/21/2020,Albany,35,123,577,2545
03/22/2020,Albany,4,127,197,2742
03/23/2020,Albany,19,146,144,2886
03/24/2020,Albany,6,152,198,3084
03/25/2020,Albany,19,171,93,3177
03/26/2020,Albany,16,187,112,3289
03/27/2020,Albany,8,195,101,3390
03/28/2020,Albany,10,205,73,3463
03/29/2020,Albany,12,217,61,3524
03/30/2020,Albany,9,226,72,3596
03/31/2020,Albany,14,240,108,3704
04/01/2020,Albany,13,253,106,3810
04/02/2020,Albany,14,267,105,3915
04/03/2020,Albany,26,293,123,4038
04/04/2020,Albany,12,305,117,4155
04/05/2020,Albany,14,319,89,4244
04/06/2020,Albany,14,333,86,4330
04/07/2020,Albany,9,342,74,4404
04/08/2020,Albany,37,379,229,4633
04/09/2020,Albany,47,426,332,4965
04/10/2020,Albany,20,446,159,5124
04/11/2020,Albany,32,478,223,5347
04/12/2020,Albany,21,499,193,5540
04/13/2020,Albany,36,535,216,5756
04/14/2020,Albany,13,548,106,5862
04/15/2020,Albany,33,581,301,6163
04/16/2020,Albany,38,619,273,6436
04/17/2020,Albany,29,648,291,6727
04/18/2020,Albany,34,682,305,7032
04/19/2020,Albany,5,687,103,7135
04/20/2020,Albany,17,704,164,7299
04/21/2020,Albany,33,737,236,7535
04/22/2020,Albany,21,758,178,7713
04/23/2020,Albany,47,805,319,8032
04/24/2020,Albany,94,899,626,8658
04/25/2020,Albany,49,948,402,9060
04/26/2020,Albany,31,979,263,9323
04/27/2020,Albany,30,1009,197,9520
04/28/2020,Albany,58,1067,351,9871
04/29/2020,Albany,98,1165,439,10310
04/30/2020,Albany,39,1204,378,10688
05/01/2020,Albany,34,1238,434,11122
05/02/2020,Albany,20,1258,441,11563
05/03/2020,Albany,29,1287,391,11954
05/04/2020,Albany,7,1294,130,12084
05/05/2020,Albany,27,1321,367,12451
05/06/2020,Albany,27,1348,407,12858
05/07/2020,Albany,36,1384,385,13243
05/08/2020,Albany,32,1416,488,13731
05/09/2020,Albany,16,1432,455,14186
05/10/2020,Albany,24,1456,384,14570
05/11/2020,Albany,23,1479,341,14911
05/12/2020,Albany,15,1494,335,15246
05/13/2020,Albany,15,1509,546,15792
05/14/2020,Albany,29,1538,541,16333
05/15/2020,Albany,34,1572,482,16815
05/16/2020,Albany,7,1579,411,17226
05/17/2020,Albany,31,1610,342,17568
05/18/2020,Albany,45,1655,398,17966
05/19/2020,Albany,27,1682,697,18663
05/20/2020,Albany,18,1700,650,19313
05/21/2020,Albany,56,1756,920,20233
05/22/2020,Albany,14,1770,655,20888
05/23/2020,Albany,12,1782,438,21326
05/24/2020,Albany,9,1791,378,21704
05/25/2020,Albany,2,1793,328,22032
05/26/2020,Albany,3,1796,369,22401
05/27/2020,Albany,18,1814,666,23067
05/28/2020,Albany,20,1834,416,23483
05/29/2020,Albany,9,1843,521,24004
05/30/2020,Albany,17,1860,760,24764
05/31/2020,Albany,22,1882,537,25301
06/01/2020,Albany,18,1900,618,25919
06/02/2020,Albany,20,1920,1170,27089
06/03/2020,Albany,10,1930,817,27906
06/04/2020,Albany,11,1941,1179,29085
06/05/2020,Albany,12,1953,1164,30249
06/06/2020,Albany,8,1961,751,31000
06/07/2020,Albany,17,1978,1194,32194
06/08/2020,Albany,5,1983,616,32810
06/09/2020,Albany,3,1986,569,33379
06/10/2020,Albany,10,1996,774,34153
06/11/2020,Albany,11,2007,1103,35256
06/12/2020,Albany,9,2016,739,35995
06/13/2020,Albany,4,2020,874,36869
06/14/2020,Albany,2,2022,496,37365
06/15/2020,Albany,4,2026,577,37942
06/16/2020,Albany,3,2029,592,38534
06/17/2020,Albany,5,2034,843,39377
06/18/2020,Albany,15,2049,1070,40447
06/19/2020,Albany,4,2053,610,41057
06/20/2020,Albany,1,2054,784,41841
06/21/2020,Albany,6,2060,931,42772
06/22/2020,Albany,2,2062,427,43199
06/23/2020,Albany,3,2065,586,43785
06/24/2020,Albany,11,2076,1325,45110
06/25/2020,Albany,8,2084,630,45740
06/26/2020,Albany,7,2091,799,46539
03/02/2020,Allegany,0,0,0,0
03/03/2020,Allegany,0,0,0,0
03/04/2020,Allegany,0,0,0,0
03/05/2020,Allegany,0,0,0,0
03/06/2020,Allegany,0,0,0,0
03/07/2020,Allegany,0,0,0,0
03/08/2020,Allegany,0,0,0,0
03/09/2020,Allegany,0,0,0,0
03/10/2020,Allegany,0,0,0,0
03/11/2020,Allegany,0,0,4,4
03/12/2020,Allegany,0,0,1,5
03/13/2020,Allegany,0,0,0,5
03/14/2020,Allegany,0,0,1,6
03/15/2020,Allegany,2,2,5,11
03/16/2020,Allegany,0,2,1,12
03/17/2020,Allegany,0,2,0,12
03/18/2020,Allegany,0,2,3,15
03/19/2020,Allegany,0,2,2,17
03/20/2020,Allegany,0,2,10,27
03/21/2020,Allegany,0,2,10,37
03/22/2020,Allegany,0,2,39,76
03/23/2020,Allegany,0,2,2,78
03/24/2020,Allegany,0,2,5,83
03/25/2020,Allegany,0,2,6,89
03/26/2020,Allegany,0,2,9,98
03/27/2020,Allegany,0,2,4,102
03/28/2020,Allegany,4,6,12,114
03/29/2020,Allegany,1,7,7,121
03/30/2020,Allegany,0,7,4,125
03/31/2020,Allegany,2,9,10,135
04/01/2020,Allegany,3,12,14,149
04/02/2020,Allegany,2,14,18,167
04/03/2020,Allegany,2,16,13,180
04/04/2020,Allegany,0,16,8,188
04/05/2020,Allegany,1,17,8,196
04/06/2020,Allegany,0,17,3,199
04/07/2020,Allegany,4,21,16,215
04/08/2020,Allegany,1,22,12,227
04/09/2020,Allegany,4,26,21,248
04/10/2020,Allegany,0,26,16,264
04/11/2020,Allegany,0,26,11,275
04/12/2020,Allegany,0,26,5,280
04/13/2020,Allegany,2,28,14,294
04/14/2020,Allegany,0,28,10,304
04/15/2020,Allegany,0,28,8,312
04/16/2020,Allegany,1,29,21,333
04/17/2020,Allegany,1,30,15,348
04/18/2020,Allegany,0,30,7,355
04/19/2020,Allegany,0,30,5,360
04/20/2020,Allegany,0,30,9,369
04/21/2020,Allegany,0,30,10,379
04/22/2020,Allegany,0,30,14,393
04/23/2020,Allegany,1,31,10,403
04/24/2020,Allegany,4,35,61,464
04/25/2020,Allegany,0,35,12,476
04/26/2020,Allegany,0,35,9,485
04/27/2020,Allegany,0,35,14,499
04/28/2020,Allegany,0,35,26,525
04/29/2020,Allegany,0,35,18,543
04/30/2020,Allegany,0,35,20,563
05/01/2020,Allegany,0,35,11,574
05/02/2020,Allegany,0,35,18,592
05/03/2020,Allegany,0,35,14,606
05/04/2020,Allegany,0,35,31,637
05/05/2020,Allegany,0,35,22,659
05/06/2020,Allegany,0,35,40,699
05/07/2020,Allegany,0,35,33,732
05/08/2020,Allegany,0,35,18,750
05/09/2020,Allegany,1,36,20,770
05/10/2020,Allegany,2,38,35,805
05/11/2020,Allegany,4,42,41,846
05/12/2020,Allegany,2,44,39,885
05/13/2020,Allegany,0,44,53,938
05/14/2020,Allegany,0,44,44,982
05/15/2020,Allegany,0,44,27,1009
05/16/2020,Allegany,0,44,36,1045
05/17/2020,Allegany,0,44,89,1134
05/18/2020,Allegany,0,44,28,1162
05/19/2020,Allegany,0,44,49,1211
05/20/2020,Allegany,0,44,68,1279
05/21/2020,Allegany,0,44,47,1326
05/22/2020,Allegany,0,44,26,1352
05/23/2020,Allegany,0,44,33,1385
05/24/2020,Allegany,0,44,53,1438
05/25/2020,Allegany,0,44,28,1466
05/26/2020,Allegany,1,45,96,1562
05/27/2020,Allegany,0,45,98,1660
05/28/2020,Allegany,0,45,60,1720
05/29/2020,Allegany,0,45,64,1784
05/30/2020,Allegany,0,45,51,1835
05/31/2020,Allegany,3,48,100,1935
06/01/2020,Allegany,0,48,160,2095
06/02/2020,Allegany,1,49,181,2276
06/03/2020,Allegany,0,49,131,2407
06/04/2020,Allegany,2,51,154,2561
06/05/2020,Allegany,0,51,309,2870
06/06/2020,Allegany,0,51,98,2968
06/07/2020,Allegany,0,51,149,3117
06/08/2020,Allegany,0,51,220,3337
06/09/2020,Allegany,1,52,128,3465
06/10/2020,Allegany,1,53,137,3602
06/11/2020,Allegany,0,53,163,3765
06/12/2020,Allegany,1,54,144,3909
06/13/2020,Allegany,0,54,103,4012
06/14/2020,Allegany,1,55,65,4077
06/15/2020,Allegany,0,55,120,4197
06/16/2020,Allegany,0,55,134,4331
06/17/2020,Allegany,2,57,77,4408
06/18/2020,Allegany,1,58,220,4628
06/19/2020,Allegany,0,58,166,4794
06/20/2020,Allegany,0,58,66,4860
06/21/2020,Allegany,0,58,114,4974
06/22/2020,Allegany,0,58,142,5116
06/23/2020,Allegany,0,58,104,5220
06/24/2020,Allegany,0,58,131,5351
06/25/2020,Allegany,0,58,109,5460
06/26/2020,Allegany,0,58,55,5515
03/02/2020,Bronx,0,0,0,0
03/03/2020,Bronx,0,0,1,1
03/04/2020,Bronx,0,0,0,1
03/05/2020,Bronx,0,0,5,6
03/06/2020,Bronx,0,0,6,12
03/07/2020,Bronx,0,0,17,29
03/08/2020,Bronx,1,1,16,45
03/09/2020,Bronx,4,5,31,76
03/10/2020,Bronx,0,5,47,123
03/11/2020,Bronx,2,7,31,154
03/12/2020,Bronx,3,10,36,190
03/13/2020,Bronx,10,20,99,289
03/14/2020,Bronx,8,28,80,369
03/15/2020,Bronx,29,57,116,485
03/16/2020,Bronx,29,86,151,636
03/17/2020,Bronx,123,209,433,1069
03/18/2020,Bronx,154,363,597,1666
03/19/2020,Bronx,191,554,605,2271
03/20/2020,Bronx,297,851,884,3155
03/21/2020,Bronx,367,1218,1044,4199
03/22/2020,Bronx,606,1824,1276,5475
03/23/2020,Bronx,455,2279,970,6445
03/24/2020,Bronx,611,2890,1188,7633
03/25/2020,Bronx,838,3728,1770,9403
03/26/2020,Bronx,829,4557,1428,10831
03/27/2020,Bronx,846,5403,1478,12309
03/28/2020,Bronx,901,6304,1529,13838
03/29/2020,Bronx,658,6962,1160,14998
03/30/2020,Bronx,804,7766,1341,16339
03/31/2020,Bronx,1095,8861,1818,18157
04/01/2020,Bronx,1066,9927,1754,19911
04/02/2020,Bronx,1159,11086,1946,21857
04/03/2020,Bronx,1229,12315,2108,23965
04/04/2020,Bronx,1053,13368,1778,25743
04/05/2020,Bronx,959,14327,1628,27371
04/06/2020,Bronx,1021,15348,1996,29367
04/07/2020,Bronx,1278,16626,2562,31929
04/08/2020,Bronx,1166,17792,2348,34277
04/09/2020,Bronx,1368,19160,2637,36914
04/10/2020,Bronx,1317,20477,2580,39494
04/11/2020,Bronx,964,21441,2081,41575
04/12/2020,Bronx,764,22205,1623,43198
04/13/2020,Bronx,1061,23266,2294,45492
04/14/2020,Bronx,1387,24653,2622,48114
04/15/2020,Bronx,1279,25932,2939,51053
04/16/2020,Bronx,1103,27035,2793,53846
04/17/2020,Bronx,984,28019,2597,56443
04/18/2020,Bronx,804,28823,2162,58605
04/19/2020,Bronx,549,29372,1707,60312
04/20/2020,Bronx,617,29989,2050,62362
04/21/2020,Bronx,879,30868,2942,65304
04/22/2020,Bronx,791,31659,3084,68388
04/23/2020,Bronx,1042,32701,3691,72079
04/24/2020,Bronx,1482,34183,4800,76879
04/25/2020,Bronx,787,34970,2967,79846
04/26/2020,Bronx,586,35556,2363,82209
04/27/2020,Bronx,438,35994,2107,84316
04/28/2020,Bronx,606,36600,2938,87254
04/29/2020,Bronx,644,37244,2977,90231
04/30/2020,Bronx,541,37785,2824,93055
05/01/2020,Bronx,665,38450,3694,96749
05/02/2020,Bronx,466,38916,2857,99606
05/03/2020,Bronx,307,39223,1869,101475
05/04/2020,Bronx,253,39476,2001,103476
05/05/2020,Bronx,363,39839,2657,106133
05/06/2020,Bronx,342,40181,2786,108919
05/07/2020,Bronx,352,40533,3078,111997
05/08/2020,Bronx,271,40804,2873,114870
05/09/2020,Bronx,255,41059,2935,117805
05/10/2020,Bronx,237,41296,2140,119945
05/11/2020,Bronx,145,41441,1510,121455
05/12/2020,Bronx,236,41677,2678,124133
05/13/2020,Bronx,303,41980,3338,127471
05/14/2020,Bronx,539,42519,4408,131879
05/15/2020,Bronx,293,42812,3632,135511
05/16/2020,Bronx,210,43022,2861,138372
05/17/2020,Bronx,136,43158,2126,140498
05/18/2020,Bronx,112,43270,2102,142600
05/19/2020,Bronx,148,43418,2682,145282
05/20/2020,Bronx,185,43603,3618,148900
05/21/2020,Bronx,163,43766,3421,152321
05/22/2020,Bronx,155,43921,3518,155839
05/23/2020,Bronx,216,44137,4575,160414
05/24/2020,Bronx,110,44247,2445,162859
05/25/2020,Bronx,117,44364,2233,165092
05/26/2020,Bronx,139,44503,3064,168156
05/27/2020,Bronx,250,44753,5657,173813
05/28/2020,Bronx,221,44974,5781,179594
05/29/2020,Bronx,142,45116,4817,184411
05/30/2020,Bronx,137,45253,4338,188749
05/31/2020,Bronx,106,45359,3997,192746
06/01/2020,Bronx,107,45466,4069,196815
06/02/2020,Bronx,105,45571,3579,200394
06/03/2020,Bronx,117,45688,4303,204697
06/04/2020,Bronx,90,45778,4606,209303
06/05/2020,Bronx,104,45882,5144,214447
06/06/2020,Bronx,98,45980,4164,218611
06/07/2020,Bronx,72,46052,3718,222329
06/08/2020,Bronx,75,46127,3214,225543
06/09/2020,Bronx,96,46223,4468,230011
06/10/2020,Bronx,93,46316,3929,233940
06/11/2020,Bronx,80,46396,4894,238834
06/12/2020,Bronx,105,46501,5869,244703
06/13/2020,Bronx,66,46567,4578,249281
06/14/2020,Bronx,78,46645,4689,253970
06/15/2020,Bronx,65,46710,4542,258512
06/16/2020,Bronx,68,46778,5106,263618
06/17/2020,Bronx,52,46830,5556,269174
06/18/2020,Bronx,85,46915,6272,275446
06/19/2020,Bronx,64,46979,5007,280453
06/20/2020,Bronx,48,47027,4694,285147
06/21/2020,Bronx,65,47092,4917,290064
06/22/2020,Bronx,62,47154,3723,293787
06/23/2020,Bronx,76,47230,3549,297336
06/24/2020,Bronx,64,47294,4930,302266
06/25/2020,Bronx,89,47383,4377,306643
06/26/2020,Bronx,73,47456,5794,312437
03/02/2020,Broome,0,0,0,0
03/03/2020,Broome,0,0,0,0
03/04/2020,Broome,0,0,0,0
03/05/2020,Broome,0,0,0,0
03/06/2020,Broome,0,0,0,0
03/07/2020,Broome,0,0,0,0
03/08/2020,Broome,0,0,2,2
03/09/2020,Broome,0,0,1,3
03/10/2020,Broome,0,0,1,4
03/11/2020,Broome,0,0,1,5
03/12/2020,Broome,1,1,2,7
03/13/2020,Broome,0,1,2,9
03/14/2020,Broome,0,1,3,12
03/15/2020,Broome,0,1,2,14
03/16/2020,Broome,0,1,1,15
03/17/2020,Broome,0,1,6,21
03/18/2020,Broome,1,2,9,30
03/19/2020,Broome,0,2,3,33
03/20/2020,Broome,0,2,16,49
03/21/2020,Broome,1,3,5,54
03/22/2020,Broome,4,7,20,74
03/23/2020,Broome,2,9,18,92
03/24/2020,Broome,2,11,13,105
03/25/2020,Broome,5,16,37,142
03/26/2020,Broome,2,18,25,167
03/27/2020,Broome,5,23,37,204
03/28/2020,Broome,6,29,45,249
03/29/2020,Broome,6,35,36,285
03/30/2020,Broome,3,38,48,333
03/31/2020,Broome,4,42,35,368
04/01/2020,Broome,4,46,43,411
04/02/2020,Broome,10,56,72,483
04/03/2020,Broome,9,65,55,538
04/04/2020,Broome,6,71,36,574
04/05/2020,Broome,5,76,33,607
04/06/2020,Broome,10,86,47,654
04/07/2020,Broome,2,88,24,678
04/08/2020,Broome,17,105,82,760
04/09/2020,Broome,7,112,58,818
04/10/2020,Broome,5,117,31,849
04/11/2020,Broome,9,126,60,909
04/12/2020,Broome,7,133,39,948
04/13/2020,Broome,13,146,90,1038
04/14/2020,Broome,7,153,73,1111
04/15/2020,Broome,14,167,74,1185
04/16/2020,Broome,11,178,82,1267
04/17/2020,Broome,8,186,64,1331
04/18/2020,Broome,6,192,52,1383
04/19/2020,Broome,7,199,43,1426
04/20/2020,Broome,6,205,47,1473
04/21/2020,Broome,14,219,54,1527
04/22/2020,Broome,5,224,102,1629
04/23/2020,Broome,8,232,85,1714
04/24/2020,Broome,19,251,212,1926
04/25/2020,Broome,6,257,105,2031
04/26/2020,Broome,4,261,69,2100
04/27/2020,Broome,5,266,60,2160
04/28/2020,Broome,7,273,87,2247
04/29/2020,Broome,11,284,114,2361
04/30/2020,Broome,15,299,110,2471
05/01/2020,Broome,6,305,114,2585
05/02/2020,Broome,22,327,415,3000
05/03/2020,Broome,7,334,353,3353
05/04/2020,Broome,4,338,180,3533
05/05/2020,Broome,7,345,273,3806
05/06/2020,Broome,15,360,333,4139
05/07/2020,Broome,4,364,214,4353
05/08/2020,Broome,8,372,252,4605
05/09/2020,Broome,1,373,317,4922
05/10/2020,Broome,5,378,319,5241
05/11/2020,Broome,1,379,271,5512
05/12/2020,Broome,3,382,291,5803
05/13/2020,Broome,1,383,343,6146
05/14/2020,Broome,7,390,343,6489
05/15/2020,Broome,23,413,458,6947
05/16/2020,Broome,1,414,486,7433
05/17/2020,Broome,9,423,379,7812
05/18/2020,Broome,6,429,295,8107
05/19/2020,Broome,7,436,639,8746
05/20/2020,Broome,15,451,419,9165
05/21/2020,Broome,17,468,820,9985
05/22/2020,Broome,17,485,645,10630
05/23/2020,Broome,16,501,629,11259
05/24/2020,Broome,18,519,669,11928
05/25/2020,Broome,3,522,536,12464
05/26/2020,Broome,6,528,369,12833
05/27/2020,Broome,17,545,523,13356
05/28/2020,Broome,12,557,614,13970
05/29/2020,Broome,4,561,531,14501
05/30/2020,Broome,5,566,1002,15503
05/31/2020,Broome,8,574,777,16280
06/01/2020,Broome,4,578,629,16909
06/02/2020,Broome,11,589,826,17735
06/03/2020,Broome,4,593,631,18366
06/04/2020,Broome,12,605,1417,19783
06/05/2020,Broome,8,613,1311,21094
06/06/2020,Broome,7,620,950,22044
06/07/2020,Broome,4,624,745,22789
06/08/2020,Broome,3,627,797,23586
06/09/2020,Broome,3,630,755,24341
06/10/2020,Broome,11,641,875,25216
06/11/2020,Broome,3,644,1085,26301
06/12/2020,Broome,3,647,779,27080
06/13/2020,Broome,4,651,795,27875
06/14/2020,Broome,4,655,382,28257
06/15/2020,Broome,1,656,606,28863
06/16/2020,Broome,1,657,546,29409
06/17/2020,Broome,0,657,442,29851
06/18/2020,Broome,6,663,952,30803
06/19/2020,Broome,2,665,586,31389
06/20/2020,Broome,3,668,430,31819
06/21/2020,Broome,2,670,552,32371
06/22/2020,Broome,1,671,588,32959
06/23/2020,Broome,0,671,179,33138
06/24/2020,Broome,9,680,935,34073
06/25/2020,Broome,17,697,509,34582
06/26/2020,Broome,4,701,922,35504
03/02/2020,Cattaraugus,0,0,0,0
03/03/2020,Cattaraugus,0,0,0,0
03/04/2020,Cattaraugus,0,0,0,0
03/05/2020,Cattaraugus,0,0,0,0
03/06/2020,Cattaraugus,0,0,0,0
03/07/2020,Cattaraugus,0,0,0,0
03/08/2020,Cattaraugus,0,0,0,0
03/09/2020,Cattaraugus,0,0,0,0
03/10/2020,Cattaraugus,0,0,0,0
03/11/2020,Cattaraugus,0,0,0,0
03/12/2020,Cattaraugus,0,0,2,2
03/13/2020,Cattaraugus,0,0,2,4
03/14/2020,Cattaraugus,0,0,1,5
03/15/2020,Cattaraugus,0,0,2,7
03/16/2020,Cattaraugus,0,0,0,7
03/17/2020,Cattaraugus,0,0,0,7
03/18/2020,Cattaraugus,0,0,5,12
03/19/2020,Cattaraugus,0,0,2,14
03/20/2020,Cattaraugus,0,0,10,24
03/21/2020,Cattaraugus,0,0,23,47
03/22/2020,Cattaraugus,0,0,14,61
03/23/2020,Cattaraugus,0,0,12,73
03/24/2020,Cattaraugus,0,0,3,76
03/25/2020,Cattaraugus,0,0,12,88
03/26/2020,Cattaraugus,0,0,13,101
03/27/2020,Cattaraugus,1,1,25,126
03/28/2020,Cattaraugus,3,4,13,139
03/29/2020,Cattaraugus,2,6,7,146
03/30/2020,Cattaraugus,0,6,5,151
03/31/2020,Cattaraugus,1,7,12,163
04/01/2020,Cattaraugus,1,8,28,191
04/02/2020,Cattaraugus,1,9,24,215
04/03/2020,Cattaraugus,0,9,8,223
04/04/2020,Cattaraugus,1,10,12,235
04/05/2020,Cattaraugus,2,12,16,251
04/06/2020,Cattaraugus,1,13,14,265
04/07/2020,Cattaraugus,2,15,19,284
04/08/2020,Cattaraugus,2,17,15,299
04/09/2020,Cattaraugus,1,18,26,325
04/10/2020,Cattaraugus,1,19,7,332
04/11/2020,Cattaraugus,9,28,32,364
04/12/2020,Cattaraugus,0,28,6,370
04/13/2020,Cattaraugus,4,32,13,383
04/14/2020,Cattaraugus,0,32,11,394
04/15/2020,Cattaraugus,0,32,14,408
04/16/2020,Cattaraugus,2,34,31,439
04/17/2020,Cattaraugus,0,34,15,454
04/18/2020,Cattaraugus,0,34,17,471
04/19/2020,Cattaraugus,0,34,1,472
04/20/2020,Cattaraugus,1,35,8,480
04/21/2020,Cattaraugus,2,37,34,514
04/22/2020,Cattaraugus,0,37,40,554
04/23/2020,Cattaraugus,2,39,32,586
04/24/2020,Cattaraugus,6,45,102,688
04/25/2020,Cattaraugus,0,45,24,712
04/26/2020,Cattaraugus,0,45,21,733
04/27/2020,Cattaraugus,0,45,15,748
04/28/2020,Cattaraugus,2,47,76,824
04/29/2020,Cattaraugus,0,47,85,909
04/30/2020,Cattaraugus,2,49,78,987
05/01/2020,Cattaraugus,1,50,80,1067
05/02/2020,Cattaraugus,3,53,54,1121
05/03/2020,Cattaraugus,0,53,7,1128
05/04/2020,Cattaraugus,0,53,14,1142
05/05/2020,Cattaraugus,1,54,47,1189
05/06/2020,Cattaraugus,5,59,65,1254
05/07/2020,Cattaraugus,0,59,36,1290
05/08/2020,Cattaraugus,1,60,54,1344
05/09/2020,Cattaraugus,0,60,21,1365
05/10/2020,Cattaraugus,1,61,103,1468
05/11/2020,Cattaraugus,0,61,29,1497
05/12/2020,Cattaraugus,0,61,77,1574
05/13/2020,Cattaraugus,3,64,134,1708
05/14/2020,Cattaraugus,0,64,173,1881
05/15/2020,Cattaraugus,1,65,186,2067
05/16/2020,Cattaraugus,0,65,142,2209
05/17/2020,Cattaraugus,2,67,207,2416
05/18/2020,Cattaraugus,2,69,24,2440
05/19/2020,Cattaraugus,1,70,152,2592
05/20/2020,Cattaraugus,1,71,186,2778
05/21/2020,Cattaraugus,3,74,125,2903
05/22/2020,Cattaraugus,4,78,176,3079
05/23/2020,Cattaraugus,0,78,172,3251
05/24/2020,Cattaraugus,3,81,311,3562
05/25/2020,Cattaraugus,0,81,136,3698
05/26/2020,Cattaraugus,1,82,162,3860
05/27/2020,Cattaraugus,3,85,286,4146
05/28/2020,Cattaraugus,1,86,147,4293
05/29/2020,Cattaraugus,1,87,189,4482
05/30/2020,Cattaraugus,1,88,183,4665
05/31/2020,Cattaraugus,1,89,215,4880
06/01/2020,Cattaraugus,0,89,333,5213
06/02/2020,Cattaraugus,1,90,375,5588
06/03/2020,Cattaraugus,1,91,290,5878
06/04/2020,Cattaraugus,1,92,304,6182
06/05/2020,Cattaraugus,0,92,416,6598
06/06/2020,Cattaraugus,2,94,193,6791
06/07/2020,Cattaraugus,1,95,245,7036
06/08/2020,Cattaraugus,0,95,183,7219
06/09/2020,Cattaraugus,1,96,205,7424
06/10/2020,Cattaraugus,2,98,258,7682
06/11/2020,Cattaraugus,3,101,282,7964
06/12/2020,Cattaraugus,0,101,341,8305
06/13/2020,Cattaraugus,3,104,272,8577
06/14/2020,Cattaraugus,2,106,155,8732
06/15/2020,Cattaraugus,1,107,393,9125
06/16/2020,Cattaraugus,2,109,202,9327
06/17/2020,Cattaraugus,0,109,219,9546
06/18/2020,Cattaraugus,0,109,335,9881
06/19/2020,Cattaraugus,4,113,325,10206
06/20/2020,Cattaraugus,2,115,377,10583
06/21/2020,Cattaraugus,0,115,252,10835
06/22/2020,Cattaraugus,3,118,220,11055
06/23/2020,Cattaraugus,2,120,210,11265
06/24/2020,Cattaraugus,1,121,316,11581
06/25/2020,Cattaraugus,2,123,149,11730
06/26/2020,Cattaraugus,0,123,389,12119
03/02/2020,Cayuga,0,0,0,0
03/03/2020,Cayuga,0,0,0,0
03/04/2020,Cayuga,0,0,0,0
03/05/2020,Cayuga,0,0,0,0
03/06/2020,Cayuga,0,0,0,0
03/07/2020,Cayuga,0,0,0,0
03/08/2020,Cayuga,0,0,0,0
03/09/2020,Cayuga,0,0,0,0
03/10/2020,Cayuga,0,0,0,0
03/11/2020,Cayuga,0,0,0,0
03/12/2020,Cayuga,0,0,0,0
03/13/2020,Cayuga,0,0,0,0
03/14/2020,Cayuga,0,0,3,3
03/15/2020,Cayuga,0,0,1,4
03/16/2020,Cayuga,0,0,2,6
03/17/2020,Cayuga,0,0,2,8
03/18/2020,Cayuga,0,0,2,10
03/19/2020,Cayuga,0,0,3,13
03/20/2020,Cayuga,0,0,8,21
03/21/2020,Cayuga,0,0,25,46
03/22/2020,Cayuga,2,2,33,79
03/23/2020,Cayuga,0,2,10,89
03/24/2020,Cayuga,0,2,5,94
03/25/2020,Cayuga,0,2,13,107
03/26/2020,Cayuga,0,2,25,132
03/27/2020,Cayuga,0,2,26,158
03/28/2020,Cayuga,0,2,32,190
03/29/2020,Cayuga,1,3,37,227
03/30/2020,Cayuga,0,3,10,237
03/31/2020,Cayuga,0,3,9,246
04/01/2020,Cayuga,1,4,25,271
04/02/2020,Cayuga,2,6,36,307
04/03/2020,Cayuga,1,7,15,322
04/04/2020,Cayuga,1,8,32,354
04/05/2020,Cayuga,3,11,31,385
04/06/2020,Cayuga,3,14,33,418
04/07/2020,Cayuga,0,14,11,429
04/08/2020,Cayuga,2,16,37,466
04/09/2020,Cayuga,11,27,31,497
04/10/2020,Cayuga,1,28,5,502
04/11/2020,Cayuga,1,29,8,510
04/12/2020,Cayuga,1,30,5,515
04/13/2020,Cayuga,3,33,52,567
04/14/2020,Cayuga,3,36,10,577
04/15/2020,Cayuga,0,36,10,587
04/16/2020,Cayuga,0,36,1,588
04/17/2020,Cayuga,0,36,9,597
04/18/2020,Cayuga,0,36,9,606
04/19/2020,Cayuga,0,36,12,618
04/20/2020,Cayuga,0,36,1,619
04/21/2020,Cayuga,0,36,3,622
04/22/2020,Cayuga,1,37,12,634
04/23/2020,Cayuga,2,39,14,648
04/24/2020,Cayuga,8,47,191,839
04/25/2020,Cayuga,0,47,19,858
04/26/2020,Cayuga,1,48,20,878
04/27/2020,Cayuga,0,48,20,898
04/28/2020,Cayuga,0,48,34,932
04/29/2020,Cayuga,0,48,25,957
04/30/2020,Cayuga,3,51,28,985
05/01/2020,Cayuga,0,51,17,1002
05/02/2020,Cayuga,0,51,14,1016
05/03/2020,Cayuga,0,51,10,1026
05/04/2020,Cayuga,0,51,22,1048
05/05/2020,Cayuga,0,51,19,1067
05/06/2020,Cayuga,1,52,25,1092
05/07/2020,Cayuga,0,52,20,1112
05/08/2020,Cayuga,1,53,61,1173
05/09/2020,Cayuga,5,58,23,1196
05/10/2020,Cayuga,2,60,48,1244
05/11/2020,Cayuga,0,60,23,1267
05/12/2020,Cayuga,0,60,45,1312
05/13/2020,Cayuga,0,60,104,1416
05/14/2020,Cayuga,1,61,261,1677
05/15/2020,Cayuga,2,63,111,1788
05/16/2020,Cayuga,0,63,79,1867
05/17/2020,Cayuga,2,65,189,2056
05/18/2020,Cayuga,3,68,68,2124
05/19/2020,Cayuga,0,68,106,2230
05/20/2020,Cayuga,4,72,105,2335
05/21/2020,Cayuga,1,73,245,2580
05/22/2020,Cayuga,3,76,356,2936
05/23/2020,Cayuga,1,77,143,3079
05/24/2020,Cayuga,0,77,176,3255
05/25/2020,Cayuga,1,78,76,3331
05/26/2020,Cayuga,2,80,117,3448
05/27/2020,Cayuga,4,84,101,3549
05/28/2020,Cayuga,5,89,383,3932
05/29/2020,Cayuga,1,90,374,4306
05/30/2020,Cayuga,1,91,249,4555
05/31/2020,Cayuga,1,92,289,4844
06/01/2020,Cayuga,1,93,250,5094
06/02/2020,Cayuga,3,96,288,5382
06/03/2020,Cayuga,0,96,375,5757
06/04/2020,Cayuga,2,98,375,6132
06/05/2020,Cayuga,2,100,299,6431
06/06/2020,Cayuga,1,101,233,6664
06/07/2020,Cayuga,0,101,465,7129
06/08/2020,Cayuga,1,102,231,7360
06/09/2020,Cayuga,0,102,231,7591
06/10/2020,Cayuga,0,102,152,7743
06/11/2020,Cayuga,1,103,337,8080
06/12/2020,Cayuga,0,103,170,8250
06/13/2020,Cayuga,3,106,432,8682
06/14/2020,Cayuga,0,106,106,8788
06/15/2020,Cayuga,0,106,169,8957
06/16/2020,Cayuga,0,106,142,9099
06/17/2020,Cayuga,0,106,98,9197
06/18/2020,Cayuga,1,107,476,9673
06/19/2020,Cayuga,1,108,225,9898
06/20/2020,Cayuga,0,108,420,10318
06/21/2020,Cayuga,0,108,101,10419
06/22/2020,Cayuga,0,108,193,10612
06/23/2020,Cayuga,1,109,144,10756
06/24/2020,Cayuga,0,109,116,10872
06/25/2020,Cayuga,0,109,200,11072
06/26/2020,Cayuga,2,111,285,11357
03/02/2020,Chautauqua,0,0,0,0
03/03/2020,Chautauqua,0,0,0,0
03/04/2020,Chautauqua,0,0,0,0
03/05/2020,Chautauqua,0,0,0,0
03/06/2020,Chautauqua,0,0,0,0
03/07/2020,Chautauqua,0,0,0,0
03/08/2020,Chautauqua,0,0,0,0
03/09/2020,Chautauqua,0,0,0,0
03/10/2020,Chautauqua,0,0,0,0
03/11/2020,Chautauqua,0,0,0,0
03/12/2020,Chautauqua,0,0,1,1
03/13/2020,Chautauqua,0,0,1,2
03/14/2020,Chautauqua,0,0,0,2
03/15/2020,Chautauqua,0,0,1,3
03/16/2020,Chautauqua,0,0,0,3
03/17/2020,Chautauqua,0,0,0,3
03/18/2020,Chautauqua,0,0,3,6
03/19/2020,Chautauqua,0,0,1,7
03/20/2020,Chautauqua,0,0,2,9
03/21/2020,Chautauqua,0,0,4,13
03/22/2020,Chautauqua,0,0,12,25
03/23/2020,Chautauqua,0,0,4,29
03/24/2020,Chautauqua,1,1,3,32
03/25/2020,Chautauqua,0,1,4,36
03/26/2020,Chautauqua,0,1,20,56
03/27/2020,Chautauqua,4,5,19,75
03/28/2020,Chautauqua,0,5,20,95
03/29/2020,Chautauqua,0,5,3,98
03/30/2020,Chautauqua,1,6,9,107
03/31/2020,Chautauqua,0,6,9,116
04/01/2020,Chautauqua,2,8,8,124
04/02/2020,Chautauqua,1,9,15,139
04/03/2020,Chautauqua,1,10,20,159
04/04/2020,Chautauqua,1,11,28,187
04/05/2020,Chautauqua,4,15,50,237
04/06/2020,Chautauqua,1,16,37,274
04/07/2020,Chautauqua,1,17,6,280
04/08/2020,Chautauqua,1,18,32,312
04/09/2020,Chautauqua,2,20,54,366
04/10/2020,Chautauqua,1,21,67,433
04/11/2020,Chautauqua,1,22,39,472
04/12/2020,Chautauqua,1,23,25,497
04/13/2020,Chautauqua,0,23,8,505
04/14/2020,Chautauqua,1,24,19,524
04/15/2020,Chautauqua,0,24,29,553
04/16/2020,Chautauqua,1,25,32,585
04/17/2020,Chautauqua,0,25,22,607
04/18/2020,Chautauqua,0,25,20,627
04/19/2020,Chautauqua,0,25,9,636
04/20/2020,Chautauqua,0,25,3,639
04/21/2020,Chautauqua,1,26,26,665
04/22/2020,Chautauqua,0,26,38,703
04/23/2020,Chautauqua,1,27,74,777
04/24/2020,Chautauqua,0,27,97,874
04/25/2020,Chautauqua,2,29,56,930
04/26/2020,Chautauqua,1,30,101,1031
04/27/2020,Chautauqua,0,30,26,1057
04/28/2020,Chautauqua,1,31,64,1121
04/29/2020,Chautauqua,2,33,39,1160
04/30/2020,Chautauqua,2,35,47,1207
05/01/2020,Chautauqua,0,35,53,1260
05/02/2020,Chautauqua,1,36,18,1278
05/03/2020,Chautauqua,1,37,9,1287
05/04/2020,Chautauqua,0,37,54,1341
05/05/2020,Chautauqua,1,38,88,1429
05/06/2020,Chautauqua,2,40,80,1509
05/07/2020,Chautauqua,0,40,51,1560
05/08/2020,Chautauqua,0,40,97,1657
05/09/2020,Chautauqua,1,41,58,1715
05/10/2020,Chautauqua,0,41,27,1742
05/11/2020,Chautauqua,1,42,49,1791
05/12/2020,Chautauqua,1,43,125,1916
05/13/2020,Chautauqua,1,44,125,2041
05/14/2020,Chautauqua,1,45,139,2180
05/15/2020,Chautauqua,3,48,60,2240
05/16/2020,Chautauqua,0,48,91,2331
05/17/2020,Chautauqua,1,49,63,2394
05/18/2020,Chautauqua,0,49,98,2492
05/19/2020,Chautauqua,1,50,90,2582
05/20/2020,Chautauqua,8,58,273,2855
05/21/2020,Chautauqua,5,63,190,3045
05/22/2020,Chautauqua,9,72,217,3262
05/23/2020,Chautauqua,3,75,134,3396
05/24/2020,Chautauqua,0,75,38,3434
05/25/2020,Chautauqua,2,77,94,3528
05/26/2020,Chautauqua,1,78,145,3673
05/27/2020,Chautauqua,3,81,129,3802
05/28/2020,Chautauqua,1,82,637,4439
05/29/2020,Chautauqua,1,83,272,4711
05/30/2020,Chautauqua,1,84,637,5348
05/31/2020,Chautauqua,1,85,253,5601
06/01/2020,Chautauqua,1,86,184,5785
06/02/2020,Chautauqua,3,89,277,6062
06/03/2020,Chautauqua,6,95,604,6666
06/04/2020,Chautauqua,2,97,522,7188
06/05/2020,Chautauqua,2,99,364,7552
06/06/2020,Chautauqua,2,101,1131,8683
06/07/2020,Chautauqua,0,101,343,9026
06/08/2020,Chautauqua,2,103,250,9276
06/09/2020,Chautauqua,2,105,308,9584
06/10/2020,Chautauqua,1,106,778,10362
06/11/2020,Chautauqua,0,106,487,10849
06/12/2020,Chautauqua,0,106,370,11219
06/13/2020,Chautauqua,1,107,723,11942
06/14/2020,Chautauqua,0,107,261,12203
06/15/2020,Chautauqua,1,108,607,12810
06/16/2020,Chautauqua,0,108,439,13249
06/17/2020,Chautauqua,2,110,511,13760
06/18/2020,Chautauqua,2,112,407,14167
06/19/2020,Chautauqua,3,115,281,14448
06/20/2020,Chautauqua,1,116,511,14959
06/21/2020,Chautauqua,0,116,318,15277
06/22/2020,Chautauqua,0,116,393,15670
06/23/2020,Chautauqua,2,118,316,15986
06/24/2020,Chautauqua,3,121,332,16318
06/25/2020,Chautauqua,1,122,586,16904
06/26/2020,Chautauqua,1,123,207,17111
03/02/2020,Chemung,0,0,0,0
03/03/2020,Chemung,0,0,0,0
03/04/2020,Chemung,0,0,0,0
03/05/2020,Chemung,0,0,0,0
03/06/2020,Chemung,0,0,0,0
03/07/2020,Chemung,0,0,0,0
03/08/2020,Chemung,0,0,0,0
03/09/2020,Chemung,0,0,0,0
03/10/2020,Chemung,0,0,1,1
03/11/2020,Chemung,0,0,0,1
03/12/2020,Chemung,0,0,0,1
03/13/2020,Chemung,0,0,0,1
03/14/2020,Chemung,0,0,0,1
03/15/2020,Chemung,0,0,1,2
03/16/2020,Chemung,0,0,0,2
03/17/2020,Chemung,0,0,0,2
03/18/2020,Chemung,0,0,2,4
03/19/2020,Chemung,0,0,6,10
03/20/2020,Chemung,0,0,10,20
03/21/2020,Chemung,0,0,2,22
03/22/2020,Chemung,0,0,17,39
03/23/2020,Chemung,1,1,17,56
03/24/2020,Chemung,0,1,5,61
03/25/2020,Chemung,6,7,57,118
03/26/2020,Chemung,4,11,48,166
03/27/2020,Chemung,1,12,48,214
03/28/2020,Chemung,3,15,25,239
03/29/2020,Chemung,0,15,7,246
03/30/2020,Chemung,5,20,47,293
03/31/2020,Chemung,2,22,42,335
04/01/2020,Chemung,0,22,14,349
04/02/2020,Chemung,13,35,84,433
04/03/2020,Chemung,1,36,28,461
04/04/2020,Chemung,2,38,35,496
04/05/2020,Chemung,9,47,50,546
04/06/2020,Chemung,2,49,22,568
04/07/2020,Chemung,6,55,56,624
04/08/2020,Chemung,4,59,38,662
04/09/2020,Chemung,0,59,39,701
04/10/2020,Chemung,1,60,26,727
04/11/2020,Chemung,0,60,6,733
04/12/2020,Chemung,0,60,9,742
04/13/2020,Chemung,4,64,40,782
04/14/2020,Chemung,5,69,43,825
04/15/2020,Chemung,1,70,18,843
04/16/2020,Chemung,1,71,9,852
04/17/2020,Chemung,1,72,32,884
04/18/2020,Chemung,1,73,15,899
04/19/2020,Chemung,0,73,17,916
04/20/2020,Chemung,2,75,32,948
04/21/2020,Chemung,0,75,38,986
04/22/2020,Chemung,1,76,29,1015
04/23/2020,Chemung,3,79,39,1054
04/24/2020,Chemung,24,103,228,1282
04/25/2020,Chemung,3,106,17,1299
04/26/2020,Chemung,2,108,20,1319
04/27/2020,Chemung,5,113,64,1383
04/28/2020,Chemung,6,119,96,1479
04/29/2020,Chemung,3,122,84,1563
04/30/2020,Chemung,1,123,54,1617
05/01/2020,Chemung,1,124,36,1653
05/02/2020,Chemung,1,125,26,1679
05/03/2020,Chemung,1,126,244,1923
05/04/2020,Chemung,0,126,154,2077
05/05/2020,Chemung,2,128,143,2220
05/06/2020,Chemung,1,129,89,2309
05/07/2020,Chemung,1,130,46,2355
05/08/2020,Chemung,1,131,108,2463
05/09/2020,Chemung,0,131,125,2588
05/10/2020,Chemung,0,131,174,2762
05/11/2020,Chemung,0,131,68,2830
05/12/2020,Chemung,1,132,282,3112
05/13/2020,Chemung,0,132,312,3424
05/14/2020,Chemung,1,133,234,3658
05/15/2020,Chemung,1,134,240,3898
05/16/2020,Chemung,0,134,106,4004
05/17/2020,Chemung,0,134,68,4072
05/18/2020,Chemung,0,134,118,4190
05/19/2020,Chemung,0,134,113,4303
05/20/2020,Chemung,0,134,91,4394
05/21/2020,Chemung,1,135,141,4535
05/22/2020,Chemung,1,136,233,4768
05/23/2020,Chemung,0,136,215,4983
05/24/2020,Chemung,0,136,196,5179
05/25/2020,Chemung,0,136,96,5275
05/26/2020,Chemung,0,136,295,5570
05/27/2020,Chemung,0,136,63,5633
05/28/2020,Chemung,1,137,99,5732
05/29/2020,Chemung,0,137,451,6183
05/30/2020,Chemung,0,137,337,6520
05/31/2020,Chemung,0,137,73,6593
06/01/2020,Chemung,0,137,145,6738
06/02/2020,Chemung,0,137,247,6985
06/03/2020,Chemung,0,137,219,7204
06/04/2020,Chemung,0,137,114,7318
06/05/2020,Chemung,0,137,853,8171
06/06/2020,Chemung,0,137,263,8434
06/07/2020,Chemung,0,137,217,8651
06/08/2020,Chemung,1,138,544,9195
06/09/2020,Chemung,0,138,296,9491
06/10/2020,Chemung,0,138,437,9928
06/11/2020,Chemung,0,138,169,10097
06/12/2020,Chemung,0,138,380,10477
06/13/2020,Chemung,0,138,157,10634
06/14/2020,Chemung,0,138,106,10740
06/15/2020,Chemung,0,138,219,10959
06/16/2020,Chemung,0,138,325,11284
06/17/2020,Chemung,0,138,317,11601
06/18/2020,Chemung,1,139,372,11973
06/19/2020,Chemung,0,139,267,12240
06/20/2020,Chemung,0,139,108,12348
06/21/2020,Chemung,0,139,198,12546
06/22/2020,Chemung,0,139,237,12783
06/23/2020,Chemung,0,139,275,13058
06/24/2020,Chemung,0,139,306,13364
06/25/2020,Chemung,0,139,148,13512
06/26/2020,Chemung,0,139,340,13852
03/02/2020,Chenango,0,0,0,0
03/03/2020,Chenango,0,0,0,0
03/04/2020,Chenango,0,0,0,0
03/05/2020,Chenango,0,0,0,0
03/06/2020,Chenango,0,0,0,0
03/07/2020,Chenango,0,0,0,0
03/08/2020,Chenango,0,0,0,0
03/09/2020,Chenango,0,0,0,0
03/10/2020,Chenango,0,0,0,0
03/11/2020,Chenango,0,0,0,0
03/12/2020,Chenango,0,0,0,0
03/13/2020,Chenango,0,0,0,0
03/14/2020,Chenango,0,0,0,0
03/15/2020,Chenango,0,0,1,1
03/16/2020,Chenango,0,0,2,3
03/17/2020,Chenango,1,1,1,4
03/18/2020,Chenango,1,2,1,5
03/19/2020,Chenango,0,2,0,5
03/20/2020,Chenango,0,2,4,9
03/21/2020,Chenango,1,3,4,13
03/22/2020,Chenango,0,3,2,15
03/23/2020,Chenango,0,3,3,18
03/24/2020,Chenango,0,3,6,24
03/25/2020,Chenango,0,3,1,25
03/26/2020,Chenango,1,4,6,31
03/27/2020,Chenango,4,8,13,44
03/28/2020,Chenango,7,15,15,59
03/29/2020,Chenango,2,17,7,66
03/30/2020,Chenango,2,19,9,75
03/31/2020,Chenango,7,26,20,95
04/01/2020,Chenango,2,28,16,111
04/02/2020,Chenango,4,32,17,128
04/03/2020,Chenango,7,39,40,168
04/04/2020,Chenango,4,43,17,185
04/05/2020,Chenango,3,46,27,212
04/06/2020,Chenango,5,51,42,254
04/07/2020,Chenango,2,53,11,265
04/08/2020,Chenango,2,55,21,286
04/09/2020,Chenango,5,60,29,315
04/10/2020,Chenango,1,61,17,332
04/11/2020,Chenango,2,63,12,344
04/12/2020,Chenango,2,65,17,361
04/13/2020,Chenango,3,68,36,397
04/14/2020,Chenango,3,71,17,414
04/15/2020,Chenango,2,73,21,435
04/16/2020,Chenango,3,76,16,451
04/17/2020,Chenango,1,77,11,462
04/18/2020,Chenango,1,78,13,475
04/19/2020,Chenango,0,78,11,486
04/20/2020,Chenango,1,79,7,493
04/21/2020,Chenango,0,79,17,510
04/22/2020,Chenango,3,82,20,530
04/23/2020,Chenango,2,84,20,550
04/24/2020,Chenango,7,91,144,694
04/25/2020,Chenango,2,93,19,713
04/26/2020,Chenango,2,95,23,736
04/27/2020,Chenango,0,95,10,746
04/28/2020,Chenango,1,96,18,764
04/29/2020,Chenango,2,98,25,789
04/30/2020,Chenango,1,99,21,810
05/01/2020,Chenango,0,99,35,845
05/02/2020,Chenango,0,99,36,881
05/03/2020,Chenango,1,100,50,931
05/04/2020,Chenango,0,100,42,973
05/05/2020,Chenango,2,102,51,1024
05/06/2020,Chenango,3,105,50,1074
05/07/2020,Chenango,0,105,26,1100
05/08/2020,Chenango,4,109,181,1281
05/09/2020,Chenango,0,109,45,1326
05/10/2020,Chenango,2,111,107,1433
05/11/2020,Chenango,1,112,197,1630
05/12/2020,Chenango,0,112,83,1713
05/13/2020,Chenango,0,112,41,1754
05/14/2020,Chenango,1,113,45,1799
05/15/2020,Chenango,2,115,54,1853
05/16/2020,Chenango,2,117,50,1903
05/17/2020,Chenango,1,118,62,1965
05/18/2020,Chenango,0,118,67,2032
05/19/2020,Chenango,0,118,54,2086
05/20/2020,Chenango,0,118,150,2236
05/21/2020,Chenango,0,118,219,2455
05/22/2020,Chenango,0,118,143,2598
05/23/2020,Chenango,0,118,226,2824
05/24/2020,Chenango,1,119,217,3041
05/25/2020,Chenango,4,123,221,3262
05/26/2020,Chenango,2,125,122,3384
05/27/2020,Chenango,1,126,139,3523
05/28/2020,Chenango,4,130,168,3691
05/29/2020,Chenango,2,132,199,3890
05/30/2020,Chenango,1,133,404,4294
05/31/2020,Chenango,0,133,173,4467
06/01/2020,Chenango,0,133,190,4657
06/02/2020,Chenango,0,133,245,4902
06/03/2020,Chenango,0,133,193,5095
06/04/2020,Chenango,0,133,329,5424
06/05/2020,Chenango,0,133,252,5676
06/06/2020,Chenango,1,134,233,5909
06/07/2020,Chenango,1,135,313,6222
06/08/2020,Chenango,0,135,177,6399
06/09/2020,Chenango,2,137,234,6633
06/10/2020,Chenango,0,137,264,6897
06/11/2020,Chenango,1,138,273,7170
06/12/2020,Chenango,0,138,188,7358
06/13/2020,Chenango,0,138,219,7577
06/14/2020,Chenango,0,138,79,7656
06/15/2020,Chenango,1,139,213,7869
06/16/2020,Chenango,0,139,175,8044
06/17/2020,Chenango,0,139,281,8325
06/18/2020,Chenango,0,139,359,8684
06/19/2020,Chenango,0,139,169,8853
06/20/2020,Chenango,0,139,348,9201
06/21/2020,Chenango,1,140,134,9335
06/22/2020,Chenango,1,141,273,9608
06/23/2020,Chenango,1,142,83,9691
06/24/2020,Chenango,2,144,217,9908
06/25/2020,Chenango,1,145,300,10208
06/26/2020,Chenango,1,146,199,10407
03/02/2020,Clinton,0,0,0,0
03/03/2020,Clinton,0,0,0,0
03/04/2020,Clinton,0,0,0,0
03/05/2020,Clinton,0,0,0,0
03/06/2020,Clinton,0,0,0,0
03/07/2020,Clinton,0,0,0,0
03/08/2020,Clinton,0,0,0,0
03/09/2020,Clinton,0,0,0,0
03/10/2020,Clinton,0,0,0,0
03/11/2020,Clinton,0,0,4,4
03/12/2020,Clinton,0,0,3,7
03/13/2020,Clinton,0,0,1,8
03/14/2020,Clinton,0,0,1,9
03/15/2020,Clinton,0,0,0,9
03/16/2020,Clinton,1,1,1,10
03/17/2020,Clinton,0,1,3,13
03/18/2020,Clinton,1,2,21,34
03/19/2020,Clinton,0,2,9,43
03/20/2020,Clinton,2,4,12,55
03/21/2020,Clinton,0,4,2,57
03/22/2020,Clinton,2,6,12,69
03/23/2020,Clinton,2,8,17,86
03/24/2020,Clinton,2,10,14,100
03/25/2020,Clinton,1,11,16,116
03/26/2020,Clinton,0,11,6,122
03/27/2020,Clinton,1,12,22,144
03/28/2020,Clinton,1,13,18,162
03/29/2020,Clinton,4,17,19,181
03/30/2020,Clinton,4,21,9,190
03/31/2020,Clinton,4,25,21,211
04/01/2020,Clinton,0,25,5,216
04/02/2020,Clinton,5,30,16,232
04/03/2020,Clinton,1,31,11,243
04/04/2020,Clinton,2,33,23,266
04/05/2020,Clinton,3,36,14,280
04/06/2020,Clinton,1,37,16,296
04/07/2020,Clinton,2,39,25,321
04/08/2020,Clinton,1,40,25,346
04/09/2020,Clinton,3,43,17,363
04/10/2020,Clinton,0,43,23,386
04/11/2020,Clinton,0,43,25,411
04/12/2020,Clinton,1,44,9,420
04/13/2020,Clinton,1,45,23,443
04/14/2020,Clinton,0,45,8,451
04/15/2020,Clinton,1,46,17,468
04/16/2020,Clinton,1,47,21,489
04/17/2020,Clinton,1,48,16,505
04/18/2020,Clinton,1,49,12,517
04/19/2020,Clinton,2,51,10,527
04/20/2020,Clinton,0,51,17,544
04/21/2020,Clinton,0,51,4,548
04/22/2020,Clinton,1,52,11,559
04/23/2020,Clinton,1,53,14,573
04/24/2020,Clinton,1,54,39,612
04/25/2020,Clinton,3,57,28,640
04/26/2020,Clinton,2,59,30,670
04/27/2020,Clinton,0,59,15,685
04/28/2020,Clinton,0,59,23,708
04/29/2020,Clinton,0,59,40,748
04/30/2020,Clinton,2,61,48,796
05/01/2020,Clinton,1,62,35,831
05/02/2020,Clinton,4,66,33,864
05/03/2020,Clinton,2,68,21,885
05/04/2020,Clinton,1,69,27,912
05/05/2020,Clinton,0,69,25,937
05/06/2020,Clinton,0,69,22,959
05/07/2020,Clinton,5,74,72,1031
05/08/2020,Clinton,2,76,27,1058
05/09/2020,Clinton,0,76,33,1091
05/10/2020,Clinton,0,76,53,1144
05/11/2020,Clinton,1,77,38,1182
05/12/2020,Clinton,1,78,53,1235
05/13/2020,Clinton,3,81,123,1358
05/14/2020,Clinton,4,85,126,1484
05/15/2020,Clinton,6,91,150,1634
05/16/2020,Clinton,1,92,88,1722
05/17/2020,Clinton,2,94,155,1877
05/18/2020,Clinton,0,94,59,1936
05/19/2020,Clinton,0,94,58,1994
05/20/2020,Clinton,0,94,204,2198
05/21/2020,Clinton,0,94,131,2329
05/22/2020,Clinton,1,95,135,2464
05/23/2020,Clinton,0,95,131,2595
05/24/2020,Clinton,0,95,70,2665
05/25/2020,Clinton,0,95,108,2773
05/26/2020,Clinton,0,95,51,2824
05/27/2020,Clinton,0,95,201,3025
05/28/2020,Clinton,0,95,226,3251
05/29/2020,Clinton,0,95,441,3692
05/30/2020,Clinton,0,95,329,4021
05/31/2020,Clinton,1,96,146,4167
06/01/2020,Clinton,1,97,147,4314
06/02/2020,Clinton,0,97,309,4623
06/03/2020,Clinton,0,97,632,5255
06/04/2020,Clinton,0,97,319,5574
06/05/2020,Clinton,0,97,421,5995
06/06/2020,Clinton,0,97,305,6300
06/07/2020,Clinton,0,97,220,6520
06/08/2020,Clinton,0,97,105,6625
06/09/2020,Clinton,0,97,306,6931
06/10/2020,Clinton,1,98,268,7199
06/11/2020,Clinton,0,98,350,7549
06/12/2020,Clinton,0,98,285,7834
06/13/2020,Clinton,0,98,187,8021
06/14/2020,Clinton,0,98,137,8158
06/15/2020,Clinton,1,99,225,8383
06/16/2020,Clinton,0,99,242,8625
06/17/2020,Clinton,0,99,252,8877
06/18/2020,Clinton,0,99,251,9128
06/19/2020,Clinton,1,100,325,9453
06/20/2020,Clinton,0,100,112,9565
06/21/2020,Clinton,0,100,192,9757
06/22/2020,Clinton,0,100,167,9924
06/23/2020,Clinton,0,100,184,10108
06/24/2020,Clinton,1,101,312,10420
06/25/2020,Clinton,0,101,153,10573
06/26/2020,Clinton,0,101,264,10837
03/02/2020,Columbia,0,0,0,0
03/03/2020,Columbia,0,0,0,0
03/04/2020,Columbia,0,0,0,0
03/05/2020,Columbia,0,0,0,0
03/06/2020,Columbia,0,0,0,0
03/07/2020,Columbia,0,0,0,0
03/08/2020,Columbia,0,0,1,1
03/09/2020,Columbia,0,0,0,1
03/10/2020,Columbia,0,0,0,1
03/11/2020,Columbia,0,0,2,3
03/12/2020,Columbia,0,0,2,5
03/13/2020,Columbia,0,0,1,6
03/14/2020,Columbia,0,0,4,10
03/15/2020,Columbia,0,0,2,12
03/16/2020,Columbia,0,0,13,25
03/17/2020,Columbia,0,0,14,39
03/18/2020,Columbia,0,0,32,71
03/19/2020,Columbia,1,1,24,95
03/20/2020,Columbia,1,2,35,130
03/21/2020,Columbia,3,5,52,182
03/22/2020,Columbia,5,10,48,230
03/23/2020,Columbia,1,11,10,240
03/24/2020,Columbia,1,12,15,255
03/25/2020,Columbia,1,13,22,277
03/26/2020,Columbia,7,20,20,297
03/27/2020,Columbia,2,22,15,312
03/28/2020,Columbia,1,23,11,323
03/29/2020,Columbia,3,26,26,349
03/30/2020,Columbia,4,30,14,363
03/31/2020,Columbia,1,31,12,375
04/01/2020,Columbia,5,36,21,396
04/02/2020,Columbia,6,42,22,418
04/03/2020,Columbia,7,49,20,438
04/04/2020,Columbia,2,51,15,453
04/05/2020,Columbia,8,59,23,476
04/06/2020,Columbia,2,61,15,491
04/07/2020,Columbia,2,63,8,499
04/08/2020,Columbia,7,70,27,526
04/09/2020,Columbia,4,74,55,581
04/10/2020,Columbia,3,77,30,611
04/11/2020,Columbia,2,79,35,646
04/12/2020,Columbia,1,80,27,673
04/13/2020,Columbia,4,84,30,703
04/14/2020,Columbia,12,96,55,758
04/15/2020,Columbia,3,99,28,786
04/16/2020,Columbia,2,101,20,806
04/17/2020,Columbia,4,105,32,838
04/18/2020,Columbia,2,107,34,872
04/19/2020,Columbia,4,111,17,889
04/20/2020,Columbia,2,113,24,913
04/21/2020,Columbia,4,117,34,947
04/22/2020,Columbia,6,123,35,982
04/23/2020,Columbia,6,129,35,1017
04/24/2020,Columbia,11,140,105,1122
04/25/2020,Columbia,3,143,27,1149
04/26/2020,Columbia,3,146,22,1171
04/27/2020,Columbia,8,154,33,1204
04/28/2020,Columbia,11,165,37,1241
04/29/2020,Columbia,5,170,61,1302
04/30/2020,Columbia,32,202,76,1378
05/01/2020,Columbia,3,205,37,1415
05/02/2020,Columbia,4,209,57,1472
05/03/2020,Columbia,4,213,38,1510
05/04/2020,Columbia,16,229,79,1589
05/05/2020,Columbia,62,291,188,1777
05/06/2020,Columbia,11,302,58,1835
05/07/2020,Columbia,2,304,70,1905
05/08/2020,Columbia,0,304,42,1947
05/09/2020,Columbia,8,312,264,2211
05/10/2020,Columbia,2,314,41,2252
05/11/2020,Columbia,0,314,55,2307
05/12/2020,Columbia,4,318,85,2392
05/13/2020,Columbia,9,327,100,2492
05/14/2020,Columbia,6,333,95,2587
05/15/2020,Columbia,5,338,71,2658
05/16/2020,Columbia,2,340,68,2726
05/17/2020,Columbia,6,346,86,2812
05/18/2020,Columbia,4,350,39,2851
05/19/2020,Columbia,0,350,107,2958
05/20/2020,Columbia,5,355,128,3086
05/21/2020,Columbia,1,356,78,3164
05/22/2020,Columbia,3,359,96,3260
05/23/2020,Columbia,6,365,94,3354
05/24/2020,Columbia,7,372,134,3488
05/25/2020,Columbia,1,373,145,3633
05/26/2020,Columbia,7,380,62,3695
05/27/2020,Columbia,0,380,145,3840
05/28/2020,Columbia,2,382,159,3999
05/29/2020,Columbia,1,383,125,4124
05/30/2020,Columbia,4,387,211,4335
05/31/2020,Columbia,2,389,94,4429
06/01/2020,Columbia,2,391,167,4596
06/02/2020,Columbia,8,399,393,4989
06/03/2020,Columbia,1,400,276,5265
06/04/2020,Columbia,11,411,269,5534
06/05/2020,Columbia,1,412,225,5759
06/06/2020,Columbia,2,414,211,5970
06/07/2020,Columbia,0,414,144,6114
06/08/2020,Columbia,0,414,145,6259
06/09/2020,Columbia,6,420,310,6569
06/10/2020,Columbia,4,424,233,6802
06/11/2020,Columbia,4,428,412,7214
06/12/2020,Columbia,3,431,176,7390
06/13/2020,Columbia,5,436,198,7588
06/14/2020,Columbia,3,439,95,7683
06/15/2020,Columbia,3,442,198,7881
06/16/2020,Columbia,0,442,134,8015
06/17/2020,Columbia,1,443,189,8204
06/18/2020,Columbia,3,446,454,8658
06/19/2020,Columbia,5,451,335,8993
06/20/2020,Columbia,0,451,182,9175
06/21/2020,Columbia,1,452,146,9321
06/22/2020,Columbia,2,454,106,9427
06/23/2020,Columbia,0,454,174,9601
06/24/2020,Columbia,1,455,300,9901
06/25/2020,Columbia,5,460,447,10348
06/26/2020,Columbia,1,461,179,10527
03/02/2020,Cortland,0,0,0,0
03/03/2020,Cortland,0,0,0,0
03/04/2020,Cortland,0,0,0,0
03/05/2020,Cortland,0,0,0,0
03/06/2020,Cortland,0,0,0,0
03/07/2020,Cortland,0,0,1,1
03/08/2020,Cortland,0,0,0,1
03/09/2020,Cortland,0,0,0,1
03/10/2020,Cortland,0,0,0,1
03/11/2020,Cortland,0,0,0,1
03/12/2020,Cortland,0,0,0,1
03/13/2020,Cortland,0,0,0,1
03/14/2020,Cortland,0,0,1,2
03/15/2020,Cortland,0,0,0,2
03/16/2020,Cortland,0,0,2,4
03/17/2020,Cortland,0,0,1,5
03/18/2020,Cortland,0,0,1,6
03/19/2020,Cortland,0,0,7,13
03/20/2020,Cortland,0,0,15,28
03/21/2020,Cortland,1,1,17,45
03/22/2020,Cortland,1,2,55,100
03/23/2020,Cortland,0,2,30,130
03/24/2020,Cortland,0,2,3,133
03/25/2020,Cortland,0,2,41,174
03/26/2020,Cortland,2,4,34,208
03/27/2020,Cortland,1,5,45,253
03/28/2020,Cortland,1,6,28,281
03/29/2020,Cortland,2,8,48,329
03/30/2020,Cortland,0,8,9,338
03/31/2020,Cortland,0,8,12,350
04/01/2020,Cortland,0,8,42,392
04/02/2020,Cortland,2,10,54,446
04/03/2020,Cortland,0,10,32,478
04/04/2020,Cortland,0,10,38,516
04/05/2020,Cortland,3,13,42,558
04/06/2020,Cortland,3,16,25,583
04/07/2020,Cortland,0,16,18,601
04/08/2020,Cortland,0,16,41,642
04/09/2020,Cortland,1,17,25,667
04/10/2020,Cortland,0,17,20,687
04/11/2020,Cortland,1,18,18,705
04/12/2020,Cortland,2,20,18,723
04/13/2020,Cortland,2,22,38,761
04/14/2020,Cortland,1,23,6,767
04/15/2020,Cortland,1,24,17,784
04/16/2020,Cortland,1,25,13,797
04/17/2020,Cortland,0,25,19,816
04/18/2020,Cortland,0,25,11,827
04/19/2020,Cortland,0,25,12,839
04/20/2020,Cortland,0,25,2,841
04/21/2020,Cortland,0,25,5,846
04/22/2020,Cortland,0,25,30,876
04/23/2020,Cortland,0,25,30,906
04/24/2020,Cortland,3,28,109,1015
04/25/2020,Cortland,0,28,26,1041
04/26/2020,Cortland,0,28,16,1057
04/27/2020,Cortland,0,28,7,1064
04/28/2020,Cortland,0,28,22,1086
04/29/2020,Cortland,0,28,26,1112
04/30/2020,Cortland,0,28,31,1143
05/01/2020,Cortland,0,28,30,1173
05/02/2020,Cortland,0,28,16,1189
05/03/2020,Cortland,0,28,42,1231
05/04/2020,Cortland,0,28,12,1243
05/05/2020,Cortland,0,28,33,1276
05/06/2020,Cortland,1,29,27,1303
05/07/2020,Cortland,0,29,38,1341
05/08/2020,Cortland,0,29,96,1437
05/09/2020,Cortland,0,29,29,1466
05/10/2020,Cortland,0,29,27,1493
05/11/2020,Cortland,1,30,33,1526
05/12/2020,Cortland,1,31,40,1566
05/13/2020,Cortland,2,33,50,1616
05/14/2020,Cortland,0,33,95,1711
05/15/2020,Cortland,1,34,221,1932
05/16/2020,Cortland,0,34,140,2072
05/17/2020,Cortland,1,35,99,2171
05/18/2020,Cortland,1,36,62,2233
05/19/2020,Cortland,0,36,77,2310
05/20/2020,Cortland,0,36,144,2454
05/21/2020,Cortland,1,37,86,2540
05/22/2020,Cortland,1,38,223,2763
05/23/2020,Cortland,1,39,147,2910
05/24/2020,Cortland,0,39,221,3131
05/25/2020,Cortland,0,39,64,3195
05/26/2020,Cortland,0,39,82,3277
05/27/2020,Cortland,0,39,34,3311
05/28/2020,Cortland,0,39,207,3518
05/29/2020,Cortland,2,41,188,3706
05/30/2020,Cortland,0,41,261,3967
05/31/2020,Cortland,0,41,84,4051
06/01/2020,Cortland,0,41,128,4179
06/02/2020,Cortland,0,41,92,4271
06/03/2020,Cortland,0,41,130,4401
06/04/2020,Cortland,0,41,343,4744
06/05/2020,Cortland,0,41,294,5038
06/06/2020,Cortland,0,41,201,5239
06/07/2020,Cortland,1,42,179,5418
06/08/2020,Cortland,0,42,162,5580
06/09/2020,Cortland,0,42,153,5733
06/10/2020,Cortland,0,42,110,5843
06/11/2020,Cortland,0,42,258,6101
06/12/2020,Cortland,0,42,216,6317
06/13/2020,Cortland,0,42,174,6491
06/14/2020,Cortland,0,42,87,6578
06/15/2020,Cortland,0,42,155,6733
06/16/2020,Cortland,0,42,124,6857
06/17/2020,Cortland,2,44,107,6964
06/18/2020,Cortland,0,44,216,7180
06/19/2020,Cortland,0,44,251,7431
06/20/2020,Cortland,0,44,130,7561
06/21/2020,Cortland,0,44,84,7645
06/22/2020,Cortland,0,44,181,7826
06/23/2020,Cortland,0,44,90,7916
06/24/2020,Cortland,0,44,153,8069
06/25/2020,Cortland,0,44,106,8175
06/26/2020,Cortland,0,44,234,8409
03/02/2020,Delaware,0,0,0,0
03/03/2020,Delaware,0,0,0,0
03/04/2020,Delaware,0,0,0,0
03/05/2020,Delaware,0,0,0,0
03/06/2020,Delaware,0,0,0,0
03/07/2020,Delaware,0,0,0,0
03/08/2020,Delaware,0,0,0,0
03/09/2020,Delaware,0,0,1,1
03/10/2020,Delaware,0,0,1,2
03/11/2020,Delaware,0,0,2,4
03/12/2020,Delaware,1,1,1,5
03/13/2020,Delaware,0,1,1,6
03/14/2020,Delaware,0,1,1,7
03/15/2020,Delaware,0,1,5,12
03/16/2020,Delaware,0,1,0,12
03/17/2020,Delaware,0,1,0,12
03/18/2020,Delaware,0,1,1,13
03/19/2020,Delaware,0,1,4,17
03/20/2020,Delaware,0,1,8,25
03/21/2020,Delaware,2,3,10,35
03/22/2020,Delaware,0,3,10,45
03/23/2020,Delaware,0,3,5,50
03/24/2020,Delaware,2,5,5,55
03/25/2020,Delaware,2,7,12,67
03/26/2020,Delaware,1,8,7,74
03/27/2020,Delaware,0,8,13,87
03/28/2020,Delaware,0,8,4,91
03/29/2020,Delaware,3,11,12,103
03/30/2020,Delaware,5,16,11,114
03/31/2020,Delaware,4,20,13,127
04/01/2020,Delaware,2,22,7,134
04/02/2020,Delaware,2,24,9,143
04/03/2020,Delaware,2,26,18,161
04/04/2020,Delaware,1,27,12,173
04/05/2020,Delaware,2,29,28,201
04/06/2020,Delaware,7,36,30,231
04/07/2020,Delaware,1,37,16,247
04/08/2020,Delaware,0,37,22,269
04/09/2020,Delaware,2,39,20,289
04/10/2020,Delaware,0,39,17,306
04/11/2020,Delaware,0,39,10,316
04/12/2020,Delaware,3,42,14,330
04/13/2020,Delaware,3,45,48,378
04/14/2020,Delaware,1,46,7,385
04/15/2020,Delaware,1,47,9,394
04/16/2020,Delaware,1,48,10,404
04/17/2020,Delaware,1,49,8,412
04/18/2020,Delaware,0,49,10,422
04/19/2020,Delaware,0,49,5,427
04/20/2020,Delaware,0,49,3,430
04/21/2020,Delaware,1,50,18,448
04/22/2020,Delaware,0,50,21,469
04/23/2020,Delaware,1,51,15,484
04/24/2020,Delaware,7,58,135,619
04/25/2020,Delaware,0,58,35,654
04/26/2020,Delaware,0,58,21,675
04/27/2020,Delaware,1,59,16,691
04/28/2020,Delaware,1,60,14,705
04/29/2020,Delaware,1,61,24,729
04/30/2020,Delaware,0,61,24,753
05/01/2020,Delaware,0,61,29,782
05/02/2020,Delaware,0,61,28,810
05/03/2020,Delaware,1,62,54,864
05/04/2020,Delaware,0,62,31,895
05/05/2020,Delaware,0,62,30,925
05/06/2020,Delaware,1,63,30,955
05/07/2020,Delaware,0,63,24,979
05/08/2020,Delaware,0,63,30,1009
05/09/2020,Delaware,1,64,33,1042
05/10/2020,Delaware,1,65,19,1061
05/11/2020,Delaware,0,65,50,1111
05/12/2020,Delaware,1,66,53,1164
05/13/2020,Delaware,1,67,136,1300
05/14/2020,Delaware,0,67,120,1420
05/15/2020,Delaware,1,68,70,1490
05/16/2020,Delaware,1,69,51,1541
05/17/2020,Delaware,0,69,56,1597
05/18/2020,Delaware,0,69,65,1662
05/19/2020,Delaware,0,69,45,1707
05/20/2020,Delaware,2,71,65,1772
05/21/2020,Delaware,1,72,124,1896
05/22/2020,Delaware,2,74,51,1947
05/23/2020,Delaware,3,77,80,2027
05/24/2020,Delaware,0,77,44,2071
05/25/2020,Delaware,0,77,22,2093
05/26/2020,Delaware,1,78,205,2298
05/27/2020,Delaware,0,78,213,2511
05/28/2020,Delaware,1,79,156,2667
05/29/2020,Delaware,0,79,123,2790
05/30/2020,Delaware,0,79,209,2999
05/31/2020,Delaware,2,81,96,3095
06/01/2020,Delaware,1,82,138,3233
06/02/2020,Delaware,0,82,195,3428
06/03/2020,Delaware,0,82,171,3599
06/04/2020,Delaware,2,84,129,3728
06/05/2020,Delaware,1,85,217,3945
06/06/2020,Delaware,0,85,124,4069
06/07/2020,Delaware,0,85,164,4233
06/08/2020,Delaware,1,86,194,4427
06/09/2020,Delaware,1,87,198,4625
06/10/2020,Delaware,1,88,173,4798
06/11/2020,Delaware,0,88,92,4890
06/12/2020,Delaware,0,88,110,5000
06/13/2020,Delaware,0,88,181,5181
06/14/2020,Delaware,0,88,111,5292
06/15/2020,Delaware,0,88,206,5498
06/16/2020,Delaware,1,89,202,5700
06/17/2020,Delaware,0,89,116,5816
06/18/2020,Delaware,0,89,143,5959
06/19/2020,Delaware,1,90,144,6103
06/20/2020,Delaware,0,90,167,6270
06/21/2020,Delaware,0,90,134,6404
06/22/2020,Delaware,1,91,167,6571
06/23/2020,Delaware,0,91,91,6662
06/24/2020,Delaware,0,91,215,6877
06/25/2020,Delaware,0,91,69,6946
06/26/2020,Delaware,0,91,131,7077
03/02/2020,Dutchess,0,0,0,0
03/03/2020,Dutchess,0,0,0,0
03/04/2020,Dutchess,0,0,0,0
03/05/2020,Dutchess,0,0,0,0
03/06/2020,Dutchess,0,0,0,0
03/07/2020,Dutchess,0,0,0,0
03/08/2020,Dutchess,0,0,0,0
03/09/2020,Dutchess,0,0,0,0
03/10/2020,Dutchess,0,0,2,2
03/11/2020,Dutchess,1,1,5,7
03/12/2020,Dutchess,0,1,3,10
03/13/2020,Dutchess,2,3,10,20
03/14/2020,Dutchess,4,7,17,37
03/15/2020,Dutchess,3,10,20,57
03/16/2020,Dutchess,6,16,32,89
03/17/2020,Dutchess,4,20,23,112
03/18/2020,Dutchess,11,31,107,219
03/19/2020,Dutchess,5,36,59,278
03/20/2020,Dutchess,13,49,205,483
03/21/2020,Dutchess,33,82,205,688
03/22/2020,Dutchess,18,100,135,823
03/23/2020,Dutchess,24,124,111,934
03/24/2020,Dutchess,29,153,146,1080
03/25/2020,Dutchess,37,190,209,1289
03/26/2020,Dutchess,35,225,155,1444
03/27/2020,Dutchess,37,262,200,1644
03/28/2020,Dutchess,58,320,195,1839
03/29/2020,Dutchess,72,392,227,2066
03/30/2020,Dutchess,92,484,300,2366
03/31/2020,Dutchess,63,547,196,2562
04/01/2020,Dutchess,120,667,330,2892
04/02/2020,Dutchess,142,809,415,3307
04/03/2020,Dutchess,129,938,447,3754
04/04/2020,Dutchess,139,1077,352,4106
04/05/2020,Dutchess,112,1189,338,4444
04/06/2020,Dutchess,60,1249,335,4779
04/07/2020,Dutchess,146,1395,462,5241
04/08/2020,Dutchess,98,1493,512,5753
04/09/2020,Dutchess,105,1598,509,6262
04/10/2020,Dutchess,146,1744,584,6846
04/11/2020,Dutchess,94,1838,431,7277
04/12/2020,Dutchess,43,1881,499,7776
04/13/2020,Dutchess,53,1934,566,8342
04/14/2020,Dutchess,114,2048,487,8829
04/15/2020,Dutchess,37,2085,314,9143
04/16/2020,Dutchess,57,2142,300,9443
04/17/2020,Dutchess,59,2201,381,9824
04/18/2020,Dutchess,39,2240,196,10020
04/19/2020,Dutchess,44,2284,357,10377
04/20/2020,Dutchess,47,2331,209,10586
04/21/2020,Dutchess,60,2391,313,10899
04/22/2020,Dutchess,69,2460,366,11265
04/23/2020,Dutchess,57,2517,374,11639
04/24/2020,Dutchess,143,2660,913,12552
04/25/2020,Dutchess,69,2729,485,13037
04/26/2020,Dutchess,64,2793,389,13426
04/27/2020,Dutchess,24,2817,223,13649
04/28/2020,Dutchess,64,2881,566,14215
04/29/2020,Dutchess,73,2954,427,14642
04/30/2020,Dutchess,48,3002,443,15085
05/01/2020,Dutchess,47,3049,473,15558
05/02/2020,Dutchess,37,3086,434,15992
05/03/2020,Dutchess,45,3131,370,16362
05/04/2020,Dutchess,20,3151,307,16669
05/05/2020,Dutchess,41,3192,370,17039
05/06/2020,Dutchess,41,3233,438,17477
05/07/2020,Dutchess,44,3277,482,17959
05/08/2020,Dutchess,42,3319,534,18493
05/09/2020,Dutchess,40,3359,471,18964
05/10/2020,Dutchess,19,3378,348,19312
05/11/2020,Dutchess,21,3399,216,19528
05/12/2020,Dutchess,30,3429,387,19915
05/13/2020,Dutchess,45,3474,459,20374
05/14/2020,Dutchess,24,3498,394,20768
05/15/2020,Dutchess,29,3527,627,21395
05/16/2020,Dutchess,16,3543,491,21886
05/17/2020,Dutchess,9,3552,337,22223
05/18/2020,Dutchess,158,3710,972,23195
05/19/2020,Dutchess,14,3724,536,23731
05/20/2020,Dutchess,21,3745,573,24304
05/21/2020,Dutchess,22,3767,556,24860
05/22/2020,Dutchess,26,3793,549,25409
05/23/2020,Dutchess,14,3807,874,26283
05/24/2020,Dutchess,18,3825,650,26933
05/25/2020,Dutchess,9,3834,301,27234
05/26/2020,Dutchess,13,3847,423,27657
05/27/2020,Dutchess,20,3867,911,28568
05/28/2020,Dutchess,20,3887,1257,29825
05/29/2020,Dutchess,12,3899,1265,31090
05/30/2020,Dutchess,10,3909,765,31855
05/31/2020,Dutchess,15,3924,1034,32889
06/01/2020,Dutchess,12,3936,936,33825
06/02/2020,Dutchess,15,3951,1003,34828
06/03/2020,Dutchess,11,3962,771,35599
06/04/2020,Dutchess,22,3984,1166,36765
06/05/2020,Dutchess,11,3995,1072,37837
06/06/2020,Dutchess,5,4000,793,38630
06/07/2020,Dutchess,6,4006,906,39536
06/08/2020,Dutchess,10,4016,717,40253
06/09/2020,Dutchess,6,4022,944,41197
06/10/2020,Dutchess,5,4027,1072,42269
06/11/2020,Dutchess,8,4035,1046,43315
06/12/2020,Dutchess,14,4049,1186,44501
06/13/2020,Dutchess,7,4056,766,45267
06/14/2020,Dutchess,12,4068,1161,46428
06/15/2020,Dutchess,7,4075,817,47245
06/16/2020,Dutchess,2,4077,841,48086
06/17/2020,Dutchess,11,4088,1071,49157
06/18/2020,Dutchess,22,4110,1206,50363
06/19/2020,Dutchess,17,4127,978,51341
06/20/2020,Dutchess,11,4138,1101,52442
06/21/2020,Dutchess,7,4145,781,53223
06/22/2020,Dutchess,5,4150,494,53717
06/23/2020,Dutchess,8,4158,595,54312
06/24/2020,Dutchess,18,4176,1245,55557
06/25/2020,Dutchess,3,4179,958,56515
06/26/2020,Dutchess,12,4191,1099,57614
03/02/2020,Erie,0,0,0,0
03/03/2020,Erie,0,0,0,0
03/04/2020,Erie,0,0,6,6
03/05/2020,Erie,0,0,6,12
03/06/2020,Erie,0,0,0,12
03/07/2020,Erie,0,0,2,14
03/08/2020,Erie,0,0,1,15
03/09/2020,Erie,0,0,1,16
03/10/2020,Erie,0,0,2,18
03/11/2020,Erie,0,0,0,18
03/12/2020,Erie,0,0,13,31
03/13/2020,Erie,0,0,5,36
03/14/2020,Erie,3,3,22,58
03/15/2020,Erie,3,6,10,68
03/16/2020,Erie,1,7,2,70
03/17/2020,Erie,0,7,2,72
03/18/2020,Erie,21,28,130,202
03/19/2020,Erie,3,31,43,245
03/20/2020,Erie,7,38,55,300
03/21/2020,Erie,16,54,111,411
03/22/2020,Erie,33,87,247,658
03/23/2020,Erie,20,107,100,758
03/24/2020,Erie,15,122,114,872
03/25/2020,Erie,12,134,116,988
03/26/2020,Erie,85,219,348,1336
03/27/2020,Erie,99,318,370,1706
03/28/2020,Erie,40,358,126,1832
03/29/2020,Erie,18,376,67,1899
03/30/2020,Erie,62,438,189,2088
03/31/2020,Erie,26,464,119,2207
04/01/2020,Erie,153,617,571,2778
04/02/2020,Erie,103,720,429,3207
04/03/2020,Erie,88,808,317,3524
04/04/2020,Erie,110,918,402,3926
04/05/2020,Erie,105,1023,549,4475
04/06/2020,Erie,112,1135,396,4871
04/07/2020,Erie,70,1205,295,5166
04/08/2020,Erie,157,1362,458,5624
04/09/2020,Erie,47,1409,309,5933
04/10/2020,Erie,63,1472,297,6230
04/11/2020,Erie,99,1571,317,6547
04/12/2020,Erie,53,1624,182,6729
04/13/2020,Erie,44,1668,223,6952
04/14/2020,Erie,83,1751,326,7278
04/15/2020,Erie,99,1850,394,7672
04/16/2020,Erie,79,1929,348,8020
04/17/2020,Erie,68,1997,262,8282
04/18/2020,Erie,73,2070,367,8649
04/19/2020,Erie,39,2109,199,8848
04/20/2020,Erie,38,2147,258,9106
04/21/2020,Erie,86,2233,347,9453
04/22/2020,Erie,217,2450,1307,10760
04/23/2020,Erie,153,2603,982,11742
04/24/2020,Erie,170,2773,872,12614
04/25/2020,Erie,181,2954,795,13409
04/26/2020,Erie,67,3021,508,13917
04/27/2020,Erie,68,3089,586,14503
04/28/2020,Erie,107,3196,716,15219
04/29/2020,Erie,123,3319,885,16104
04/30/2020,Erie,162,3481,905,17009
05/01/2020,Erie,117,3598,1058,18067
05/02/2020,Erie,112,3710,799,18866
05/03/2020,Erie,92,3802,760,19626
05/04/2020,Erie,89,3891,779,20405
05/05/2020,Erie,117,4008,1498,21903
05/06/2020,Erie,128,4136,1164,23067
05/07/2020,Erie,119,4255,1008,24075
05/08/2020,Erie,82,4337,1049,25124
05/09/2020,Erie,116,4453,1231,26355
05/10/2020,Erie,30,4483,386,26741
05/11/2020,Erie,47,4530,696,27437
05/12/2020,Erie,76,4606,1591,29028
05/13/2020,Erie,65,4671,1664,30692
05/14/2020,Erie,111,4782,1690,32382
05/15/2020,Erie,85,4867,1164,33546
05/16/2020,Erie,87,4954,1827,35373
05/17/2020,Erie,39,4993,628,36001
05/18/2020,Erie,44,5037,934,36935
05/19/2020,Erie,94,5131,2198,39133
05/20/2020,Erie,139,5270,2974,42107
05/21/2020,Erie,127,5397,2175,44282
05/22/2020,Erie,155,5552,2767,47049
05/23/2020,Erie,74,5626,1742,48791
05/24/2020,Erie,74,5700,1718,50509
05/25/2020,Erie,53,5753,1334,51843
05/26/2020,Erie,57,5810,1572,53415
05/27/2020,Erie,76,5886,2367,55782
05/28/2020,Erie,49,5935,1944,57726
05/29/2020,Erie,79,6014,2434,60160
05/30/2020,Erie,56,6070,2402,62562
05/31/2020,Erie,53,6123,1951,64513
06/01/2020,Erie,50,6173,2225,66738
06/02/2020,Erie,61,6234,3364,70102
06/03/2020,Erie,74,6308,2639,72741
06/04/2020,Erie,51,6359,2896,75637
06/05/2020,Erie,70,6429,4101,79738
06/06/2020,Erie,57,6486,2102,81840
06/07/2020,Erie,45,6531,1670,83510
06/08/2020,Erie,64,6595,3600,87110
06/09/2020,Erie,21,6616,2358,89468
06/10/2020,Erie,43,6659,2427,91895
06/11/2020,Erie,58,6717,3047,94942
06/12/2020,Erie,36,6753,2819,97761
06/13/2020,Erie,32,6785,2624,100385
06/14/2020,Erie,32,6817,1796,102181
06/15/2020,Erie,35,6852,2174,104355
06/16/2020,Erie,30,6882,2419,106774
06/17/2020,Erie,38,6920,2888,109662
06/18/2020,Erie,35,6955,3405,113067
06/19/2020,Erie,25,6980,3055,116122
06/20/2020,Erie,24,7004,2204,118326
06/21/2020,Erie,31,7035,2224,120550
06/22/2020,Erie,38,7073,2083,122633
06/23/2020,Erie,35,7108,2861,125494
06/24/2020,Erie,30,7138,3065,128559
06/25/2020,Erie,43,7181,2620,131179
06/26/2020,Erie,25,7206,2428,133607
03/02/2020,Essex,0,0,0,0
03/03/2020,Essex,0,0,0,0
03/04/2020,Essex,0,0,0,0
03/05/2020,Essex,0,0,0,0
03/06/2020,Essex,0,0,0,0
03/07/2020,Essex,0,0,0,0
03/08/2020,Essex,0,0,0,0
03/09/2020,Essex,0,0,0,0
03/10/2020,Essex,0,0,0,0
03/11/2020,Essex,0,0,0,0
03/12/2020,Essex,0,0,0,0
03/13/2020,Essex,0,0,2,2
03/14/2020,Essex,0,0,1,3
03/15/2020,Essex,0,0,2,5
03/16/2020,Essex,0,0,0,5
03/17/2020,Essex,1,1,2,7
03/18/2020,Essex,0,1,1,8
03/19/2020,Essex,0,1,10,18
03/20/2020,Essex,1,2,5,23
03/21/2020,Essex,1,3,8,31
03/22/2020,Essex,0,3,2,33
03/23/2020,Essex,0,3,11,44
03/24/2020,Essex,1,4,6,50
03/25/2020,Essex,0,4,7,57
03/26/2020,Essex,0,4,6,63
03/27/2020,Essex,0,4,5,68
03/28/2020,Essex,0,4,3,71
03/29/2020,Essex,0,4,3,74
03/30/2020,Essex,0,4,5,79
03/31/2020,Essex,2,6,8,87
04/01/2020,Essex,0,6,2,89
04/02/2020,Essex,0,6,2,91
04/03/2020,Essex,1,7,7,98
04/04/2020,Essex,0,7,4,102
04/05/2020,Essex,0,7,4,106
04/06/2020,Essex,0,7,5,111
04/07/2020,Essex,0,7,4,115
04/08/2020,Essex,1,8,6,121
04/09/2020,Essex,2,10,13,134
04/10/2020,Essex,2,12,4,138
04/11/2020,Essex,0,12,12,150
04/12/2020,Essex,0,12,5,155
04/13/2020,Essex,0,12,24,179
04/14/2020,Essex,0,12,3,182
04/15/2020,Essex,0,12,8,190
04/16/2020,Essex,3,15,6,196
04/17/2020,Essex,1,16,5,201
04/18/2020,Essex,2,18,10,211
04/19/2020,Essex,2,20,4,215
04/20/2020,Essex,1,21,5,220
04/21/2020,Essex,1,22,2,222
04/22/2020,Essex,0,22,1,223
04/23/2020,Essex,0,22,6,229
04/24/2020,Essex,2,24,35,264
04/25/2020,Essex,0,24,15,279
04/26/2020,Essex,0,24,27,306
04/27/2020,Essex,2,26,16,322
04/28/2020,Essex,1,27,19,341
04/29/2020,Essex,1,28,22,363
04/30/2020,Essex,0,28,27,390
05/01/2020,Essex,0,28,31,421
05/02/2020,Essex,1,29,23,444
05/03/2020,Essex,0,29,10,454
05/04/2020,Essex,1,30,26,480
05/05/2020,Essex,0,30,18,498
05/06/2020,Essex,0,30,15,513
05/07/2020,Essex,1,31,69,582
05/08/2020,Essex,0,31,64,646
05/09/2020,Essex,1,32,111,757
05/10/2020,Essex,0,32,31,788
05/11/2020,Essex,0,32,12,800
05/12/2020,Essex,0,32,77,877
05/13/2020,Essex,0,32,60,937
05/14/2020,Essex,0,32,34,971
05/15/2020,Essex,0,32,173,1144
05/16/2020,Essex,1,33,146,1290
05/17/2020,Essex,0,33,161,1451
05/18/2020,Essex,1,34,16,1467
05/19/2020,Essex,0,34,43,1510
05/20/2020,Essex,2,36,162,1672
05/21/2020,Essex,0,36,115,1787
05/22/2020,Essex,0,36,89,1876
05/23/2020,Essex,0,36,182,2058
05/24/2020,Essex,0,36,88,2146
05/25/2020,Essex,0,36,68,2214
05/26/2020,Essex,0,36,71,2285
05/27/2020,Essex,0,36,85,2370
05/28/2020,Essex,0,36,151,2521
05/29/2020,Essex,0,36,95,2616
05/30/2020,Essex,1,37,258,2874
05/31/2020,Essex,0,37,144,3018
06/01/2020,Essex,1,38,64,3082
06/02/2020,Essex,0,38,109,3191
06/03/2020,Essex,0,38,193,3384
06/04/2020,Essex,0,38,106,3490
06/05/2020,Essex,0,38,96,3586
06/06/2020,Essex,0,38,178,3764
06/07/2020,Essex,1,39,160,3924
06/08/2020,Essex,1,40,25,3949
06/09/2020,Essex,0,40,147,4096
06/10/2020,Essex,0,40,159,4255
06/11/2020,Essex,0,40,135,4390
06/12/2020,Essex,0,40,75,4465
06/13/2020,Essex,0,40,196,4661
06/14/2020,Essex,0,40,74,4735
06/15/2020,Essex,0,40,65,4800
06/16/2020,Essex,0,40,47,4847
06/17/2020,Essex,0,40,105,4952
06/18/2020,Essex,0,40,172,5124
06/19/2020,Essex,1,41,78,5202
06/20/2020,Essex,0,41,109,5311
06/21/2020,Essex,0,41,79,5390
06/22/2020,Essex,0,41,88,5478
06/23/2020,Essex,0,41,108,5586
06/24/2020,Essex,0,41,100,5686
06/25/2020,Essex,0,41,65,5751
06/26/2020,Essex,1,42,176,5927
03/02/2020,Franklin,0,0,0,0
03/03/2020,Franklin,0,0,0,0
03/04/2020,Franklin,0,0,0,0
03/05/2020,Franklin,0,0,0,0
03/06/2020,Franklin,0,0,0,0
03/07/2020,Franklin,0,0,0,0
03/08/2020,Franklin,0,0,0,0
03/09/2020,Franklin,0,0,0,0
03/10/2020,Franklin,0,0,0,0
03/11/2020,Franklin,0,0,0,0
03/12/2020,Franklin,0,0,1,1
03/13/2020,Franklin,0,0,0,1
03/14/2020,Franklin,0,0,1,2
03/15/2020,Franklin,0,0,0,2
03/16/2020,Franklin,0,0,3,5
03/17/2020,Franklin,0,0,1,6
03/18/2020,Franklin,0,0,5,11
03/19/2020,Franklin,0,0,6,17
03/20/2020,Franklin,0,0,5,22
03/21/2020,Franklin,0,0,10,32
03/22/2020,Franklin,0,0,8,40
03/23/2020,Franklin,0,0,3,43
03/24/2020,Franklin,1,1,4,47
03/25/2020,Franklin,0,1,5,52
03/26/2020,Franklin,1,2,11,63
03/27/2020,Franklin,2,4,10,73
03/28/2020,Franklin,2,6,9,82
03/29/2020,Franklin,0,6,14,96
03/30/2020,Franklin,3,9,10,106
03/31/2020,Franklin,0,9,9,115
04/01/2020,Franklin,0,9,8,123
04/02/2020,Franklin,1,10,19,142
04/03/2020,Franklin,0,10,4,146
04/04/2020,Franklin,0,10,6,152
04/05/2020,Franklin,0,10,5,157
04/06/2020,Franklin,0,10,5,162
04/07/2020,Franklin,0,10,7,169
04/08/2020,Franklin,1,11,5,174
04/09/2020,Franklin,0,11,6,180
04/10/2020,Franklin,0,11,5,185
04/11/2020,Franklin,1,12,8,193
04/12/2020,Franklin,0,12,6,199
04/13/2020,Franklin,1,13,13,212
04/14/2020,Franklin,0,13,4,216
04/15/2020,Franklin,0,13,11,227
04/16/2020,Franklin,0,13,3,230
04/17/2020,Franklin,0,13,9,239
04/18/2020,Franklin,0,13,9,248
04/19/2020,Franklin,0,13,5,253
04/20/2020,Franklin,0,13,3,256
04/21/2020,Franklin,0,13,2,258
04/22/2020,Franklin,0,13,8,266
04/23/2020,Franklin,0,13,9,275
04/24/2020,Franklin,1,14,35,310
04/25/2020,Franklin,0,14,3,313
04/26/2020,Franklin,0,14,17,330
04/27/2020,Franklin,0,14,13,343
04/28/2020,Franklin,1,15,17,360
04/29/2020,Franklin,0,15,14,374
04/30/2020,Franklin,0,15,16,390
05/01/2020,Franklin,0,15,9,399
05/02/2020,Franklin,0,15,9,408
05/03/2020,Franklin,1,16,15,423
05/04/2020,Franklin,0,16,11,434
05/05/2020,Franklin,0,16,15,449
05/06/2020,Franklin,0,16,18,467
05/07/2020,Franklin,1,17,82,549
05/08/2020,Franklin,0,17,24,573
05/09/2020,Franklin,0,17,50,623
05/10/2020,Franklin,0,17,53,676
05/11/2020,Franklin,0,17,91,767
05/12/2020,Franklin,0,17,52,819
05/13/2020,Franklin,0,17,56,875
05/14/2020,Franklin,0,17,48,923
05/15/2020,Franklin,1,18,196,1119
05/16/2020,Franklin,0,18,126,1245
05/17/2020,Franklin,0,18,285,1530
05/18/2020,Franklin,0,18,9,1539
05/19/2020,Franklin,0,18,55,1594
05/20/2020,Franklin,1,19,245,1839
05/21/2020,Franklin,0,19,194,2033
05/22/2020,Franklin,1,20,83,2116
05/23/2020,Franklin,0,20,178,2294
05/24/2020,Franklin,0,20,138,2432
05/25/2020,Franklin,0,20,219,2651
05/26/2020,Franklin,0,20,84,2735
05/27/2020,Franklin,0,20,157,2892
05/28/2020,Franklin,1,21,118,3010
05/29/2020,Franklin,1,22,129,3139
05/30/2020,Franklin,0,22,151,3290
05/31/2020,Franklin,1,23,167,3457
06/01/2020,Franklin,0,23,42,3499
06/02/2020,Franklin,0,23,222,3721
06/03/2020,Franklin,0,23,262,3983
06/04/2020,Franklin,0,23,120,4103
06/05/2020,Franklin,0,23,207,4310
06/06/2020,Franklin,0,23,198,4508
06/07/2020,Franklin,0,23,272,4780
06/08/2020,Franklin,0,23,53,4833
06/09/2020,Franklin,0,23,127,4960
06/10/2020,Franklin,0,23,156,5116
06/11/2020,Franklin,1,24,205,5321
06/12/2020,Franklin,1,25,142,5463
06/13/2020,Franklin,0,25,162,5625
06/14/2020,Franklin,0,25,160,5785
06/15/2020,Franklin,0,25,67,5852
06/16/2020,Franklin,0,25,54,5906
06/17/2020,Franklin,1,26,136,6042
06/18/2020,Franklin,1,27,163,6205
06/19/2020,Franklin,0,27,251,6456
06/20/2020,Franklin,0,27,147,6603
06/21/2020,Franklin,0,27,200,6803
06/22/2020,Franklin,1,28,39,6842
06/23/2020,Franklin,0,28,55,6897
06/24/2020,Franklin,0,28,90,6987
06/25/2020,Franklin,0,28,112,7099
06/26/2020,Franklin,1,29,214,7313
03/02/2020,Fulton,0,0,0,0
03/03/2020,Fulton,0,0,0,0
03/04/2020,Fulton,0,0,0,0
03/05/2020,Fulton,0,0,0,0
03/06/2020,Fulton,0,0,0,0
03/07/2020,Fulton,0,0,0,0
03/08/2020,Fulton,0,0,0,0
03/09/2020,Fulton,0,0,1,1
03/10/2020,Fulton,0,0,1,2
03/11/2020,Fulton,0,0,2,4
03/12/2020,Fulton,0,0,1,5
03/13/2020,Fulton,0,0,1,6
03/14/2020,Fulton,0,0,4,10
03/15/2020,Fulton,0,0,1,11
03/16/2020,Fulton,0,0,1,12
03/17/2020,Fulton,0,0,0,12
03/18/2020,Fulton,1,1,12,24
03/19/2020,Fulton,0,1,6,30
03/20/2020,Fulton,0,1,13,43
03/21/2020,Fulton,0,1,11,54
03/22/2020,Fulton,0,1,11,65
03/23/2020,Fulton,0,1,11,76
03/24/2020,Fulton,0,1,4,80
03/25/2020,Fulton,0,1,2,82
03/26/2020,Fulton,0,1,5,87
03/27/2020,Fulton,0,1,10,97
03/28/2020,Fulton,0,1,10,107
03/29/2020,Fulton,0,1,12,119
03/30/2020,Fulton,0,1,5,124
03/31/2020,Fulton,1,2,5,129
04/01/2020,Fulton,4,6,10,139
04/02/2020,Fulton,0,6,10,149
04/03/2020,Fulton,3,9,24,173
04/04/2020,Fulton,0,9,12,185
04/05/2020,Fulton,2,11,20,205
04/06/2020,Fulton,2,13,18,223
04/07/2020,Fulton,1,14,6,229
04/08/2020,Fulton,1,15,21,250
04/09/2020,Fulton,3,18,24,274
04/10/2020,Fulton,3,21,17,291
04/11/2020,Fulton,0,21,11,302
04/12/2020,Fulton,0,21,7,309
04/13/2020,Fulton,1,22,75,384
04/14/2020,Fulton,2,24,9,393
04/15/2020,Fulton,1,25,13,406
04/16/2020,Fulton,2,27,16,422
04/17/2020,Fulton,0,27,7,429
04/18/2020,Fulton,0,27,17,446
04/19/2020,Fulton,0,27,3,449
04/20/2020,Fulton,0,27,4,453
04/21/2020,Fulton,1,28,7,460
04/22/2020,Fulton,0,28,5,465
04/23/2020,Fulton,1,29,16,481
04/24/2020,Fulton,32,61,202,683
04/25/2020,Fulton,1,62,29,712
04/26/2020,Fulton,0,62,9,721
04/27/2020,Fulton,4,66,16,737
04/28/2020,Fulton,1,67,27,764
04/29/2020,Fulton,4,71,27,791
04/30/2020,Fulton,4,75,37,828
05/01/2020,Fulton,4,79,34,862
05/02/2020,Fulton,3,82,36,898
05/03/2020,Fulton,2,84,25,923
05/04/2020,Fulton,13,97,63,986
05/05/2020,Fulton,3,100,50,1036
05/06/2020,Fulton,1,101,30,1066
05/07/2020,Fulton,2,103,27,1093
05/08/2020,Fulton,1,104,30,1123
05/09/2020,Fulton,3,107,31,1154
05/10/2020,Fulton,2,109,59,1213
05/11/2020,Fulton,26,135,100,1313
05/12/2020,Fulton,5,140,61,1374
05/13/2020,Fulton,4,144,81,1455
05/14/2020,Fulton,1,145,67,1522
05/15/2020,Fulton,3,148,100,1622
05/16/2020,Fulton,23,171,110,1732
05/17/2020,Fulton,11,182,132,1864
05/18/2020,Fulton,0,182,30,1894
05/19/2020,Fulton,2,184,89,1983
05/20/2020,Fulton,2,186,100,2083
05/21/2020,Fulton,3,189,88,2171
05/22/2020,Fulton,4,193,142,2313
05/23/2020,Fulton,1,194,84,2397
05/24/2020,Fulton,2,196,86,2483
05/25/2020,Fulton,0,196,44,2527
05/26/2020,Fulton,2,198,112,2639
05/27/2020,Fulton,2,200,223,2862
05/28/2020,Fulton,6,206,202,3064
05/29/2020,Fulton,1,207,146,3210
05/30/2020,Fulton,1,208,159,3369
05/31/2020,Fulton,2,210,169,3538
06/01/2020,Fulton,2,212,83,3621
06/02/2020,Fulton,1,213,197,3818
06/03/2020,Fulton,2,215,187,4005
06/04/2020,Fulton,4,219,248,4253
06/05/2020,Fulton,3,222,233,4486
06/06/2020,Fulton,2,224,205,4691
06/07/2020,Fulton,3,227,254,4945
06/08/2020,Fulton,1,228,249,5194
06/09/2020,Fulton,0,228,132,5326
06/10/2020,Fulton,2,230,155,5481
06/11/2020,Fulton,1,231,352,5833
06/12/2020,Fulton,1,232,164,5997
06/13/2020,Fulton,2,234,168,6165
06/14/2020,Fulton,1,235,101,6266
06/15/2020,Fulton,1,236,158,6424
06/16/2020,Fulton,0,236,85,6509
06/17/2020,Fulton,0,236,146,6655
06/18/2020,Fulton,1,237,173,6828
06/19/2020,Fulton,6,243,290,7118
06/20/2020,Fulton,0,243,209,7327
06/21/2020,Fulton,1,244,171,7498
06/22/2020,Fulton,0,244,86,7584
06/23/2020,Fulton,0,244,110,7694
06/24/2020,Fulton,0,244,98,7792
06/25/2020,Fulton,4,248,161,7953
06/26/2020,Fulton,1,249,171,8124
03/02/2020,Genesee,0,0,0,0
03/03/2020,Genesee,0,0,0,0
03/04/2020,Genesee,0,0,0,0
03/05/2020,Genesee,0,0,0,0
03/06/2020,Genesee,0,0,0,0
03/07/2020,Genesee,0,0,0,0
03/08/2020,Genesee,0,0,0,0
03/09/2020,Genesee,0,0,0,0
03/10/2020,Genesee,0,0,1,1
03/11/2020,Genesee,0,0,0,1
03/12/2020,Genesee,0,0,0,1
03/13/2020,Genesee,0,0,0,1
03/14/2020,Genesee,0,0,0,1
03/15/2020,Genesee,0,0,0,1
03/16/2020,Genesee,0,0,3,4
03/17/2020,Genesee,0,0,5,9
03/18/2020,Genesee,1,1,9,18
03/19/2020,Genesee,0,1,6,24
03/20/2020,Genesee,0,1,6,30
03/21/2020,Genesee,0,1,6,36
03/22/2020,Genesee,0,1,2,38
03/23/2020,Genesee,0,1,8,46
03/24/2020,Genesee,1,2,7,53
03/25/2020,Genesee,2,4,19,72
03/26/2020,Genesee,2,6,21,93
03/27/2020,Genesee,1,7,19,112
03/28/2020,Genesee,2,9,6,118
03/29/2020,Genesee,0,9,12,130
03/30/2020,Genesee,1,10,24,154
03/31/2020,Genesee,3,13,28,182
04/01/2020,Genesee,1,14,39,221
04/02/2020,Genesee,2,16,23,244
04/03/2020,Genesee,4,20,30,274
04/04/2020,Genesee,2,22,12,286
04/05/2020,Genesee,1,23,11,297
04/06/2020,Genesee,10,33,37,334
04/07/2020,Genesee,14,47,31,365
04/08/2020,Genesee,9,56,43,408
04/09/2020,Genesee,9,65,32,440
04/10/2020,Genesee,2,67,18,458
04/11/2020,Genesee,2,69,19,477
04/12/2020,Genesee,2,71,7,484
04/13/2020,Genesee,5,76,34,518
04/14/2020,Genesee,0,76,15,533
04/15/2020,Genesee,2,78,12,545
04/16/2020,Genesee,5,83,21,566
04/17/2020,Genesee,4,87,13,579
04/18/2020,Genesee,30,117,56,635
04/19/2020,Genesee,2,119,14,649
04/20/2020,Genesee,2,121,8,657
04/21/2020,Genesee,1,122,17,674
04/22/2020,Genesee,4,126,25,699
04/23/2020,Genesee,1,127,19,718
04/24/2020,Genesee,14,141,145,863
04/25/2020,Genesee,3,144,37,900
04/26/2020,Genesee,4,148,20,920
04/27/2020,Genesee,1,149,28,948
04/28/2020,Genesee,3,152,26,974
04/29/2020,Genesee,1,153,32,1006
04/30/2020,Genesee,1,154,29,1035
05/01/2020,Genesee,1,155,55,1090
05/02/2020,Genesee,0,155,25,1115
05/03/2020,Genesee,4,159,48,1163
05/04/2020,Genesee,0,159,47,1210
05/05/2020,Genesee,3,162,59,1269
05/06/2020,Genesee,6,168,98,1367
05/07/2020,Genesee,1,169,62,1429
05/08/2020,Genesee,1,170,47,1476
05/09/2020,Genesee,2,172,149,1625
05/10/2020,Genesee,1,173,182,1807
05/11/2020,Genesee,1,174,77,1884
05/12/2020,Genesee,0,174,96,1980
05/13/2020,Genesee,1,175,77,2057
05/14/2020,Genesee,0,175,66,2123
05/15/2020,Genesee,3,178,47,2170
05/16/2020,Genesee,2,180,69,2239
05/17/2020,Genesee,0,180,30,2269
05/18/2020,Genesee,2,182,77,2346
05/19/2020,Genesee,2,184,95,2441
05/20/2020,Genesee,4,188,145,2586
05/21/2020,Genesee,1,189,42,2628
05/22/2020,Genesee,2,191,271,2899
05/23/2020,Genesee,0,191,181,3080
05/24/2020,Genesee,1,192,95,3175
05/25/2020,Genesee,1,193,58,3233
05/26/2020,Genesee,2,195,84,3317
05/27/2020,Genesee,2,197,177,3494
05/28/2020,Genesee,2,199,119,3613
05/29/2020,Genesee,1,200,135,3748
05/30/2020,Genesee,2,202,115,3863
05/31/2020,Genesee,0,202,82,3945
06/01/2020,Genesee,0,202,145,4090
06/02/2020,Genesee,0,202,264,4354
06/03/2020,Genesee,3,205,326,4680
06/04/2020,Genesee,0,205,137,4817
06/05/2020,Genesee,1,206,322,5139
06/06/2020,Genesee,2,208,153,5292
06/07/2020,Genesee,0,208,104,5396
06/08/2020,Genesee,2,210,200,5596
06/09/2020,Genesee,1,211,213,5809
06/10/2020,Genesee,1,212,234,6043
06/11/2020,Genesee,0,212,187,6230
06/12/2020,Genesee,0,212,174,6404
06/13/2020,Genesee,0,212,158,6562
06/14/2020,Genesee,1,213,91,6653
06/15/2020,Genesee,0,213,112,6765
06/16/2020,Genesee,3,216,142,6907
06/17/2020,Genesee,1,217,169,7076
06/18/2020,Genesee,1,218,243,7319
06/19/2020,Genesee,4,222,189,7508
06/20/2020,Genesee,0,222,108,7616
06/21/2020,Genesee,3,225,182,7798
06/22/2020,Genesee,4,229,196,7994
06/23/2020,Genesee,1,230,196,8190
06/24/2020,Genesee,1,231,220,8410
06/25/2020,Genesee,1,232,120,8530
06/26/2020,Genesee,5,237,154,8684
03/02/2020,Greene,0,0,0,0
03/03/2020,Greene,0,0,0,0
03/04/2020,Greene,0,0,0,0
03/05/2020,Greene,0,0,0,0
03/06/2020,Greene,0,0,0,0
03/07/2020,Greene,0,0,0,0
03/08/2020,Greene,0,0,0,0
03/09/2020,Greene,0,0,0,0
03/10/2020,Greene,0,0,0,0
03/11/2020,Greene,0,0,3,3
03/12/2020,Greene,0,0,0,3
03/13/2020,Greene,0,0,1,4
03/14/2020,Greene,2,2,8,12
03/15/2020,Greene,0,2,3,15
03/16/2020,Greene,0,2,9,24
03/17/2020,Greene,0,2,8,32
03/18/2020,Greene,0,2,16,48
03/19/2020,Greene,0,2,21,69
03/20/2020,Greene,0,2,24,93
03/21/2020,Greene,0,2,23,116
03/22/2020,Greene,2,4,32,148
03/23/2020,Greene,0,4,8,156
03/24/2020,Greene,0,4,3,159
03/25/2020,Greene,1,5,11,170
03/26/2020,Greene,1,6,11,181
03/27/2020,Greene,1,7,6,187
03/28/2020,Greene,0,7,6,193
03/29/2020,Greene,3,10,13,206
03/30/2020,Greene,6,16,15,221
03/31/2020,Greene,2,18,9,230
04/01/2020,Greene,3,21,11,241
04/02/2020,Greene,2,23,16,257
04/03/2020,Greene,1,24,10,267
04/04/2020,Greene,0,24,7,274
04/05/2020,Greene,0,24,12,286
04/06/2020,Greene,0,24,13,299
04/07/2020,Greene,1,25,6,305
04/08/2020,Greene,3,28,29,334
04/09/2020,Greene,6,34,36,370
04/10/2020,Greene,3,37,27,397
04/11/2020,Greene,7,44,40,437
04/12/2020,Greene,1,45,14,451
04/13/2020,Greene,21,66,93,544
04/14/2020,Greene,7,73,25,569
04/15/2020,Greene,1,74,16,585
04/16/2020,Greene,3,77,16,601
04/17/2020,Greene,5,82,28,629
04/18/2020,Greene,3,85,24,653
04/19/2020,Greene,1,86,8,661
04/20/2020,Greene,1,87,16,677
04/21/2020,Greene,0,87,15,692
04/22/2020,Greene,2,89,25,717
04/23/2020,Greene,1,90,31,748
04/24/2020,Greene,17,107,212,960
04/25/2020,Greene,3,110,36,996
04/26/2020,Greene,1,111,25,1021
04/27/2020,Greene,1,112,20,1041
04/28/2020,Greene,2,114,24,1065
04/29/2020,Greene,17,131,59,1124
04/30/2020,Greene,8,139,47,1171
05/01/2020,Greene,3,142,36,1207
05/02/2020,Greene,9,151,32,1239
05/03/2020,Greene,3,154,34,1273
05/04/2020,Greene,12,166,36,1309
05/05/2020,Greene,22,188,84,1393
05/06/2020,Greene,10,198,55,1448
05/07/2020,Greene,1,199,34,1482
05/08/2020,Greene,5,204,45,1527
05/09/2020,Greene,2,206,44,1571
05/10/2020,Greene,0,206,14,1585
05/11/2020,Greene,0,206,28,1613
05/12/2020,Greene,0,206,41,1654
05/13/2020,Greene,1,207,46,1700
05/14/2020,Greene,2,209,64,1764
05/15/2020,Greene,2,211,49,1813
05/16/2020,Greene,1,212,43,1856
05/17/2020,Greene,1,213,33,1889
05/18/2020,Greene,1,214,26,1915
05/19/2020,Greene,1,215,189,2104
05/20/2020,Greene,0,215,44,2148
05/21/2020,Greene,0,215,48,2196
05/22/2020,Greene,2,217,69,2265
05/23/2020,Greene,3,220,55,2320
05/24/2020,Greene,5,225,35,2355
05/25/2020,Greene,0,225,24,2379
05/26/2020,Greene,6,231,108,2487
05/27/2020,Greene,5,236,107,2594
05/28/2020,Greene,1,237,92,2686
05/29/2020,Greene,1,238,110,2796
05/30/2020,Greene,0,238,100,2896
05/31/2020,Greene,1,239,79,2975
06/01/2020,Greene,2,241,119,3094
06/02/2020,Greene,0,241,153,3247
06/03/2020,Greene,0,241,130,3377
06/04/2020,Greene,1,242,134,3511
06/05/2020,Greene,4,246,181,3692
06/06/2020,Greene,0,246,117,3809
06/07/2020,Greene,1,247,42,3851
06/08/2020,Greene,1,248,104,3955
06/09/2020,Greene,1,249,172,4127
06/10/2020,Greene,0,249,88,4215
06/11/2020,Greene,0,249,82,4297
06/12/2020,Greene,1,250,97,4394
06/13/2020,Greene,1,251,128,4522
06/14/2020,Greene,0,251,110,4632
06/15/2020,Greene,1,252,67,4699
06/16/2020,Greene,0,252,196,4895
06/17/2020,Greene,0,252,73,4968
06/18/2020,Greene,2,254,174,5142
06/19/2020,Greene,1,255,54,5196
06/20/2020,Greene,1,256,67,5263
06/21/2020,Greene,0,256,119,5382
06/22/2020,Greene,0,256,110,5492
06/23/2020,Greene,0,256,114,5606
06/24/2020,Greene,1,257,158,5764
06/25/2020,Greene,0,257,126,5890
06/26/2020,Greene,3,260,127,6017
03/02/2020,Hamilton,0,0,0,0
03/03/2020,Hamilton,0,0,0,0
03/04/2020,Hamilton,0,0,0,0
03/05/2020,Hamilton,0,0,0,0
03/06/2020,Hamilton,0,0,0,0
03/07/2020,Hamilton,0,0,0,0
03/08/2020,Hamilton,0,0,0,0
03/09/2020,Hamilton,0,0,0,0
03/10/2020,Hamilton,0,0,0,0
03/11/2020,Hamilton,0,0,0,0
03/12/2020,Hamilton,0,0,0,0
03/13/2020,Hamilton,0,0,0,0
03/14/2020,Hamilton,0,0,0,0
03/15/2020,Hamilton,0,0,0,0
03/16/2020,Hamilton,0,0,0,0
03/17/2020,Hamilton,1,1,2,2
03/18/2020,Hamilton,1,2,8,10
03/19/2020,Hamilton,0,2,0,10
03/20/2020,Hamilton,0,2,1,11
03/21/2020,Hamilton,0,2,0,11
03/22/2020,Hamilton,0,2,0,11
03/23/2020,Hamilton,0,2,2,13
03/24/2020,Hamilton,0,2,1,14
03/25/2020,Hamilton,0,2,0,14
03/26/2020,Hamilton,0,2,0,14
03/27/2020,Hamilton,0,2,0,14
03/28/2020,Hamilton,0,2,0,14
03/29/2020,Hamilton,0,2,0,14
03/30/2020,Hamilton,0,2,0,14
03/31/2020,Hamilton,0,2,0,14
04/01/2020,Hamilton,0,2,3,17
04/02/2020,Hamilton,0,2,0,17
04/03/2020,Hamilton,0,2,0,17
04/04/2020,Hamilton,0,2,0,17
04/05/2020,Hamilton,0,2,0,17
04/06/2020,Hamilton,0,2,0,17
04/07/2020,Hamilton,0,2,0,17
04/08/2020,Hamilton,1,3,1,18
04/09/2020,Hamilton,0,3,0,18
04/10/2020,Hamilton,0,3,1,19
04/11/2020,Hamilton,0,3,0,19
04/12/2020,Hamilton,0,3,1,20
04/13/2020,Hamilton,0,3,0,20
04/14/2020,Hamilton,0,3,0,20
04/15/2020,Hamilton,0,3,0,20
04/16/2020,Hamilton,0,3,6,26
04/17/2020,Hamilton,0,3,1,27
04/18/2020,Hamilton,0,3,1,28
04/19/2020,Hamilton,0,3,0,28
04/20/2020,Hamilton,0,3,0,28
04/21/2020,Hamilton,0,3,1,29
04/22/2020,Hamilton,0,3,0,29
04/23/2020,Hamilton,0,3,0,29
04/24/2020,Hamilton,0,3,3,32
04/25/2020,Hamilton,0,3,1,33
04/26/2020,Hamilton,0,3,2,35
04/27/2020,Hamilton,0,3,1,36
04/28/2020,Hamilton,0,3,2,38
04/29/2020,Hamilton,0,3,0,38
04/30/2020,Hamilton,0,3,2,40
05/01/2020,Hamilton,0,3,3,43
05/02/2020,Hamilton,0,3,1,44
05/03/2020,Hamilton,0,3,2,46
05/04/2020,Hamilton,0,3,1,47
05/05/2020,Hamilton,2,5,6,53
05/06/2020,Hamilton,0,5,0,53
05/07/2020,Hamilton,0,5,4,57
05/08/2020,Hamilton,0,5,3,60
05/09/2020,Hamilton,0,5,1,61
05/10/2020,Hamilton,0,5,0,61
05/11/2020,Hamilton,0,5,0,61
05/12/2020,Hamilton,0,5,6,67
05/13/2020,Hamilton,0,5,45,112
05/14/2020,Hamilton,0,5,10,122
05/15/2020,Hamilton,0,5,34,156
05/16/2020,Hamilton,0,5,139,295
05/17/2020,Hamilton,0,5,35,330
05/18/2020,Hamilton,0,5,2,332
05/19/2020,Hamilton,0,5,10,342
05/20/2020,Hamilton,0,5,12,354
05/21/2020,Hamilton,0,5,8,362
05/22/2020,Hamilton,0,5,38,400
05/23/2020,Hamilton,0,5,3,403
05/24/2020,Hamilton,0,5,3,406
05/25/2020,Hamilton,0,5,5,411
05/26/2020,Hamilton,0,5,1,412
05/27/2020,Hamilton,0,5,3,415
05/28/2020,Hamilton,0,5,4,419
05/29/2020,Hamilton,0,5,3,422
05/30/2020,Hamilton,0,5,22,444
05/31/2020,Hamilton,0,5,5,449
06/01/2020,Hamilton,0,5,1,450
06/02/2020,Hamilton,0,5,2,452
06/03/2020,Hamilton,0,5,74,526
06/04/2020,Hamilton,0,5,8,534
06/05/2020,Hamilton,0,5,7,541
06/06/2020,Hamilton,0,5,38,579
06/07/2020,Hamilton,0,5,8,587
06/08/2020,Hamilton,0,5,4,591
06/09/2020,Hamilton,0,5,7,598
06/10/2020,Hamilton,0,5,5,603
06/11/2020,Hamilton,0,5,13,616
06/12/2020,Hamilton,0,5,6,622
06/13/2020,Hamilton,1,6,27,649
06/14/2020,Hamilton,0,6,12,661
06/15/2020,Hamilton,0,6,1,662
06/16/2020,Hamilton,0,6,6,668
06/17/2020,Hamilton,0,6,12,680
06/18/2020,Hamilton,0,6,6,686
06/19/2020,Hamilton,0,6,4,690
06/20/2020,Hamilton,0,6,57,747
06/21/2020,Hamilton,0,6,8,755
06/22/2020,Hamilton,0,6,1,756
06/23/2020,Hamilton,0,6,7,763
06/24/2020,Hamilton,0,6,10,773
06/25/2020,Hamilton,0,6,2,775
06/26/2020,Hamilton,0,6,3,778
03/02/2020,Herkimer,0,0,0,0
03/03/2020,Herkimer,0,0,0,0
03/04/2020,Herkimer,0,0,0,0
03/05/2020,Herkimer,0,0,0,0
03/06/2020,Herkimer,0,0,0,0
03/07/2020,Herkimer,0,0,0,0
03/08/2020,Herkimer,0,0,0,0
03/09/2020,Herkimer,0,0,0,0
03/10/2020,Herkimer,0,0,0,0
03/11/2020,Herkimer,0,0,0,0
03/12/2020,Herkimer,1,1,1,1
03/13/2020,Herkimer,0,1,0,1
03/14/2020,Herkimer,0,1,1,2
03/15/2020,Herkimer,0,1,0,2
03/16/2020,Herkimer,0,1,0,2
03/17/2020,Herkimer,0,1,0,2
03/18/2020,Herkimer,0,1,1,3
03/19/2020,Herkimer,1,2,1,4
03/20/2020,Herkimer,1,3,5,9
03/21/2020,Herkimer,1,4,10,19
03/22/2020,Herkimer,0,4,6,25
03/23/2020,Herkimer,0,4,3,28
03/24/2020,Herkimer,1,5,5,33
03/25/2020,Herkimer,2,7,6,39
03/26/2020,Herkimer,2,9,9,48
03/27/2020,Herkimer,0,9,8,56
03/28/2020,Herkimer,1,10,14,70
03/29/2020,Herkimer,2,12,8,78
03/30/2020,Herkimer,0,12,1,79
03/31/2020,Herkimer,0,12,4,83
04/01/2020,Herkimer,2,14,9,92
04/02/2020,Herkimer,0,14,19,111
04/03/2020,Herkimer,4,18,27,138
04/04/2020,Herkimer,4,22,46,184
04/05/2020,Herkimer,3,25,23,207
04/06/2020,Herkimer,2,27,19,226
04/07/2020,Herkimer,2,29,19,245
04/08/2020,Herkimer,3,32,44,289
04/09/2020,Herkimer,4,36,23,312
04/10/2020,Herkimer,1,37,12,324
04/11/2020,Herkimer,0,37,11,335
04/12/2020,Herkimer,1,38,29,364
04/13/2020,Herkimer,1,39,26,390
04/14/2020,Herkimer,1,40,9,399
04/15/2020,Herkimer,3,43,23,422
04/16/2020,Herkimer,3,46,30,452
04/17/2020,Herkimer,1,47,18,470
04/18/2020,Herkimer,2,49,20,490
04/19/2020,Herkimer,0,49,23,513
04/20/2020,Herkimer,1,50,7,520
04/21/2020,Herkimer,3,53,34,554
04/22/2020,Herkimer,1,54,25,579
04/23/2020,Herkimer,2,56,27,606
04/24/2020,Herkimer,0,56,59,665
04/25/2020,Herkimer,1,57,31,696
04/26/2020,Herkimer,1,58,26,722
04/27/2020,Herkimer,0,58,14,736
04/28/2020,Herkimer,0,58,28,764
04/29/2020,Herkimer,0,58,28,792
04/30/2020,Herkimer,2,60,28,820
05/01/2020,Herkimer,1,61,15,835
05/02/2020,Herkimer,1,62,29,864
05/03/2020,Herkimer,1,63,41,905
05/04/2020,Herkimer,4,67,29,934
05/05/2020,Herkimer,1,68,66,1000
05/06/2020,Herkimer,6,74,65,1065
05/07/2020,Herkimer,2,76,55,1120
05/08/2020,Herkimer,1,77,43,1163
05/09/2020,Herkimer,2,79,56,1219
05/10/2020,Herkimer,2,81,57,1276
05/11/2020,Herkimer,0,81,42,1318
05/12/2020,Herkimer,3,84,61,1379
05/13/2020,Herkimer,2,86,54,1433
05/14/2020,Herkimer,1,87,49,1482
05/15/2020,Herkimer,4,91,50,1532
05/16/2020,Herkimer,0,91,157,1689
05/17/2020,Herkimer,1,92,68,1757
05/18/2020,Herkimer,0,92,65,1822
05/19/2020,Herkimer,1,93,95,1917
05/20/2020,Herkimer,0,93,60,1977
05/21/2020,Herkimer,2,95,77,2054
05/22/2020,Herkimer,5,100,212,2266
05/23/2020,Herkimer,1,101,143,2409
05/24/2020,Herkimer,2,103,237,2646
05/25/2020,Herkimer,0,103,45,2691
05/26/2020,Herkimer,2,105,328,3019
05/27/2020,Herkimer,1,106,442,3461
05/28/2020,Herkimer,1,107,154,3615
05/29/2020,Herkimer,0,107,332,3947
05/30/2020,Herkimer,1,108,309,4256
05/31/2020,Herkimer,1,109,131,4387
06/01/2020,Herkimer,2,111,186,4573
06/02/2020,Herkimer,2,113,522,5095
06/03/2020,Herkimer,0,113,398,5493
06/04/2020,Herkimer,2,115,334,5827
06/05/2020,Herkimer,7,122,523,6350
06/06/2020,Herkimer,1,123,357,6707
06/07/2020,Herkimer,1,124,377,7084
06/08/2020,Herkimer,1,125,308,7392
06/09/2020,Herkimer,0,125,245,7637
06/10/2020,Herkimer,0,125,295,7932
06/11/2020,Herkimer,2,127,439,8371
06/12/2020,Herkimer,1,128,280,8651
06/13/2020,Herkimer,0,128,275,8926
06/14/2020,Herkimer,0,128,119,9045
06/15/2020,Herkimer,0,128,297,9342
06/16/2020,Herkimer,0,128,208,9550
06/17/2020,Herkimer,0,128,236,9786
06/18/2020,Herkimer,3,131,265,10051
06/19/2020,Herkimer,3,134,334,10385
06/20/2020,Herkimer,2,136,405,10790
06/21/2020,Herkimer,1,137,232,11022
06/22/2020,Herkimer,0,137,146,11168
06/23/2020,Herkimer,5,142,184,11352
06/24/2020,Herkimer,1,143,146,11498
06/25/2020,Herkimer,6,149,161,11659
06/26/2020,Herkimer,5,154,302,11961
03/02/2020,Jefferson,0,0,0,0
03/03/2020,Jefferson,0,0,0,0
03/04/2020,Jefferson,0,0,0,0
03/05/2020,Jefferson,0,0,0,0
03/06/2020,Jefferson,0,0,0,0
03/07/2020,Jefferson,0,0,1,1
03/08/2020,Jefferson,0,0,0,1
03/09/2020,Jefferson,0,0,0,1
03/10/2020,Jefferson,0,0,0,1
03/11/2020,Jefferson,0,0,1,2
03/12/2020,Jefferson,0,0,0,2
03/13/2020,Jefferson,0,0,0,2
03/14/2020,Jefferson,0,0,0,2
03/15/2020,Jefferson,0,0,1,3
03/16/2020,Jefferson,0,0,0,3
03/17/2020,Jefferson,0,0,2,5
03/18/2020,Jefferson,1,1,7,12
03/19/2020,Jefferson,0,1,13,25
03/20/2020,Jefferson,0,1,18,43
03/21/2020,Jefferson,0,1,4,47
03/22/2020,Jefferson,1,2,20,67
03/23/2020,Jefferson,0,2,1,68
03/24/2020,Jefferson,0,2,13,81
03/25/2020,Jefferson,1,3,31,112
03/26/2020,Jefferson,0,3,23,135
03/27/2020,Jefferson,3,6,45,180
03/28/2020,Jefferson,1,7,52,232
03/29/2020,Jefferson,4,11,100,332
03/30/2020,Jefferson,1,12,19,351
03/31/2020,Jefferson,0,12,14,365
04/01/2020,Jefferson,3,15,53,418
04/02/2020,Jefferson,3,18,56,474
04/03/2020,Jefferson,2,20,38,512
04/04/2020,Jefferson,6,26,75,587
04/05/2020,Jefferson,7,33,98,685
04/06/2020,Jefferson,6,39,63,748
04/07/2020,Jefferson,1,40,25,773
04/08/2020,Jefferson,2,42,84,857
04/09/2020,Jefferson,1,43,52,909
04/10/2020,Jefferson,1,44,43,952
04/11/2020,Jefferson,2,46,47,999
04/12/2020,Jefferson,0,46,24,1023
04/13/2020,Jefferson,1,47,37,1060
04/14/2020,Jefferson,0,47,1,1061
04/15/2020,Jefferson,1,48,33,1094
04/16/2020,Jefferson,2,50,31,1125
04/17/2020,Jefferson,0,50,16,1141
04/18/2020,Jefferson,4,54,53,1194
04/19/2020,Jefferson,0,54,23,1217
04/20/2020,Jefferson,0,54,7,1224
04/21/2020,Jefferson,0,54,8,1232
04/22/2020,Jefferson,2,56,28,1260
04/23/2020,Jefferson,2,58,37,1297
04/24/2020,Jefferson,1,59,63,1360
04/25/2020,Jefferson,1,60,27,1387
04/26/2020,Jefferson,0,60,52,1439
04/27/2020,Jefferson,0,60,15,1454
04/28/2020,Jefferson,0,60,28,1482
04/29/2020,Jefferson,1,61,36,1518
04/30/2020,Jefferson,0,61,37,1555
05/01/2020,Jefferson,1,62,48,1603
05/02/2020,Jefferson,0,62,48,1651
05/03/2020,Jefferson,1,63,82,1733
05/04/2020,Jefferson,0,63,13,1746
05/05/2020,Jefferson,0,63,50,1796
05/06/2020,Jefferson,1,64,90,1886
05/07/2020,Jefferson,2,66,82,1968
05/08/2020,Jefferson,1,67,47,2015
05/09/2020,Jefferson,1,68,64,2079
05/10/2020,Jefferson,0,68,63,2142
05/11/2020,Jefferson,0,68,46,2188
05/12/2020,Jefferson,0,68,80,2268
05/13/2020,Jefferson,1,69,104,2372
05/14/2020,Jefferson,2,71,453,2825
05/15/2020,Jefferson,0,71,237,3062
05/16/2020,Jefferson,0,71,152,3214
05/17/2020,Jefferson,0,71,137,3351
05/18/2020,Jefferson,0,71,90,3441
05/19/2020,Jefferson,0,71,64,3505
05/20/2020,Jefferson,0,71,324,3829
05/21/2020,Jefferson,1,72,319,4148
05/22/2020,Jefferson,0,72,331,4479
05/23/2020,Jefferson,0,72,305,4784
05/24/2020,Jefferson,0,72,107,4891
05/25/2020,Jefferson,0,72,71,4962
05/26/2020,Jefferson,0,72,97,5059
05/27/2020,Jefferson,0,72,136,5195
05/28/2020,Jefferson,2,74,400,5595
05/29/2020,Jefferson,0,74,227,5822
05/30/2020,Jefferson,0,74,280,6102
05/31/2020,Jefferson,0,74,256,6358
06/01/2020,Jefferson,0,74,228,6586
06/02/2020,Jefferson,0,74,256,6842
06/03/2020,Jefferson,0,74,253,7095
06/04/2020,Jefferson,1,75,482,7577
06/05/2020,Jefferson,0,75,315,7892
06/06/2020,Jefferson,2,77,275,8167
06/07/2020,Jefferson,1,78,374,8541
06/08/2020,Jefferson,1,79,85,8626
06/09/2020,Jefferson,0,79,257,8883
06/10/2020,Jefferson,0,79,299,9182
06/11/2020,Jefferson,1,80,564,9746
06/12/2020,Jefferson,1,81,173,9919
06/13/2020,Jefferson,0,81,135,10054
06/14/2020,Jefferson,0,81,261,10315
06/15/2020,Jefferson,0,81,76,10391
06/16/2020,Jefferson,1,82,108,10499
06/17/2020,Jefferson,0,82,367,10866
06/18/2020,Jefferson,0,82,534,11400
06/19/2020,Jefferson,1,83,237,11637
06/20/2020,Jefferson,1,84,118,11755
06/21/2020,Jefferson,0,84,220,11975
06/22/2020,Jefferson,0,84,88,12063
06/23/2020,Jefferson,0,84,120,12183
06/24/2020,Jefferson,1,85,309,12492
06/25/2020,Jefferson,0,85,479,12971
06/26/2020,Jefferson,0,85,184,13155
03/02/2020,Kings,0,0,0,0
03/03/2020,Kings,0,0,2,2
03/04/2020,Kings,1,1,4,6
03/05/2020,Kings,0,1,7,13
03/06/2020,Kings,3,4,12,25
03/07/2020,Kings,0,4,9,34
03/08/2020,Kings,2,6,10,44
03/09/2020,Kings,1,7,31,75
03/10/2020,Kings,7,14,29,104
03/11/2020,Kings,2,16,24,128
03/12/2020,Kings,8,24,59,187
03/13/2020,Kings,17,41,136,323
03/14/2020,Kings,17,58,99,422
03/15/2020,Kings,26,84,166,588
03/16/2020,Kings,39,123,171,759
03/17/2020,Kings,264,387,741,1500
03/18/2020,Kings,273,660,795,2295
03/19/2020,Kings,674,1334,1553,3848
03/20/2020,Kings,538,1872,1378,5226
03/21/2020,Kings,893,2765,1941,7167
03/22/2020,Kings,702,3467,1506,8673
03/23/2020,Kings,700,4167,1422,10095
03/24/2020,Kings,779,4946,1474,11569
03/25/2020,Kings,755,5701,1550,13119
03/26/2020,Kings,1106,6807,1905,15024
03/27/2020,Kings,1238,8045,2254,17278
03/28/2020,Kings,973,9018,1790,19068
03/29/2020,Kings,1011,10029,1627,20695
03/30/2020,Kings,1888,11917,3113,23808
03/31/2020,Kings,1198,13115,2011,25819
04/01/2020,Kings,1189,14304,2041,27860
04/02/2020,Kings,1396,15700,2512,30372
04/03/2020,Kings,1804,17504,3234,33606
04/04/2020,Kings,1054,18558,1990,35596
04/05/2020,Kings,1144,19702,2013,37609
04/06/2020,Kings,1177,20879,2245,39854
04/07/2020,Kings,1203,22082,2607,42461
04/08/2020,Kings,1312,23394,2565,45026
04/09/2020,Kings,1321,24715,2578,47604
04/10/2020,Kings,1528,26243,2887,50491
04/11/2020,Kings,1228,27471,2670,53161
04/12/2020,Kings,933,28404,2029,55190
04/13/2020,Kings,902,29306,2055,57245
04/14/2020,Kings,2663,31969,5103,62348
04/15/2020,Kings,1552,33521,3724,66072
04/16/2020,Kings,1184,34705,3347,69419
04/17/2020,Kings,1058,35763,3016,72435
04/18/2020,Kings,719,36482,2390,74825
04/19/2020,Kings,548,37030,1835,76660
04/20/2020,Kings,664,37694,2300,78960
04/21/2020,Kings,787,38481,2827,81787
04/22/2020,Kings,873,39354,3526,85313
04/23/2020,Kings,1294,40648,5030,90343
04/24/2020,Kings,1012,41660,4021,94364
04/25/2020,Kings,827,42487,3685,98049
04/26/2020,Kings,527,43014,2684,100733
04/27/2020,Kings,573,43587,2940,103673
04/28/2020,Kings,649,44236,3873,107546
04/29/2020,Kings,636,44872,3944,111490
04/30/2020,Kings,647,45519,3927,115417
05/01/2020,Kings,756,46275,4717,120134
05/02/2020,Kings,564,46839,3804,123938
05/03/2020,Kings,344,47183,2545,126483
05/04/2020,Kings,396,47579,3364,129847
05/05/2020,Kings,395,47974,3597,133444
05/06/2020,Kings,576,48550,5284,138728
05/07/2020,Kings,448,48998,4582,143310
05/08/2020,Kings,463,49461,4747,148057
05/09/2020,Kings,356,49817,3682,151739
05/10/2020,Kings,255,50072,2825,154564
05/11/2020,Kings,259,50331,2984,157548
05/12/2020,Kings,336,50667,4615,162163
05/13/2020,Kings,428,51095,6107,168270
05/14/2020,Kings,486,51581,5741,174011
05/15/2020,Kings,410,51991,5793,179804
05/16/2020,Kings,307,52298,4377,184181
05/17/2020,Kings,187,52485,3052,187233
05/18/2020,Kings,196,52681,4133,191366
05/19/2020,Kings,208,52889,3890,195256
05/20/2020,Kings,496,53385,7252,202508
05/21/2020,Kings,254,53639,5372,207880
05/22/2020,Kings,263,53902,6189,214069
05/23/2020,Kings,273,54175,6813,220882
05/24/2020,Kings,185,54360,4990,225872
05/25/2020,Kings,200,54560,5214,231086
05/26/2020,Kings,219,54779,5940,237026
05/27/2020,Kings,368,55147,10938,247964
05/28/2020,Kings,299,55446,10686,258650
05/29/2020,Kings,281,55727,9619,268269
05/30/2020,Kings,173,55900,7167,275436
05/31/2020,Kings,153,56053,5765,281201
06/01/2020,Kings,189,56242,7500,288701
06/02/2020,Kings,163,56405,7485,296186
06/03/2020,Kings,182,56587,7880,304066
06/04/2020,Kings,183,56770,7659,311725
06/05/2020,Kings,196,56966,9370,321095
06/06/2020,Kings,165,57131,8378,329473
06/07/2020,Kings,129,57260,7254,336727
06/08/2020,Kings,107,57367,5499,342226
06/09/2020,Kings,117,57484,8815,351041
06/10/2020,Kings,121,57605,6515,357556
06/11/2020,Kings,128,57733,8670,366226
06/12/2020,Kings,186,57919,10217,376443
06/13/2020,Kings,140,58059,9012,385455
06/14/2020,Kings,118,58177,8880,394335
06/15/2020,Kings,97,58274,8034,402369
06/16/2020,Kings,112,58386,8472,410841
06/17/2020,Kings,116,58502,10052,420893
06/18/2020,Kings,132,58634,10964,431857
06/19/2020,Kings,127,58761,10520,442377
06/20/2020,Kings,113,58874,9864,452241
06/21/2020,Kings,75,58949,7192,459433
06/22/2020,Kings,98,59047,5819,465252
06/23/2020,Kings,64,59111,6732,471984
06/24/2020,Kings,95,59206,7602,479586
06/25/2020,Kings,105,59311,7450,487036
06/26/2020,Kings,109,59420,10239,497275
03/02/2020,Lewis,0,0,0,0
03/03/2020,Lewis,0,0,0,0
03/04/2020,Lewis,0,0,0,0
03/05/2020,Lewis,0,0,0,0
03/06/2020,Lewis,0,0,0,0
03/07/2020,Lewis,0,0,0,0
03/08/2020,Lewis,0,0,0,0
03/09/2020,Lewis,0,0,0,0
03/10/2020,Lewis,0,0,0,0
03/11/2020,Lewis,0,0,0,0
03/12/2020,Lewis,0,0,0,0
03/13/2020,Lewis,0,0,1,1
03/14/2020,Lewis,0,0,0,1
03/15/2020,Lewis,0,0,2,3
03/16/2020,Lewis,0,0,0,3
03/17/2020,Lewis,0,0,1,4
03/18/2020,Lewis,0,0,0,4
03/19/2020,Lewis,0,0,2,6
03/20/2020,Lewis,0,0,1,7
03/21/2020,Lewis,0,0,4,11
03/22/2020,Lewis,0,0,4,15
03/23/2020,Lewis,0,0,5,20
03/24/2020,Lewis,0,0,0,20
03/25/2020,Lewis,0,0,5,25
03/26/2020,Lewis,0,0,5,30
03/27/2020,Lewis,0,0,6,36
03/28/2020,Lewis,2,2,7,43
03/29/2020,Lewis,0,2,16,59
03/30/2020,Lewis,0,2,5,64
03/31/2020,Lewis,0,2,3,67
04/01/2020,Lewis,0,2,5,72
04/02/2020,Lewis,0,2,5,77
04/03/2020,Lewis,0,2,5,82
04/04/2020,Lewis,1,3,19,101
04/05/2020,Lewis,3,6,11,112
04/06/2020,Lewis,0,6,11,123
04/07/2020,Lewis,0,6,6,129
04/08/2020,Lewis,0,6,8,137
04/09/2020,Lewis,0,6,23,160
04/10/2020,Lewis,0,6,0,160
04/11/2020,Lewis,0,6,6,166
04/12/2020,Lewis,0,6,3,169
04/13/2020,Lewis,1,7,11,180
04/14/2020,Lewis,0,7,0,180
04/15/2020,Lewis,1,8,7,187
04/16/2020,Lewis,0,8,2,189
04/17/2020,Lewis,0,8,0,189
04/18/2020,Lewis,0,8,14,203
04/19/2020,Lewis,1,9,7,210
04/20/2020,Lewis,0,9,1,211
04/21/2020,Lewis,0,9,1,212
04/22/2020,Lewis,0,9,8,220
04/23/2020,Lewis,0,9,3,223
04/24/2020,Lewis,0,9,41,264
04/25/2020,Lewis,0,9,12,276
04/26/2020,Lewis,0,9,14,290
04/27/2020,Lewis,0,9,6,296
04/28/2020,Lewis,0,9,4,300
04/29/2020,Lewis,0,9,14,314
04/30/2020,Lewis,0,9,4,318
05/01/2020,Lewis,0,9,12,330
05/02/2020,Lewis,0,9,1,331
05/03/2020,Lewis,0,9,9,340
05/04/2020,Lewis,0,9,6,346
05/05/2020,Lewis,0,9,4,350
05/06/2020,Lewis,1,10,25,375
05/07/2020,Lewis,0,10,20,395
05/08/2020,Lewis,1,11,85,480
05/09/2020,Lewis,0,11,95,575
05/10/2020,Lewis,0,11,65,640
05/11/2020,Lewis,0,11,16,656
05/12/2020,Lewis,0,11,10,666
05/13/2020,Lewis,1,12,31,697
05/14/2020,Lewis,0,12,236,933
05/15/2020,Lewis,1,13,108,1041
05/16/2020,Lewis,3,16,62,1103
05/17/2020,Lewis,1,17,123,1226
05/18/2020,Lewis,1,18,27,1253
05/19/2020,Lewis,0,18,34,1287
05/20/2020,Lewis,0,18,176,1463
05/21/2020,Lewis,1,19,101,1564
05/22/2020,Lewis,0,19,62,1626
05/23/2020,Lewis,0,19,77,1703
05/24/2020,Lewis,0,19,43,1746
05/25/2020,Lewis,1,20,25,1771
05/26/2020,Lewis,0,20,22,1793
05/27/2020,Lewis,0,20,34,1827
05/28/2020,Lewis,0,20,148,1975
05/29/2020,Lewis,0,20,77,2052
05/30/2020,Lewis,0,20,51,2103
05/31/2020,Lewis,0,20,64,2167
06/01/2020,Lewis,0,20,70,2237
06/02/2020,Lewis,0,20,93,2330
06/03/2020,Lewis,0,20,72,2402
06/04/2020,Lewis,0,20,178,2580
06/05/2020,Lewis,0,20,109,2689
06/06/2020,Lewis,0,20,59,2748
06/07/2020,Lewis,0,20,115,2863
06/08/2020,Lewis,0,20,29,2892
06/09/2020,Lewis,0,20,64,2956
06/10/2020,Lewis,0,20,138,3094
06/11/2020,Lewis,0,20,126,3220
06/12/2020,Lewis,0,20,71,3291
06/13/2020,Lewis,0,20,64,3355
06/14/2020,Lewis,0,20,70,3425
06/15/2020,Lewis,0,20,21,3446
06/16/2020,Lewis,1,21,32,3478
06/17/2020,Lewis,0,21,109,3587
06/18/2020,Lewis,0,21,94,3681
06/19/2020,Lewis,1,22,74,3755
06/20/2020,Lewis,1,23,61,3816
06/21/2020,Lewis,0,23,76,3892
06/22/2020,Lewis,1,24,18,3910
06/23/2020,Lewis,0,24,32,3942
06/24/2020,Lewis,1,25,89,4031
06/25/2020,Lewis,1,26,91,4122
06/26/2020,Lewis,0,26,56,4178
03/02/2020,Livingston,0,0,0,0
03/03/2020,Livingston,0,0,0,0
03/04/2020,Livingston,0,0,0,0
03/05/2020,Livingston,0,0,0,0
03/06/2020,Livingston,0,0,0,0
03/07/2020,Livingston,0,0,0,0
03/08/2020,Livingston,0,0,0,0
03/09/2020,Livingston,0,0,0,0
03/10/2020,Livingston,0,0,1,1
03/11/2020,Livingston,0,0,0,1
03/12/2020,Livingston,0,0,0,1
03/13/2020,Livingston,0,0,0,1
03/14/2020,Livingston,0,0,0,1
03/15/2020,Livingston,0,0,0,1
03/16/2020,Livingston,0,0,0,1
03/17/2020,Livingston,0,0,4,5
03/18/2020,Livingston,0,0,5,10
03/19/2020,Livingston,1,1,11,21
03/20/2020,Livingston,1,2,13,34
03/21/2020,Livingston,0,2,5,39
03/22/2020,Livingston,1,3,3,42
03/23/2020,Livingston,0,3,1,43
03/24/2020,Livingston,0,3,9,52
03/25/2020,Livingston,0,3,15,67
03/26/2020,Livingston,0,3,8,75
03/27/2020,Livingston,2,5,11,86
03/28/2020,Livingston,5,10,17,103
03/29/2020,Livingston,2,12,10,113
03/30/2020,Livingston,1,13,10,123
03/31/2020,Livingston,1,14,24,147
04/01/2020,Livingston,0,14,17,164
04/02/2020,Livingston,2,16,12,176
04/03/2020,Livingston,2,18,18,194
04/04/2020,Livingston,1,19,27,221
04/05/2020,Livingston,3,22,14,235
04/06/2020,Livingston,1,23,18,253
04/07/2020,Livingston,2,25,23,276
04/08/2020,Livingston,1,26,17,293
04/09/2020,Livingston,3,29,26,319
04/10/2020,Livingston,1,30,7,326
04/11/2020,Livingston,0,30,6,332
04/12/2020,Livingston,0,30,5,337
04/13/2020,Livingston,1,31,20,357
04/14/2020,Livingston,0,31,8,365
04/15/2020,Livingston,1,32,8,373
04/16/2020,Livingston,2,34,18,391
04/17/2020,Livingston,3,37,20,411
04/18/2020,Livingston,2,39,30,441
04/19/2020,Livingston,0,39,7,448
04/20/2020,Livingston,0,39,21,469
04/21/2020,Livingston,0,39,15,484
04/22/2020,Livingston,2,41,22,506
04/23/2020,Livingston,3,44,54,560
04/24/2020,Livingston,14,58,295,855
04/25/2020,Livingston,2,60,61,916
04/26/2020,Livingston,2,62,15,931
04/27/2020,Livingston,3,65,24,955
04/28/2020,Livingston,2,67,36,991
04/29/2020,Livingston,2,69,34,1025
04/30/2020,Livingston,4,73,43,1068
05/01/2020,Livingston,3,76,44,1112
05/02/2020,Livingston,7,83,52,1164
05/03/2020,Livingston,2,85,26,1190
05/04/2020,Livingston,1,86,52,1242
05/05/2020,Livingston,3,89,52,1294
05/06/2020,Livingston,6,95,100,1394
05/07/2020,Livingston,5,100,56,1450
05/08/2020,Livingston,1,101,49,1499
05/09/2020,Livingston,1,102,58,1557
05/10/2020,Livingston,0,102,46,1603
05/11/2020,Livingston,0,102,180,1783
05/12/2020,Livingston,1,103,197,1980
05/13/2020,Livingston,3,106,113,2093
05/14/2020,Livingston,0,106,76,2169
05/15/2020,Livingston,1,107,75,2244
05/16/2020,Livingston,3,110,77,2321
05/17/2020,Livingston,0,110,50,2371
05/18/2020,Livingston,1,111,67,2438
05/19/2020,Livingston,0,111,95,2533
05/20/2020,Livingston,3,114,105,2638
05/21/2020,Livingston,0,114,75,2713
05/22/2020,Livingston,0,114,84,2797
05/23/2020,Livingston,0,114,65,2862
05/24/2020,Livingston,1,115,196,3058
05/25/2020,Livingston,3,118,74,3132
05/26/2020,Livingston,0,118,69,3201
05/27/2020,Livingston,0,118,129,3330
05/28/2020,Livingston,0,118,122,3452
05/29/2020,Livingston,0,118,107,3559
05/30/2020,Livingston,1,119,128,3687
05/31/2020,Livingston,0,119,136,3823
06/01/2020,Livingston,0,119,218,4041
06/02/2020,Livingston,1,120,233,4274
06/03/2020,Livingston,0,120,172,4446
06/04/2020,Livingston,1,121,263,4709
06/05/2020,Livingston,0,121,167,4876
06/06/2020,Livingston,0,121,133,5009
06/07/2020,Livingston,0,121,177,5186
06/08/2020,Livingston,0,121,122,5308
06/09/2020,Livingston,0,121,216,5524
06/10/2020,Livingston,0,121,162,5686
06/11/2020,Livingston,0,121,237,5923
06/12/2020,Livingston,1,122,239,6162
06/13/2020,Livingston,1,123,135,6297
06/14/2020,Livingston,0,123,171,6468
06/15/2020,Livingston,0,123,111,6579
06/16/2020,Livingston,0,123,292,6871
06/17/2020,Livingston,0,123,171,7042
06/18/2020,Livingston,0,123,268,7310
06/19/2020,Livingston,0,123,109,7419
06/20/2020,Livingston,0,123,95,7514
06/21/2020,Livingston,1,124,108,7622
06/22/2020,Livingston,1,125,134,7756
06/23/2020,Livingston,0,125,130,7886
06/24/2020,Livingston,1,126,105,7991
06/25/2020,Livingston,0,126,254,8245
06/26/2020,Livingston,0,126,122,8367
03/02/2020,Madison,0,0,0,0
03/03/2020,Madison,0,0,0,0
03/04/2020,Madison,0,0,0,0
03/05/2020,Madison,0,0,0,0
03/06/2020,Madison,0,0,0,0
03/07/2020,Madison,0,0,0,0
03/08/2020,Madison,0,0,0,0
03/09/2020,Madison,0,0,0,0
03/10/2020,Madison,0,0,0,0
03/11/2020,Madison,0,0,0,0
03/12/2020,Madison,0,0,0,0
03/13/2020,Madison,0,0,1,1
03/14/2020,Madison,0,0,1,2
03/15/2020,Madison,0,0,1,3
03/16/2020,Madison,0,0,1,4
03/17/2020,Madison,0,0,0,4
03/18/2020,Madison,0,0,7,11
03/19/2020,Madison,0,0,4,15
03/20/2020,Madison,0,0,9,24
03/21/2020,Madison,1,1,9,33
03/22/2020,Madison,3,4,14,47
03/23/2020,Madison,1,5,10,57
03/24/2020,Madison,2,7,15,72
03/25/2020,Madison,2,9,28,100
03/26/2020,Madison,8,17,23,123
03/27/2020,Madison,2,19,28,151
03/28/2020,Madison,5,24,34,185
03/29/2020,Madison,10,34,30,215
03/30/2020,Madison,7,41,39,254
03/31/2020,Madison,10,51,55,309
04/01/2020,Madison,9,60,67,376
04/02/2020,Madison,10,70,70,446
04/03/2020,Madison,4,74,20,466
04/04/2020,Madison,5,79,28,494
04/05/2020,Madison,3,82,13,507
04/06/2020,Madison,6,88,64,571
04/07/2020,Madison,2,90,43,614
04/08/2020,Madison,1,91,12,626
04/09/2020,Madison,8,99,54,680
04/10/2020,Madison,0,99,7,687
04/11/2020,Madison,2,101,9,696
04/12/2020,Madison,0,101,7,703
04/13/2020,Madison,3,104,50,753
04/14/2020,Madison,1,105,4,757
04/15/2020,Madison,0,105,7,764
04/16/2020,Madison,0,105,2,766
04/17/2020,Madison,0,105,6,772
04/18/2020,Madison,1,106,7,779
04/19/2020,Madison,0,106,4,783
04/20/2020,Madison,0,106,1,784
04/21/2020,Madison,0,106,3,787
04/22/2020,Madison,0,106,7,794
04/23/2020,Madison,0,106,4,798
04/24/2020,Madison,15,121,294,1092
04/25/2020,Madison,2,123,22,1114
04/26/2020,Madison,1,124,16,1130
04/27/2020,Madison,2,126,26,1156
04/28/2020,Madison,0,126,47,1203
04/29/2020,Madison,5,131,12,1215
04/30/2020,Madison,8,139,51,1266
05/01/2020,Madison,10,149,54,1320
05/02/2020,Madison,2,151,26,1346
05/03/2020,Madison,66,217,141,1487
05/04/2020,Madison,6,223,43,1530
05/05/2020,Madison,8,231,192,1722
05/06/2020,Madison,15,246,204,1926
05/07/2020,Madison,3,249,95,2021
05/08/2020,Madison,1,250,50,2071
05/09/2020,Madison,1,251,37,2108
05/10/2020,Madison,0,251,23,2131
05/11/2020,Madison,0,251,17,2148
05/12/2020,Madison,2,253,79,2227
05/13/2020,Madison,2,255,61,2288
05/14/2020,Madison,1,256,30,2318
05/15/2020,Madison,2,258,53,2371
05/16/2020,Madison,0,258,56,2427
05/17/2020,Madison,0,258,44,2471
05/18/2020,Madison,2,260,103,2574
05/19/2020,Madison,32,292,201,2775
05/20/2020,Madison,2,294,101,2876
05/21/2020,Madison,3,297,135,3011
05/22/2020,Madison,4,301,200,3211
05/23/2020,Madison,0,301,105,3316
05/24/2020,Madison,2,303,67,3383
05/25/2020,Madison,0,303,179,3562
05/26/2020,Madison,7,310,330,3892
05/27/2020,Madison,0,310,67,3959
05/28/2020,Madison,0,310,141,4100
05/29/2020,Madison,1,311,187,4287
05/30/2020,Madison,5,316,316,4603
05/31/2020,Madison,0,316,138,4741
06/01/2020,Madison,1,317,98,4839
06/02/2020,Madison,2,319,222,5061
06/03/2020,Madison,0,319,242,5303
06/04/2020,Madison,4,323,279,5582
06/05/2020,Madison,2,325,336,5918
06/06/2020,Madison,2,327,123,6041
06/07/2020,Madison,0,327,148,6189
06/08/2020,Madison,4,331,157,6346
06/09/2020,Madison,0,331,418,6764
06/10/2020,Madison,2,333,234,6998
06/11/2020,Madison,0,333,184,7182
06/12/2020,Madison,0,333,121,7303
06/13/2020,Madison,1,334,297,7600
06/14/2020,Madison,1,335,78,7678
06/15/2020,Madison,1,336,191,7869
06/16/2020,Madison,2,338,104,7973
06/17/2020,Madison,3,341,186,8159
06/18/2020,Madison,1,342,253,8412
06/19/2020,Madison,1,343,242,8654
06/20/2020,Madison,2,345,137,8791
06/21/2020,Madison,2,347,126,8917
06/22/2020,Madison,0,347,204,9121
06/23/2020,Madison,0,347,194,9315
06/24/2020,Madison,2,349,174,9489
06/25/2020,Madison,2,351,278,9767
06/26/2020,Madison,0,351,229,9996
03/02/2020,Monroe,0,0,0,0
03/03/2020,Monroe,0,0,0,0
03/04/2020,Monroe,0,0,0,0
03/05/2020,Monroe,0,0,0,0
03/06/2020,Monroe,0,0,0,0
03/07/2020,Monroe,0,0,2,2
03/08/2020,Monroe,0,0,1,3
03/09/2020,Monroe,0,0,0,3
03/10/2020,Monroe,0,0,0,3
03/11/2020,Monroe,0,0,0,3
03/12/2020,Monroe,1,1,10,13
03/13/2020,Monroe,1,2,4,17
03/14/2020,Monroe,0,2,2,19
03/15/2020,Monroe,7,9,39,58
03/16/2020,Monroe,1,10,29,87
03/17/2020,Monroe,4,14,75,162
03/18/2020,Monroe,13,27,153,315
03/19/2020,Monroe,5,32,193,508
03/20/2020,Monroe,10,42,148,656
03/21/2020,Monroe,15,57,246,902
03/22/2020,Monroe,19,76,416,1318
03/23/2020,Monroe,20,96,219,1537
03/24/2020,Monroe,22,118,172,1709
03/25/2020,Monroe,21,139,255,1964
03/26/2020,Monroe,21,160,232,2196
03/27/2020,Monroe,32,192,253,2449
03/28/2020,Monroe,27,219,282,2731
03/29/2020,Monroe,23,242,129,2860
03/30/2020,Monroe,50,292,383,3243
03/31/2020,Monroe,57,349,356,3599
04/01/2020,Monroe,71,420,381,3980
04/02/2020,Monroe,44,464,336,4316
04/03/2020,Monroe,48,512,328,4644
04/04/2020,Monroe,36,548,277,4921
04/05/2020,Monroe,26,574,225,5146
04/06/2020,Monroe,22,596,305,5451
04/07/2020,Monroe,55,651,420,5871
04/08/2020,Monroe,47,698,382,6253
04/09/2020,Monroe,44,742,380,6633
04/10/2020,Monroe,25,767,284,6917
04/11/2020,Monroe,31,798,220,7137
04/12/2020,Monroe,25,823,157,7294
04/13/2020,Monroe,27,850,304,7598
04/14/2020,Monroe,34,884,353,7951
04/15/2020,Monroe,48,932,259,8210
04/16/2020,Monroe,43,975,296,8506
04/17/2020,Monroe,33,1008,260,8766
04/18/2020,Monroe,24,1032,202,8968
04/19/2020,Monroe,22,1054,188,9156
04/20/2020,Monroe,16,1070,229,9385
04/21/2020,Monroe,42,1112,409,9794
04/22/2020,Monroe,40,1152,500,10294
04/23/2020,Monroe,47,1199,470,10764
04/24/2020,Monroe,86,1285,1134,11898
04/25/2020,Monroe,31,1316,341,12239
04/26/2020,Monroe,15,1331,234,12473
04/27/2020,Monroe,40,1371,543,13016
04/28/2020,Monroe,33,1404,530,13546
04/29/2020,Monroe,37,1441,469,14015
04/30/2020,Monroe,37,1478,579,14594
05/01/2020,Monroe,56,1534,520,15114
05/02/2020,Monroe,32,1566,571,15685
05/03/2020,Monroe,29,1595,914,16599
05/04/2020,Monroe,28,1623,721,17320
05/05/2020,Monroe,32,1655,842,18162
05/06/2020,Monroe,33,1688,1088,19250
05/07/2020,Monroe,47,1735,1042,20292
05/08/2020,Monroe,40,1775,1114,21406
05/09/2020,Monroe,46,1821,1148,22554
05/10/2020,Monroe,29,1850,864,23418
05/11/2020,Monroe,40,1890,797,24215
05/12/2020,Monroe,69,1959,1423,25638
05/13/2020,Monroe,60,2019,1401,27039
05/14/2020,Monroe,72,2091,1332,28371
05/15/2020,Monroe,101,2192,1427,29798
05/16/2020,Monroe,66,2258,1508,31306
05/17/2020,Monroe,45,2303,1324,32630
05/18/2020,Monroe,73,2376,1304,33934
05/19/2020,Monroe,89,2465,2033,35967
05/20/2020,Monroe,65,2530,1852,37819
05/21/2020,Monroe,71,2601,2061,39880
05/22/2020,Monroe,60,2661,1198,41078
05/23/2020,Monroe,36,2697,846,41924
05/24/2020,Monroe,36,2733,1729,43653
05/25/2020,Monroe,29,2762,1595,45248
05/26/2020,Monroe,29,2791,1297,46545
05/27/2020,Monroe,33,2824,1632,48177
05/28/2020,Monroe,36,2860,1127,49304
05/29/2020,Monroe,49,2909,1322,50626
05/30/2020,Monroe,33,2942,2828,53454
05/31/2020,Monroe,22,2964,1994,55448
06/01/2020,Monroe,25,2989,2340,57788
06/02/2020,Monroe,59,3048,3979,61767
06/03/2020,Monroe,33,3081,2854,64621
06/04/2020,Monroe,36,3117,2438,67059
06/05/2020,Monroe,50,3167,4685,71744
06/06/2020,Monroe,23,3190,3231,74975
06/07/2020,Monroe,13,3203,2881,77856
06/08/2020,Monroe,40,3243,3245,81101
06/09/2020,Monroe,12,3255,2985,84086
06/10/2020,Monroe,38,3293,2680,86766
06/11/2020,Monroe,27,3320,3200,89966
06/12/2020,Monroe,20,3340,2748,92714
06/13/2020,Monroe,30,3370,3306,96020
06/14/2020,Monroe,10,3380,2541,98561
06/15/2020,Monroe,22,3402,2556,101117
06/16/2020,Monroe,16,3418,2668,103785
06/17/2020,Monroe,21,3439,1704,105489
06/18/2020,Monroe,22,3461,1725,107214
06/19/2020,Monroe,26,3487,2028,109242
06/20/2020,Monroe,11,3498,2118,111360
06/21/2020,Monroe,14,3512,1708,113068
06/22/2020,Monroe,28,3540,2314,115382
06/23/2020,Monroe,27,3567,1882,117264
06/24/2020,Monroe,35,3602,2174,119438
06/25/2020,Monroe,39,3641,2194,121632
06/26/2020,Monroe,35,3676,2250,123882
03/02/2020,Montgomery,0,0,0,0
03/03/2020,Montgomery,0,0,0,0
03/04/2020,Montgomery,0,0,0,0
03/05/2020,Montgomery,0,0,0,0
03/06/2020,Montgomery,0,0,0,0
03/07/2020,Montgomery,0,0,0,0
03/08/2020,Montgomery,0,0,0,0
03/09/2020,Montgomery,0,0,0,0
03/10/2020,Montgomery,0,0,1,1
03/11/2020,Montgomery,0,0,1,2
03/12/2020,Montgomery,0,0,0,2
03/13/2020,Montgomery,0,0,0,2
03/14/2020,Montgomery,1,1,3,5
03/15/2020,Montgomery,0,1,4,9
03/16/2020,Montgomery,0,1,1,10
03/17/2020,Montgomery,1,2,14,24
03/18/2020,Montgomery,0,2,14,38
03/19/2020,Montgomery,0,2,4,42
03/20/2020,Montgomery,1,3,27,69
03/21/2020,Montgomery,0,3,20,89
03/22/2020,Montgomery,0,3,6,95
03/23/2020,Montgomery,0,3,5,100
03/24/2020,Montgomery,1,4,5,105
03/25/2020,Montgomery,1,5,5,110
03/26/2020,Montgomery,0,5,7,117
03/27/2020,Montgomery,0,5,10,127
03/28/2020,Montgomery,1,6,6,133
03/29/2020,Montgomery,0,6,2,135
03/30/2020,Montgomery,1,7,8,143
03/31/2020,Montgomery,0,7,4,147
04/01/2020,Montgomery,1,8,10,157
04/02/2020,Montgomery,2,10,8,165
04/03/2020,Montgomery,3,13,11,176
04/04/2020,Montgomery,2,15,14,190
04/05/2020,Montgomery,0,15,8,198
04/06/2020,Montgomery,3,18,20,218
04/07/2020,Montgomery,0,18,9,227
04/08/2020,Montgomery,10,28,24,251
04/09/2020,Montgomery,1,29,13,264
04/10/2020,Montgomery,0,29,8,272
04/11/2020,Montgomery,0,29,1,273
04/12/2020,Montgomery,0,29,2,275
04/13/2020,Montgomery,3,32,56,331
04/14/2020,Montgomery,0,32,0,331
04/15/2020,Montgomery,0,32,5,336
04/16/2020,Montgomery,1,33,10,346
04/17/2020,Montgomery,1,34,4,350
04/18/2020,Montgomery,1,35,4,354
04/19/2020,Montgomery,0,35,4,358
04/20/2020,Montgomery,2,37,3,361
04/21/2020,Montgomery,1,38,3,364
04/22/2020,Montgomery,1,39,7,371
04/23/2020,Montgomery,0,39,6,377
04/24/2020,Montgomery,7,46,226,603
04/25/2020,Montgomery,1,47,35,638
04/26/2020,Montgomery,0,47,9,647
04/27/2020,Montgomery,2,49,19,666
04/28/2020,Montgomery,2,51,18,684
04/29/2020,Montgomery,2,53,14,698
04/30/2020,Montgomery,1,54,29,727
05/01/2020,Montgomery,0,54,27,754
05/02/2020,Montgomery,2,56,53,807
05/03/2020,Montgomery,0,56,19,826
05/04/2020,Montgomery,5,61,28,854
05/05/2020,Montgomery,2,63,46,900
05/06/2020,Montgomery,0,63,34,934
05/07/2020,Montgomery,1,64,36,970
05/08/2020,Montgomery,2,66,36,1006
05/09/2020,Montgomery,1,67,33,1039
05/10/2020,Montgomery,0,67,30,1069
05/11/2020,Montgomery,0,67,62,1131
05/12/2020,Montgomery,1,68,115,1246
05/13/2020,Montgomery,1,69,177,1423
05/14/2020,Montgomery,3,72,46,1469
05/15/2020,Montgomery,3,75,93,1562
05/16/2020,Montgomery,0,75,52,1614
05/17/2020,Montgomery,0,75,38,1652
05/18/2020,Montgomery,0,75,25,1677
05/19/2020,Montgomery,0,75,43,1720
05/20/2020,Montgomery,2,77,96,1816
05/21/2020,Montgomery,0,77,130,1946
05/22/2020,Montgomery,0,77,79,2025
05/23/2020,Montgomery,2,79,131,2156
05/24/2020,Montgomery,0,79,159,2315
05/25/2020,Montgomery,1,80,41,2356
05/26/2020,Montgomery,2,82,47,2403
05/27/2020,Montgomery,0,82,341,2744
05/28/2020,Montgomery,2,84,182,2926
05/29/2020,Montgomery,5,89,222,3148
05/30/2020,Montgomery,2,91,95,3243
05/31/2020,Montgomery,0,91,186,3429
06/01/2020,Montgomery,2,93,104,3533
06/02/2020,Montgomery,1,94,213,3746
06/03/2020,Montgomery,2,96,311,4057
06/04/2020,Montgomery,0,96,314,4371
06/05/2020,Montgomery,2,98,370,4741
06/06/2020,Montgomery,2,100,226,4967
06/07/2020,Montgomery,0,100,246,5213
06/08/2020,Montgomery,0,100,240,5453
06/09/2020,Montgomery,0,100,149,5602
06/10/2020,Montgomery,1,101,235,5837
06/11/2020,Montgomery,2,103,327,6164
06/12/2020,Montgomery,0,103,218,6382
06/13/2020,Montgomery,1,104,178,6560
06/14/2020,Montgomery,0,104,137,6697
06/15/2020,Montgomery,0,104,125,6822
06/16/2020,Montgomery,0,104,76,6898
06/17/2020,Montgomery,1,105,151,7049
06/18/2020,Montgomery,1,106,224,7273
06/19/2020,Montgomery,0,106,156,7429
06/20/2020,Montgomery,0,106,221,7650
06/21/2020,Montgomery,2,108,237,7887
06/22/2020,Montgomery,1,109,162,8049
06/23/2020,Montgomery,1,110,63,8112
06/24/2020,Montgomery,1,111,160,8272
06/25/2020,Montgomery,2,113,163,8435
06/26/2020,Montgomery,3,116,210,8645
03/02/2020,Nassau,0,0,0,0
03/03/2020,Nassau,0,0,0,0
03/04/2020,Nassau,0,0,0,0
03/05/2020,Nassau,1,1,1,1
03/06/2020,Nassau,3,4,10,11
03/07/2020,Nassau,2,6,5,16
03/08/2020,Nassau,4,10,11,27
03/09/2020,Nassau,4,14,15,42
03/10/2020,Nassau,6,20,22,64
03/11/2020,Nassau,11,31,58,122
03/12/2020,Nassau,14,45,86,208
03/13/2020,Nassau,19,64,100,308
03/14/2020,Nassau,20,84,82,390
03/15/2020,Nassau,23,107,109,499
03/16/2020,Nassau,24,131,112,611
03/17/2020,Nassau,52,183,218,829
03/18/2020,Nassau,186,369,632,1461
03/19/2020,Nassau,385,754,1036,2497
03/20/2020,Nassau,479,1233,1706,4203
03/21/2020,Nassau,667,1900,1968,6171
03/22/2020,Nassau,542,2442,1323,7494
03/23/2020,Nassau,427,2869,993,8487
03/24/2020,Nassau,416,3285,896,9383
03/25/2020,Nassau,629,3914,1735,11118
03/26/2020,Nassau,743,4657,1412,12530
03/27/2020,Nassau,880,5537,1827,14357
03/28/2020,Nassau,908,6445,2107,16464
03/29/2020,Nassau,899,7344,1830,18294
03/30/2020,Nassau,1200,8544,2261,20555
03/31/2020,Nassau,1010,9554,1845,22400
04/01/2020,Nassau,1033,10587,1908,24308
04/02/2020,Nassau,1437,12024,2663,26971
04/03/2020,Nassau,1322,13346,2694,29665
04/04/2020,Nassau,1052,14398,2195,31860
04/05/2020,Nassau,1218,15616,2363,34223
04/06/2020,Nassau,994,16610,2097,36320
04/07/2020,Nassau,1938,18548,4179,40499
04/08/2020,Nassau,1592,20140,3598,44097
04/09/2020,Nassau,1372,21512,3021,47118
04/10/2020,Nassau,1072,22584,2527,49645
04/11/2020,Nassau,969,23553,2307,51952
04/12/2020,Nassau,805,24358,2072,54024
04/13/2020,Nassau,892,25250,2283,56307
04/14/2020,Nassau,1465,26715,3155,59462
04/15/2020,Nassau,1057,27772,2814,62276
04/16/2020,Nassau,767,28539,2386,64662
04/17/2020,Nassau,641,29180,1973,66635
04/18/2020,Nassau,833,30013,2658,69293
04/19/2020,Nassau,664,30677,2196,71489
04/20/2020,Nassau,402,31079,1385,72874
04/21/2020,Nassau,476,31555,1697,74571
04/22/2020,Nassau,569,32124,1980,76551
04/23/2020,Nassau,641,32765,2787,79338
04/24/2020,Nassau,1033,33798,4225,83563
04/25/2020,Nassau,724,34522,3334,86897
04/26/2020,Nassau,343,34865,1871,88768
04/27/2020,Nassau,220,35085,1499,90267
04/28/2020,Nassau,420,35505,2509,92776
04/29/2020,Nassau,349,35854,2424,95200
04/30/2020,Nassau,307,36161,2108,97308
05/01/2020,Nassau,358,36519,2384,99692
05/02/2020,Nassau,261,36780,2194,101886
05/03/2020,Nassau,185,36965,1736,103622
05/04/2020,Nassau,187,37152,1822,105444
05/05/2020,Nassau,198,37350,1765,107209
05/06/2020,Nassau,243,37593,2658,109867
05/07/2020,Nassau,219,37812,2050,111917
05/08/2020,Nassau,216,38028,2390,114307
05/09/2020,Nassau,189,38217,2260,116567
05/10/2020,Nassau,120,38337,1756,118323
05/11/2020,Nassau,97,38434,1558,119881
05/12/2020,Nassau,153,38587,2374,122255
05/13/2020,Nassau,156,38743,2633,124888
05/14/2020,Nassau,121,38864,2363,127251
05/15/2020,Nassau,169,39033,2478,129729
05/16/2020,Nassau,103,39136,2020,131749
05/17/2020,Nassau,89,39225,1749,133498
05/18/2020,Nassau,70,39295,1635,135133
05/19/2020,Nassau,73,39368,2281,137414
05/20/2020,Nassau,119,39487,3112,140526
05/21/2020,Nassau,121,39608,3097,143623
05/22/2020,Nassau,118,39726,4188,147811
05/23/2020,Nassau,111,39837,3739,151550
05/24/2020,Nassau,70,39907,2891,154441
05/25/2020,Nassau,67,39974,2269,156710
05/26/2020,Nassau,60,40034,2390,159100
05/27/2020,Nassau,106,40140,4664,163764
05/28/2020,Nassau,86,40226,4760,168524
05/29/2020,Nassau,81,40307,4710,173234
05/30/2020,Nassau,89,40396,4112,177346
05/31/2020,Nassau,83,40479,3878,181224
06/01/2020,Nassau,93,40572,3851,185075
06/02/2020,Nassau,72,40644,4433,189508
06/03/2020,Nassau,69,40713,5104,194612
06/04/2020,Nassau,84,40797,5177,199789
06/05/2020,Nassau,56,40853,5533,205322
06/06/2020,Nassau,51,40904,4119,209441
06/07/2020,Nassau,43,40947,4033,213474
06/08/2020,Nassau,33,40980,3159,216633
06/09/2020,Nassau,35,41015,4210,220843
06/10/2020,Nassau,45,41060,4869,225712
06/11/2020,Nassau,54,41114,4796,230508
06/12/2020,Nassau,58,41172,5228,235736
06/13/2020,Nassau,32,41204,4039,239775
06/14/2020,Nassau,36,41240,3939,243714
06/15/2020,Nassau,50,41290,4585,248299
06/16/2020,Nassau,30,41320,4270,252569
06/17/2020,Nassau,29,41349,5054,257623
06/18/2020,Nassau,38,41387,5646,263269
06/19/2020,Nassau,56,41443,4698,267967
06/20/2020,Nassau,36,41479,5000,272967
06/21/2020,Nassau,34,41513,4104,277071
06/22/2020,Nassau,31,41544,3374,280445
06/23/2020,Nassau,41,41585,3983,284428
06/24/2020,Nassau,61,41646,5618,290046
06/25/2020,Nassau,38,41684,3867,293913
06/26/2020,Nassau,41,41725,5282,299195
03/02/2020,New York,0,0,0,0
03/03/2020,New York,0,0,3,3
03/04/2020,New York,1,1,4,7
03/05/2020,New York,1,2,18,25
03/06/2020,New York,3,5,14,39
03/07/2020,New York,0,5,22,61
03/08/2020,New York,0,5,24,85
03/09/2020,New York,7,12,47,132
03/10/2020,New York,12,24,78,210
03/11/2020,New York,3,27,70,280
03/12/2020,New York,18,45,186,466
03/13/2020,New York,39,84,268,734
03/14/2020,New York,28,112,193,927
03/15/2020,New York,60,172,317,1244
03/16/2020,New York,69,241,398,1642
03/17/2020,New York,161,402,598,2240
03/18/2020,New York,335,737,1074,3314
03/19/2020,New York,437,1174,1235,4549
03/20/2020,New York,370,1544,1263,5812
03/21/2020,New York,522,2066,1370,7182
03/22/2020,New York,607,2673,1367,8549
03/23/2020,New York,405,3078,990,9539
03/24/2020,New York,442,3520,1065,10604
03/25/2020,New York,542,4062,1232,11836
03/26/2020,New York,523,4585,1062,12898
03/27/2020,New York,631,5216,1314,14212
03/28/2020,New York,590,5806,1160,15372
03/29/2020,New York,422,6228,788,16160
03/30/2020,New York,648,6876,1422,17582
03/31/2020,New York,497,7373,1015,18597
04/01/2020,New York,470,7843,1002,19599
04/02/2020,New York,609,8452,1294,20893
04/03/2020,New York,848,9300,1820,22713
04/04/2020,New York,598,9898,1278,23991
04/05/2020,New York,542,10440,1162,25153
04/06/2020,New York,572,11012,1249,26402
04/07/2020,New York,492,11504,1257,27659
04/08/2020,New York,602,12106,1424,29083
04/09/2020,New York,616,12722,1659,30742
04/10/2020,New York,715,13437,1685,32427
04/11/2020,New York,708,14145,1783,34210
04/12/2020,New York,356,14501,1033,35243
04/13/2020,New York,379,14880,1206,36449
04/14/2020,New York,1737,16617,4068,40517
04/15/2020,New York,474,17091,1533,42050
04/16/2020,New York,399,17490,1476,43526
04/17/2020,New York,442,17932,1585,45111
04/18/2020,New York,288,18220,1093,46204
04/19/2020,New York,248,18468,954,47158
04/20/2020,New York,231,18699,1099,48257
04/21/2020,New York,326,19025,1430,49687
04/22/2020,New York,323,19348,1581,51268
04/23/2020,New York,506,19854,2654,53922
04/24/2020,New York,426,20280,2110,56032
04/25/2020,New York,493,20773,2354,58386
04/26/2020,New York,324,21097,2007,60393
04/27/2020,New York,215,21312,1650,62043
04/28/2020,New York,292,21604,2260,64303
04/29/2020,New York,316,21920,2299,66602
04/30/2020,New York,255,22175,2205,68807
05/01/2020,New York,321,22496,2606,71413
05/02/2020,New York,245,22741,2214,73627
05/03/2020,New York,159,22900,1524,75151
05/04/2020,New York,154,23054,2246,77397
05/05/2020,New York,203,23257,2499,79896
05/06/2020,New York,272,23529,2966,82862
05/07/2020,New York,201,23730,3036,85898
05/08/2020,New York,151,23881,2633,88531
05/09/2020,New York,96,23977,2336,90867
05/10/2020,New York,85,24062,1496,92363
05/11/2020,New York,129,24191,1984,94347
05/12/2020,New York,157,24348,2825,97172
05/13/2020,New York,177,24525,3697,100869
05/14/2020,New York,307,24832,3933,104802
05/15/2020,New York,150,24982,3469,108271
05/16/2020,New York,148,25130,3096,111367
05/17/2020,New York,86,25216,2019,113386
05/18/2020,New York,77,25293,2830,116216
05/19/2020,New York,98,25391,3685,119901
05/20/2020,New York,131,25522,4219,124120
05/21/2020,New York,150,25672,4363,128483
05/22/2020,New York,134,25806,4582,133065
05/23/2020,New York,103,25909,4187,137252
05/24/2020,New York,100,26009,3356,140608
05/25/2020,New York,83,26092,3635,144243
05/26/2020,New York,121,26213,3599,147842
05/27/2020,New York,134,26347,6888,154730
05/28/2020,New York,133,26480,7418,162148
05/29/2020,New York,96,26576,5678,167826
05/30/2020,New York,77,26653,4425,172251
05/31/2020,New York,68,26721,4385,176636
06/01/2020,New York,93,26814,5161,181797
06/02/2020,New York,72,26886,4211,186008
06/03/2020,New York,82,26968,4377,190385
06/04/2020,New York,69,27037,4416,194801
06/05/2020,New York,85,27122,5322,200123
06/06/2020,New York,56,27178,4711,204834
06/07/2020,New York,39,27217,4045,208879
06/08/2020,New York,41,27258,3953,212832
06/09/2020,New York,66,27324,5433,218265
06/10/2020,New York,60,27384,4991,223256
06/11/2020,New York,68,27452,5660,228916
06/12/2020,New York,77,27529,6296,235212
06/13/2020,New York,44,27573,5525,240737
06/14/2020,New York,54,27627,6036,246773
06/15/2020,New York,50,27677,6158,252931
06/16/2020,New York,31,27708,5830,258761
06/17/2020,New York,52,27760,6701,265462
06/18/2020,New York,64,27824,7866,273328
06/19/2020,New York,67,27891,7972,281300
06/20/2020,New York,75,27966,7602,288902
06/21/2020,New York,51,28017,4871,293773
06/22/2020,New York,58,28075,4887,298660
06/23/2020,New York,57,28132,4933,303593
06/24/2020,New York,60,28192,6494,310087
06/25/2020,New York,58,28250,6504,316591
06/26/2020,New York,81,28331,8749,325340
03/02/2020,Niagara,0,0,0,0
03/03/2020,Niagara,0,0,0,0
03/04/2020,Niagara,0,0,0,0
03/05/2020,Niagara,0,0,0,0
03/06/2020,Niagara,0,0,0,0
03/07/2020,Niagara,0,0,0,0
03/08/2020,Niagara,0,0,1,1
03/09/2020,Niagara,0,0,0,1
03/10/2020,Niagara,0,0,0,1
03/11/2020,Niagara,0,0,1,2
03/12/2020,Niagara,0,0,1,3
03/13/2020,Niagara,0,0,0,3
03/14/2020,Niagara,0,0,1,4
03/15/2020,Niagara,0,0,0,4
03/16/2020,Niagara,0,0,1,5
03/17/2020,Niagara,0,0,1,6
03/18/2020,Niagara,1,1,10,16
03/19/2020,Niagara,2,3,4,20
03/20/2020,Niagara,1,4,6,26
03/21/2020,Niagara,2,6,9,35
03/22/2020,Niagara,4,10,38,73
03/23/2020,Niagara,1,11,15,88
03/24/2020,Niagara,1,12,16,104
03/25/2020,Niagara,2,14,10,114
03/26/2020,Niagara,9,23,55,169
03/27/2020,Niagara,10,33,57,226
03/28/2020,Niagara,5,38,18,244
03/29/2020,Niagara,3,41,6,250
03/30/2020,Niagara,1,42,15,265
03/31/2020,Niagara,4,46,13,278
04/01/2020,Niagara,30,76,89,367
04/02/2020,Niagara,18,94,61,428
04/03/2020,Niagara,7,101,47,475
04/04/2020,Niagara,15,116,54,529
04/05/2020,Niagara,4,120,44,573
04/06/2020,Niagara,6,126,44,617
04/07/2020,Niagara,8,134,39,656
04/08/2020,Niagara,12,146,53,709
04/09/2020,Niagara,10,156,79,788
04/10/2020,Niagara,11,167,46,834
04/11/2020,Niagara,16,183,62,896
04/12/2020,Niagara,6,189,29,925
04/13/2020,Niagara,8,197,48,973
04/14/2020,Niagara,7,204,57,1030
04/15/2020,Niagara,12,216,82,1112
04/16/2020,Niagara,11,227,56,1168
04/17/2020,Niagara,7,234,53,1221
04/18/2020,Niagara,12,246,69,1290
04/19/2020,Niagara,9,255,48,1338
04/20/2020,Niagara,5,260,53,1391
04/21/2020,Niagara,8,268,49,1440
04/22/2020,Niagara,27,295,195,1635
04/23/2020,Niagara,37,332,192,1827
04/24/2020,Niagara,12,344,107,1934
04/25/2020,Niagara,24,368,142,2076
04/26/2020,Niagara,10,378,95,2171
04/27/2020,Niagara,8,386,89,2260
04/28/2020,Niagara,15,401,130,2390
04/29/2020,Niagara,19,420,154,2544
04/30/2020,Niagara,20,440,239,2783
05/01/2020,Niagara,17,457,269,3052
05/02/2020,Niagara,17,474,184,3236
05/03/2020,Niagara,19,493,318,3554
05/04/2020,Niagara,15,508,198,3752
05/05/2020,Niagara,41,549,353,4105
05/06/2020,Niagara,39,588,282,4387
05/07/2020,Niagara,17,605,257,4644
05/08/2020,Niagara,22,627,273,4917
05/09/2020,Niagara,16,643,359,5276
05/10/2020,Niagara,12,655,176,5452
05/11/2020,Niagara,16,671,186,5638
05/12/2020,Niagara,19,690,343,5981
05/13/2020,Niagara,20,710,330,6311
05/14/2020,Niagara,33,743,530,6841
05/15/2020,Niagara,27,770,383,7224
05/16/2020,Niagara,22,792,421,7645
05/17/2020,Niagara,26,818,325,7970
05/18/2020,Niagara,27,845,271,8241
05/19/2020,Niagara,13,858,370,8611
05/20/2020,Niagara,22,880,540,9151
05/21/2020,Niagara,17,897,655,9806
05/22/2020,Niagara,30,927,501,10307
05/23/2020,Niagara,14,941,355,10662
05/24/2020,Niagara,14,955,501,11163
05/25/2020,Niagara,10,965,366,11529
05/26/2020,Niagara,7,972,247,11776
05/27/2020,Niagara,12,984,502,12278
05/28/2020,Niagara,24,1008,583,12861
05/29/2020,Niagara,12,1020,447,13308
05/30/2020,Niagara,17,1037,495,13803
05/31/2020,Niagara,9,1046,420,14223
06/01/2020,Niagara,2,1048,485,14708
06/02/2020,Niagara,19,1067,655,15363
06/03/2020,Niagara,18,1085,739,16102
06/04/2020,Niagara,14,1099,726,16828
06/05/2020,Niagara,10,1109,999,17827
06/06/2020,Niagara,3,1112,521,18348
06/07/2020,Niagara,4,1116,419,18767
06/08/2020,Niagara,9,1125,942,19709
06/09/2020,Niagara,4,1129,510,20219
06/10/2020,Niagara,7,1136,623,20842
06/11/2020,Niagara,7,1143,718,21560
06/12/2020,Niagara,11,1154,630,22190
06/13/2020,Niagara,12,1166,745,22935
06/14/2020,Niagara,3,1169,464,23399
06/15/2020,Niagara,2,1171,424,23823
06/16/2020,Niagara,6,1177,505,24328
06/17/2020,Niagara,6,1183,850,25178
06/18/2020,Niagara,2,1185,977,26155
06/19/2020,Niagara,3,1188,621,26776
06/20/2020,Niagara,4,1192,531,27307
06/21/2020,Niagara,1,1193,402,27709
06/22/2020,Niagara,2,1195,371,28080
06/23/2020,Niagara,4,1199,803,28883
06/24/2020,Niagara,4,1203,963,29846
06/25/2020,Niagara,10,1213,606,30452
06/26/2020,Niagara,10,1223,820,31272
03/02/2020,Oneida,0,0,0,0
03/03/2020,Oneida,0,0,0,0
03/04/2020,Oneida,0,0,2,2
03/05/2020,Oneida,0,0,0,2
03/06/2020,Oneida,0,0,0,2
03/07/2020,Oneida,0,0,0,2
03/08/2020,Oneida,0,0,0,2
03/09/2020,Oneida,0,0,0,2
03/10/2020,Oneida,0,0,0,2
03/11/2020,Oneida,0,0,1,3
03/12/2020,Oneida,0,0,1,4
03/13/2020,Oneida,0,0,1,5
03/14/2020,Oneida,0,0,1,6
03/15/2020,Oneida,0,0,3,9
03/16/2020,Oneida,0,0,1,10
03/17/2020,Oneida,0,0,4,14
03/18/2020,Oneida,2,2,14,28
03/19/2020,Oneida,0,2,7,35
03/20/2020,Oneida,2,4,59,94
03/21/2020,Oneida,1,5,30,124
03/22/2020,Oneida,2,7,36,160
03/23/2020,Oneida,1,8,24,184
03/24/2020,Oneida,1,9,48,232
03/25/2020,Oneida,4,13,22,254
03/26/2020,Oneida,0,13,41,295
03/27/2020,Oneida,10,23,43,338
03/28/2020,Oneida,3,26,26,364
03/29/2020,Oneida,8,34,26,390
03/30/2020,Oneida,6,40,57,447
03/31/2020,Oneida,10,50,58,505
04/01/2020,Oneida,11,61,82,587
04/02/2020,Oneida,10,71,77,664
04/03/2020,Oneida,9,80,58,722
04/04/2020,Oneida,7,87,55,777
04/05/2020,Oneida,13,100,87,864
04/06/2020,Oneida,18,118,90,954
04/07/2020,Oneida,7,125,59,1013
04/08/2020,Oneida,33,158,104,1117
04/09/2020,Oneida,14,172,85,1202
04/10/2020,Oneida,9,181,42,1244
04/11/2020,Oneida,14,195,83,1327
04/12/2020,Oneida,11,206,61,1388
04/13/2020,Oneida,23,229,100,1488
04/14/2020,Oneida,17,246,79,1567
04/15/2020,Oneida,3,249,32,1599
04/16/2020,Oneida,12,261,82,1681
04/17/2020,Oneida,7,268,85,1766
04/18/2020,Oneida,7,275,52,1818
04/19/2020,Oneida,4,279,75,1893
04/20/2020,Oneida,5,284,133,2026
04/21/2020,Oneida,17,301,117,2143
04/22/2020,Oneida,16,317,174,2317
04/23/2020,Oneida,6,323,67,2384
04/24/2020,Oneida,41,364,401,2785
04/25/2020,Oneida,20,384,112,2897
04/26/2020,Oneida,13,397,128,3025
04/27/2020,Oneida,14,411,132,3157
04/28/2020,Oneida,11,422,124,3281
04/29/2020,Oneida,17,439,145,3426
04/30/2020,Oneida,12,451,149,3575
05/01/2020,Oneida,23,474,185,3760
05/02/2020,Oneida,15,489,149,3909
05/03/2020,Oneida,61,550,241,4150
05/04/2020,Oneida,24,574,247,4397
05/05/2020,Oneida,5,579,234,4631
05/06/2020,Oneida,30,609,375,5006
05/07/2020,Oneida,11,620,323,5329
05/08/2020,Oneida,18,638,296,5625
05/09/2020,Oneida,22,660,329,5954
05/10/2020,Oneida,9,669,269,6223
05/11/2020,Oneida,7,676,161,6384
05/12/2020,Oneida,10,686,397,6781
05/13/2020,Oneida,12,698,376,7157
05/14/2020,Oneida,15,713,268,7425
05/15/2020,Oneida,38,751,342,7767
05/16/2020,Oneida,9,760,209,7976
05/17/2020,Oneida,12,772,318,8294
05/18/2020,Oneida,13,785,326,8620
05/19/2020,Oneida,17,802,775,9395
05/20/2020,Oneida,15,817,779,10174
05/21/2020,Oneida,11,828,815,10989
05/22/2020,Oneida,36,864,1305,12294
05/23/2020,Oneida,14,878,659,12953
05/24/2020,Oneida,27,905,930,13883
05/25/2020,Oneida,12,917,427,14310
05/26/2020,Oneida,12,929,488,14798
05/27/2020,Oneida,30,959,927,15725
05/28/2020,Oneida,29,988,1284,17009
05/29/2020,Oneida,18,1006,757,17766
05/30/2020,Oneida,21,1027,1108,18874
05/31/2020,Oneida,9,1036,677,19551
06/01/2020,Oneida,13,1049,613,20164
06/02/2020,Oneida,9,1058,1128,21292
06/03/2020,Oneida,11,1069,892,22184
06/04/2020,Oneida,8,1077,1050,23234
06/05/2020,Oneida,50,1127,1505,24739
06/06/2020,Oneida,16,1143,1276,26015
06/07/2020,Oneida,27,1170,1207,27222
06/08/2020,Oneida,15,1185,569,27791
06/09/2020,Oneida,18,1203,806,28597
06/10/2020,Oneida,13,1216,970,29567
06/11/2020,Oneida,21,1237,1900,31467
06/12/2020,Oneida,16,1253,1048,32515
06/13/2020,Oneida,20,1273,978,33493
06/14/2020,Oneida,7,1280,517,34010
06/15/2020,Oneida,21,1301,719,34729
06/16/2020,Oneida,6,1307,675,35404
06/17/2020,Oneida,25,1332,1218,36622
06/18/2020,Oneida,25,1357,1010,37632
06/19/2020,Oneida,21,1378,786,38418
06/20/2020,Oneida,15,1393,679,39097
06/21/2020,Oneida,23,1416,1126,40223
06/22/2020,Oneida,5,1421,558,40781
06/23/2020,Oneida,24,1445,802,41583
06/24/2020,Oneida,34,1479,1082,42665
06/25/2020,Oneida,41,1520,2025,44690
06/26/2020,Oneida,27,1547,664,45354
03/02/2020,Onondaga,0,0,0,0
03/03/2020,Onondaga,0,0,0,0
03/04/2020,Onondaga,0,0,0,0
03/05/2020,Onondaga,0,0,0,0
03/06/2020,Onondaga,0,0,0,0
03/07/2020,Onondaga,0,0,0,0
03/08/2020,Onondaga,0,0,0,0
03/09/2020,Onondaga,0,0,1,1
03/10/2020,Onondaga,0,0,0,1
03/11/2020,Onondaga,0,0,3,4
03/12/2020,Onondaga,0,0,1,5
03/13/2020,Onondaga,0,0,9,14
03/14/2020,Onondaga,0,0,18,32
03/15/2020,Onondaga,1,1,27,59
03/16/2020,Onondaga,1,2,55,114
03/17/2020,Onondaga,0,2,15,129
03/18/2020,Onondaga,3,5,98,227
03/19/2020,Onondaga,3,8,60,287
03/20/2020,Onondaga,9,17,133,420
03/21/2020,Onondaga,12,29,157,577
03/22/2020,Onondaga,23,52,538,1115
03/23/2020,Onondaga,8,60,129,1244
03/24/2020,Onondaga,5,65,124,1368
03/25/2020,Onondaga,18,83,266,1634
03/26/2020,Onondaga,32,115,444,2078
03/27/2020,Onondaga,14,129,352,2430
03/28/2020,Onondaga,23,152,487,2917
03/29/2020,Onondaga,28,180,206,3123
03/30/2020,Onondaga,14,194,139,3262
03/31/2020,Onondaga,23,217,163,3425
04/01/2020,Onondaga,17,234,191,3616
04/02/2020,Onondaga,18,252,195,3811
04/03/2020,Onondaga,10,262,221,4032
04/04/2020,Onondaga,6,268,131,4163
04/05/2020,Onondaga,3,271,89,4252
04/06/2020,Onondaga,64,335,689,4941
04/07/2020,Onondaga,12,347,126,5067
04/08/2020,Onondaga,11,358,245,5312
04/09/2020,Onondaga,11,369,148,5460
04/10/2020,Onondaga,11,380,116,5576
04/11/2020,Onondaga,17,397,169,5745
04/12/2020,Onondaga,19,416,142,5887
04/13/2020,Onondaga,15,431,120,6007
04/14/2020,Onondaga,18,449,219,6226
04/15/2020,Onondaga,13,462,134,6360
04/16/2020,Onondaga,21,483,181,6541
04/17/2020,Onondaga,9,492,152,6693
04/18/2020,Onondaga,6,498,118,6811
04/19/2020,Onondaga,11,509,113,6924
04/20/2020,Onondaga,5,514,101,7025
04/21/2020,Onondaga,12,526,152,7177
04/22/2020,Onondaga,74,600,705,7882
04/23/2020,Onondaga,39,639,722,8604
04/24/2020,Onondaga,25,664,530,9134
04/25/2020,Onondaga,28,692,280,9414
04/26/2020,Onondaga,34,726,256,9670
04/27/2020,Onondaga,16,742,268,9938
04/28/2020,Onondaga,40,782,386,10324
04/29/2020,Onondaga,50,832,343,10667
04/30/2020,Onondaga,28,860,334,11001
05/01/2020,Onondaga,43,903,433,11434
05/02/2020,Onondaga,49,952,593,12027
05/03/2020,Onondaga,19,971,436,12463
05/04/2020,Onondaga,31,1002,176,12639
05/05/2020,Onondaga,54,1056,731,13370
05/06/2020,Onondaga,59,1115,534,13904
05/07/2020,Onondaga,54,1169,407,14311
05/08/2020,Onondaga,49,1218,464,14775
05/09/2020,Onondaga,47,1265,507,15282
05/10/2020,Onondaga,22,1287,240,15522
05/11/2020,Onondaga,21,1308,329,15851
05/12/2020,Onondaga,87,1395,1066,16917
05/13/2020,Onondaga,28,1423,683,17600
05/14/2020,Onondaga,17,1440,385,17985
05/15/2020,Onondaga,29,1469,1088,19073
05/16/2020,Onondaga,32,1501,648,19721
05/17/2020,Onondaga,19,1520,483,20204
05/18/2020,Onondaga,145,1665,1578,21782
05/19/2020,Onondaga,53,1718,1844,23626
05/20/2020,Onondaga,53,1771,1137,24763
05/21/2020,Onondaga,57,1828,1344,26107
05/22/2020,Onondaga,76,1904,2502,28609
05/23/2020,Onondaga,49,1953,1352,29961
05/24/2020,Onondaga,28,1981,1175,31136
05/25/2020,Onondaga,31,2012,1129,32265
05/26/2020,Onondaga,21,2033,676,32941
05/27/2020,Onondaga,21,2054,817,33758
05/28/2020,Onondaga,38,2092,1731,35489
05/29/2020,Onondaga,41,2133,2101,37590
05/30/2020,Onondaga,37,2170,1829,39419
05/31/2020,Onondaga,27,2197,1074,40493
06/01/2020,Onondaga,31,2228,1035,41528
06/02/2020,Onondaga,28,2256,1522,43050
06/03/2020,Onondaga,39,2295,2189,45239
06/04/2020,Onondaga,34,2329,1601,46840
06/05/2020,Onondaga,46,2375,2186,49026
06/06/2020,Onondaga,17,2392,1345,50371
06/07/2020,Onondaga,16,2408,2040,52411
06/08/2020,Onondaga,19,2427,1004,53415
06/09/2020,Onondaga,6,2433,2197,55612
06/10/2020,Onondaga,21,2454,1222,56834
06/11/2020,Onondaga,20,2474,2072,58906
06/12/2020,Onondaga,24,2498,1498,60404
06/13/2020,Onondaga,21,2519,2756,63160
06/14/2020,Onondaga,12,2531,847,64007
06/15/2020,Onondaga,14,2545,1345,65352
06/16/2020,Onondaga,13,2558,870,66222
06/17/2020,Onondaga,57,2615,1440,67662
06/18/2020,Onondaga,19,2634,1694,69356
06/19/2020,Onondaga,10,2644,1270,70626
06/20/2020,Onondaga,22,2666,2328,72954
06/21/2020,Onondaga,9,2675,954,73908
06/22/2020,Onondaga,27,2702,1060,74968
06/23/2020,Onondaga,32,2734,1234,76202
06/24/2020,Onondaga,17,2751,1183,77385
06/25/2020,Onondaga,31,2782,1402,78787
06/26/2020,Onondaga,9,2791,1517,80304
03/02/2020,Ontario,0,0,0,0
03/03/2020,Ontario,0,0,0,0
03/04/2020,Ontario,0,0,0,0
03/05/2020,Ontario,0,0,0,0
03/06/2020,Ontario,0,0,0,0
03/07/2020,Ontario,0,0,0,0
03/08/2020,Ontario,0,0,0,0
03/09/2020,Ontario,0,0,0,0
03/10/2020,Ontario,0,0,0,0
03/11/2020,Ontario,0,0,0,0
03/12/2020,Ontario,0,0,2,2
03/13/2020,Ontario,0,0,4,6
03/14/2020,Ontario,0,0,3,9
03/15/2020,Ontario,1,1,5,14
03/16/2020,Ontario,0,1,1,15
03/17/2020,Ontario,0,1,3,18
03/18/2020,Ontario,0,1,8,26
03/19/2020,Ontario,2,3,15,41
03/20/2020,Ontario,1,4,25,66
03/21/2020,Ontario,2,6,25,91
03/22/2020,Ontario,0,6,5,96
03/23/2020,Ontario,1,7,13,109
03/24/2020,Ontario,2,9,19,128
03/25/2020,Ontario,2,11,21,149
03/26/2020,Ontario,3,14,29,178
03/27/2020,Ontario,2,16,34,212
03/28/2020,Ontario,2,18,26,238
03/29/2020,Ontario,2,20,16,254
03/30/2020,Ontario,2,22,26,280
03/31/2020,Ontario,2,24,37,317
04/01/2020,Ontario,2,26,29,346
04/02/2020,Ontario,2,28,29,375
04/03/2020,Ontario,3,31,36,411
04/04/2020,Ontario,1,32,33,444
04/05/2020,Ontario,0,32,26,470
04/06/2020,Ontario,1,33,32,502
04/07/2020,Ontario,6,39,50,552
04/08/2020,Ontario,4,43,38,590
04/09/2020,Ontario,8,51,50,640
04/10/2020,Ontario,5,56,39,679
04/11/2020,Ontario,1,57,27,706
04/12/2020,Ontario,0,57,12,718
04/13/2020,Ontario,4,61,48,766
04/14/2020,Ontario,1,62,25,791
04/15/2020,Ontario,3,65,31,822
04/16/2020,Ontario,2,67,34,856
04/17/2020,Ontario,2,69,33,889
04/18/2020,Ontario,1,70,24,913
04/19/2020,Ontario,1,71,20,933
04/20/2020,Ontario,1,72,43,976
04/21/2020,Ontario,1,73,66,1042
04/22/2020,Ontario,0,73,31,1073
04/23/2020,Ontario,0,73,37,1110
04/24/2020,Ontario,9,82,239,1349
04/25/2020,Ontario,2,84,34,1383
04/26/2020,Ontario,2,86,40,1423
04/27/2020,Ontario,4,90,50,1473
04/28/2020,Ontario,0,90,60,1533
04/29/2020,Ontario,0,90,78,1611
04/30/2020,Ontario,1,91,91,1702
05/01/2020,Ontario,1,92,62,1764
05/02/2020,Ontario,3,95,90,1854
05/03/2020,Ontario,1,96,81,1935
05/04/2020,Ontario,1,97,86,2021
05/05/2020,Ontario,2,99,105,2126
05/06/2020,Ontario,2,101,121,2247
05/07/2020,Ontario,3,104,108,2355
05/08/2020,Ontario,0,104,69,2424
05/09/2020,Ontario,2,106,109,2533
05/10/2020,Ontario,1,107,92,2625
05/11/2020,Ontario,0,107,74,2699
05/12/2020,Ontario,2,109,140,2839
05/13/2020,Ontario,20,129,334,3173
05/14/2020,Ontario,4,133,135,3308
05/15/2020,Ontario,6,139,136,3444
05/16/2020,Ontario,7,146,160,3604
05/17/2020,Ontario,2,148,96,3700
05/18/2020,Ontario,4,152,157,3857
05/19/2020,Ontario,18,170,351,4208
05/20/2020,Ontario,6,176,264,4472
05/21/2020,Ontario,4,180,191,4663
05/22/2020,Ontario,2,182,125,4788
05/23/2020,Ontario,2,184,201,4989
05/24/2020,Ontario,1,185,99,5088
05/25/2020,Ontario,10,195,218,5306
05/26/2020,Ontario,3,198,182,5488
05/27/2020,Ontario,3,201,246,5734
05/28/2020,Ontario,4,205,209,5943
05/29/2020,Ontario,1,206,126,6069
05/30/2020,Ontario,1,207,328,6397
05/31/2020,Ontario,1,208,188,6585
06/01/2020,Ontario,1,209,206,6791
06/02/2020,Ontario,6,215,485,7276
06/03/2020,Ontario,3,218,421,7697
06/04/2020,Ontario,1,219,379,8076
06/05/2020,Ontario,1,220,505,8581
06/06/2020,Ontario,1,221,236,8817
06/07/2020,Ontario,0,221,293,9110
06/08/2020,Ontario,1,222,238,9348
06/09/2020,Ontario,0,222,403,9751
06/10/2020,Ontario,7,229,520,10271
06/11/2020,Ontario,1,230,392,10663
06/12/2020,Ontario,0,230,337,11000
06/13/2020,Ontario,3,233,420,11420
06/14/2020,Ontario,0,233,240,11660
06/15/2020,Ontario,1,234,338,11998
06/16/2020,Ontario,0,234,319,12317
06/17/2020,Ontario,1,235,214,12531
06/18/2020,Ontario,4,239,327,12858
06/19/2020,Ontario,0,239,354,13212
06/20/2020,Ontario,1,240,271,13483
06/21/2020,Ontario,2,242,271,13754
06/22/2020,Ontario,0,242,207,13961
06/23/2020,Ontario,4,246,293,14254
06/24/2020,Ontario,2,248,261,14515
06/25/2020,Ontario,4,252,285,14800
06/26/2020,Ontario,2,254,408,15208
03/02/2020,Orange,0,0,0,0
03/03/2020,Orange,0,0,0,0
03/04/2020,Orange,0,0,0,0
03/05/2020,Orange,0,0,0,0
03/06/2020,Orange,0,0,0,0
03/07/2020,Orange,0,0,0,0
03/08/2020,Orange,0,0,0,0
03/09/2020,Orange,0,0,1,1
03/10/2020,Orange,0,0,0,1
03/11/2020,Orange,1,1,4,5
03/12/2020,Orange,0,1,12,17
03/13/2020,Orange,5,6,22,39
03/14/2020,Orange,0,6,12,51
03/15/2020,Orange,5,11,36,87
03/16/2020,Orange,4,15,36,123
03/17/2020,Orange,17,32,83,206
03/18/2020,Orange,19,51,94,300
03/19/2020,Orange,33,84,180,480
03/20/2020,Orange,79,163,377,857
03/21/2020,Orange,84,247,393,1250
03/22/2020,Orange,142,389,472,1722
03/23/2020,Orange,109,498,340,2062
03/24/2020,Orange,140,638,298,2360
03/25/2020,Orange,113,751,322,2682
03/26/2020,Orange,160,911,394,3076
03/27/2020,Orange,190,1101,498,3574
03/28/2020,Orange,146,1247,373,3947
03/29/2020,Orange,188,1435,394,4341
03/30/2020,Orange,121,1556,306,4647
03/31/2020,Orange,200,1756,477,5124
04/01/2020,Orange,237,1993,628,5752
04/02/2020,Orange,404,2397,1114,6866
04/03/2020,Orange,344,2741,1046,7912
04/04/2020,Orange,361,3102,1077,8989
04/05/2020,Orange,295,3397,827,9816
04/06/2020,Orange,202,3599,604,10420
04/07/2020,Orange,266,3865,711,11131
04/08/2020,Orange,225,4090,578,11709
04/09/2020,Orange,442,4532,1335,13044
04/10/2020,Orange,315,4847,879,13923
04/11/2020,Orange,180,5027,563,14486
04/12/2020,Orange,155,5182,492,14978
04/13/2020,Orange,396,5578,1161,16139
04/14/2020,Orange,138,5716,341,16480
04/15/2020,Orange,172,5888,521,17001
04/16/2020,Orange,196,6084,512,17513
04/17/2020,Orange,182,6266,575,18088
04/18/2020,Orange,113,6379,411,18499
04/19/2020,Orange,103,6482,278,18777
04/20/2020,Orange,79,6561,298,19075
04/21/2020,Orange,129,6690,430,19505
04/22/2020,Orange,126,6816,399,19904
04/23/2020,Orange,339,7155,1213,21117
04/24/2020,Orange,818,7973,2748,23865
04/25/2020,Orange,133,8106,643,24508
04/26/2020,Orange,132,8238,587,25095
04/27/2020,Orange,136,8374,645,25740
04/28/2020,Orange,114,8488,602,26342
04/29/2020,Orange,162,8650,880,27222
04/30/2020,Orange,101,8751,787,28009
05/01/2020,Orange,159,8910,839,28848
05/02/2020,Orange,57,8967,510,29358
05/03/2020,Orange,48,9015,421,29779
05/04/2020,Orange,129,9144,869,30648
05/05/2020,Orange,71,9215,509,31157
05/06/2020,Orange,113,9328,1181,32338
05/07/2020,Orange,74,9402,842,33180
05/08/2020,Orange,84,9486,690,33870
05/09/2020,Orange,57,9543,535,34405
05/10/2020,Orange,41,9584,402,34807
05/11/2020,Orange,48,9632,516,35323
05/12/2020,Orange,61,9693,614,35937
05/13/2020,Orange,78,9771,939,36876
05/14/2020,Orange,54,9825,766,37642
05/15/2020,Orange,54,9879,715,38357
05/16/2020,Orange,64,9943,662,39019
05/17/2020,Orange,22,9965,367,39386
05/18/2020,Orange,23,9988,362,39748
05/19/2020,Orange,55,10043,819,40567
05/20/2020,Orange,49,10092,919,41486
05/21/2020,Orange,50,10142,753,42239
05/22/2020,Orange,55,10197,764,43003
05/23/2020,Orange,28,10225,638,43641
05/24/2020,Orange,19,10244,478,44119
05/25/2020,Orange,33,10277,617,44736
05/26/2020,Orange,15,10292,528,45264
05/27/2020,Orange,33,10325,1013,46277
05/28/2020,Orange,36,10361,868,47145
05/29/2020,Orange,28,10389,776,47921
05/30/2020,Orange,17,10406,683,48604
05/31/2020,Orange,16,10422,713,49317
06/01/2020,Orange,27,10449,1027,50344
06/02/2020,Orange,11,10460,842,51186
06/03/2020,Orange,11,10471,941,52127
06/04/2020,Orange,13,10484,978,53105
06/05/2020,Orange,24,10508,1157,54262
06/06/2020,Orange,6,10514,847,55109
06/07/2020,Orange,9,10523,827,55936
06/08/2020,Orange,10,10533,957,56893
06/09/2020,Orange,8,10541,937,57830
06/10/2020,Orange,9,10550,1056,58886
06/11/2020,Orange,8,10558,1048,59934
06/12/2020,Orange,5,10563,967,60901
06/13/2020,Orange,8,10571,655,61556
06/14/2020,Orange,2,10573,810,62366
06/15/2020,Orange,7,10580,758,63124
06/16/2020,Orange,19,10599,744,63868
06/17/2020,Orange,5,10604,793,64661
06/18/2020,Orange,16,10620,1197,65858
06/19/2020,Orange,18,10638,646,66504
06/20/2020,Orange,10,10648,698,67202
06/21/2020,Orange,6,10654,577,67779
06/22/2020,Orange,12,10666,1239,69018
06/23/2020,Orange,3,10669,502,69520
06/24/2020,Orange,10,10679,912,70432
06/25/2020,Orange,19,10698,887,71319
06/26/2020,Orange,12,10710,1012,72331
03/02/2020,Orleans,0,0,0,0
03/03/2020,Orleans,0,0,0,0
03/04/2020,Orleans,0,0,0,0
03/05/2020,Orleans,0,0,0,0
03/06/2020,Orleans,0,0,0,0
03/07/2020,Orleans,0,0,0,0
03/08/2020,Orleans,0,0,0,0
03/09/2020,Orleans,0,0,0,0
03/10/2020,Orleans,0,0,0,0
03/11/2020,Orleans,0,0,0,0
03/12/2020,Orleans,0,0,0,0
03/13/2020,Orleans,0,0,1,1
03/14/2020,Orleans,0,0,0,1
03/15/2020,Orleans,0,0,0,1
03/16/2020,Orleans,0,0,5,6
03/17/2020,Orleans,0,0,5,11
03/18/2020,Orleans,0,0,3,14
03/19/2020,Orleans,0,0,6,20
03/20/2020,Orleans,0,0,5,25
03/21/2020,Orleans,0,0,7,32
03/22/2020,Orleans,0,0,4,36
03/23/2020,Orleans,2,2,9,45
03/24/2020,Orleans,0,2,7,52
03/25/2020,Orleans,0,2,11,63
03/26/2020,Orleans,1,3,11,74
03/27/2020,Orleans,0,3,8,82
03/28/2020,Orleans,0,3,3,85
03/29/2020,Orleans,1,4,11,96
03/30/2020,Orleans,2,6,14,110
03/31/2020,Orleans,0,6,6,116
04/01/2020,Orleans,0,6,11,127
04/02/2020,Orleans,3,9,13,140
04/03/2020,Orleans,1,10,11,151
04/04/2020,Orleans,1,11,9,160
04/05/2020,Orleans,2,13,16,176
04/06/2020,Orleans,2,15,17,193
04/07/2020,Orleans,1,16,14,207
04/08/2020,Orleans,6,22,27,234
04/09/2020,Orleans,2,24,14,248
04/10/2020,Orleans,0,24,3,251
04/11/2020,Orleans,1,25,7,258
04/12/2020,Orleans,1,26,6,264
04/13/2020,Orleans,5,31,18,282
04/14/2020,Orleans,2,33,8,290
04/15/2020,Orleans,1,34,5,295
04/16/2020,Orleans,0,34,4,299
04/17/2020,Orleans,7,41,14,313
04/18/2020,Orleans,5,46,35,348
04/19/2020,Orleans,0,46,3,351
04/20/2020,Orleans,7,53,33,384
04/21/2020,Orleans,3,56,11,395
04/22/2020,Orleans,3,59,11,406
04/23/2020,Orleans,1,60,13,419
04/24/2020,Orleans,15,75,98,517
04/25/2020,Orleans,5,80,28,545
04/26/2020,Orleans,0,80,14,559
04/27/2020,Orleans,0,80,8,567
04/28/2020,Orleans,5,85,26,593
04/29/2020,Orleans,4,89,35,628
04/30/2020,Orleans,3,92,23,651
05/01/2020,Orleans,1,93,29,680
05/02/2020,Orleans,4,97,22,702
05/03/2020,Orleans,0,97,21,723
05/04/2020,Orleans,2,99,15,738
05/05/2020,Orleans,4,103,36,774
05/06/2020,Orleans,5,108,33,807
05/07/2020,Orleans,13,121,62,869
05/08/2020,Orleans,1,122,29,898
05/09/2020,Orleans,4,126,41,939
05/10/2020,Orleans,4,130,40,979
05/11/2020,Orleans,3,133,31,1010
05/12/2020,Orleans,9,142,61,1071
05/13/2020,Orleans,3,145,57,1128
05/14/2020,Orleans,2,147,38,1166
05/15/2020,Orleans,16,163,102,1268
05/16/2020,Orleans,4,167,59,1327
05/17/2020,Orleans,0,167,42,1369
05/18/2020,Orleans,1,168,48,1417
05/19/2020,Orleans,3,171,60,1477
05/20/2020,Orleans,3,174,98,1575
05/21/2020,Orleans,1,175,50,1625
05/22/2020,Orleans,21,196,85,1710
05/23/2020,Orleans,6,202,129,1839
05/24/2020,Orleans,3,205,63,1902
05/25/2020,Orleans,3,208,49,1951
05/26/2020,Orleans,2,210,44,1995
05/27/2020,Orleans,2,212,117,2112
05/28/2020,Orleans,4,216,112,2224
05/29/2020,Orleans,12,228,83,2307
05/30/2020,Orleans,1,229,101,2408
05/31/2020,Orleans,7,236,105,2513
06/01/2020,Orleans,5,241,89,2602
06/02/2020,Orleans,5,246,157,2759
06/03/2020,Orleans,1,247,81,2840
06/04/2020,Orleans,0,247,102,2942
06/05/2020,Orleans,7,254,183,3125
06/06/2020,Orleans,1,255,115,3240
06/07/2020,Orleans,1,256,69,3309
06/08/2020,Orleans,1,257,77,3386
06/09/2020,Orleans,2,259,117,3503
06/10/2020,Orleans,1,260,89,3592
06/11/2020,Orleans,0,260,89,3681
06/12/2020,Orleans,1,261,114,3795
06/13/2020,Orleans,6,267,92,3887
06/14/2020,Orleans,1,268,60,3947
06/15/2020,Orleans,0,268,117,4064
06/16/2020,Orleans,2,270,81,4145
06/17/2020,Orleans,1,271,121,4266
06/18/2020,Orleans,3,274,110,4376
06/19/2020,Orleans,1,275,89,4465
06/20/2020,Orleans,1,276,97,4562
06/21/2020,Orleans,0,276,111,4673
06/22/2020,Orleans,1,277,98,4771
06/23/2020,Orleans,0,277,53,4824
06/24/2020,Orleans,2,279,85,4909
06/25/2020,Orleans,0,279,37,4946
06/26/2020,Orleans,1,280,128,5074
03/02/2020,Oswego,0,0,0,0
03/03/2020,Oswego,0,0,0,0
03/04/2020,Oswego,0,0,0,0
03/05/2020,Oswego,0,0,0,0
03/06/2020,Oswego,0,0,0,0
03/07/2020,Oswego,0,0,0,0
03/08/2020,Oswego,0,0,0,0
03/09/2020,Oswego,0,0,0,0
03/10/2020,Oswego,0,0,1,1
03/11/2020,Oswego,0,0,0,1
03/12/2020,Oswego,0,0,0,1
03/13/2020,Oswego,0,0,2,3
03/14/2020,Oswego,0,0,2,5
03/15/2020,Oswego,0,0,0,5
03/16/2020,Oswego,0,0,4,9
03/17/2020,Oswego,0,0,3,12
03/18/2020,Oswego,0,0,8,20
03/19/2020,Oswego,0,0,3,23
03/20/2020,Oswego,0,0,11,34
03/21/2020,Oswego,0,0,19,53
03/22/2020,Oswego,1,1,23,76
03/23/2020,Oswego,1,2,28,104
03/24/2020,Oswego,0,2,13,117
03/25/2020,Oswego,2,4,25,142
03/26/2020,Oswego,0,4,18,160
03/27/2020,Oswego,3,7,38,198
03/28/2020,Oswego,1,8,35,233
03/29/2020,Oswego,6,14,53,286
03/30/2020,Oswego,1,15,30,316
03/31/2020,Oswego,2,17,27,343
04/01/2020,Oswego,5,22,80,423
04/02/2020,Oswego,4,26,82,505
04/03/2020,Oswego,0,26,31,536
04/04/2020,Oswego,2,28,26,562
04/05/2020,Oswego,1,29,39,601
04/06/2020,Oswego,2,31,70,671
04/07/2020,Oswego,2,33,27,698
04/08/2020,Oswego,3,36,61,759
04/09/2020,Oswego,0,36,32,791
04/10/2020,Oswego,1,37,12,803
04/11/2020,Oswego,1,38,15,818
04/12/2020,Oswego,0,38,10,828
04/13/2020,Oswego,3,41,74,902
04/14/2020,Oswego,1,42,17,919
04/15/2020,Oswego,2,44,18,937
04/16/2020,Oswego,1,45,28,965
04/17/2020,Oswego,0,45,14,979
04/18/2020,Oswego,2,47,18,997
04/19/2020,Oswego,1,48,18,1015
04/20/2020,Oswego,1,49,12,1027
04/21/2020,Oswego,0,49,4,1031
04/22/2020,Oswego,0,49,21,1052
04/23/2020,Oswego,2,51,18,1070
04/24/2020,Oswego,6,57,298,1368
04/25/2020,Oswego,4,61,67,1435
04/26/2020,Oswego,0,61,33,1468
04/27/2020,Oswego,2,63,40,1508
04/28/2020,Oswego,0,63,39,1547
04/29/2020,Oswego,0,63,45,1592
04/30/2020,Oswego,1,64,36,1628
05/01/2020,Oswego,2,66,30,1658
05/02/2020,Oswego,0,66,37,1695
05/03/2020,Oswego,1,67,44,1739
05/04/2020,Oswego,1,68,40,1779
05/05/2020,Oswego,2,70,41,1820
05/06/2020,Oswego,0,70,48,1868
05/07/2020,Oswego,2,72,54,1922
05/08/2020,Oswego,3,75,52,1974
05/09/2020,Oswego,0,75,59,2033
05/10/2020,Oswego,0,75,49,2082
05/11/2020,Oswego,1,76,53,2135
05/12/2020,Oswego,0,76,59,2194
05/13/2020,Oswego,2,78,64,2258
05/14/2020,Oswego,2,80,110,2368
05/15/2020,Oswego,3,83,241,2609
05/16/2020,Oswego,1,84,81,2690
05/17/2020,Oswego,0,84,197,2887
05/18/2020,Oswego,5,89,95,2982
05/19/2020,Oswego,1,90,129,3111
05/20/2020,Oswego,2,92,300,3411
05/21/2020,Oswego,4,96,215,3626
05/22/2020,Oswego,3,99,302,3928
05/23/2020,Oswego,1,100,479,4407
05/24/2020,Oswego,4,104,131,4538
05/25/2020,Oswego,0,104,175,4713
05/26/2020,Oswego,1,105,337,5050
05/27/2020,Oswego,2,107,260,5310
05/28/2020,Oswego,1,108,252,5562
05/29/2020,Oswego,0,108,317,5879
05/30/2020,Oswego,1,109,443,6322
05/31/2020,Oswego,1,110,138,6460
06/01/2020,Oswego,0,110,308,6768
06/02/2020,Oswego,2,112,409,7177
06/03/2020,Oswego,0,112,185,7362
06/04/2020,Oswego,0,112,609,7971
06/05/2020,Oswego,2,114,475,8446
06/06/2020,Oswego,1,115,272,8718
06/07/2020,Oswego,0,115,414,9132
06/08/2020,Oswego,0,115,149,9281
06/09/2020,Oswego,0,115,489,9770
06/10/2020,Oswego,4,119,297,10067
06/11/2020,Oswego,1,120,614,10681
06/12/2020,Oswego,2,122,246,10927
06/13/2020,Oswego,0,122,274,11201
06/14/2020,Oswego,4,126,199,11400
06/15/2020,Oswego,13,139,197,11597
06/16/2020,Oswego,0,139,117,11714
06/17/2020,Oswego,5,144,417,12131
06/18/2020,Oswego,23,167,771,12902
06/19/2020,Oswego,2,169,351,13253
06/20/2020,Oswego,4,173,191,13444
06/21/2020,Oswego,0,173,258,13702
06/22/2020,Oswego,6,179,176,13878
06/23/2020,Oswego,9,188,191,14069
06/24/2020,Oswego,3,191,343,14412
06/25/2020,Oswego,1,192,363,14775
06/26/2020,Oswego,2,194,401,15176
03/02/2020,Otsego,0,0,0,0
03/03/2020,Otsego,0,0,0,0
03/04/2020,Otsego,0,0,0,0
03/05/2020,Otsego,0,0,0,0
03/06/2020,Otsego,0,0,0,0
03/07/2020,Otsego,0,0,1,1
03/08/2020,Otsego,0,0,1,2
03/09/2020,Otsego,0,0,0,2
03/10/2020,Otsego,0,0,0,2
03/11/2020,Otsego,0,0,0,2
03/12/2020,Otsego,0,0,0,2
03/13/2020,Otsego,0,0,1,3
03/14/2020,Otsego,0,0,2,5
03/15/2020,Otsego,0,0,1,6
03/16/2020,Otsego,0,0,0,6
03/17/2020,Otsego,0,0,1,7
03/18/2020,Otsego,0,0,2,9
03/19/2020,Otsego,0,0,10,19
03/20/2020,Otsego,0,0,20,39
03/21/2020,Otsego,0,0,11,50
03/22/2020,Otsego,1,1,10,60
03/23/2020,Otsego,0,1,11,71
03/24/2020,Otsego,1,2,5,76
03/25/2020,Otsego,1,3,6,82
03/26/2020,Otsego,2,5,12,94
03/27/2020,Otsego,2,7,19,113
03/28/2020,Otsego,3,10,21,134
03/29/2020,Otsego,7,17,16,150
03/30/2020,Otsego,1,18,8,158
03/31/2020,Otsego,1,19,19,177
04/01/2020,Otsego,2,21,17,194
04/02/2020,Otsego,0,21,12,206
04/03/2020,Otsego,5,26,53,259
04/04/2020,Otsego,3,29,25,284
04/05/2020,Otsego,5,34,41,325
04/06/2020,Otsego,0,34,43,368
04/07/2020,Otsego,4,38,31,399
04/08/2020,Otsego,1,39,42,441
04/09/2020,Otsego,2,41,40,481
04/10/2020,Otsego,2,43,34,515
04/11/2020,Otsego,0,43,15,530
04/12/2020,Otsego,0,43,35,565
04/13/2020,Otsego,1,44,90,655
04/14/2020,Otsego,0,44,14,669
04/15/2020,Otsego,0,44,15,684
04/16/2020,Otsego,0,44,9,693
04/17/2020,Otsego,3,47,18,711
04/18/2020,Otsego,1,48,18,729
04/19/2020,Otsego,1,49,10,739
04/20/2020,Otsego,0,49,10,749
04/21/2020,Otsego,0,49,15,764
04/22/2020,Otsego,1,50,22,786
04/23/2020,Otsego,0,50,18,804
04/24/2020,Otsego,10,60,249,1053
04/25/2020,Otsego,0,60,43,1096
04/26/2020,Otsego,2,62,38,1134
04/27/2020,Otsego,3,65,33,1167
04/28/2020,Otsego,1,66,34,1201
04/29/2020,Otsego,1,67,45,1246
04/30/2020,Otsego,0,67,40,1286
05/01/2020,Otsego,0,67,88,1374
05/02/2020,Otsego,0,67,42,1416
05/03/2020,Otsego,0,67,36,1452
05/04/2020,Otsego,0,67,87,1539
05/05/2020,Otsego,0,67,70,1609
05/06/2020,Otsego,0,67,43,1652
05/07/2020,Otsego,0,67,44,1696
05/08/2020,Otsego,0,67,39,1735
05/09/2020,Otsego,0,67,46,1781
05/10/2020,Otsego,0,67,40,1821
05/11/2020,Otsego,0,67,62,1883
05/12/2020,Otsego,0,67,82,1965
05/13/2020,Otsego,0,67,45,2010
05/14/2020,Otsego,0,67,27,2037
05/15/2020,Otsego,0,67,181,2218
05/16/2020,Otsego,0,67,50,2268
05/17/2020,Otsego,0,67,79,2347
05/18/2020,Otsego,0,67,129,2476
05/19/2020,Otsego,0,67,124,2600
05/20/2020,Otsego,0,67,65,2665
05/21/2020,Otsego,0,67,102,2767
05/22/2020,Otsego,1,68,90,2857
05/23/2020,Otsego,1,69,51,2908
05/24/2020,Otsego,0,69,38,2946
05/25/2020,Otsego,0,69,17,2963
05/26/2020,Otsego,0,69,243,3206
05/27/2020,Otsego,1,70,191,3397
05/28/2020,Otsego,1,71,128,3525
05/29/2020,Otsego,0,71,127,3652
05/30/2020,Otsego,1,72,184,3836
05/31/2020,Otsego,0,72,93,3929
06/01/2020,Otsego,1,73,189,4118
06/02/2020,Otsego,0,73,183,4301
06/03/2020,Otsego,0,73,112,4413
06/04/2020,Otsego,0,73,132,4545
06/05/2020,Otsego,1,74,265,4810
06/06/2020,Otsego,0,74,163,4973
06/07/2020,Otsego,1,75,144,5117
06/08/2020,Otsego,0,75,238,5355
06/09/2020,Otsego,2,77,144,5499
06/10/2020,Otsego,1,78,187,5686
06/11/2020,Otsego,0,78,148,5834
06/12/2020,Otsego,2,80,204,6038
06/13/2020,Otsego,0,80,54,6092
06/14/2020,Otsego,0,80,172,6264
06/15/2020,Otsego,1,81,260,6524
06/16/2020,Otsego,1,82,233,6757
06/17/2020,Otsego,0,82,165,6922
06/18/2020,Otsego,0,82,237,7159
06/19/2020,Otsego,0,82,122,7281
06/20/2020,Otsego,0,82,163,7444
06/21/2020,Otsego,1,83,138,7582
06/22/2020,Otsego,0,83,193,7775
06/23/2020,Otsego,0,83,86,7861
06/24/2020,Otsego,0,83,125,7986
06/25/2020,Otsego,0,83,128,8114
06/26/2020,Otsego,1,84,162,8276
03/02/2020,Putnam,0,0,0,0
03/03/2020,Putnam,0,0,0,0
03/04/2020,Putnam,0,0,0,0
03/05/2020,Putnam,0,0,1,1
03/06/2020,Putnam,0,0,0,1
03/07/2020,Putnam,0,0,1,2
03/08/2020,Putnam,0,0,0,2
03/09/2020,Putnam,0,0,1,3
03/10/2020,Putnam,0,0,0,3
03/11/2020,Putnam,0,0,7,10
03/12/2020,Putnam,0,0,1,11
03/13/2020,Putnam,0,0,14,25
03/14/2020,Putnam,0,0,3,28
03/15/2020,Putnam,2,2,10,38
03/16/2020,Putnam,0,2,5,43
03/17/2020,Putnam,0,2,7,50
03/18/2020,Putnam,3,5,32,82
03/19/2020,Putnam,2,7,35,117
03/20/2020,Putnam,15,22,79,196
03/21/2020,Putnam,15,37,75,271
03/22/2020,Putnam,8,45,47,318
03/23/2020,Putnam,22,67,70,388
03/24/2020,Putnam,16,83,51,439
03/25/2020,Putnam,11,94,75,514
03/26/2020,Putnam,17,111,47,561
03/27/2020,Putnam,20,131,84,645
03/28/2020,Putnam,13,144,41,686
03/29/2020,Putnam,23,167,63,749
03/30/2020,Putnam,19,186,71,820
03/31/2020,Putnam,21,207,57,877
04/01/2020,Putnam,9,216,46,923
04/02/2020,Putnam,36,252,90,1013
04/03/2020,Putnam,31,283,96,1109
04/04/2020,Putnam,31,314,78,1187
04/05/2020,Putnam,31,345,122,1309
04/06/2020,Putnam,21,366,72,1381
04/07/2020,Putnam,37,403,115,1496
04/08/2020,Putnam,35,438,158,1654
04/09/2020,Putnam,49,487,169,1823
04/10/2020,Putnam,7,494,18,1841
04/11/2020,Putnam,3,497,12,1853
04/12/2020,Putnam,5,502,8,1861
04/13/2020,Putnam,56,558,217,2078
04/14/2020,Putnam,13,571,43,2121
04/15/2020,Putnam,2,573,6,2127
04/16/2020,Putnam,5,578,11,2138
04/17/2020,Putnam,4,582,13,2151
04/18/2020,Putnam,10,592,37,2188
04/19/2020,Putnam,7,599,21,2209
04/20/2020,Putnam,6,605,30,2239
04/21/2020,Putnam,6,611,31,2270
04/22/2020,Putnam,4,615,19,2289
04/23/2020,Putnam,4,619,25,2314
04/24/2020,Putnam,266,885,1134,3448
04/25/2020,Putnam,19,904,112,3560
04/26/2020,Putnam,21,925,127,3687
04/27/2020,Putnam,7,932,82,3769
04/28/2020,Putnam,14,946,150,3919
04/29/2020,Putnam,24,970,251,4170
04/30/2020,Putnam,20,990,144,4314
05/01/2020,Putnam,13,1003,115,4429
05/02/2020,Putnam,10,1013,90,4519
05/03/2020,Putnam,13,1026,114,4633
05/04/2020,Putnam,5,1031,87,4720
05/05/2020,Putnam,9,1040,96,4816
05/06/2020,Putnam,26,1066,317,5133
05/07/2020,Putnam,8,1074,121,5254
05/08/2020,Putnam,6,1080,161,5415
05/09/2020,Putnam,9,1089,155,5570
05/10/2020,Putnam,9,1098,122,5692
05/11/2020,Putnam,0,1098,42,5734
05/12/2020,Putnam,10,1108,138,5872
05/13/2020,Putnam,7,1115,151,6023
05/14/2020,Putnam,6,1121,149,6172
05/15/2020,Putnam,6,1127,153,6325
05/16/2020,Putnam,9,1136,131,6456
05/17/2020,Putnam,5,1141,116,6572
05/18/2020,Putnam,18,1159,125,6697
05/19/2020,Putnam,9,1168,155,6852
05/20/2020,Putnam,7,1175,165,7017
05/21/2020,Putnam,12,1187,156,7173
05/22/2020,Putnam,13,1200,236,7409
05/23/2020,Putnam,8,1208,161,7570
05/24/2020,Putnam,6,1214,185,7755
05/25/2020,Putnam,8,1222,184,7939
05/26/2020,Putnam,5,1227,125,8064
05/27/2020,Putnam,9,1236,425,8489
05/28/2020,Putnam,5,1241,194,8683
05/29/2020,Putnam,7,1248,312,8995
05/30/2020,Putnam,4,1252,264,9259
05/31/2020,Putnam,5,1257,247,9506
06/01/2020,Putnam,5,1262,248,9754
06/02/2020,Putnam,2,1264,286,10040
06/03/2020,Putnam,4,1268,311,10351
06/04/2020,Putnam,2,1270,313,10664
06/05/2020,Putnam,4,1274,306,10970
06/06/2020,Putnam,3,1277,203,11173
06/07/2020,Putnam,2,1279,252,11425
06/08/2020,Putnam,1,1280,228,11653
06/09/2020,Putnam,2,1282,296,11949
06/10/2020,Putnam,0,1282,319,12268
06/11/2020,Putnam,0,1282,253,12521
06/12/2020,Putnam,3,1285,329,12850
06/13/2020,Putnam,3,1288,209,13059
06/14/2020,Putnam,3,1291,214,13273
06/15/2020,Putnam,1,1292,193,13466
06/16/2020,Putnam,2,1294,324,13790
06/17/2020,Putnam,1,1295,185,13975
06/18/2020,Putnam,4,1299,432,14407
06/19/2020,Putnam,2,1301,248,14655
06/20/2020,Putnam,0,1301,241,14896
06/21/2020,Putnam,4,1305,253,15149
06/22/2020,Putnam,0,1305,194,15343
06/23/2020,Putnam,1,1306,226,15569
06/24/2020,Putnam,5,1311,343,15912
06/25/2020,Putnam,6,1317,216,16128
06/26/2020,Putnam,2,1319,376,16504
03/02/2020,Queens,0,0,0,0
03/03/2020,Queens,0,0,2,2
03/04/2020,Queens,0,0,0,2
03/05/2020,Queens,1,1,6,8
03/06/2020,Queens,1,2,10,18
03/07/2020,Queens,0,2,14,32
03/08/2020,Queens,1,3,13,45
03/09/2020,Queens,0,3,15,60
03/10/2020,Queens,4,7,18,78
03/11/2020,Queens,5,12,44,122
03/12/2020,Queens,15,27,74,196
03/13/2020,Queens,30,57,154,350
03/14/2020,Queens,18,75,110,460
03/15/2020,Queens,49,124,198,658
03/16/2020,Queens,38,162,136,794
03/17/2020,Queens,123,285,371,1165
03/18/2020,Queens,336,621,768,1933
03/19/2020,Queens,519,1140,1179,3112
03/20/2020,Queens,491,1631,1218,4330
03/21/2020,Queens,843,2474,1927,6257
03/22/2020,Queens,1152,3626,2048,8305
03/23/2020,Queens,839,4465,1518,9823
03/24/2020,Queens,1010,5475,1736,11559
03/25/2020,Queens,1238,6713,2110,13669
03/26/2020,Queens,1324,8037,2115,15784
03/27/2020,Queens,1238,9275,2055,17839
03/28/2020,Queens,1136,10411,1845,19684
03/29/2020,Queens,1258,11669,1915,21599
03/30/2020,Queens,2022,13691,3325,24924
03/31/2020,Queens,1211,14902,1871,26795
04/01/2020,Queens,1366,16268,2157,28952
04/02/2020,Queens,1899,18167,3048,32000
04/03/2020,Queens,1947,20114,3407,35407
04/04/2020,Queens,1322,21436,2255,37662
04/05/2020,Queens,1697,23133,2730,40392
04/06/2020,Queens,1707,24840,2864,43256
04/07/2020,Queens,1408,26248,2884,46140
04/08/2020,Queens,1504,27752,2831,48971
04/09/2020,Queens,1551,29303,2941,51912
04/10/2020,Queens,1988,31291,3803,55715
04/11/2020,Queens,1544,32835,3219,58934
04/12/2020,Queens,1150,33985,2481,61415
04/13/2020,Queens,1068,35053,2430,63845
04/14/2020,Queens,1712,36765,3674,67519
04/15/2020,Queens,1153,37918,3144,70663
04/16/2020,Queens,1173,39091,3056,73719
04/17/2020,Queens,1125,40216,3347,77066
04/18/2020,Queens,1021,41237,3338,80404
04/19/2020,Queens,786,42023,2428,82832
04/20/2020,Queens,799,42822,2498,85330
04/21/2020,Queens,891,43713,3058,88388
04/22/2020,Queens,1191,44904,4142,92530
04/23/2020,Queens,1483,46387,5468,97998
04/24/2020,Queens,1474,47861,5296,103294
04/25/2020,Queens,884,48745,3676,106970
04/26/2020,Queens,654,49399,2829,109799
04/27/2020,Queens,530,49929,2628,112427
04/28/2020,Queens,812,50741,4061,116488
04/29/2020,Queens,890,51631,4201,120689
04/30/2020,Queens,643,52274,3689,124378
05/01/2020,Queens,765,53039,4517,128895
05/02/2020,Queens,601,53640,3755,132650
05/03/2020,Queens,450,54090,2696,135346
05/04/2020,Queens,358,54448,2633,137979
05/05/2020,Queens,432,54880,3591,141570
05/06/2020,Queens,570,55450,4505,146075
05/07/2020,Queens,494,55944,3992,150067
05/08/2020,Queens,549,56493,4596,154663
05/09/2020,Queens,369,56862,3416,158079
05/10/2020,Queens,318,57180,2937,161016
05/11/2020,Queens,211,57391,2552,163568
05/12/2020,Queens,357,57748,3829,167397
05/13/2020,Queens,336,58084,4439,171836
05/14/2020,Queens,432,58516,4879,176715
05/15/2020,Queens,325,58841,4644,181359
05/16/2020,Queens,291,59132,4209,185568
05/17/2020,Queens,192,59324,3226,188794
05/18/2020,Queens,184,59508,3363,192157
05/19/2020,Queens,244,59752,4581,196738
05/20/2020,Queens,273,60025,5151,201889
05/21/2020,Queens,211,60236,5181,207070
05/22/2020,Queens,186,60422,5388,212458
05/23/2020,Queens,214,60636,5270,217728
05/24/2020,Queens,192,60828,4448,222176
05/25/2020,Queens,132,60960,3789,225965
05/26/2020,Queens,165,61125,4201,230166
05/27/2020,Queens,275,61400,9126,239292
05/28/2020,Queens,244,61644,8480,247772
05/29/2020,Queens,183,61827,7088,254860
05/30/2020,Queens,148,61975,6226,261086
05/31/2020,Queens,119,62094,5906,266992
06/01/2020,Queens,199,62293,7231,274223
06/02/2020,Queens,132,62425,6319,280542
06/03/2020,Queens,117,62542,6451,286993
06/04/2020,Queens,150,62692,6695,293688
06/05/2020,Queens,158,62850,7672,301360
06/06/2020,Queens,113,62963,6497,307857
06/07/2020,Queens,134,63097,6514,314371
06/08/2020,Queens,97,63194,5227,319598
06/09/2020,Queens,132,63326,7770,327368
06/10/2020,Queens,106,63432,6796,334164
06/11/2020,Queens,141,63573,7566,341730
06/12/2020,Queens,154,63727,7817,349547
06/13/2020,Queens,95,63822,6737,356284
06/14/2020,Queens,110,63932,7488,363772
06/15/2020,Queens,110,64042,7036,370808
06/16/2020,Queens,134,64176,8317,379125
06/17/2020,Queens,92,64268,8696,387821
06/18/2020,Queens,112,64380,9082,396903
06/19/2020,Queens,106,64486,9753,406656
06/20/2020,Queens,135,64621,9115,415771
06/21/2020,Queens,91,64712,8237,424008
06/22/2020,Queens,85,64797,6537,430545
06/23/2020,Queens,84,64881,6683,437228
06/24/2020,Queens,106,64987,7723,444951
06/25/2020,Queens,102,65089,6943,451894
06/26/2020,Queens,86,65175,9718,461612
03/02/2020,Rensselaer,0,0,0,0
03/03/2020,Rensselaer,0,0,0,0
03/04/2020,Rensselaer,0,0,2,2
03/05/2020,Rensselaer,0,0,0,2
03/06/2020,Rensselaer,0,0,0,2
03/07/2020,Rensselaer,0,0,2,4
03/08/2020,Rensselaer,0,0,0,4
03/09/2020,Rensselaer,0,0,1,5
03/10/2020,Rensselaer,0,0,1,6
03/11/2020,Rensselaer,0,0,1,7
03/12/2020,Rensselaer,0,0,2,9
03/13/2020,Rensselaer,0,0,11,20
03/14/2020,Rensselaer,0,0,40,60
03/15/2020,Rensselaer,0,0,50,110
03/16/2020,Rensselaer,1,1,39,149
03/17/2020,Rensselaer,3,4,70,219
03/18/2020,Rensselaer,2,6,136,355
03/19/2020,Rensselaer,2,8,156,511
03/20/2020,Rensselaer,12,20,166,677
03/21/2020,Rensselaer,6,26,173,850
03/22/2020,Rensselaer,3,29,78,928
03/23/2020,Rensselaer,1,30,47,975
03/24/2020,Rensselaer,1,31,26,1001
03/25/2020,Rensselaer,1,32,22,1023
03/26/2020,Rensselaer,3,35,26,1049
03/27/2020,Rensselaer,3,38,37,1086
03/28/2020,Rensselaer,1,39,12,1098
03/29/2020,Rensselaer,1,40,25,1123
03/30/2020,Rensselaer,1,41,20,1143
03/31/2020,Rensselaer,2,43,19,1162
04/01/2020,Rensselaer,10,53,42,1204
04/02/2020,Rensselaer,3,56,31,1235
04/03/2020,Rensselaer,2,58,18,1253
04/04/2020,Rensselaer,2,60,48,1301
04/05/2020,Rensselaer,2,62,29,1330
04/06/2020,Rensselaer,5,67,30,1360
04/07/2020,Rensselaer,8,75,53,1413
04/08/2020,Rensselaer,4,79,52,1465
04/09/2020,Rensselaer,12,91,101,1566
04/10/2020,Rensselaer,5,96,40,1606
04/11/2020,Rensselaer,9,105,65,1671
04/12/2020,Rensselaer,8,113,61,1732
04/13/2020,Rensselaer,7,120,79,1811
04/14/2020,Rensselaer,4,124,42,1853
04/15/2020,Rensselaer,13,137,106,1959
04/16/2020,Rensselaer,13,150,100,2059
04/17/2020,Rensselaer,14,164,135,2194
04/18/2020,Rensselaer,9,173,117,2311
04/19/2020,Rensselaer,4,177,51,2362
04/20/2020,Rensselaer,6,183,50,2412
04/21/2020,Rensselaer,3,186,49,2461
04/22/2020,Rensselaer,5,191,52,2513
04/23/2020,Rensselaer,7,198,80,2593
04/24/2020,Rensselaer,23,221,209,2802
04/25/2020,Rensselaer,21,242,151,2953
04/26/2020,Rensselaer,4,246,83,3036
04/27/2020,Rensselaer,4,250,39,3075
04/28/2020,Rensselaer,12,262,91,3166
04/29/2020,Rensselaer,25,287,142,3308
04/30/2020,Rensselaer,11,298,101,3409
05/01/2020,Rensselaer,13,311,112,3521
05/02/2020,Rensselaer,11,322,170,3691
05/03/2020,Rensselaer,15,337,148,3839
05/04/2020,Rensselaer,2,339,71,3910
05/05/2020,Rensselaer,8,347,126,4036
05/06/2020,Rensselaer,20,367,159,4195
05/07/2020,Rensselaer,13,380,194,4389
05/08/2020,Rensselaer,27,407,187,4576
05/09/2020,Rensselaer,2,409,248,4824
05/10/2020,Rensselaer,2,411,62,4886
05/11/2020,Rensselaer,5,416,91,4977
05/12/2020,Rensselaer,4,420,429,5406
05/13/2020,Rensselaer,3,423,278,5684
05/14/2020,Rensselaer,5,428,204,5888
05/15/2020,Rensselaer,10,438,225,6113
05/16/2020,Rensselaer,1,439,113,6226
05/17/2020,Rensselaer,5,444,198,6424
05/18/2020,Rensselaer,0,444,76,6500
05/19/2020,Rensselaer,9,453,292,6792
05/20/2020,Rensselaer,3,456,403,7195
05/21/2020,Rensselaer,4,460,379,7574
05/22/2020,Rensselaer,3,463,386,7960
05/23/2020,Rensselaer,0,463,363,8323
05/24/2020,Rensselaer,2,465,123,8446
05/25/2020,Rensselaer,1,466,158,8604
05/26/2020,Rensselaer,0,466,150,8754
05/27/2020,Rensselaer,3,469,405,9159
05/28/2020,Rensselaer,9,478,319,9478
05/29/2020,Rensselaer,8,486,337,9815
05/30/2020,Rensselaer,5,491,313,10128
05/31/2020,Rensselaer,1,492,274,10402
06/01/2020,Rensselaer,1,493,168,10570
06/02/2020,Rensselaer,2,495,426,10996
06/03/2020,Rensselaer,0,495,312,11308
06/04/2020,Rensselaer,2,497,592,11900
06/05/2020,Rensselaer,2,499,332,12232
06/06/2020,Rensselaer,3,502,421,12653
06/07/2020,Rensselaer,1,503,517,13170
06/08/2020,Rensselaer,2,505,182,13352
06/09/2020,Rensselaer,2,507,316,13668
06/10/2020,Rensselaer,1,508,299,13967
06/11/2020,Rensselaer,2,510,665,14632
06/12/2020,Rensselaer,1,511,261,14893
06/13/2020,Rensselaer,2,513,262,15155
06/14/2020,Rensselaer,1,514,309,15464
06/15/2020,Rensselaer,0,514,252,15716
06/16/2020,Rensselaer,1,515,199,15915
06/17/2020,Rensselaer,0,515,383,16298
06/18/2020,Rensselaer,4,519,413,16711
06/19/2020,Rensselaer,2,521,374,17085
06/20/2020,Rensselaer,3,524,401,17486
06/21/2020,Rensselaer,4,528,361,17847
06/22/2020,Rensselaer,5,533,197,18044
06/23/2020,Rensselaer,1,534,277,18321
06/24/2020,Rensselaer,7,541,450,18771
06/25/2020,Rensselaer,8,549,350,19121
06/26/2020,Rensselaer,1,550,468,19589
03/02/2020,Richmond,0,0,0,0
03/03/2020,Richmond,0,0,0,0
03/04/2020,Richmond,0,0,0,0
03/05/2020,Richmond,0,0,0,0
03/06/2020,Richmond,0,0,3,3
03/07/2020,Richmond,0,0,2,5
03/08/2020,Richmond,0,0,0,5
03/09/2020,Richmond,0,0,6,11
03/10/2020,Richmond,1,1,5,16
03/11/2020,Richmond,1,2,5,21
03/12/2020,Richmond,4,6,16,37
03/13/2020,Richmond,5,11,34,71
03/14/2020,Richmond,3,14,29,100
03/15/2020,Richmond,6,20,27,127
03/16/2020,Richmond,11,31,35,162
03/17/2020,Richmond,26,57,61,223
03/18/2020,Richmond,33,90,110,333
03/19/2020,Richmond,116,206,272,605
03/20/2020,Richmond,109,315,334,939
03/21/2020,Richmond,207,522,645,1584
03/22/2020,Richmond,193,715,417,2001
03/23/2020,Richmond,200,915,487,2488
03/24/2020,Richmond,110,1025,223,2711
03/25/2020,Richmond,164,1189,293,3004
03/26/2020,Richmond,223,1412,413,3417
03/27/2020,Richmond,415,1827,847,4264
03/28/2020,Richmond,402,2229,878,5142
03/29/2020,Richmond,336,2565,711,5853
03/30/2020,Richmond,324,2889,691,6544
03/31/2020,Richmond,299,3188,616,7160
04/01/2020,Richmond,279,3467,559,7719
04/02/2020,Richmond,287,3754,563,8282
04/03/2020,Richmond,319,4073,679,8961
04/04/2020,Richmond,218,4291,513,9474
04/05/2020,Richmond,288,4579,600,10074
04/06/2020,Richmond,218,4797,605,10679
04/07/2020,Richmond,546,5343,1262,11941
04/08/2020,Richmond,641,5984,1528,13469
04/09/2020,Richmond,500,6484,1212,14681
04/10/2020,Richmond,376,6860,807,15488
04/11/2020,Richmond,456,7316,1030,16518
04/12/2020,Richmond,352,7668,887,17405
04/13/2020,Richmond,292,7960,725,18130
04/14/2020,Richmond,338,8298,743,18873
04/15/2020,Richmond,386,8684,1184,20057
04/16/2020,Richmond,347,9031,1084,21141
04/17/2020,Richmond,302,9333,1106,22247
04/18/2020,Richmond,341,9674,1288,23535
04/19/2020,Richmond,239,9913,874,24409
04/20/2020,Richmond,208,10121,882,25291
04/21/2020,Richmond,224,10345,998,26289
04/22/2020,Richmond,245,10590,1031,27320
04/23/2020,Richmond,293,10883,1272,28592
04/24/2020,Richmond,246,11129,1011,29603
04/25/2020,Richmond,154,11283,882,30485
04/26/2020,Richmond,140,11423,658,31143
04/27/2020,Richmond,93,11516,567,31710
04/28/2020,Richmond,144,11660,935,32645
04/29/2020,Richmond,151,11811,841,33486
04/30/2020,Richmond,126,11937,849,34335
05/01/2020,Richmond,157,12094,918,35253
05/02/2020,Richmond,101,12195,729,35982
05/03/2020,Richmond,60,12255,549,36531
05/04/2020,Richmond,62,12317,573,37104
05/05/2020,Richmond,84,12401,702,37806
05/06/2020,Richmond,105,12506,828,38634
05/07/2020,Richmond,72,12578,672,39306
05/08/2020,Richmond,72,12650,832,40138
05/09/2020,Richmond,52,12702,717,40855
05/10/2020,Richmond,45,12747,493,41348
05/11/2020,Richmond,22,12769,517,41865
05/12/2020,Richmond,41,12810,806,42671
05/13/2020,Richmond,51,12861,869,43540
05/14/2020,Richmond,48,12909,812,44352
05/15/2020,Richmond,65,12974,843,45195
05/16/2020,Richmond,37,13011,713,45908
05/17/2020,Richmond,36,13047,571,46479
05/18/2020,Richmond,22,13069,621,47100
05/19/2020,Richmond,31,13100,751,47851
05/20/2020,Richmond,40,13140,908,48759
05/21/2020,Richmond,31,13171,877,49636
05/22/2020,Richmond,44,13215,1232,50868
05/23/2020,Richmond,51,13266,1120,51988
05/24/2020,Richmond,21,13287,732,52720
05/25/2020,Richmond,38,13325,1047,53767
05/26/2020,Richmond,23,13348,720,54487
05/27/2020,Richmond,56,13404,1623,56110
05/28/2020,Richmond,51,13455,1731,57841
05/29/2020,Richmond,50,13505,1376,59217
05/30/2020,Richmond,17,13522,1214,60431
05/31/2020,Richmond,15,13537,1200,61631
06/01/2020,Richmond,25,13562,972,62603
06/02/2020,Richmond,23,13585,991,63594
06/03/2020,Richmond,36,13621,1784,65378
06/04/2020,Richmond,42,13663,1576,66954
06/05/2020,Richmond,28,13691,1886,68840
06/06/2020,Richmond,26,13717,1379,70219
06/07/2020,Richmond,10,13727,1182,71401
06/08/2020,Richmond,20,13747,896,72297
06/09/2020,Richmond,14,13761,1144,73441
06/10/2020,Richmond,19,13780,1290,74731
06/11/2020,Richmond,20,13800,1547,76278
06/12/2020,Richmond,17,13817,1596,77874
06/13/2020,Richmond,40,13857,1365,79239
06/14/2020,Richmond,21,13878,1391,80630
06/15/2020,Richmond,10,13888,2387,83017
06/16/2020,Richmond,5,13893,1328,84345
06/17/2020,Richmond,7,13900,1579,85924
06/18/2020,Richmond,17,13917,2306,88230
06/19/2020,Richmond,27,13944,1882,90112
06/20/2020,Richmond,14,13958,1749,91861
06/21/2020,Richmond,13,13971,1507,93368
06/22/2020,Richmond,12,13983,1121,94489
06/23/2020,Richmond,11,13994,1894,96383
06/24/2020,Richmond,26,14020,2032,98415
06/25/2020,Richmond,17,14037,1707,100122
06/26/2020,Richmond,15,14052,1697,101819
03/02/2020,Rockland,0,0,0,0
03/03/2020,Rockland,0,0,0,0
03/04/2020,Rockland,0,0,0,0
03/05/2020,Rockland,0,0,0,0
03/06/2020,Rockland,1,1,1,1
03/07/2020,Rockland,0,1,0,1
03/08/2020,Rockland,0,1,2,3
03/09/2020,Rockland,3,4,7,10
03/10/2020,Rockland,0,4,2,12
03/11/2020,Rockland,2,6,2,14
03/12/2020,Rockland,2,8,5,19
03/13/2020,Rockland,1,9,8,27
03/14/2020,Rockland,3,12,21,48
03/15/2020,Rockland,1,13,35,83
03/16/2020,Rockland,9,22,39,122
03/17/2020,Rockland,8,30,29,151
03/18/2020,Rockland,23,53,58,209
03/19/2020,Rockland,48,101,192,401
03/20/2020,Rockland,161,262,569,970
03/21/2020,Rockland,193,455,604,1574
03/22/2020,Rockland,137,592,393,1967
03/23/2020,Rockland,79,671,315,2282
03/24/2020,Rockland,297,968,592,2874
03/25/2020,Rockland,229,1197,567,3441
03/26/2020,Rockland,260,1457,588,4029
03/27/2020,Rockland,439,1896,1078,5107
03/28/2020,Rockland,313,2209,827,5934
03/29/2020,Rockland,302,2511,604,6538
03/30/2020,Rockland,352,2863,739,7277
03/31/2020,Rockland,458,3321,930,8207
04/01/2020,Rockland,430,3751,904,9111
04/02/2020,Rockland,538,4289,997,10108
04/03/2020,Rockland,583,4872,1124,11232
04/04/2020,Rockland,454,5326,880,12112
04/05/2020,Rockland,377,5703,732,12844
04/06/2020,Rockland,287,5990,662,13506
04/07/2020,Rockland,423,6413,1027,14533
04/08/2020,Rockland,252,6665,648,15181
04/09/2020,Rockland,457,7122,1013,16194
04/10/2020,Rockland,355,7477,785,16979
04/11/2020,Rockland,244,7721,569,17548
04/12/2020,Rockland,244,7965,586,18134
04/13/2020,Rockland,370,8335,779,18913
04/14/2020,Rockland,139,8474,371,19284
04/15/2020,Rockland,278,8752,830,20114
04/16/2020,Rockland,235,8987,678,20792
04/17/2020,Rockland,184,9171,610,21402
04/18/2020,Rockland,193,9364,547,21949
04/19/2020,Rockland,93,9457,316,22265
04/20/2020,Rockland,111,9568,407,22672
04/21/2020,Rockland,131,9699,478,23150
04/22/2020,Rockland,129,9828,584,23734
04/23/2020,Rockland,263,10091,1255,24989
04/24/2020,Rockland,1000,11091,2606,27595
04/25/2020,Rockland,165,11256,677,28272
04/26/2020,Rockland,110,11366,565,28837
04/27/2020,Rockland,87,11453,537,29374
04/28/2020,Rockland,133,11586,528,29902
04/29/2020,Rockland,122,11708,691,30593
04/30/2020,Rockland,104,11812,823,31416
05/01/2020,Rockland,133,11945,779,32195
05/02/2020,Rockland,80,12025,598,32793
05/03/2020,Rockland,70,12095,476,33269
05/04/2020,Rockland,49,12144,437,33706
05/05/2020,Rockland,60,12204,401,34107
05/06/2020,Rockland,76,12280,852,34959
05/07/2020,Rockland,69,12349,740,35699
05/08/2020,Rockland,51,12400,669,36368
05/09/2020,Rockland,51,12451,582,36950
05/10/2020,Rockland,33,12484,564,37514
05/11/2020,Rockland,20,12504,368,37882
05/12/2020,Rockland,39,12543,637,38519
05/13/2020,Rockland,53,12596,1096,39615
05/14/2020,Rockland,41,12637,851,40466
05/15/2020,Rockland,51,12688,1035,41501
05/16/2020,Rockland,70,12758,779,42280
05/17/2020,Rockland,19,12777,486,42766
05/18/2020,Rockland,21,12798,338,43104
05/19/2020,Rockland,33,12831,577,43681
05/20/2020,Rockland,46,12877,1091,44772
05/21/2020,Rockland,28,12905,790,45562
05/22/2020,Rockland,29,12934,814,46376
05/23/2020,Rockland,29,12963,735,47111
05/24/2020,Rockland,33,12996,634,47745
05/25/2020,Rockland,23,13019,652,48397
05/26/2020,Rockland,28,13047,554,48951
05/27/2020,Rockland,29,13076,1115,50066
05/28/2020,Rockland,24,13100,1097,51163
05/29/2020,Rockland,28,13128,807,51970
05/30/2020,Rockland,23,13151,616,52586
05/31/2020,Rockland,34,13185,682,53268
06/01/2020,Rockland,38,13223,785,54053
06/02/2020,Rockland,36,13259,1088,55141
06/03/2020,Rockland,21,13280,969,56110
06/04/2020,Rockland,17,13297,1191,57301
06/05/2020,Rockland,18,13315,1030,58331
06/06/2020,Rockland,10,13325,795,59126
06/07/2020,Rockland,15,13340,761,59887
06/08/2020,Rockland,13,13353,847,60734
06/09/2020,Rockland,19,13372,843,61577
06/10/2020,Rockland,13,13385,976,62553
06/11/2020,Rockland,11,13396,905,63458
06/12/2020,Rockland,15,13411,885,64343
06/13/2020,Rockland,12,13423,876,65219
06/14/2020,Rockland,18,13441,797,66016
06/15/2020,Rockland,19,13460,770,66786
06/16/2020,Rockland,7,13467,683,67469
06/17/2020,Rockland,7,13474,918,68387
06/18/2020,Rockland,12,13486,1081,69468
06/19/2020,Rockland,9,13495,804,70272
06/20/2020,Rockland,9,13504,628,70900
06/21/2020,Rockland,10,13514,603,71503
06/22/2020,Rockland,15,13529,575,72078
06/23/2020,Rockland,5,13534,498,72576
06/24/2020,Rockland,15,13549,686,73262
06/25/2020,Rockland,8,13557,881,74143
06/26/2020,Rockland,9,13566,951,75094
03/02/2020,Saratoga,0,0,0,0
03/03/2020,Saratoga,0,0,0,0
03/04/2020,Saratoga,0,0,0,0
03/05/2020,Saratoga,0,0,0,0
03/06/2020,Saratoga,0,0,0,0
03/07/2020,Saratoga,0,0,1,1
03/08/2020,Saratoga,0,0,0,1
03/09/2020,Saratoga,2,2,9,10
03/10/2020,Saratoga,0,2,2,12
03/11/2020,Saratoga,1,3,31,43
03/12/2020,Saratoga,0,3,32,75
03/13/2020,Saratoga,0,3,41,116
03/14/2020,Saratoga,0,3,45,161
03/15/2020,Saratoga,2,5,66,227
03/16/2020,Saratoga,4,9,55,282
03/17/2020,Saratoga,5,14,76,358
03/18/2020,Saratoga,4,18,156,514
03/19/2020,Saratoga,6,24,102,616
03/20/2020,Saratoga,11,35,279,895
03/21/2020,Saratoga,6,41,143,1038
03/22/2020,Saratoga,12,53,164,1202
03/23/2020,Saratoga,7,60,76,1278
03/24/2020,Saratoga,4,64,69,1347
03/25/2020,Saratoga,9,73,55,1402
03/26/2020,Saratoga,9,82,69,1471
03/27/2020,Saratoga,14,96,82,1553
03/28/2020,Saratoga,6,102,51,1604
03/29/2020,Saratoga,3,105,15,1619
03/30/2020,Saratoga,3,108,23,1642
03/31/2020,Saratoga,14,122,78,1720
04/01/2020,Saratoga,10,132,69,1789
04/02/2020,Saratoga,9,141,53,1842
04/03/2020,Saratoga,0,141,57,1899
04/04/2020,Saratoga,7,148,110,2009
04/05/2020,Saratoga,5,153,34,2043
04/06/2020,Saratoga,2,155,40,2083
04/07/2020,Saratoga,7,162,73,2156
04/08/2020,Saratoga,10,172,113,2269
04/09/2020,Saratoga,10,182,154,2423
04/10/2020,Saratoga,5,187,68,2491
04/11/2020,Saratoga,9,196,88,2579
04/12/2020,Saratoga,5,201,61,2640
04/13/2020,Saratoga,23,224,193,2833
04/14/2020,Saratoga,3,227,71,2904
04/15/2020,Saratoga,4,231,92,2996
04/16/2020,Saratoga,5,236,77,3073
04/17/2020,Saratoga,8,244,98,3171
04/18/2020,Saratoga,7,251,105,3276
04/19/2020,Saratoga,3,254,32,3308
04/20/2020,Saratoga,3,257,42,3350
04/21/2020,Saratoga,7,264,101,3451
04/22/2020,Saratoga,1,265,52,3503
04/23/2020,Saratoga,13,278,127,3630
04/24/2020,Saratoga,42,320,642,4272
04/25/2020,Saratoga,10,330,217,4489
04/26/2020,Saratoga,6,336,114,4603
04/27/2020,Saratoga,7,343,116,4719
04/28/2020,Saratoga,3,346,125,4844
04/29/2020,Saratoga,8,354,195,5039
04/30/2020,Saratoga,4,358,171,5210
05/01/2020,Saratoga,3,361,173,5383
05/02/2020,Saratoga,2,363,203,5586
05/03/2020,Saratoga,4,367,103,5689
05/04/2020,Saratoga,1,368,115,5804
05/05/2020,Saratoga,3,371,173,5977
05/06/2020,Saratoga,3,374,157,6134
05/07/2020,Saratoga,14,388,174,6308
05/08/2020,Saratoga,11,399,179,6487
05/09/2020,Saratoga,3,402,183,6670
05/10/2020,Saratoga,1,403,170,6840
05/11/2020,Saratoga,4,407,154,6994
05/12/2020,Saratoga,3,410,196,7190
05/13/2020,Saratoga,5,415,280,7470
05/14/2020,Saratoga,6,421,266,7736
05/15/2020,Saratoga,2,423,358,8094
05/16/2020,Saratoga,5,428,560,8654
05/17/2020,Saratoga,6,434,242,8896
05/18/2020,Saratoga,2,436,139,9035
05/19/2020,Saratoga,2,438,267,9302
05/20/2020,Saratoga,2,440,458,9760
05/21/2020,Saratoga,8,448,351,10111
05/22/2020,Saratoga,4,452,254,10365
05/23/2020,Saratoga,4,456,316,10681
05/24/2020,Saratoga,5,461,185,10866
05/25/2020,Saratoga,2,463,312,11178
05/26/2020,Saratoga,2,465,285,11463
05/27/2020,Saratoga,3,468,292,11755
05/28/2020,Saratoga,5,473,511,12266
05/29/2020,Saratoga,4,477,518,12784
05/30/2020,Saratoga,3,480,399,13183
05/31/2020,Saratoga,3,483,487,13670
06/01/2020,Saratoga,1,484,317,13987
06/02/2020,Saratoga,5,489,609,14596
06/03/2020,Saratoga,4,493,741,15337
06/04/2020,Saratoga,3,496,574,15911
06/05/2020,Saratoga,5,501,610,16521
06/06/2020,Saratoga,1,502,520,17041
06/07/2020,Saratoga,2,504,654,17695
06/08/2020,Saratoga,7,511,396,18091
06/09/2020,Saratoga,0,511,495,18586
06/10/2020,Saratoga,2,513,577,19163
06/11/2020,Saratoga,1,514,693,19856
06/12/2020,Saratoga,0,514,357,20213
06/13/2020,Saratoga,1,515,437,20650
06/14/2020,Saratoga,2,517,568,21218
06/15/2020,Saratoga,5,522,425,21643
06/16/2020,Saratoga,1,523,435,22078
06/17/2020,Saratoga,3,526,488,22566
06/18/2020,Saratoga,2,528,546,23112
06/19/2020,Saratoga,3,531,561,23673
06/20/2020,Saratoga,2,533,492,24165
06/21/2020,Saratoga,2,535,543,24708
06/22/2020,Saratoga,3,538,273,24981
06/23/2020,Saratoga,0,538,470,25451
06/24/2020,Saratoga,2,540,389,25840
06/25/2020,Saratoga,0,540,564,26404
06/26/2020,Saratoga,6,546,589,26993
03/02/2020,Schenectady,0,0,0,0
03/03/2020,Schenectady,0,0,0,0
03/04/2020,Schenectady,0,0,0,0
03/05/2020,Schenectady,0,0,0,0
03/06/2020,Schenectady,0,0,0,0
03/07/2020,Schenectady,0,0,0,0
03/08/2020,Schenectady,0,0,1,1
03/09/2020,Schenectady,0,0,2,3
03/10/2020,Schenectady,0,0,0,3
03/11/2020,Schenectady,0,0,12,15
03/12/2020,Schenectady,0,0,5,20
03/13/2020,Schenectady,1,1,20,40
03/14/2020,Schenectady,1,2,54,94
03/15/2020,Schenectady,2,4,42,136
03/16/2020,Schenectady,1,5,27,163
03/17/2020,Schenectady,9,14,98,261
03/18/2020,Schenectady,4,18,131,392
03/19/2020,Schenectady,3,21,115,507
03/20/2020,Schenectady,11,32,157,664
03/21/2020,Schenectady,7,39,123,787
03/22/2020,Schenectady,5,44,62,849
03/23/2020,Schenectady,2,46,50,899
03/24/2020,Schenectady,9,55,53,952
03/25/2020,Schenectady,7,62,32,984
03/26/2020,Schenectady,4,66,41,1025
03/27/2020,Schenectady,6,72,43,1068
03/28/2020,Schenectady,4,76,28,1096
03/29/2020,Schenectady,4,80,12,1108
03/30/2020,Schenectady,5,85,33,1141
03/31/2020,Schenectady,8,93,22,1163
04/01/2020,Schenectady,8,101,31,1194
04/02/2020,Schenectady,9,110,42,1236
04/03/2020,Schenectady,7,117,38,1274
04/04/2020,Schenectady,11,128,64,1338
04/05/2020,Schenectady,10,138,64,1402
04/06/2020,Schenectady,7,145,35,1437
04/07/2020,Schenectady,4,149,23,1460
04/08/2020,Schenectady,18,167,104,1564
04/09/2020,Schenectady,24,191,183,1747
04/10/2020,Schenectady,3,194,24,1771
04/11/2020,Schenectady,5,199,27,1798
04/12/2020,Schenectady,5,204,27,1825
04/13/2020,Schenectady,31,235,232,2057
04/14/2020,Schenectady,2,237,18,2075
04/15/2020,Schenectady,8,245,45,2120
04/16/2020,Schenectady,5,250,35,2155
04/17/2020,Schenectady,9,259,38,2193
04/18/2020,Schenectady,9,268,36,2229
04/19/2020,Schenectady,1,269,23,2252
04/20/2020,Schenectady,4,273,23,2275
04/21/2020,Schenectady,7,280,24,2299
04/22/2020,Schenectady,8,288,47,2346
04/23/2020,Schenectady,9,297,33,2379
04/24/2020,Schenectady,134,431,964,3343
04/25/2020,Schenectady,18,449,186,3529
04/26/2020,Schenectady,8,457,96,3625
04/27/2020,Schenectady,12,469,119,3744
04/28/2020,Schenectady,10,479,184,3928
04/29/2020,Schenectady,22,501,246,4174
04/30/2020,Schenectady,13,514,195,4369
05/01/2020,Schenectady,7,521,194,4563
05/02/2020,Schenectady,6,527,146,4709
05/03/2020,Schenectady,8,535,126,4835
05/04/2020,Schenectady,2,537,98,4933
05/05/2020,Schenectady,14,551,178,5111
05/06/2020,Schenectady,0,551,194,5305
05/07/2020,Schenectady,7,558,144,5449
05/08/2020,Schenectady,13,571,204,5653
05/09/2020,Schenectady,0,571,199,5852
05/10/2020,Schenectady,4,575,113,5965
05/11/2020,Schenectady,6,581,102,6067
05/12/2020,Schenectady,6,587,164,6231
05/13/2020,Schenectady,10,597,276,6507
05/14/2020,Schenectady,6,603,170,6677
05/15/2020,Schenectady,10,613,272,6949
05/16/2020,Schenectady,7,620,175,7124
05/17/2020,Schenectady,9,629,233,7357
05/18/2020,Schenectady,2,631,83,7440
05/19/2020,Schenectady,2,633,392,7832
05/20/2020,Schenectady,5,638,378,8210
05/21/2020,Schenectady,7,645,667,8877
05/22/2020,Schenectady,3,648,248,9125
05/23/2020,Schenectady,10,658,641,9766
05/24/2020,Schenectady,6,664,340,10106
05/25/2020,Schenectady,4,668,143,10249
05/26/2020,Schenectady,5,673,243,10492
05/27/2020,Schenectady,3,676,485,10977
05/28/2020,Schenectady,4,680,792,11769
05/29/2020,Schenectady,6,686,477,12246
05/30/2020,Schenectady,3,689,324,12570
05/31/2020,Schenectady,4,693,482,13052
06/01/2020,Schenectady,3,696,481,13533
06/02/2020,Schenectady,5,701,406,13939
06/03/2020,Schenectady,0,701,565,14504
06/04/2020,Schenectady,5,706,802,15306
06/05/2020,Schenectady,4,710,497,15803
06/06/2020,Schenectady,1,711,579,16382
06/07/2020,Schenectady,1,712,533,16915
06/08/2020,Schenectady,3,715,402,17317
06/09/2020,Schenectady,1,716,211,17528
06/10/2020,Schenectady,1,717,550,18078
06/11/2020,Schenectady,4,721,990,19068
06/12/2020,Schenectady,2,723,372,19440
06/13/2020,Schenectady,2,725,421,19861
06/14/2020,Schenectady,7,732,329,20190
06/15/2020,Schenectady,3,735,495,20685
06/16/2020,Schenectady,2,737,350,21035
06/17/2020,Schenectady,1,738,540,21575
06/18/2020,Schenectady,8,746,763,22338
06/19/2020,Schenectady,3,749,478,22816
06/20/2020,Schenectady,5,754,549,23365
06/21/2020,Schenectady,7,761,594,23959
06/22/2020,Schenectady,9,770,347,24306
06/23/2020,Schenectady,2,772,391,24697
06/24/2020,Schenectady,6,778,812,25509
06/25/2020,Schenectady,3,781,403,25912
06/26/2020,Schenectady,5,786,454,26366
03/02/2020,Schoharie,0,0,0,0
03/03/2020,Schoharie,0,0,0,0
03/04/2020,Schoharie,0,0,0,0
03/05/2020,Schoharie,0,0,0,0
03/06/2020,Schoharie,0,0,0,0
03/07/2020,Schoharie,0,0,0,0
03/08/2020,Schoharie,0,0,0,0
03/09/2020,Schoharie,0,0,0,0
03/10/2020,Schoharie,0,0,0,0
03/11/2020,Schoharie,0,0,2,2
03/12/2020,Schoharie,0,0,1,3
03/13/2020,Schoharie,0,0,0,3
03/14/2020,Schoharie,0,0,0,3
03/15/2020,Schoharie,0,0,0,3
03/16/2020,Schoharie,0,0,0,3
03/17/2020,Schoharie,0,0,8,11
03/18/2020,Schoharie,1,1,8,19
03/19/2020,Schoharie,0,1,10,29
03/20/2020,Schoharie,0,1,16,45
03/21/2020,Schoharie,0,1,6,51
03/22/2020,Schoharie,0,1,3,54
03/23/2020,Schoharie,0,1,1,55
03/24/2020,Schoharie,1,2,3,58
03/25/2020,Schoharie,0,2,2,60
03/26/2020,Schoharie,1,3,3,63
03/27/2020,Schoharie,2,5,9,72
03/28/2020,Schoharie,0,5,5,77
03/29/2020,Schoharie,1,6,3,80
03/30/2020,Schoharie,0,6,4,84
03/31/2020,Schoharie,2,8,7,91
04/01/2020,Schoharie,0,8,10,101
04/02/2020,Schoharie,1,9,5,106
04/03/2020,Schoharie,1,10,21,127
04/04/2020,Schoharie,1,11,16,143
04/05/2020,Schoharie,0,11,17,160
04/06/2020,Schoharie,1,12,19,179
04/07/2020,Schoharie,0,12,20,199
04/08/2020,Schoharie,0,12,8,207
04/09/2020,Schoharie,0,12,16,223
04/10/2020,Schoharie,0,12,5,228
04/11/2020,Schoharie,0,12,2,230
04/12/2020,Schoharie,0,12,4,234
04/13/2020,Schoharie,8,20,59,293
04/14/2020,Schoharie,0,20,1,294
04/15/2020,Schoharie,0,20,5,299
04/16/2020,Schoharie,0,20,0,299
04/17/2020,Schoharie,0,20,1,300
04/18/2020,Schoharie,0,20,2,302
04/19/2020,Schoharie,0,20,4,306
04/20/2020,Schoharie,0,20,4,310
04/21/2020,Schoharie,0,20,0,310
04/22/2020,Schoharie,1,21,8,318
04/23/2020,Schoharie,0,21,13,331
04/24/2020,Schoharie,12,33,177,508
04/25/2020,Schoharie,2,35,29,537
04/26/2020,Schoharie,0,35,15,552
04/27/2020,Schoharie,3,38,19,571
04/28/2020,Schoharie,1,39,21,592
04/29/2020,Schoharie,3,42,17,609
04/30/2020,Schoharie,1,43,24,633
05/01/2020,Schoharie,0,43,16,649
05/02/2020,Schoharie,2,45,20,669
05/03/2020,Schoharie,0,45,21,690
05/04/2020,Schoharie,0,45,29,719
05/05/2020,Schoharie,0,45,29,748
05/06/2020,Schoharie,0,45,20,768
05/07/2020,Schoharie,0,45,15,783
05/08/2020,Schoharie,1,46,32,815
05/09/2020,Schoharie,0,46,23,838
05/10/2020,Schoharie,0,46,19,857
05/11/2020,Schoharie,0,46,32,889
05/12/2020,Schoharie,1,47,27,916
05/13/2020,Schoharie,0,47,32,948
05/14/2020,Schoharie,0,47,8,956
05/15/2020,Schoharie,0,47,22,978
05/16/2020,Schoharie,0,47,39,1017
05/17/2020,Schoharie,1,48,36,1053
05/18/2020,Schoharie,0,48,21,1074
05/19/2020,Schoharie,0,48,34,1108
05/20/2020,Schoharie,1,49,33,1141
05/21/2020,Schoharie,0,49,27,1168
05/22/2020,Schoharie,0,49,23,1191
05/23/2020,Schoharie,0,49,29,1220
05/24/2020,Schoharie,0,49,21,1241
05/25/2020,Schoharie,0,49,12,1253
05/26/2020,Schoharie,0,49,46,1299
05/27/2020,Schoharie,0,49,74,1373
05/28/2020,Schoharie,0,49,32,1405
05/29/2020,Schoharie,1,50,32,1437
05/30/2020,Schoharie,0,50,41,1478
05/31/2020,Schoharie,0,50,47,1525
06/01/2020,Schoharie,1,51,39,1564
06/02/2020,Schoharie,0,51,46,1610
06/03/2020,Schoharie,0,51,63,1673
06/04/2020,Schoharie,0,51,60,1733
06/05/2020,Schoharie,3,54,85,1818
06/06/2020,Schoharie,0,54,59,1877
06/07/2020,Schoharie,0,54,65,1942
06/08/2020,Schoharie,0,54,60,2002
06/09/2020,Schoharie,0,54,41,2043
06/10/2020,Schoharie,0,54,74,2117
06/11/2020,Schoharie,0,54,33,2150
06/12/2020,Schoharie,0,54,40,2190
06/13/2020,Schoharie,0,54,37,2227
06/14/2020,Schoharie,0,54,42,2269
06/15/2020,Schoharie,0,54,83,2352
06/16/2020,Schoharie,1,55,87,2439
06/17/2020,Schoharie,0,55,38,2477
06/18/2020,Schoharie,0,55,45,2522
06/19/2020,Schoharie,1,56,35,2557
06/20/2020,Schoharie,1,57,55,2612
06/21/2020,Schoharie,0,57,84,2696
06/22/2020,Schoharie,0,57,61,2757
06/23/2020,Schoharie,0,57,37,2794
06/24/2020,Schoharie,0,57,45,2839
06/25/2020,Schoharie,0,57,19,2858
06/26/2020,Schoharie,0,57,47,2905
03/02/2020,Schuyler,0,0,0,0
03/03/2020,Schuyler,0,0,0,0
03/04/2020,Schuyler,0,0,0,0
03/05/2020,Schuyler,0,0,0,0
03/06/2020,Schuyler,0,0,0,0
03/07/2020,Schuyler,0,0,0,0
03/08/2020,Schuyler,0,0,0,0
03/09/2020,Schuyler,0,0,0,0
03/10/2020,Schuyler,0,0,0,0
03/11/2020,Schuyler,0,0,0,0
03/12/2020,Schuyler,0,0,0,0
03/13/2020,Schuyler,0,0,0,0
03/14/2020,Schuyler,0,0,1,1
03/15/2020,Schuyler,0,0,1,2
03/16/2020,Schuyler,0,0,2,4
03/17/2020,Schuyler,0,0,0,4
03/18/2020,Schuyler,0,0,1,5
03/19/2020,Schuyler,0,0,0,5
03/20/2020,Schuyler,0,0,9,14
03/21/2020,Schuyler,0,0,3,17
03/22/2020,Schuyler,0,0,7,24
03/23/2020,Schuyler,0,0,8,32
03/24/2020,Schuyler,0,0,0,32
03/25/2020,Schuyler,0,0,1,33
03/26/2020,Schuyler,0,0,8,41
03/27/2020,Schuyler,1,1,6,47
03/28/2020,Schuyler,0,1,7,54
03/29/2020,Schuyler,1,2,6,60
03/30/2020,Schuyler,0,2,6,66
03/31/2020,Schuyler,0,2,1,67
04/01/2020,Schuyler,1,3,8,75
04/02/2020,Schuyler,0,3,13,88
04/03/2020,Schuyler,1,4,5,93
04/04/2020,Schuyler,0,4,2,95
04/05/2020,Schuyler,0,4,9,104
04/06/2020,Schuyler,0,4,4,108
04/07/2020,Schuyler,0,4,12,120
04/08/2020,Schuyler,0,4,20,140
04/09/2020,Schuyler,1,5,4,144
04/10/2020,Schuyler,0,5,7,151
04/11/2020,Schuyler,0,5,1,152
04/12/2020,Schuyler,0,5,1,153
04/13/2020,Schuyler,1,6,11,164
04/14/2020,Schuyler,0,6,0,164
04/15/2020,Schuyler,0,6,5,169
04/16/2020,Schuyler,0,6,8,177
04/17/2020,Schuyler,0,6,4,181
04/18/2020,Schuyler,0,6,0,181
04/19/2020,Schuyler,1,7,4,185
04/20/2020,Schuyler,0,7,4,189
04/21/2020,Schuyler,0,7,10,199
04/22/2020,Schuyler,0,7,108,307
04/23/2020,Schuyler,0,7,18,325
04/24/2020,Schuyler,0,7,38,363
04/25/2020,Schuyler,0,7,10,373
04/26/2020,Schuyler,0,7,9,382
04/27/2020,Schuyler,0,7,8,390
04/28/2020,Schuyler,0,7,15,405
04/29/2020,Schuyler,0,7,7,412
04/30/2020,Schuyler,0,7,6,418
05/01/2020,Schuyler,0,7,7,425
05/02/2020,Schuyler,0,7,2,427
05/03/2020,Schuyler,0,7,12,439
05/04/2020,Schuyler,0,7,5,444
05/05/2020,Schuyler,0,7,31,475
05/06/2020,Schuyler,0,7,12,487
05/07/2020,Schuyler,0,7,9,496
05/08/2020,Schuyler,0,7,38,534
05/09/2020,Schuyler,0,7,31,565
05/10/2020,Schuyler,0,7,14,579
05/11/2020,Schuyler,1,8,17,596
05/12/2020,Schuyler,0,8,32,628
05/13/2020,Schuyler,0,8,46,674
05/14/2020,Schuyler,0,8,18,692
05/15/2020,Schuyler,0,8,52,744
05/16/2020,Schuyler,1,9,32,776
05/17/2020,Schuyler,1,10,55,831
05/18/2020,Schuyler,0,10,57,888
05/19/2020,Schuyler,0,10,44,932
05/20/2020,Schuyler,0,10,42,974
05/21/2020,Schuyler,1,11,49,1023
05/22/2020,Schuyler,0,11,78,1101
05/23/2020,Schuyler,0,11,45,1146
05/24/2020,Schuyler,0,11,52,1198
05/25/2020,Schuyler,0,11,14,1212
05/26/2020,Schuyler,0,11,68,1280
05/27/2020,Schuyler,0,11,41,1321
05/28/2020,Schuyler,0,11,52,1373
05/29/2020,Schuyler,0,11,64,1437
05/30/2020,Schuyler,0,11,76,1513
05/31/2020,Schuyler,0,11,30,1543
06/01/2020,Schuyler,1,12,26,1569
06/02/2020,Schuyler,0,12,40,1609
06/03/2020,Schuyler,0,12,22,1631
06/04/2020,Schuyler,0,12,32,1663
06/05/2020,Schuyler,0,12,139,1802
06/06/2020,Schuyler,0,12,47,1849
06/07/2020,Schuyler,0,12,45,1894
06/08/2020,Schuyler,0,12,81,1975
06/09/2020,Schuyler,0,12,46,2021
06/10/2020,Schuyler,0,12,47,2068
06/11/2020,Schuyler,0,12,51,2119
06/12/2020,Schuyler,0,12,67,2186
06/13/2020,Schuyler,0,12,30,2216
06/14/2020,Schuyler,0,12,43,2259
06/15/2020,Schuyler,0,12,68,2327
06/16/2020,Schuyler,0,12,59,2386
06/17/2020,Schuyler,0,12,42,2428
06/18/2020,Schuyler,0,12,67,2495
06/19/2020,Schuyler,0,12,57,2552
06/20/2020,Schuyler,0,12,31,2583
06/21/2020,Schuyler,0,12,33,2616
06/22/2020,Schuyler,0,12,63,2679
06/23/2020,Schuyler,0,12,63,2742
06/24/2020,Schuyler,0,12,26,2768
06/25/2020,Schuyler,0,12,31,2799
06/26/2020,Schuyler,0,12,69,2868
03/02/2020,Seneca,0,0,0,0
03/03/2020,Seneca,0,0,0,0
03/04/2020,Seneca,0,0,0,0
03/05/2020,Seneca,0,0,0,0
03/06/2020,Seneca,0,0,0,0
03/07/2020,Seneca,0,0,0,0
03/08/2020,Seneca,0,0,0,0
03/09/2020,Seneca,0,0,0,0
03/10/2020,Seneca,0,0,0,0
03/11/2020,Seneca,0,0,0,0
03/12/2020,Seneca,0,0,0,0
03/13/2020,Seneca,0,0,0,0
03/14/2020,Seneca,0,0,0,0
03/15/2020,Seneca,0,0,1,1
03/16/2020,Seneca,0,0,1,2
03/17/2020,Seneca,0,0,1,3
03/18/2020,Seneca,0,0,2,5
03/19/2020,Seneca,0,0,2,7
03/20/2020,Seneca,0,0,6,13
03/21/2020,Seneca,0,0,3,16
03/22/2020,Seneca,0,0,4,20
03/23/2020,Seneca,0,0,11,31
03/24/2020,Seneca,0,0,0,31
03/25/2020,Seneca,0,0,6,37
03/26/2020,Seneca,0,0,11,48
03/27/2020,Seneca,0,0,16,64
03/28/2020,Seneca,0,0,4,68
03/29/2020,Seneca,0,0,5,73
03/30/2020,Seneca,2,2,7,80
03/31/2020,Seneca,0,2,1,81
04/01/2020,Seneca,2,4,14,95
04/02/2020,Seneca,2,6,13,108
04/03/2020,Seneca,0,6,7,115
04/04/2020,Seneca,3,9,15,130
04/05/2020,Seneca,0,9,11,141
04/06/2020,Seneca,1,10,8,149
04/07/2020,Seneca,2,12,14,163
04/08/2020,Seneca,3,15,20,183
04/09/2020,Seneca,0,15,8,191
04/10/2020,Seneca,1,16,5,196
04/11/2020,Seneca,0,16,3,199
04/12/2020,Seneca,0,16,1,200
04/13/2020,Seneca,2,18,33,233
04/14/2020,Seneca,0,18,1,234
04/15/2020,Seneca,0,18,2,236
04/16/2020,Seneca,0,18,3,239
04/17/2020,Seneca,0,18,2,241
04/18/2020,Seneca,0,18,5,246
04/19/2020,Seneca,0,18,2,248
04/20/2020,Seneca,0,18,0,248
04/21/2020,Seneca,0,18,3,251
04/22/2020,Seneca,0,18,15,266
04/23/2020,Seneca,0,18,5,271
04/24/2020,Seneca,18,36,135,406
04/25/2020,Seneca,2,38,11,417
04/26/2020,Seneca,0,38,12,429
04/27/2020,Seneca,0,38,9,438
04/28/2020,Seneca,0,38,13,451
04/29/2020,Seneca,1,39,24,475
04/30/2020,Seneca,2,41,22,497
05/01/2020,Seneca,1,42,26,523
05/02/2020,Seneca,3,45,51,574
05/03/2020,Seneca,0,45,19,593
05/04/2020,Seneca,1,46,26,619
05/05/2020,Seneca,0,46,20,639
05/06/2020,Seneca,0,46,24,663
05/07/2020,Seneca,0,46,19,682
05/08/2020,Seneca,2,48,46,728
05/09/2020,Seneca,1,49,42,770
05/10/2020,Seneca,0,49,41,811
05/11/2020,Seneca,0,49,25,836
05/12/2020,Seneca,0,49,49,885
05/13/2020,Seneca,0,49,40,925
05/14/2020,Seneca,0,49,30,955
05/15/2020,Seneca,1,50,29,984
05/16/2020,Seneca,1,51,48,1032
05/17/2020,Seneca,0,51,122,1154
05/18/2020,Seneca,0,51,65,1219
05/19/2020,Seneca,1,52,50,1269
05/20/2020,Seneca,0,52,79,1348
05/21/2020,Seneca,2,54,54,1402
05/22/2020,Seneca,0,54,51,1453
05/23/2020,Seneca,1,55,103,1556
05/24/2020,Seneca,0,55,56,1612
05/25/2020,Seneca,0,55,86,1698
05/26/2020,Seneca,0,55,50,1748
05/27/2020,Seneca,1,56,77,1825
05/28/2020,Seneca,1,57,140,1965
05/29/2020,Seneca,1,58,68,2033
05/30/2020,Seneca,0,58,138,2171
05/31/2020,Seneca,1,59,81,2252
06/01/2020,Seneca,0,59,60,2312
06/02/2020,Seneca,1,60,157,2469
06/03/2020,Seneca,0,60,106,2575
06/04/2020,Seneca,1,61,141,2716
06/05/2020,Seneca,0,61,165,2881
06/06/2020,Seneca,0,61,162,3043
06/07/2020,Seneca,0,61,118,3161
06/08/2020,Seneca,0,61,91,3252
06/09/2020,Seneca,0,61,98,3350
06/10/2020,Seneca,1,62,198,3548
06/11/2020,Seneca,1,63,198,3746
06/12/2020,Seneca,0,63,86,3832
06/13/2020,Seneca,0,63,127,3959
06/14/2020,Seneca,1,64,103,4062
06/15/2020,Seneca,0,64,105,4167
06/16/2020,Seneca,0,64,81,4248
06/17/2020,Seneca,0,64,34,4282
06/18/2020,Seneca,0,64,80,4362
06/19/2020,Seneca,0,64,80,4442
06/20/2020,Seneca,0,64,123,4565
06/21/2020,Seneca,0,64,80,4645
06/22/2020,Seneca,0,64,78,4723
06/23/2020,Seneca,0,64,62,4785
06/24/2020,Seneca,2,66,61,4846
06/25/2020,Seneca,3,69,89,4935
06/26/2020,Seneca,0,69,82,5017
03/02/2020,St. Lawrence,0,0,0,0
03/03/2020,St. Lawrence,0,0,0,0
03/04/2020,St. Lawrence,0,0,0,0
03/05/2020,St. Lawrence,0,0,0,0
03/06/2020,St. Lawrence,0,0,0,0
03/07/2020,St. Lawrence,0,0,2,2
03/08/2020,St. Lawrence,0,0,0,2
03/09/2020,St. Lawrence,0,0,0,2
03/10/2020,St. Lawrence,0,0,1,3
03/11/2020,St. Lawrence,0,0,2,5
03/12/2020,St. Lawrence,0,0,1,6
03/13/2020,St. Lawrence,0,0,1,7
03/14/2020,St. Lawrence,0,0,1,8
03/15/2020,St. Lawrence,0,0,1,9
03/16/2020,St. Lawrence,0,0,0,9
03/17/2020,St. Lawrence,0,0,7,16
03/18/2020,St. Lawrence,0,0,3,19
03/19/2020,St. Lawrence,0,0,7,26
03/20/2020,St. Lawrence,0,0,7,33
03/21/2020,St. Lawrence,1,1,20,53
03/22/2020,St. Lawrence,0,1,9,62
03/23/2020,St. Lawrence,0,1,6,68
03/24/2020,St. Lawrence,0,1,10,78
03/25/2020,St. Lawrence,1,2,14,92
03/26/2020,St. Lawrence,1,3,29,121
03/27/2020,St. Lawrence,5,8,82,203
03/28/2020,St. Lawrence,4,12,65,268
03/29/2020,St. Lawrence,1,13,44,312
03/30/2020,St. Lawrence,17,30,74,386
03/31/2020,St. Lawrence,4,34,32,418
04/01/2020,St. Lawrence,5,39,30,448
04/02/2020,St. Lawrence,4,43,54,502
04/03/2020,St. Lawrence,9,52,81,583
04/04/2020,St. Lawrence,3,55,46,629
04/05/2020,St. Lawrence,4,59,43,672
04/06/2020,St. Lawrence,1,60,64,736
04/07/2020,St. Lawrence,9,69,69,805
04/08/2020,St. Lawrence,7,76,50,855
04/09/2020,St. Lawrence,2,78,24,879
04/10/2020,St. Lawrence,2,80,19,898
04/11/2020,St. Lawrence,5,85,65,963
04/12/2020,St. Lawrence,4,89,47,1010
04/13/2020,St. Lawrence,3,92,29,1039
04/14/2020,St. Lawrence,0,92,7,1046
04/15/2020,St. Lawrence,1,93,48,1094
04/16/2020,St. Lawrence,3,96,16,1110
04/17/2020,St. Lawrence,2,98,6,1116
04/18/2020,St. Lawrence,7,105,25,1141
04/19/2020,St. Lawrence,5,110,24,1165
04/20/2020,St. Lawrence,10,120,17,1182
04/21/2020,St. Lawrence,3,123,6,1188
04/22/2020,St. Lawrence,16,139,94,1282
04/23/2020,St. Lawrence,5,144,37,1319
04/24/2020,St. Lawrence,12,156,64,1383
04/25/2020,St. Lawrence,11,167,36,1419
04/26/2020,St. Lawrence,2,169,27,1446
04/27/2020,St. Lawrence,1,170,19,1465
04/28/2020,St. Lawrence,0,170,84,1549
04/29/2020,St. Lawrence,3,173,277,1826
04/30/2020,St. Lawrence,3,176,157,1983
05/01/2020,St. Lawrence,0,176,130,2113
05/02/2020,St. Lawrence,1,177,125,2238
05/03/2020,St. Lawrence,1,178,85,2323
05/04/2020,St. Lawrence,0,178,38,2361
05/05/2020,St. Lawrence,2,180,34,2395
05/06/2020,St. Lawrence,1,181,53,2448
05/07/2020,St. Lawrence,6,187,845,3293
05/08/2020,St. Lawrence,0,187,164,3457
05/09/2020,St. Lawrence,0,187,51,3508
05/10/2020,St. Lawrence,3,190,47,3555
05/11/2020,St. Lawrence,1,191,18,3573
05/12/2020,St. Lawrence,1,192,151,3724
05/13/2020,St. Lawrence,0,192,105,3829
05/14/2020,St. Lawrence,0,192,332,4161
05/15/2020,St. Lawrence,0,192,1456,5617
05/16/2020,St. Lawrence,0,192,205,5822
05/17/2020,St. Lawrence,0,192,239,6061
05/18/2020,St. Lawrence,0,192,71,6132
05/19/2020,St. Lawrence,3,195,173,6305
05/20/2020,St. Lawrence,0,195,504,6809
05/21/2020,St. Lawrence,0,195,349,7158
05/22/2020,St. Lawrence,1,196,333,7491
05/23/2020,St. Lawrence,1,197,301,7792
05/24/2020,St. Lawrence,0,197,114,7906
05/25/2020,St. Lawrence,0,197,60,7966
05/26/2020,St. Lawrence,3,200,78,8044
05/27/2020,St. Lawrence,1,201,227,8271
05/28/2020,St. Lawrence,1,202,447,8718
05/29/2020,St. Lawrence,0,202,136,8854
05/30/2020,St. Lawrence,2,204,303,9157
05/31/2020,St. Lawrence,1,205,472,9629
06/01/2020,St. Lawrence,0,205,106,9735
06/02/2020,St. Lawrence,1,206,324,10059
06/03/2020,St. Lawrence,1,207,293,10352
06/04/2020,St. Lawrence,0,207,451,10803
06/05/2020,St. Lawrence,2,209,477,11280
06/06/2020,St. Lawrence,0,209,382,11662
06/07/2020,St. Lawrence,0,209,539,12201
06/08/2020,St. Lawrence,0,209,220,12421
06/09/2020,St. Lawrence,0,209,170,12591
06/10/2020,St. Lawrence,3,212,256,12847
06/11/2020,St. Lawrence,2,214,427,13274
06/12/2020,St. Lawrence,0,214,368,13642
06/13/2020,St. Lawrence,1,215,383,14025
06/14/2020,St. Lawrence,0,215,222,14247
06/15/2020,St. Lawrence,0,215,190,14437
06/16/2020,St. Lawrence,0,215,226,14663
06/17/2020,St. Lawrence,0,215,246,14909
06/18/2020,St. Lawrence,0,215,216,15125
06/19/2020,St. Lawrence,1,216,352,15477
06/20/2020,St. Lawrence,0,216,266,15743
06/21/2020,St. Lawrence,1,217,271,16014
06/22/2020,St. Lawrence,0,217,153,16167
06/23/2020,St. Lawrence,0,217,99,16266
06/24/2020,St. Lawrence,0,217,249,16515
06/25/2020,St. Lawrence,1,218,282,16797
06/26/2020,St. Lawrence,0,218,315,17112
03/02/2020,Steuben,0,0,0,0
03/03/2020,Steuben,0,0,0,0
03/04/2020,Steuben,0,0,0,0
03/05/2020,Steuben,0,0,0,0
03/06/2020,Steuben,0,0,0,0
03/07/2020,Steuben,0,0,0,0
03/08/2020,Steuben,0,0,0,0
03/09/2020,Steuben,0,0,0,0
03/10/2020,Steuben,0,0,0,0
03/11/2020,Steuben,0,0,0,0
03/12/2020,Steuben,0,0,0,0
03/13/2020,Steuben,0,0,1,1
03/14/2020,Steuben,0,0,0,1
03/15/2020,Steuben,0,0,0,1
03/16/2020,Steuben,0,0,0,1
03/17/2020,Steuben,0,0,0,1
03/18/2020,Steuben,0,0,4,5
03/19/2020,Steuben,0,0,3,8
03/20/2020,Steuben,2,2,27,35
03/21/2020,Steuben,1,3,17,52
03/22/2020,Steuben,1,4,10,62
03/23/2020,Steuben,1,5,2,64
03/24/2020,Steuben,3,8,13,77
03/25/2020,Steuben,3,11,30,107
03/26/2020,Steuben,1,12,25,132
03/27/2020,Steuben,1,13,27,159
03/28/2020,Steuben,4,17,22,181
03/29/2020,Steuben,2,19,8,189
03/30/2020,Steuben,5,24,39,228
03/31/2020,Steuben,14,38,56,284
04/01/2020,Steuben,5,43,25,309
04/02/2020,Steuben,3,46,36,345
04/03/2020,Steuben,9,55,27,372
04/04/2020,Steuben,8,63,31,403
04/05/2020,Steuben,12,75,40,443
04/06/2020,Steuben,0,75,22,465
04/07/2020,Steuben,7,82,67,532
04/08/2020,Steuben,7,89,50,582
04/09/2020,Steuben,28,117,97,679
04/10/2020,Steuben,2,119,28,707
04/11/2020,Steuben,2,121,12,719
04/12/2020,Steuben,2,123,10,729
04/13/2020,Steuben,24,147,90,819
04/14/2020,Steuben,4,151,24,843
04/15/2020,Steuben,3,154,20,863
04/16/2020,Steuben,0,154,25,888
04/17/2020,Steuben,6,160,92,980
04/18/2020,Steuben,7,167,100,1080
04/19/2020,Steuben,0,167,4,1084
04/20/2020,Steuben,3,170,33,1117
04/21/2020,Steuben,1,171,41,1158
04/22/2020,Steuben,0,171,24,1182
04/23/2020,Steuben,0,171,28,1210
04/24/2020,Steuben,33,204,556,1766
04/25/2020,Steuben,3,207,35,1801
04/26/2020,Steuben,2,209,10,1811
04/27/2020,Steuben,1,210,58,1869
04/28/2020,Steuben,4,214,105,1974
04/29/2020,Steuben,2,216,63,2037
04/30/2020,Steuben,0,216,42,2079
05/01/2020,Steuben,1,217,62,2141
05/02/2020,Steuben,1,218,41,2182
05/03/2020,Steuben,1,219,70,2252
05/04/2020,Steuben,2,221,90,2342
05/05/2020,Steuben,2,223,114,2456
05/06/2020,Steuben,1,224,66,2522
05/07/2020,Steuben,1,225,101,2623
05/08/2020,Steuben,1,226,228,2851
05/09/2020,Steuben,1,227,73,2924
05/10/2020,Steuben,1,228,58,2982
05/11/2020,Steuben,1,229,90,3072
05/12/2020,Steuben,1,230,306,3378
05/13/2020,Steuben,0,230,103,3481
05/14/2020,Steuben,1,231,110,3591
05/15/2020,Steuben,2,233,68,3659
05/16/2020,Steuben,1,234,97,3756
05/17/2020,Steuben,1,235,67,3823
05/18/2020,Steuben,1,236,126,3949
05/19/2020,Steuben,1,237,314,4263
05/20/2020,Steuben,1,238,133,4396
05/21/2020,Steuben,2,240,161,4557
05/22/2020,Steuben,0,240,114,4671
05/23/2020,Steuben,0,240,83,4754
05/24/2020,Steuben,0,240,72,4826
05/25/2020,Steuben,0,240,79,4905
05/26/2020,Steuben,1,241,221,5126
05/27/2020,Steuben,0,241,132,5258
05/28/2020,Steuben,0,241,98,5356
05/29/2020,Steuben,0,241,133,5489
05/30/2020,Steuben,0,241,122,5611
05/31/2020,Steuben,0,241,91,5702
06/01/2020,Steuben,1,242,133,5835
06/02/2020,Steuben,1,243,332,6167
06/03/2020,Steuben,2,245,187,6354
06/04/2020,Steuben,1,246,148,6502
06/05/2020,Steuben,5,251,360,6862
06/06/2020,Steuben,0,251,120,6982
06/07/2020,Steuben,0,251,162,7144
06/08/2020,Steuben,1,252,196,7340
06/09/2020,Steuben,1,253,238,7578
06/10/2020,Steuben,1,254,374,7952
06/11/2020,Steuben,0,254,239,8191
06/12/2020,Steuben,1,255,278,8469
06/13/2020,Steuben,0,255,158,8627
06/14/2020,Steuben,1,256,198,8825
06/15/2020,Steuben,1,257,346,9171
06/16/2020,Steuben,0,257,306,9477
06/17/2020,Steuben,0,257,359,9836
06/18/2020,Steuben,0,257,257,10093
06/19/2020,Steuben,4,261,133,10226
06/20/2020,Steuben,0,261,172,10398
06/21/2020,Steuben,2,263,204,10602
06/22/2020,Steuben,0,263,163,10765
06/23/2020,Steuben,0,263,263,11028
06/24/2020,Steuben,1,264,245,11273
06/25/2020,Steuben,0,264,220,11493
06/26/2020,Steuben,0,264,178,11671
03/02/2020,Suffolk,0,0,0,0
03/03/2020,Suffolk,0,0,0,0
03/04/2020,Suffolk,0,0,2,2
03/05/2020,Suffolk,0,0,2,4
03/06/2020,Suffolk,0,0,1,5
03/07/2020,Suffolk,0,0,2,7
03/08/2020,Suffolk,1,1,11,18
03/09/2020,Suffolk,0,1,4,22
03/10/2020,Suffolk,5,6,24,46
03/11/2020,Suffolk,5,11,24,70
03/12/2020,Suffolk,11,22,73,143
03/13/2020,Suffolk,10,32,79,222
03/14/2020,Suffolk,9,41,38,260
03/15/2020,Suffolk,22,63,95,355
03/16/2020,Suffolk,22,85,109,464
03/17/2020,Suffolk,31,116,179,643
03/18/2020,Suffolk,62,178,361,1004
03/19/2020,Suffolk,193,371,766,1770
03/20/2020,Suffolk,290,661,1461,3231
03/21/2020,Suffolk,373,1034,1578,4809
03/22/2020,Suffolk,424,1458,1153,5962
03/23/2020,Suffolk,422,1880,1047,7009
03/24/2020,Suffolk,380,2260,854,7863
03/25/2020,Suffolk,475,2735,1189,9052
03/26/2020,Suffolk,650,3385,1333,10385
03/27/2020,Suffolk,753,4138,1690,12075
03/28/2020,Suffolk,885,5023,2155,14230
03/29/2020,Suffolk,768,5791,1598,15828
03/30/2020,Suffolk,922,6713,1857,17685
03/31/2020,Suffolk,892,7605,1620,19305
04/01/2020,Suffolk,1141,8746,2148,21453
04/02/2020,Suffolk,1408,10154,2575,24028
04/03/2020,Suffolk,1216,11370,2463,26491
04/04/2020,Suffolk,1035,12405,2200,28691
04/05/2020,Suffolk,1082,13487,2211,30902
04/06/2020,Suffolk,1030,14517,2323,33225
04/07/2020,Suffolk,1327,15844,3139,36364
04/08/2020,Suffolk,1569,17413,3889,40253
04/09/2020,Suffolk,1279,18692,2942,43195
04/10/2020,Suffolk,1191,19883,2556,45751
04/11/2020,Suffolk,933,20816,2215,47966
04/12/2020,Suffolk,827,21643,2164,50130
04/13/2020,Suffolk,819,22462,2246,52376
04/14/2020,Suffolk,816,23278,2135,54511
04/15/2020,Suffolk,904,24182,2536,57047
04/16/2020,Suffolk,853,25035,2496,59543
04/17/2020,Suffolk,1108,26143,3385,62928
04/18/2020,Suffolk,745,26888,2392,65320
04/19/2020,Suffolk,774,27662,2278,67598
04/20/2020,Suffolk,492,28154,1482,69080
04/21/2020,Suffolk,700,28854,2188,71268
04/22/2020,Suffolk,713,29567,2428,73696
04/23/2020,Suffolk,1039,30606,3858,77554
04/24/2020,Suffolk,762,31368,2860,80414
04/25/2020,Suffolk,691,32059,2830,83244
04/26/2020,Suffolk,411,32470,1826,85070
04/27/2020,Suffolk,254,32724,1429,86499
04/28/2020,Suffolk,541,33265,2669,89168
04/29/2020,Suffolk,399,33664,2193,91361
04/30/2020,Suffolk,373,34037,2207,93568
05/01/2020,Suffolk,441,34478,2660,96228
05/02/2020,Suffolk,377,34855,2521,98749
05/03/2020,Suffolk,222,35077,1640,100389
05/04/2020,Suffolk,198,35275,1586,101975
05/05/2020,Suffolk,268,35543,2112,104087
05/06/2020,Suffolk,349,35892,2668,106755
05/07/2020,Suffolk,331,36223,2357,109112
05/08/2020,Suffolk,238,36461,2227,111339
05/09/2020,Suffolk,241,36702,2556,113895
05/10/2020,Suffolk,209,36911,2014,115909
05/11/2020,Suffolk,151,37062,1964,117873
05/12/2020,Suffolk,243,37305,2950,120823
05/13/2020,Suffolk,239,37544,3229,124052
05/14/2020,Suffolk,175,37719,2777,126829
05/15/2020,Suffolk,223,37942,3048,129877
05/16/2020,Suffolk,175,38117,2818,132695
05/17/2020,Suffolk,107,38224,1948,134643
05/18/2020,Suffolk,103,38327,2118,136761
05/19/2020,Suffolk,84,38411,2416,139177
05/20/2020,Suffolk,142,38553,3623,142800
05/21/2020,Suffolk,119,38672,3022,145822
05/22/2020,Suffolk,130,38802,4005,149827
05/23/2020,Suffolk,162,38964,3865,153692
05/24/2020,Suffolk,126,39090,4010,157702
05/25/2020,Suffolk,109,39199,3241,160943
05/26/2020,Suffolk,59,39258,2492,163435
05/27/2020,Suffolk,101,39359,4482,167917
05/28/2020,Suffolk,86,39445,4591,172508
05/29/2020,Suffolk,87,39532,4388,176896
05/30/2020,Suffolk,111,39643,5138,182034
05/31/2020,Suffolk,62,39705,4294,186328
06/01/2020,Suffolk,275,39980,4365,190693
06/02/2020,Suffolk,82,40062,4840,195533
06/03/2020,Suffolk,91,40153,5178,200711
06/04/2020,Suffolk,86,40239,5202,205913
06/05/2020,Suffolk,39,40278,5505,211418
06/06/2020,Suffolk,51,40329,4582,216000
06/07/2020,Suffolk,48,40377,4833,220833
06/08/2020,Suffolk,49,40426,4098,224931
06/09/2020,Suffolk,38,40464,4099,229030
06/10/2020,Suffolk,48,40512,5079,234109
06/11/2020,Suffolk,47,40559,5206,239315
06/12/2020,Suffolk,56,40615,5879,245194
06/13/2020,Suffolk,44,40659,4243,249437
06/14/2020,Suffolk,33,40692,4110,253547
06/15/2020,Suffolk,46,40738,4866,258413
06/16/2020,Suffolk,32,40770,4086,262499
06/17/2020,Suffolk,40,40810,5476,267975
06/18/2020,Suffolk,54,40864,5570,273545
06/19/2020,Suffolk,44,40908,4391,277936
06/20/2020,Suffolk,64,40972,5243,283179
06/21/2020,Suffolk,38,41010,3952,287131
06/22/2020,Suffolk,46,41056,3530,290661
06/23/2020,Suffolk,45,41101,3941,294602
06/24/2020,Suffolk,50,41151,5529,300131
06/25/2020,Suffolk,57,41208,5076,305207
06/26/2020,Suffolk,45,41253,4615,309822
03/02/2020,Sullivan,0,0,0,0
03/03/2020,Sullivan,0,0,0,0
03/04/2020,Sullivan,0,0,0,0
03/05/2020,Sullivan,0,0,0,0
03/06/2020,Sullivan,0,0,0,0
03/07/2020,Sullivan,0,0,0,0
03/08/2020,Sullivan,0,0,0,0
03/09/2020,Sullivan,0,0,0,0
03/10/2020,Sullivan,0,0,0,0
03/11/2020,Sullivan,0,0,1,1
03/12/2020,Sullivan,0,0,0,1
03/13/2020,Sullivan,0,0,1,2
03/14/2020,Sullivan,0,0,7,9
03/15/2020,Sullivan,0,0,2,11
03/16/2020,Sullivan,1,1,9,20
03/17/2020,Sullivan,0,1,14,34
03/18/2020,Sullivan,2,3,23,57
03/19/2020,Sullivan,5,8,79,136
03/20/2020,Sullivan,4,12,42,178
03/21/2020,Sullivan,4,16,37,215
03/22/2020,Sullivan,7,23,83,298
03/23/2020,Sullivan,7,30,44,342
03/24/2020,Sullivan,9,39,23,365
03/25/2020,Sullivan,14,53,53,418
03/26/2020,Sullivan,11,64,62,480
03/27/2020,Sullivan,8,72,49,529
03/28/2020,Sullivan,16,88,91,620
03/29/2020,Sullivan,13,101,53,673
03/30/2020,Sullivan,8,109,33,706
03/31/2020,Sullivan,12,121,55,761
04/01/2020,Sullivan,22,143,96,857
04/02/2020,Sullivan,25,168,140,997
04/03/2020,Sullivan,25,193,133,1130
04/04/2020,Sullivan,41,234,153,1283
04/05/2020,Sullivan,19,253,91,1374
04/06/2020,Sullivan,17,270,77,1451
04/07/2020,Sullivan,9,279,56,1507
04/08/2020,Sullivan,15,294,60,1567
04/09/2020,Sullivan,24,318,115,1682
04/10/2020,Sullivan,22,340,99,1781
04/11/2020,Sullivan,18,358,65,1846
04/12/2020,Sullivan,22,380,73,1919
04/13/2020,Sullivan,35,415,133,2052
04/14/2020,Sullivan,9,424,37,2089
04/15/2020,Sullivan,13,437,39,2128
04/16/2020,Sullivan,68,505,192,2320
04/17/2020,Sullivan,19,524,92,2412
04/18/2020,Sullivan,13,537,38,2450
04/19/2020,Sullivan,7,544,30,2480
04/20/2020,Sullivan,11,555,44,2524
04/21/2020,Sullivan,6,561,45,2569
04/22/2020,Sullivan,19,580,52,2621
04/23/2020,Sullivan,48,628,253,2874
04/24/2020,Sullivan,61,689,296,3170
04/25/2020,Sullivan,35,724,160,3330
04/26/2020,Sullivan,24,748,120,3450
04/27/2020,Sullivan,21,769,77,3527
04/28/2020,Sullivan,42,811,114,3641
04/29/2020,Sullivan,27,838,102,3743
04/30/2020,Sullivan,42,880,122,3865
05/01/2020,Sullivan,51,931,128,3993
05/02/2020,Sullivan,20,951,105,4098
05/03/2020,Sullivan,25,976,106,4204
05/04/2020,Sullivan,8,984,111,4315
05/05/2020,Sullivan,12,996,99,4414
05/06/2020,Sullivan,25,1021,150,4564
05/07/2020,Sullivan,18,1039,90,4654
05/08/2020,Sullivan,32,1071,143,4797
05/09/2020,Sullivan,22,1093,115,4912
05/10/2020,Sullivan,16,1109,78,4990
05/11/2020,Sullivan,10,1119,95,5085
05/12/2020,Sullivan,16,1135,89,5174
05/13/2020,Sullivan,33,1168,178,5352
05/14/2020,Sullivan,21,1189,127,5479
05/15/2020,Sullivan,28,1217,176,5655
05/16/2020,Sullivan,14,1231,138,5793
05/17/2020,Sullivan,15,1246,133,5926
05/18/2020,Sullivan,12,1258,111,6037
05/19/2020,Sullivan,9,1267,116,6153
05/20/2020,Sullivan,14,1281,157,6310
05/21/2020,Sullivan,6,1287,158,6468
05/22/2020,Sullivan,10,1297,148,6616
05/23/2020,Sullivan,13,1310,155,6771
05/24/2020,Sullivan,14,1324,170,6941
05/25/2020,Sullivan,14,1338,238,7179
05/26/2020,Sullivan,2,1340,77,7256
05/27/2020,Sullivan,11,1351,209,7465
05/28/2020,Sullivan,13,1364,160,7625
05/29/2020,Sullivan,11,1375,254,7879
05/30/2020,Sullivan,12,1387,237,8116
05/31/2020,Sullivan,2,1389,145,8261
06/01/2020,Sullivan,3,1392,108,8369
06/02/2020,Sullivan,1,1393,155,8524
06/03/2020,Sullivan,12,1405,186,8710
06/04/2020,Sullivan,4,1409,167,8877
06/05/2020,Sullivan,2,1411,176,9053
06/06/2020,Sullivan,4,1415,177,9230
06/07/2020,Sullivan,2,1417,123,9353
06/08/2020,Sullivan,1,1418,152,9505
06/09/2020,Sullivan,7,1425,499,10004
06/10/2020,Sullivan,1,1426,272,10276
06/11/2020,Sullivan,2,1428,112,10388
06/12/2020,Sullivan,2,1430,299,10687
06/13/2020,Sullivan,0,1430,287,10974
06/14/2020,Sullivan,2,1432,76,11050
06/15/2020,Sullivan,1,1433,163,11213
06/16/2020,Sullivan,0,1433,189,11402
06/17/2020,Sullivan,1,1434,176,11578
06/18/2020,Sullivan,0,1434,206,11784
06/19/2020,Sullivan,1,1435,84,11868
06/20/2020,Sullivan,2,1437,139,12007
06/21/2020,Sullivan,1,1438,103,12110
06/22/2020,Sullivan,2,1440,262,12372
06/23/2020,Sullivan,7,1447,197,12569
06/24/2020,Sullivan,1,1448,176,12745
06/25/2020,Sullivan,1,1449,132,12877
06/26/2020,Sullivan,2,1451,142,13019
03/02/2020,Tioga,0,0,0,0
03/03/2020,Tioga,0,0,0,0
03/04/2020,Tioga,0,0,0,0
03/05/2020,Tioga,0,0,0,0
03/06/2020,Tioga,0,0,0,0
03/07/2020,Tioga,0,0,0,0
03/08/2020,Tioga,0,0,0,0
03/09/2020,Tioga,0,0,0,0
03/10/2020,Tioga,0,0,0,0
03/11/2020,Tioga,0,0,1,1
03/12/2020,Tioga,0,0,0,1
03/13/2020,Tioga,1,1,1,2
03/14/2020,Tioga,0,1,0,2
03/15/2020,Tioga,0,1,1,3
03/16/2020,Tioga,0,1,3,6
03/17/2020,Tioga,0,1,5,11
03/18/2020,Tioga,0,1,0,11
03/19/2020,Tioga,0,1,0,11
03/20/2020,Tioga,0,1,5,16
03/21/2020,Tioga,0,1,4,20
03/22/2020,Tioga,0,1,4,24
03/23/2020,Tioga,0,1,3,27
03/24/2020,Tioga,0,1,1,28
03/25/2020,Tioga,1,2,12,40
03/26/2020,Tioga,0,2,10,50
03/27/2020,Tioga,2,4,18,68
03/28/2020,Tioga,0,4,21,89
03/29/2020,Tioga,0,4,15,104
03/30/2020,Tioga,3,7,21,125
03/31/2020,Tioga,0,7,15,140
04/01/2020,Tioga,0,7,14,154
04/02/2020,Tioga,0,7,18,172
04/03/2020,Tioga,0,7,9,181
04/04/2020,Tioga,0,7,8,189
04/05/2020,Tioga,1,8,10,199
04/06/2020,Tioga,0,8,10,209
04/07/2020,Tioga,4,12,29,238
04/08/2020,Tioga,5,17,32,270
04/09/2020,Tioga,1,18,16,286
04/10/2020,Tioga,1,19,10,296
04/11/2020,Tioga,0,19,8,304
04/12/2020,Tioga,1,20,3,307
04/13/2020,Tioga,4,24,52,359
04/14/2020,Tioga,1,25,14,373
04/15/2020,Tioga,2,27,16,389
04/16/2020,Tioga,3,30,13,402
04/17/2020,Tioga,2,32,16,418
04/18/2020,Tioga,3,35,10,428
04/19/2020,Tioga,2,37,6,434
04/20/2020,Tioga,0,37,5,439
04/21/2020,Tioga,2,39,10,449
04/22/2020,Tioga,1,40,13,462
04/23/2020,Tioga,0,40,10,472
04/24/2020,Tioga,31,71,173,645
04/25/2020,Tioga,0,71,8,653
04/26/2020,Tioga,0,71,8,661
04/27/2020,Tioga,11,82,86,747
04/28/2020,Tioga,2,84,68,815
04/29/2020,Tioga,4,88,69,884
04/30/2020,Tioga,2,90,19,903
05/01/2020,Tioga,0,90,20,923
05/02/2020,Tioga,0,90,25,948
05/03/2020,Tioga,0,90,50,998
05/04/2020,Tioga,2,92,67,1065
05/05/2020,Tioga,4,96,76,1141
05/06/2020,Tioga,1,97,40,1181
05/07/2020,Tioga,2,99,40,1221
05/08/2020,Tioga,5,104,83,1304
05/09/2020,Tioga,1,105,31,1335
05/10/2020,Tioga,2,107,40,1375
05/11/2020,Tioga,0,107,35,1410
05/12/2020,Tioga,1,108,92,1502
05/13/2020,Tioga,0,108,59,1561
05/14/2020,Tioga,2,110,42,1603
05/15/2020,Tioga,2,112,57,1660
05/16/2020,Tioga,1,113,59,1719
05/17/2020,Tioga,0,113,82,1801
05/18/2020,Tioga,0,113,113,1914
05/19/2020,Tioga,1,114,106,2020
05/20/2020,Tioga,3,117,89,2109
05/21/2020,Tioga,1,118,105,2214
05/22/2020,Tioga,3,121,96,2310
05/23/2020,Tioga,1,122,79,2389
05/24/2020,Tioga,0,122,54,2443
05/25/2020,Tioga,0,122,45,2488
05/26/2020,Tioga,2,124,195,2683
05/27/2020,Tioga,2,126,132,2815
05/28/2020,Tioga,0,126,110,2925
05/29/2020,Tioga,2,128,141,3066
05/30/2020,Tioga,2,130,107,3173
05/31/2020,Tioga,0,130,44,3217
06/01/2020,Tioga,1,131,143,3360
06/02/2020,Tioga,2,133,123,3483
06/03/2020,Tioga,0,133,101,3584
06/04/2020,Tioga,1,134,140,3724
06/05/2020,Tioga,0,134,302,4026
06/06/2020,Tioga,0,134,146,4172
06/07/2020,Tioga,0,134,79,4251
06/08/2020,Tioga,0,134,166,4417
06/09/2020,Tioga,1,135,247,4664
06/10/2020,Tioga,0,135,159,4823
06/11/2020,Tioga,2,137,106,4929
06/12/2020,Tioga,0,137,162,5091
06/13/2020,Tioga,2,139,71,5162
06/14/2020,Tioga,0,139,71,5233
06/15/2020,Tioga,1,140,174,5407
06/16/2020,Tioga,0,140,70,5477
06/17/2020,Tioga,0,140,175,5652
06/18/2020,Tioga,0,140,123,5775
06/19/2020,Tioga,0,140,77,5852
06/20/2020,Tioga,0,140,60,5912
06/21/2020,Tioga,0,140,70,5982
06/22/2020,Tioga,1,141,186,6168
06/23/2020,Tioga,0,141,128,6296
06/24/2020,Tioga,0,141,151,6447
06/25/2020,Tioga,0,141,68,6515
06/26/2020,Tioga,1,142,131,6646
03/02/2020,Tompkins,0,0,0,0
03/03/2020,Tompkins,0,0,0,0
03/04/2020,Tompkins,0,0,0,0
03/05/2020,Tompkins,0,0,0,0
03/06/2020,Tompkins,0,0,0,0
03/07/2020,Tompkins,0,0,0,0
03/08/2020,Tompkins,0,0,0,0
03/09/2020,Tompkins,0,0,1,1
03/10/2020,Tompkins,0,0,0,1
03/11/2020,Tompkins,0,0,2,3
03/12/2020,Tompkins,0,0,2,5
03/13/2020,Tompkins,1,1,5,10
03/14/2020,Tompkins,0,1,1,11
03/15/2020,Tompkins,0,1,4,15
03/16/2020,Tompkins,1,2,17,32
03/17/2020,Tompkins,1,3,11,43
03/18/2020,Tompkins,3,6,18,61
03/19/2020,Tompkins,1,7,7,68
03/20/2020,Tompkins,4,11,96,164
03/21/2020,Tompkins,2,13,76,240
03/22/2020,Tompkins,2,15,115,355
03/23/2020,Tompkins,1,16,111,466
03/24/2020,Tompkins,0,16,2,468
03/25/2020,Tompkins,6,22,89,557
03/26/2020,Tompkins,4,26,109,666
03/27/2020,Tompkins,19,45,182,848
03/28/2020,Tompkins,7,52,128,976
03/29/2020,Tompkins,14,66,157,1133
03/30/2020,Tompkins,0,66,18,1151
03/31/2020,Tompkins,2,68,15,1166
04/01/2020,Tompkins,6,74,126,1292
04/02/2020,Tompkins,10,84,160,1452
04/03/2020,Tompkins,1,85,81,1533
04/04/2020,Tompkins,3,88,52,1585
04/05/2020,Tompkins,6,94,94,1679
04/06/2020,Tompkins,3,97,23,1702
04/07/2020,Tompkins,2,99,85,1787
04/08/2020,Tompkins,6,105,299,2086
04/09/2020,Tompkins,0,105,24,2110
04/10/2020,Tompkins,3,108,135,2245
04/11/2020,Tompkins,1,109,77,2322
04/12/2020,Tompkins,1,110,31,2353
04/13/2020,Tompkins,2,112,104,2457
04/14/2020,Tompkins,3,115,44,2501
04/15/2020,Tompkins,1,116,73,2574
04/16/2020,Tompkins,1,117,36,2610
04/17/2020,Tompkins,0,117,44,2654
04/18/2020,Tompkins,0,117,41,2695
04/19/2020,Tompkins,2,119,47,2742
04/20/2020,Tompkins,0,119,4,2746
04/21/2020,Tompkins,0,119,12,2758
04/22/2020,Tompkins,0,119,95,2853
04/23/2020,Tompkins,2,121,108,2961
04/24/2020,Tompkins,5,126,308,3269
04/25/2020,Tompkins,0,126,44,3313
04/26/2020,Tompkins,0,126,47,3360
04/27/2020,Tompkins,0,126,13,3373
04/28/2020,Tompkins,1,127,119,3492
04/29/2020,Tompkins,1,128,19,3511
04/30/2020,Tompkins,0,128,61,3572
05/01/2020,Tompkins,0,128,118,3690
05/02/2020,Tompkins,1,129,27,3717
05/03/2020,Tompkins,0,129,126,3843
05/04/2020,Tompkins,0,129,52,3895
05/05/2020,Tompkins,0,129,104,3999
05/06/2020,Tompkins,1,130,188,4187
05/07/2020,Tompkins,1,131,187,4374
05/08/2020,Tompkins,1,132,619,4993
05/09/2020,Tompkins,0,132,95,5088
05/10/2020,Tompkins,0,132,86,5174
05/11/2020,Tompkins,0,132,91,5265
05/12/2020,Tompkins,4,136,175,5440
05/13/2020,Tompkins,0,136,103,5543
05/14/2020,Tompkins,0,136,112,5655
05/15/2020,Tompkins,2,138,331,5986
05/16/2020,Tompkins,1,139,421,6407
05/17/2020,Tompkins,2,141,412,6819
05/18/2020,Tompkins,1,142,446,7265
05/19/2020,Tompkins,3,145,219,7484
05/20/2020,Tompkins,0,145,199,7683
05/21/2020,Tompkins,2,147,291,7974
05/22/2020,Tompkins,2,149,410,8384
05/23/2020,Tompkins,2,151,246,8630
05/24/2020,Tompkins,3,154,267,8897
05/25/2020,Tompkins,0,154,48,8945
05/26/2020,Tompkins,1,155,264,9209
05/27/2020,Tompkins,1,156,110,9319
05/28/2020,Tompkins,1,157,425,9744
05/29/2020,Tompkins,4,161,264,10008
05/30/2020,Tompkins,3,164,389,10397
05/31/2020,Tompkins,0,164,149,10546
06/01/2020,Tompkins,0,164,168,10714
06/02/2020,Tompkins,1,165,203,10917
06/03/2020,Tompkins,0,165,206,11123
06/04/2020,Tompkins,2,167,171,11294
06/05/2020,Tompkins,4,171,1067,12361
06/06/2020,Tompkins,0,171,518,12879
06/07/2020,Tompkins,0,171,148,13027
06/08/2020,Tompkins,0,171,452,13479
06/09/2020,Tompkins,0,171,333,13812
06/10/2020,Tompkins,0,171,235,14047
06/11/2020,Tompkins,1,172,191,14238
06/12/2020,Tompkins,1,173,328,14566
06/13/2020,Tompkins,0,173,72,14638
06/14/2020,Tompkins,0,173,61,14699
06/15/2020,Tompkins,0,173,378,15077
06/16/2020,Tompkins,0,173,295,15372
06/17/2020,Tompkins,0,173,210,15582
06/18/2020,Tompkins,0,173,779,16361
06/19/2020,Tompkins,1,174,395,16756
06/20/2020,Tompkins,1,175,139,16895
06/21/2020,Tompkins,0,175,239,17134
06/22/2020,Tompkins,0,175,267,17401
06/23/2020,Tompkins,0,175,237,17638
06/24/2020,Tompkins,0,175,267,17905
06/25/2020,Tompkins,0,175,170,18075
06/26/2020,Tompkins,0,175,231,18306
03/02/2020,Ulster,0,0,0,0
03/03/2020,Ulster,0,0,0,0
03/04/2020,Ulster,0,0,0,0
03/05/2020,Ulster,0,0,1,1
03/06/2020,Ulster,0,0,0,1
03/07/2020,Ulster,0,0,0,1
03/08/2020,Ulster,1,1,1,2
03/09/2020,Ulster,0,1,0,2
03/10/2020,Ulster,0,1,2,4
03/11/2020,Ulster,1,2,1,5
03/12/2020,Ulster,3,5,6,11
03/13/2020,Ulster,0,5,3,14
03/14/2020,Ulster,0,5,30,44
03/15/2020,Ulster,2,7,16,60
03/16/2020,Ulster,1,8,12,72
03/17/2020,Ulster,1,9,15,87
03/18/2020,Ulster,1,10,41,128
03/19/2020,Ulster,2,12,62,190
03/20/2020,Ulster,6,18,70,260
03/21/2020,Ulster,8,26,145,405
03/22/2020,Ulster,9,35,54,459
03/23/2020,Ulster,12,47,117,576
03/24/2020,Ulster,18,65,81,657
03/25/2020,Ulster,13,78,71,728
03/26/2020,Ulster,21,99,83,811
03/27/2020,Ulster,29,128,124,935
03/28/2020,Ulster,18,146,82,1017
03/29/2020,Ulster,44,190,194,1211
03/30/2020,Ulster,21,211,123,1334
03/31/2020,Ulster,10,221,51,1385
04/01/2020,Ulster,19,240,118,1503
04/02/2020,Ulster,23,263,125,1628
04/03/2020,Ulster,27,290,141,1769
04/04/2020,Ulster,42,332,188,1957
04/05/2020,Ulster,40,372,182,2139
04/06/2020,Ulster,26,398,117,2256
04/07/2020,Ulster,24,422,108,2364
04/08/2020,Ulster,38,460,227,2591
04/09/2020,Ulster,70,530,436,3027
04/10/2020,Ulster,59,589,358,3385
04/11/2020,Ulster,23,612,239,3624
04/12/2020,Ulster,18,630,242,3866
04/13/2020,Ulster,60,690,424,4290
04/14/2020,Ulster,43,733,259,4549
04/15/2020,Ulster,28,761,189,4738
04/16/2020,Ulster,27,788,142,4880
04/17/2020,Ulster,32,820,239,5119
04/18/2020,Ulster,34,854,170,5289
04/19/2020,Ulster,23,877,167,5456
04/20/2020,Ulster,16,893,85,5541
04/21/2020,Ulster,20,913,110,5651
04/22/2020,Ulster,29,942,152,5803
04/23/2020,Ulster,34,976,208,6011
04/24/2020,Ulster,190,1166,928,6939
04/25/2020,Ulster,24,1190,207,7146
04/26/2020,Ulster,29,1219,198,7344
04/27/2020,Ulster,11,1230,94,7438
04/28/2020,Ulster,22,1252,335,7773
04/29/2020,Ulster,27,1279,309,8082
04/30/2020,Ulster,19,1298,336,8418
05/01/2020,Ulster,29,1327,362,8780
05/02/2020,Ulster,14,1341,256,9036
05/03/2020,Ulster,13,1354,198,9234
05/04/2020,Ulster,3,1357,104,9338
05/05/2020,Ulster,26,1383,272,9610
05/06/2020,Ulster,33,1416,298,9908
05/07/2020,Ulster,13,1429,276,10184
05/08/2020,Ulster,11,1440,195,10379
05/09/2020,Ulster,10,1450,210,10589
05/10/2020,Ulster,4,1454,135,10724
05/11/2020,Ulster,11,1465,96,10820
05/12/2020,Ulster,16,1481,314,11134
05/13/2020,Ulster,14,1495,536,11670
05/14/2020,Ulster,16,1511,431,12101
05/15/2020,Ulster,26,1537,398,12499
05/16/2020,Ulster,15,1552,345,12844
05/17/2020,Ulster,5,1557,227,13071
05/18/2020,Ulster,8,1565,177,13248
05/19/2020,Ulster,6,1571,284,13532
05/20/2020,Ulster,13,1584,799,14331
05/21/2020,Ulster,11,1595,552,14883
05/22/2020,Ulster,11,1606,418,15301
05/23/2020,Ulster,11,1617,470,15771
05/24/2020,Ulster,15,1632,590,16361
05/25/2020,Ulster,6,1638,162,16523
05/26/2020,Ulster,7,1645,355,16878
05/27/2020,Ulster,13,1658,556,17434
05/28/2020,Ulster,5,1663,683,18117
05/29/2020,Ulster,15,1678,746,18863
05/30/2020,Ulster,7,1685,529,19392
05/31/2020,Ulster,6,1691,538,19930
06/01/2020,Ulster,5,1696,327,20257
06/02/2020,Ulster,5,1701,504,20761
06/03/2020,Ulster,3,1704,617,21378
06/04/2020,Ulster,7,1711,1121,22499
06/05/2020,Ulster,3,1714,776,23275
06/06/2020,Ulster,4,1718,600,23875
06/07/2020,Ulster,3,1721,644,24519
06/08/2020,Ulster,3,1724,403,24922
06/09/2020,Ulster,2,1726,402,25324
06/10/2020,Ulster,3,1729,609,25933
06/11/2020,Ulster,5,1734,731,26664
06/12/2020,Ulster,5,1739,666,27330
06/13/2020,Ulster,2,1741,506,27836
06/14/2020,Ulster,0,1741,502,28338
06/15/2020,Ulster,1,1742,546,28884
06/16/2020,Ulster,2,1744,578,29462
06/17/2020,Ulster,2,1746,740,30202
06/18/2020,Ulster,3,1749,820,31022
06/19/2020,Ulster,1,1750,560,31582
06/20/2020,Ulster,4,1754,706,32288
06/21/2020,Ulster,2,1756,583,32871
06/22/2020,Ulster,1,1757,312,33183
06/23/2020,Ulster,3,1760,262,33445
06/24/2020,Ulster,5,1765,762,34207
06/25/2020,Ulster,3,1768,715,34922
06/26/2020,Ulster,5,1773,902,35824
03/02/2020,Warren,0,0,0,0
03/03/2020,Warren,0,0,0,0
03/04/2020,Warren,0,0,0,0
03/05/2020,Warren,0,0,0,0
03/06/2020,Warren,0,0,0,0
03/07/2020,Warren,0,0,1,1
03/08/2020,Warren,0,0,0,1
03/09/2020,Warren,0,0,0,1
03/10/2020,Warren,0,0,2,3
03/11/2020,Warren,0,0,1,4
03/12/2020,Warren,0,0,0,4
03/13/2020,Warren,0,0,2,6
03/14/2020,Warren,0,0,13,19
03/15/2020,Warren,0,0,12,31
03/16/2020,Warren,0,0,14,45
03/17/2020,Warren,1,1,16,61
03/18/2020,Warren,0,1,8,69
03/19/2020,Warren,0,1,17,86
03/20/2020,Warren,0,1,31,117
03/21/2020,Warren,0,1,28,145
03/22/2020,Warren,1,2,81,226
03/23/2020,Warren,0,2,8,234
03/24/2020,Warren,0,2,52,286
03/25/2020,Warren,0,2,16,302
03/26/2020,Warren,6,8,54,356
03/27/2020,Warren,5,13,59,415
03/28/2020,Warren,5,18,38,453
03/29/2020,Warren,0,18,3,456
03/30/2020,Warren,0,18,6,462
03/31/2020,Warren,0,18,7,469
04/01/2020,Warren,0,18,9,478
04/02/2020,Warren,1,19,11,489
04/03/2020,Warren,1,20,7,496
04/04/2020,Warren,5,25,13,509
04/05/2020,Warren,1,26,12,521
04/06/2020,Warren,5,31,15,536
04/07/2020,Warren,2,33,14,550
04/08/2020,Warren,7,40,31,581
04/09/2020,Warren,3,43,21,602
04/10/2020,Warren,1,44,17,619
04/11/2020,Warren,2,46,20,639
04/12/2020,Warren,2,48,18,657
04/13/2020,Warren,29,77,67,724
04/14/2020,Warren,0,77,7,731
04/15/2020,Warren,4,81,35,766
04/16/2020,Warren,10,91,41,807
04/17/2020,Warren,3,94,38,845
04/18/2020,Warren,2,96,27,872
04/19/2020,Warren,5,101,20,892
04/20/2020,Warren,1,102,13,905
04/21/2020,Warren,6,108,33,938
04/22/2020,Warren,11,119,40,978
04/23/2020,Warren,3,122,38,1016
04/24/2020,Warren,10,132,94,1110
04/25/2020,Warren,3,135,61,1171
04/26/2020,Warren,12,147,60,1231
04/27/2020,Warren,3,150,25,1256
04/28/2020,Warren,2,152,12,1268
04/29/2020,Warren,24,176,105,1373
04/30/2020,Warren,6,182,94,1467
05/01/2020,Warren,3,185,66,1533
05/02/2020,Warren,3,188,43,1576
05/03/2020,Warren,4,192,53,1629
05/04/2020,Warren,0,192,34,1663
05/05/2020,Warren,1,193,22,1685
05/06/2020,Warren,0,193,44,1729
05/07/2020,Warren,6,199,72,1801
05/08/2020,Warren,3,202,97,1898
05/09/2020,Warren,5,207,149,2047
05/10/2020,Warren,10,217,90,2137
05/11/2020,Warren,4,221,40,2177
05/12/2020,Warren,2,223,127,2304
05/13/2020,Warren,4,227,192,2496
05/14/2020,Warren,1,228,137,2633
05/15/2020,Warren,0,228,116,2749
05/16/2020,Warren,4,232,205,2954
05/17/2020,Warren,2,234,130,3084
05/18/2020,Warren,1,235,52,3136
05/19/2020,Warren,0,235,102,3238
05/20/2020,Warren,6,241,213,3451
05/21/2020,Warren,5,246,234,3685
05/22/2020,Warren,3,249,114,3799
05/23/2020,Warren,1,250,159,3958
05/24/2020,Warren,1,251,65,4023
05/25/2020,Warren,0,251,56,4079
05/26/2020,Warren,1,252,111,4190
05/27/2020,Warren,1,253,116,4306
05/28/2020,Warren,1,254,205,4511
05/29/2020,Warren,1,255,235,4746
05/30/2020,Warren,0,255,255,5001
05/31/2020,Warren,0,255,112,5113
06/01/2020,Warren,0,255,139,5252
06/02/2020,Warren,1,256,156,5408
06/03/2020,Warren,0,256,344,5752
06/04/2020,Warren,0,256,235,5987
06/05/2020,Warren,1,257,137,6124
06/06/2020,Warren,0,257,256,6380
06/07/2020,Warren,0,257,204,6584
06/08/2020,Warren,0,257,12,6596
06/09/2020,Warren,0,257,189,6785
06/10/2020,Warren,0,257,234,7019
06/11/2020,Warren,0,257,344,7363
06/12/2020,Warren,0,257,135,7498
06/13/2020,Warren,0,257,86,7584
06/14/2020,Warren,0,257,195,7779
06/15/2020,Warren,0,257,62,7841
06/16/2020,Warren,0,257,177,8018
06/17/2020,Warren,1,258,225,8243
06/18/2020,Warren,3,261,193,8436
06/19/2020,Warren,0,261,175,8611
06/20/2020,Warren,0,261,155,8766
06/21/2020,Warren,1,262,141,8907
06/22/2020,Warren,0,262,62,8969
06/23/2020,Warren,0,262,177,9146
06/24/2020,Warren,1,263,138,9284
06/25/2020,Warren,0,263,101,9385
06/26/2020,Warren,0,263,210,9595
03/02/2020,Washington,0,0,0,0
03/03/2020,Washington,0,0,0,0
03/04/2020,Washington,0,0,0,0
03/05/2020,Washington,0,0,0,0
03/06/2020,Washington,0,0,0,0
03/07/2020,Washington,0,0,0,0
03/08/2020,Washington,0,0,2,2
03/09/2020,Washington,0,0,0,2
03/10/2020,Washington,0,0,1,3
03/11/2020,Washington,0,0,4,7
03/12/2020,Washington,0,0,0,7
03/13/2020,Washington,0,0,1,8
03/14/2020,Washington,0,0,1,9
03/15/2020,Washington,0,0,5,14
03/16/2020,Washington,0,0,4,18
03/17/2020,Washington,1,1,9,27
03/18/2020,Washington,0,1,5,32
03/19/2020,Washington,0,1,8,40
03/20/2020,Washington,0,1,10,50
03/21/2020,Washington,0,1,18,68
03/22/2020,Washington,2,3,52,120
03/23/2020,Washington,0,3,7,127
03/24/2020,Washington,1,4,25,152
03/25/2020,Washington,0,4,18,170
03/26/2020,Washington,2,6,19,189
03/27/2020,Washington,0,6,40,229
03/28/2020,Washington,1,7,20,249
03/29/2020,Washington,0,7,10,259
03/30/2020,Washington,3,10,7,266
03/31/2020,Washington,0,10,5,271
04/01/2020,Washington,2,12,9,280
04/02/2020,Washington,3,15,13,293
04/03/2020,Washington,1,16,9,302
04/04/2020,Washington,2,18,15,317
04/05/2020,Washington,1,19,2,319
04/06/2020,Washington,0,19,13,332
04/07/2020,Washington,1,20,27,359
04/08/2020,Washington,5,25,24,383
04/09/2020,Washington,1,26,14,397
04/10/2020,Washington,5,31,16,413
04/11/2020,Washington,3,34,18,431
04/12/2020,Washington,3,37,15,446
04/13/2020,Washington,3,40,36,482
04/14/2020,Washington,2,42,8,490
04/15/2020,Washington,4,46,24,514
04/16/2020,Washington,2,48,19,533
04/17/2020,Washington,4,52,25,558
04/18/2020,Washington,11,63,35,593
04/19/2020,Washington,2,65,9,602
04/20/2020,Washington,3,68,12,614
04/21/2020,Washington,5,73,17,631
04/22/2020,Washington,7,80,36,667
04/23/2020,Washington,3,83,26,693
04/24/2020,Washington,30,113,134,827
04/25/2020,Washington,14,127,51,878
04/26/2020,Washington,3,130,37,915
04/27/2020,Washington,1,131,13,928
04/28/2020,Washington,3,134,19,947
04/29/2020,Washington,14,148,58,1005
04/30/2020,Washington,22,170,88,1093
05/01/2020,Washington,14,184,63,1156
05/02/2020,Washington,2,186,63,1219
05/03/2020,Washington,2,188,31,1250
05/04/2020,Washington,0,188,22,1272
05/05/2020,Washington,1,189,25,1297
05/06/2020,Washington,1,190,20,1317
05/07/2020,Washington,11,201,106,1423
05/08/2020,Washington,3,204,86,1509
05/09/2020,Washington,2,206,60,1569
05/10/2020,Washington,4,210,39,1608
05/11/2020,Washington,0,210,24,1632
05/12/2020,Washington,4,214,66,1698
05/13/2020,Washington,1,215,77,1775
05/14/2020,Washington,2,217,65,1840
05/15/2020,Washington,1,218,75,1915
05/16/2020,Washington,1,219,70,1985
05/17/2020,Washington,0,219,47,2032
05/18/2020,Washington,1,220,41,2073
05/19/2020,Washington,1,221,66,2139
05/20/2020,Washington,1,222,87,2226
05/21/2020,Washington,2,224,100,2326
05/22/2020,Washington,1,225,70,2396
05/23/2020,Washington,1,226,213,2609
05/24/2020,Washington,2,228,51,2660
05/25/2020,Washington,0,228,106,2766
05/26/2020,Washington,0,228,107,2873
05/27/2020,Washington,3,231,293,3166
05/28/2020,Washington,1,232,340,3506
05/29/2020,Washington,3,235,240,3746
05/30/2020,Washington,0,235,222,3968
05/31/2020,Washington,0,235,99,4067
06/01/2020,Washington,2,237,81,4148
06/02/2020,Washington,1,238,270,4418
06/03/2020,Washington,0,238,354,4772
06/04/2020,Washington,2,240,158,4930
06/05/2020,Washington,0,240,254,5184
06/06/2020,Washington,0,240,243,5427
06/07/2020,Washington,0,240,211,5638
06/08/2020,Washington,0,240,32,5670
06/09/2020,Washington,0,240,260,5930
06/10/2020,Washington,1,241,230,6160
06/11/2020,Washington,1,242,368,6528
06/12/2020,Washington,0,242,238,6766
06/13/2020,Washington,1,243,99,6865
06/14/2020,Washington,0,243,185,7050
06/15/2020,Washington,0,243,67,7117
06/16/2020,Washington,0,243,164,7281
06/17/2020,Washington,0,243,171,7452
06/18/2020,Washington,0,243,148,7600
06/19/2020,Washington,1,244,206,7806
06/20/2020,Washington,0,244,121,7927
06/21/2020,Washington,0,244,118,8045
06/22/2020,Washington,0,244,35,8080
06/23/2020,Washington,0,244,239,8319
06/24/2020,Washington,1,245,185,8504
06/25/2020,Washington,0,245,109,8613
06/26/2020,Washington,0,245,213,8826
03/02/2020,Wayne,0,0,0,0
03/03/2020,Wayne,0,0,0,0
03/04/2020,Wayne,0,0,0,0
03/05/2020,Wayne,0,0,0,0
03/06/2020,Wayne,0,0,0,0
03/07/2020,Wayne,0,0,0,0
03/08/2020,Wayne,0,0,0,0
03/09/2020,Wayne,0,0,0,0
03/10/2020,Wayne,0,0,0,0
03/11/2020,Wayne,0,0,0,0
03/12/2020,Wayne,0,0,0,0
03/13/2020,Wayne,0,0,2,2
03/14/2020,Wayne,0,0,1,3
03/15/2020,Wayne,0,0,3,6
03/16/2020,Wayne,0,0,3,9
03/17/2020,Wayne,0,0,10,19
03/18/2020,Wayne,1,1,15,34
03/19/2020,Wayne,0,1,21,55
03/20/2020,Wayne,2,3,13,68
03/21/2020,Wayne,0,3,9,77
03/22/2020,Wayne,3,6,14,91
03/23/2020,Wayne,0,6,17,108
03/24/2020,Wayne,1,7,15,123
03/25/2020,Wayne,1,8,37,160
03/26/2020,Wayne,3,11,27,187
03/27/2020,Wayne,1,12,32,219
03/28/2020,Wayne,0,12,13,232
03/29/2020,Wayne,3,15,24,256
03/30/2020,Wayne,4,19,28,284
03/31/2020,Wayne,5,24,33,317
04/01/2020,Wayne,3,27,28,345
04/02/2020,Wayne,3,30,28,373
04/03/2020,Wayne,0,30,35,408
04/04/2020,Wayne,2,32,24,432
04/05/2020,Wayne,2,34,15,447
04/06/2020,Wayne,1,35,31,478
04/07/2020,Wayne,4,39,46,524
04/08/2020,Wayne,0,39,34,558
04/09/2020,Wayne,2,41,34,592
04/10/2020,Wayne,1,42,17,609
04/11/2020,Wayne,0,42,7,616
04/12/2020,Wayne,0,42,8,624
04/13/2020,Wayne,6,48,39,663
04/14/2020,Wayne,0,48,20,683
04/15/2020,Wayne,1,49,12,695
04/16/2020,Wayne,0,49,7,702
04/17/2020,Wayne,0,49,7,709
04/18/2020,Wayne,1,50,6,715
04/19/2020,Wayne,0,50,2,717
04/20/2020,Wayne,1,51,8,725
04/21/2020,Wayne,1,52,16,741
04/22/2020,Wayne,1,53,13,754
04/23/2020,Wayne,0,53,12,766
04/24/2020,Wayne,12,65,257,1023
04/25/2020,Wayne,0,65,36,1059
04/26/2020,Wayne,4,69,28,1087
04/27/2020,Wayne,1,70,53,1140
04/28/2020,Wayne,0,70,45,1185
04/29/2020,Wayne,1,71,54,1239
04/30/2020,Wayne,0,71,56,1295
05/01/2020,Wayne,2,73,43,1338
05/02/2020,Wayne,2,75,86,1424
05/03/2020,Wayne,1,76,88,1512
05/04/2020,Wayne,2,78,66,1578
05/05/2020,Wayne,0,78,93,1671
05/06/2020,Wayne,0,78,93,1764
05/07/2020,Wayne,1,79,95,1859
05/08/2020,Wayne,0,79,63,1922
05/09/2020,Wayne,1,80,101,2023
05/10/2020,Wayne,1,81,72,2095
05/11/2020,Wayne,2,83,64,2159
05/12/2020,Wayne,1,84,168,2327
05/13/2020,Wayne,5,89,120,2447
05/14/2020,Wayne,2,91,110,2557
05/15/2020,Wayne,1,92,86,2643
05/16/2020,Wayne,4,96,118,2761
05/17/2020,Wayne,1,97,114,2875
05/18/2020,Wayne,1,98,128,3003
05/19/2020,Wayne,5,103,187,3190
05/20/2020,Wayne,0,103,155,3345
05/21/2020,Wayne,1,104,104,3449
05/22/2020,Wayne,3,107,163,3612
05/23/2020,Wayne,1,108,107,3719
05/24/2020,Wayne,1,109,106,3825
05/25/2020,Wayne,1,110,170,3995
05/26/2020,Wayne,0,110,339,4334
05/27/2020,Wayne,2,112,303,4637
05/28/2020,Wayne,1,113,290,4927
05/29/2020,Wayne,0,113,299,5226
05/30/2020,Wayne,2,115,284,5510
05/31/2020,Wayne,1,116,228,5738
06/01/2020,Wayne,0,116,216,5954
06/02/2020,Wayne,4,120,396,6350
06/03/2020,Wayne,1,121,468,6818
06/04/2020,Wayne,1,122,323,7141
06/05/2020,Wayne,1,123,409,7550
06/06/2020,Wayne,1,124,362,7912
06/07/2020,Wayne,1,125,322,8234
06/08/2020,Wayne,1,126,362,8596
06/09/2020,Wayne,0,126,388,8984
06/10/2020,Wayne,1,127,509,9493
06/11/2020,Wayne,2,129,460,9953
06/12/2020,Wayne,2,131,348,10301
06/13/2020,Wayne,2,133,363,10664
06/14/2020,Wayne,0,133,160,10824
06/15/2020,Wayne,1,134,456,11280
06/16/2020,Wayne,3,137,298,11578
06/17/2020,Wayne,2,139,184,11762
06/18/2020,Wayne,2,141,224,11986
06/19/2020,Wayne,2,143,280,12266
06/20/2020,Wayne,0,143,249,12515
06/21/2020,Wayne,0,143,239,12754
06/22/2020,Wayne,2,145,297,13051
06/23/2020,Wayne,5,150,305,13356
06/24/2020,Wayne,4,154,227,13583
06/25/2020,Wayne,5,159,171,13754
06/26/2020,Wayne,2,161,280,14034
03/02/2020,Westchester,1,1,1,1
03/03/2020,Westchester,0,1,1,2
03/04/2020,Westchester,0,1,0,2
03/05/2020,Westchester,19,20,42,44
03/06/2020,Westchester,0,20,9,53
03/07/2020,Westchester,22,42,110,163
03/08/2020,Westchester,18,60,207,370
03/09/2020,Westchester,42,102,222,592
03/10/2020,Westchester,9,111,177,769
03/11/2020,Westchester,21,132,183,952
03/12/2020,Westchester,19,151,108,1060
03/13/2020,Westchester,20,171,209,1269
03/14/2020,Westchester,11,182,220,1489
03/15/2020,Westchester,41,223,372,1861
03/16/2020,Westchester,157,380,1219,3080
03/17/2020,Westchester,158,538,1026,4106
03/18/2020,Westchester,261,799,1588,5694
03/19/2020,Westchester,292,1091,1483,7177
03/20/2020,Westchester,296,1387,1459,8636
03/21/2020,Westchester,486,1873,2011,10647
03/22/2020,Westchester,1021,2894,4037,14684
03/23/2020,Westchester,997,3891,3282,17966
03/24/2020,Westchester,800,4691,2371,20337
03/25/2020,Westchester,1253,5944,5951,26288
03/26/2020,Westchester,1243,7187,3227,29515
03/27/2020,Westchester,688,7875,1588,31103
03/28/2020,Westchester,644,8519,1410,32513
03/29/2020,Westchester,807,9326,1595,34108
03/30/2020,Westchester,641,9967,1515,35623
03/31/2020,Westchester,716,10683,1567,37190
04/01/2020,Westchester,884,11567,1891,39081
04/02/2020,Westchester,784,12351,1632,40713
04/03/2020,Westchester,730,13081,1621,42334
04/04/2020,Westchester,642,13723,1621,43955
04/05/2020,Westchester,571,14294,1398,45353
04/06/2020,Westchester,510,14804,1348,46701
04/07/2020,Westchester,1083,15887,2647,49348
04/08/2020,Westchester,1117,17004,2889,52237
04/09/2020,Westchester,1073,18077,2911,55148
04/10/2020,Westchester,652,18729,1679,56827
04/11/2020,Westchester,584,19313,1472,58299
04/12/2020,Westchester,473,19786,1163,59462
04/13/2020,Westchester,405,20191,1145,60607
04/14/2020,Westchester,756,20947,2019,62626
04/15/2020,Westchester,881,21828,2642,65268
04/16/2020,Westchester,648,22476,2042,67310
04/17/2020,Westchester,703,23179,2298,69608
04/18/2020,Westchester,624,23803,2133,71741
04/19/2020,Westchester,503,24306,1599,73340
04/20/2020,Westchester,350,24656,1208,74548
04/21/2020,Westchester,620,25276,2016,76564
04/22/2020,Westchester,683,25959,2317,78881
04/23/2020,Westchester,674,26633,2672,81553
04/24/2020,Westchester,598,27231,2468,84021
04/25/2020,Westchester,433,27664,1951,85972
04/26/2020,Westchester,343,28007,1764,87736
04/27/2020,Westchester,238,28245,1408,89144
04/28/2020,Westchester,381,28626,1843,90987
04/29/2020,Westchester,344,28970,1842,92829
04/30/2020,Westchester,262,29232,1613,94442
05/01/2020,Westchester,394,29626,2359,96801
05/02/2020,Westchester,258,29884,1809,98610
05/03/2020,Westchester,213,30097,1662,100272
05/04/2020,Westchester,143,30240,1225,101497
05/05/2020,Westchester,186,30426,1434,102931
05/06/2020,Westchester,282,30708,2311,105242
05/07/2020,Westchester,197,30905,2224,107466
05/08/2020,Westchester,182,31087,1936,109402
05/09/2020,Westchester,207,31294,1940,111342
05/10/2020,Westchester,90,31384,1321,112663
05/11/2020,Westchester,88,31472,984,113647
05/12/2020,Westchester,139,31611,1925,115572
05/13/2020,Westchester,181,31792,2450,118022
05/14/2020,Westchester,151,31943,2024,120046
05/15/2020,Westchester,154,32097,2059,122105
05/16/2020,Westchester,127,32224,1940,124045
05/17/2020,Westchester,99,32323,1326,125371
05/18/2020,Westchester,79,32402,1125,126496
05/19/2020,Westchester,115,32517,1867,128363
05/20/2020,Westchester,156,32673,2671,131034
05/21/2020,Westchester,94,32767,2350,133384
05/22/2020,Westchester,114,32881,3234,136618
05/23/2020,Westchester,87,32968,2542,139160
05/24/2020,Westchester,81,33049,2323,141483
05/25/2020,Westchester,58,33107,1695,143178
05/26/2020,Westchester,79,33186,2207,145385
05/27/2020,Westchester,107,33293,3266,148651
05/28/2020,Westchester,56,33349,3203,151854
05/29/2020,Westchester,80,33429,3388,155242
05/30/2020,Westchester,52,33481,3290,158532
05/31/2020,Westchester,71,33552,3376,161908
06/01/2020,Westchester,81,33633,3183,165091
06/02/2020,Westchester,58,33691,3253,168344
06/03/2020,Westchester,76,33767,3524,171868
06/04/2020,Westchester,87,33854,4216,176084
06/05/2020,Westchester,70,33924,3979,180063
06/06/2020,Westchester,30,33954,3162,183225
06/07/2020,Westchester,46,34000,3336,186561
06/08/2020,Westchester,35,34035,2577,189138
06/09/2020,Westchester,41,34076,3304,192442
06/10/2020,Westchester,30,34106,3494,195936
06/11/2020,Westchester,69,34175,4954,200890
06/12/2020,Westchester,78,34253,5099,205989
06/13/2020,Westchester,37,34290,3399,209388
06/14/2020,Westchester,37,34327,3594,212982
06/15/2020,Westchester,31,34358,3204,216186
06/16/2020,Westchester,27,34385,3189,219375
06/17/2020,Westchester,24,34409,3998,223373
06/18/2020,Westchester,46,34455,4521,227894
06/19/2020,Westchester,31,34486,3624,231518
06/20/2020,Westchester,35,34521,3879,235397
06/21/2020,Westchester,36,34557,3794,239191
06/22/2020,Westchester,24,34581,2844,242035
06/23/2020,Westchester,16,34597,2320,244355
06/24/2020,Westchester,45,34642,4611,248966
06/25/2020,Westchester,58,34700,4127,253093
06/26/2020,Westchester,48,34748,4520,257613
03/02/2020,Wyoming,0,0,0,0
03/03/2020,Wyoming,0,0,0,0
03/04/2020,Wyoming,0,0,0,0
03/05/2020,Wyoming,0,0,0,0
03/06/2020,Wyoming,0,0,0,0
03/07/2020,Wyoming,0,0,0,0
03/08/2020,Wyoming,0,0,0,0
03/09/2020,Wyoming,0,0,0,0
03/10/2020,Wyoming,0,0,0,0
03/11/2020,Wyoming,0,0,0,0
03/12/2020,Wyoming,0,0,0,0
03/13/2020,Wyoming,0,0,0,0
03/14/2020,Wyoming,0,0,0,0
03/15/2020,Wyoming,1,1,3,3
03/16/2020,Wyoming,0,1,0,3
03/17/2020,Wyoming,0,1,2,5
03/18/2020,Wyoming,1,2,6,11
03/19/2020,Wyoming,0,2,3,14
03/20/2020,Wyoming,0,2,0,14
03/21/2020,Wyoming,0,2,4,18
03/22/2020,Wyoming,2,4,11,29
03/23/2020,Wyoming,0,4,8,37
03/24/2020,Wyoming,0,4,7,44
03/25/2020,Wyoming,3,7,9,53
03/26/2020,Wyoming,0,7,14,67
03/27/2020,Wyoming,0,7,15,82
03/28/2020,Wyoming,1,8,13,95
03/29/2020,Wyoming,0,8,7,102
03/30/2020,Wyoming,1,9,13,115
03/31/2020,Wyoming,1,10,10,125
04/01/2020,Wyoming,4,14,12,137
04/02/2020,Wyoming,1,15,11,148
04/03/2020,Wyoming,3,18,11,159
04/04/2020,Wyoming,4,22,16,175
04/05/2020,Wyoming,1,23,6,181
04/06/2020,Wyoming,0,23,7,188
04/07/2020,Wyoming,4,27,18,206
04/08/2020,Wyoming,2,29,12,218
04/09/2020,Wyoming,1,30,13,231
04/10/2020,Wyoming,1,31,12,243
04/11/2020,Wyoming,0,31,2,245
04/12/2020,Wyoming,0,31,2,247
04/13/2020,Wyoming,1,32,21,268
04/14/2020,Wyoming,2,34,9,277
04/15/2020,Wyoming,0,34,8,285
04/16/2020,Wyoming,1,35,11,296
04/17/2020,Wyoming,1,36,6,302
04/18/2020,Wyoming,0,36,6,308
04/19/2020,Wyoming,0,36,4,312
04/20/2020,Wyoming,0,36,6,318
04/21/2020,Wyoming,4,40,14,332
04/22/2020,Wyoming,1,41,15,347
04/23/2020,Wyoming,2,43,18,365
04/24/2020,Wyoming,14,57,117,482
04/25/2020,Wyoming,2,59,19,501
04/26/2020,Wyoming,4,63,15,516
04/27/2020,Wyoming,0,63,9,525
04/28/2020,Wyoming,2,65,26,551
04/29/2020,Wyoming,2,67,17,568
04/30/2020,Wyoming,1,68,16,584
05/01/2020,Wyoming,1,69,32,616
05/02/2020,Wyoming,0,69,15,631
05/03/2020,Wyoming,0,69,16,647
05/04/2020,Wyoming,1,70,24,671
05/05/2020,Wyoming,0,70,42,713
05/06/2020,Wyoming,1,71,22,735
05/07/2020,Wyoming,2,73,130,865
05/08/2020,Wyoming,2,75,187,1052
05/09/2020,Wyoming,2,77,26,1078
05/10/2020,Wyoming,0,77,39,1117
05/11/2020,Wyoming,0,77,24,1141
05/12/2020,Wyoming,0,77,63,1204
05/13/2020,Wyoming,0,77,41,1245
05/14/2020,Wyoming,0,77,106,1351
05/15/2020,Wyoming,1,78,28,1379
05/16/2020,Wyoming,0,78,43,1422
05/17/2020,Wyoming,1,79,56,1478
05/18/2020,Wyoming,0,79,27,1505
05/19/2020,Wyoming,0,79,60,1565
05/20/2020,Wyoming,0,79,64,1629
05/21/2020,Wyoming,0,79,46,1675
05/22/2020,Wyoming,1,80,150,1825
05/23/2020,Wyoming,1,81,113,1938
05/24/2020,Wyoming,1,82,42,1980
05/25/2020,Wyoming,0,82,29,2009
05/26/2020,Wyoming,0,82,42,2051
05/27/2020,Wyoming,0,82,77,2128
05/28/2020,Wyoming,0,82,66,2194
05/29/2020,Wyoming,2,84,90,2284
05/30/2020,Wyoming,2,86,45,2329
05/31/2020,Wyoming,0,86,85,2414
06/01/2020,Wyoming,0,86,229,2643
06/02/2020,Wyoming,1,87,91,2734
06/03/2020,Wyoming,0,87,122,2856
06/04/2020,Wyoming,1,88,67,2923
06/05/2020,Wyoming,1,89,129,3052
06/06/2020,Wyoming,0,89,124,3176
06/07/2020,Wyoming,1,90,127,3303
06/08/2020,Wyoming,1,91,102,3405
06/09/2020,Wyoming,0,91,188,3593
06/10/2020,Wyoming,0,91,97,3690
06/11/2020,Wyoming,0,91,97,3787
06/12/2020,Wyoming,0,91,113,3900
06/13/2020,Wyoming,1,92,65,3965
06/14/2020,Wyoming,0,92,49,4014
06/15/2020,Wyoming,1,93,201,4215
06/16/2020,Wyoming,0,93,85,4300
06/17/2020,Wyoming,0,93,68,4368
06/18/2020,Wyoming,0,93,126,4494
06/19/2020,Wyoming,0,93,33,4527
06/20/2020,Wyoming,0,93,33,4560
06/21/2020,Wyoming,0,93,151,4711
06/22/2020,Wyoming,0,93,147,4858
06/23/2020,Wyoming,0,93,83,4941
06/24/2020,Wyoming,0,93,95,5036
06/25/2020,Wyoming,1,94,167,5203
06/26/2020,Wyoming,1,95,113,5316
03/02/2020,Yates,0,0,0,0
03/03/2020,Yates,0,0,0,0
03/04/2020,Yates,0,0,0,0
03/05/2020,Yates,0,0,0,0
03/06/2020,Yates,0,0,0,0
03/07/2020,Yates,0,0,0,0
03/08/2020,Yates,0,0,0,0
03/09/2020,Yates,0,0,0,0
03/10/2020,Yates,0,0,0,0
03/11/2020,Yates,0,0,0,0
03/12/2020,Yates,0,0,0,0
03/13/2020,Yates,0,0,1,1
03/14/2020,Yates,0,0,2,3
03/15/2020,Yates,0,0,1,4
03/16/2020,Yates,0,0,0,4
03/17/2020,Yates,0,0,0,4
03/18/2020,Yates,0,0,3,7
03/19/2020,Yates,0,0,1,8
03/20/2020,Yates,0,0,2,10
03/21/2020,Yates,0,0,3,13
03/22/2020,Yates,0,0,3,16
03/23/2020,Yates,0,0,3,19
03/24/2020,Yates,0,0,3,22
03/25/2020,Yates,0,0,1,23
03/26/2020,Yates,0,0,2,25
03/27/2020,Yates,0,0,10,35
03/28/2020,Yates,0,0,7,42
03/29/2020,Yates,0,0,2,44
03/30/2020,Yates,0,0,3,47
03/31/2020,Yates,0,0,7,54
04/01/2020,Yates,1,1,8,62
04/02/2020,Yates,0,1,7,69
04/03/2020,Yates,0,1,3,72
04/04/2020,Yates,0,1,6,78
04/05/2020,Yates,0,1,2,80
04/06/2020,Yates,0,1,3,83
04/07/2020,Yates,0,1,5,88
04/08/2020,Yates,0,1,7,95
04/09/2020,Yates,1,2,3,98
04/10/2020,Yates,0,2,5,103
04/11/2020,Yates,1,3,6,109
04/12/2020,Yates,1,4,4,113
04/13/2020,Yates,2,6,5,118
04/14/2020,Yates,0,6,5,123
04/15/2020,Yates,1,7,2,125
04/16/2020,Yates,1,8,10,135
04/17/2020,Yates,1,9,28,163
04/18/2020,Yates,0,9,2,165
04/19/2020,Yates,1,10,13,178
04/20/2020,Yates,0,10,1,179
04/21/2020,Yates,1,11,1,180
04/22/2020,Yates,0,11,8,188
04/23/2020,Yates,0,11,5,193
04/24/2020,Yates,5,16,41,234
04/25/2020,Yates,1,17,4,238
04/26/2020,Yates,0,17,3,241
04/27/2020,Yates,0,17,3,244
04/28/2020,Yates,0,17,8,252
04/29/2020,Yates,1,18,10,262
04/30/2020,Yates,0,18,12,274
05/01/2020,Yates,0,18,13,287
05/02/2020,Yates,1,19,23,310
05/03/2020,Yates,0,19,9,319
05/04/2020,Yates,0,19,7,326
05/05/2020,Yates,0,19,13,339
05/06/2020,Yates,0,19,13,352
05/07/2020,Yates,1,20,12,364
05/08/2020,Yates,0,20,24,388
05/09/2020,Yates,1,21,27,415
05/10/2020,Yates,0,21,15,430
05/11/2020,Yates,0,21,15,445
05/12/2020,Yates,1,22,23,468
05/13/2020,Yates,0,22,51,519
05/14/2020,Yates,0,22,16,535
05/15/2020,Yates,0,22,15,550
05/16/2020,Yates,1,23,14,564
05/17/2020,Yates,2,25,22,586
05/18/2020,Yates,1,26,25,611
05/19/2020,Yates,8,34,67,678
05/20/2020,Yates,0,34,62,740
05/21/2020,Yates,0,34,107,847
05/22/2020,Yates,3,37,22,869
05/23/2020,Yates,0,37,58,927
05/24/2020,Yates,0,37,28,955
05/25/2020,Yates,0,37,67,1022
05/26/2020,Yates,2,39,28,1050
05/27/2020,Yates,0,39,50,1100
05/28/2020,Yates,0,39,130,1230
05/29/2020,Yates,0,39,31,1261
05/30/2020,Yates,0,39,87,1348
05/31/2020,Yates,0,39,77,1425
06/01/2020,Yates,0,39,48,1473
06/02/2020,Yates,0,39,108,1581
06/03/2020,Yates,0,39,78,1659
06/04/2020,Yates,0,39,113,1772
06/05/2020,Yates,0,39,109,1881
06/06/2020,Yates,0,39,73,1954
06/07/2020,Yates,0,39,110,2064
06/08/2020,Yates,0,39,30,2094
06/09/2020,Yates,0,39,64,2158
06/10/2020,Yates,0,39,99,2257
06/11/2020,Yates,0,39,103,2360
06/12/2020,Yates,0,39,52,2412
06/13/2020,Yates,1,40,64,2476
06/14/2020,Yates,0,40,89,2565
06/15/2020,Yates,0,40,98,2663
06/16/2020,Yates,0,40,58,2721
06/17/2020,Yates,0,40,53,2774
06/18/2020,Yates,0,40,74,2848
06/19/2020,Yates,1,41,49,2897
06/20/2020,Yates,0,41,70,2967
06/21/2020,Yates,1,42,72,3039
06/22/2020,Yates,1,43,43,3082
06/23/2020,Yates,1,44,44,3126
06/24/2020,Yates,0,44,41,3167
06/25/2020,Yates,1,45,61,3228
06/26/2020,Yates,0,45,56,3284
