hash,date_stamp,datetime_checked,us_state_postal,us_state_fips,cnt_tested_pos,cnt_tested_pos_new,cnt_tested_neg,cnt_tested_neg_new,cnt_tested_pending,cnt_recovered,cnt_death,cnt_death_new,cnt_hospitalized,cnt_hospitalized_new,cnt_hospitalized_current,cnt_icu_current,cnt_icu_total,cnt_vent_current,cnt_vent_total,cnt_tested,cnt_tested_new
c9486e6829e118950bb3df693089884e90df1761,2020-06-10,2020-06-10 00:00:00,AK,02,593,20,67127,810,,392,11,0,,0,22,,,3,,67720,830
19414d6567b3415847b4d4d5d4c191f2b954647f,2020-06-10,2020-06-10 11:00:00,AL,01,21989,567,251068,4751,,13508,744,15,2129,42,629,,646,,378,273057,5318
4f7e7ec67e53107f2fa8e266de2611ee7fa856a0,2020-06-10,2020-06-10 15:00:00,AR,05,10368,288,165849,10148,,7116,165,4,901,36,181,,,49,147,176217,10436
df859dd2c0ab9a716bf814f98e696d8a2150c0c0,2020-06-10,2020-06-01 00:00:00,AS,60,0,0,174,0,,,0,0,,0,,,,,,174,0
650419e678ecd4d5ac874e5818dc784a35e4d2d6,2020-06-10,2020-06-10 00:00:00,AZ,04,29852,1556,269835,4918,,5851,1095,25,3476,70,1274,413,,273,,299687,6474
7e73c8271eb88eb691b66084db9ec921932a9f3d,2020-06-10,2020-06-10 00:00:00,CA,06,136191,2702,2404607,51851,,,4776,79,,0,4719,1326,,,,2540798,54553
8984ccd6aafb48887baa27bd7e12020f4f2d5eb9,2020-06-10,2020-06-10 00:00:00,CO,08,28347,164,197747,4043,,4130,1553,10,5025,166,305,,,,,226094,4207
437157de41aba50dbc427ac35c01dcca8fe795e7,2020-06-10,2020-06-09 20:30:00,CT,09,44347,168,272566,4094,,7284,4120,23,9669,0,270,,,,,316913,4262
cf12aa3c93be6eb2e2515f5d5ff00f13e4db487d,2020-06-10,2020-06-09 00:00:00,DC,11,9537,63,48655,977,,1143,499,4,,0,245,79,,60,,58192,1040
e8344013ce17fc78e8f460c7c809172c725cfdde,2020-06-10,2020-06-09 18:00:00,DE,10,10056,36,61689,956,,5939,413,3,,0,108,,,,,71745,992
0f46d9ba6bb0383e0060444f47dd4a85f92a82d9,2020-06-10,2020-06-10 10:00:00,FL,12,67371,1371,1211652,19347,1134,,2889,38,11621,161,,,,,,1279023,20718
ea00ca11a5515ece4785b1322a9c50989a7c2ac1,2020-06-10,2020-06-10 15:04:00,GA,13,53980,731,516975,13041,,,2329,44,8974,102,817,,1991,,,570955,13772
4c1de6340c9c7525221bbb28b92021e3a2c4b9b5,2020-06-10,2020-06-10 07:00:00,GU,66,182,2,8100,304,,164,5,0,,0,,,,,,8282,306
dfddd789b00c01c55dc9f4d5fe0e714669062856,2020-06-10,2020-06-09 18:00:00,HI,15,682,6,55491,693,,621,17,0,84,0,,,,,,56173,699
82de2a8f94b4da9182e35258c5396ab7f0734caa,2020-06-10,2020-06-10 00:00:00,IA,19,22551,315,180278,4791,,13628,630,6,,0,245,73,,49,,202829,5106
6fd6ddf877dd69c4951487246fce58b53b90eba5,2020-06-10,2020-06-09 19:00:00,ID,16,3220,31,55832,1344,,2554,85,2,262,2,,,99,,,59052,1375
8ab1c79eb843ee375244b1fa41911ba2a8c15567,2020-06-10,2020-06-10 00:59:00,IL,17,130561,625,970165,20195,,,6273,77,,0,2458,706,,394,,1100726,20820
aa9ca98b83bab670637de8ea3721912ce1569b85,2020-06-10,2020-06-09 23:59:00,IN,18,38337,304,281757,4400,,26791,2355,16,6261,36,894,307,1334,113,,320094,4704
f308a04cf5d9d82427a82b981dc75c66228c3b19,2020-06-10,2020-06-10 10:00:00,KS,20,10812,162,112930,4071,,657,240,4,954,18,,,316,,139,123742,4233
ebc4ad913d953f02752c8d2141258a6492575c86,2020-06-10,2020-06-10 00:00:00,KY,21,11883,175,262531,14301,,3375,484,7,2396,10,508,68,966,,,274414,14476
6772292440b9d413c21a94f89c74e2a9d18b5649,2020-06-10,2020-06-10 13:00:00,LA,22,44030,418,416090,6034,,33904,2968,11,,0,549,,,72,,460120,6452
9ba39d36dae7e4c2e2f841f9de21dff196e6ce84,2020-06-10,2020-06-10 10:00:00,MA,25,104156,267,567934,9831,,,7454,46,10582,75,1345,319,,200,,672090,10098
198c368b2a3dc010dcac753ef8cd4cf008da8dea,2020-06-10,2020-06-10 10:00:00,MD,24,59465,561,325177,5999,,4310,2844,33,9755,79,955,379,,,,384642,6560
5c10ead93514a3e7f8f7c0e0bc3536f0de418205,2020-06-10,2020-06-09 23:59:00,ME,23,2637,31,61303,1489,,2023,100,0,303,1,27,10,,5,,63940,1520
45cbed2b4b3a0d3c8943328c875d10f036cdadb9,2020-06-10,2020-06-10 00:00:00,MI,26,65182,184,672153,0,,42041,5955,12,,0,661,249,,150,,737335,184
f663ad0bf0f665746360cab851c550e0a762026a,2020-06-10,2020-06-09 17:00:00,MN,27,28869,346,340926,8458,,24675,1267,39,3482,41,427,193,1083,,,369795,8804
a964a17e185d3e12adee5ce9799642784aa31bea,2020-06-10,2020-06-10 15:00:00,MO,29,15187,274,236442,5660,,,848,8,,0,533,,,59,,251629,5934
f72add47f17929dce3129e59bbb197cf283252db,2020-06-10,2020-06-09 18:13:00,MP,69,30,0,7493,0,,19,2,0,,0,,,,,,7523,0
5efbee543544b2b893e9af8cff408e643480ce66,2020-06-10,2020-06-09 19:00:00,MS,28,18483,715,195402,4958,,13356,868,31,2614,79,655,160,,99,,213885,5673
b29c129092c6637abf379d0d456b6ba763091d62,2020-06-10,2020-06-10 00:00:00,MT,30,561,7,54055,1425,,487,18,0,74,2,7,,,,,54616,1432
89b96a1dd5d8d7e39cc6953997db6be699a32fd9,2020-06-10,2020-06-10 11:50:00,NC,37,38171,1011,515479,16928,,23653,1053,24,,0,780,,,,,553650,17939
36dfa224ff57e51a66556f93bda308d298f990c0,2020-06-10,2020-06-09 00:00:00,ND,38,2941,40,78719,954,,2482,76,1,193,4,33,,,,,81660,994
879b1cabb099a0cf172fd0abcb6497b962bc2eae,2020-06-10,2020-06-09 20:00:00,NE,31,15883,131,109279,2339,,8820,191,3,989,22,181,,,,,125162,2470
e20db4f8ce93414ad8c20e128cff67b74e1ea00b,2020-06-10,2020-06-09 09:00:00,NH,33,5132,53,83515,1471,,3501,294,8,496,4,80,,146,,,88647,1524
3432904a0a593645fa4d268e5e6cbf8dcd6e991d,2020-06-10,2020-06-10 13:00:00,NJ,34,165346,550,843588,18887,,28207,12377,74,18223,154,1701,471,,342,,1008934,19437
a157944703315b9e4e168dc9f2e15d70d6e4150c,2020-06-10,2020-06-09 17:51:00,NM,35,9105,43,232552,2813,,3699,404,4,1583,25,193,,,,,241657,2856
c4f04b0a33fa2cb9747b8b4d660a1f98729e29b9,2020-06-10,2020-06-10 11:40:00,NV,32,10164,134,177159,3600,,557,448,4,,0,359,70,,38,,187323,3734
722e71fad3e57cb807fbc0b220956ff9ffba50ca,2020-06-10,2020-06-10 00:00:00,NY,36,380156,674,2288010,61623,,68019,24404,56,89995,0,2190,630,,462,,2668166,62297
e9dd9b0f8de4d5e681eb9e937952f0b8e0a32017,2020-06-10,2020-06-10 14:00:00,OH,39,39575,413,462309,11081,,,2457,36,6693,73,575,232,1714,159,,501884,11494
8c7008ea92b87b69a9e43eae06bd29e385c7a98b,2020-06-10,2020-06-09 00:00:00,OK,40,7480,117,229817,3139,,6166,355,2,1075,14,150,63,,,,237297,3256
ef0d6cc20ef684cd02c687c3779634fb73db8dbb,2020-06-10,2020-06-09 03:01:00,OR,41,5060,72,151698,3069,,2332,169,0,857,6,136,40,,18,,156758,3141
9d858a37144b411f0236d0931a0f26e33df4f4c9,2020-06-10,2020-06-10 00:00:00,PA,42,77466,410,466964,7716,,54560,6062,48,,0,992,,,218,,544430,8126
1c99436d20e54f5e113ddbf5b275355487dc50a3,2020-06-10,2020-06-10 06:30:00,PR,72,5329,144,,0,,,143,1,,0,97,8,,5,,5329,144
c946c8f2dca238d1b16de2ca3323d9c297be50d1,2020-06-10,2020-06-10 12:00:00,RI,44,15756,65,167866,2670,,1406,812,4,1828,13,148,27,,16,,183622,2735
f7a7919c8aef0e092939cbcb58d1e0d21792e65d,2020-06-10,2020-06-10 16:15:00,SC,45,15759,531,236773,4019,,7928,575,7,1898,0,513,,,,,252532,4550
dcd117dbe1d5036bf1a90f977de4a57274ccf0e3,2020-06-10,2020-06-09 18:00:00,SD,46,5604,81,55081,1445,,4573,69,1,503,16,101,,,,,60685,1526
46dd50075fc5fa5e7a2129acb24f8a00a6525d6c,2020-06-10,2020-06-10 15:00:00,TN,47,28061,486,500766,7144,,18516,436,1,1990,16,,,,,,528827,7630
9508ca7f33e5cd53e0dc96b2bb086b91a351f6ed,2020-06-10,2020-06-10 16:45:00,TX,48,79757,2504,1081330,11228,,52449,1885,32,,0,2153,,,,,1161087,13732
749e899336ffd27c7f272c293f4fe7b4bbf90353,2020-06-10,2020-06-10 10:02:00,UT,49,12864,305,236896,2595,,7587,128,1,954,23,223,,276,,116,249760,2900
0a76ff674d8f34981364258ff760f23722afa4a4,2020-06-10,2020-06-09 17:00:00,VA,51,52177,439,346187,7069,407,6826,1514,18,7981,135,1155,296,,139,,398364,7508
328af9fd3d7a6284153dafa94416a97e7bbd54a3,2020-06-10,2020-06-10 09:59:00,VI,78,72,1,2169,32,6,64,6,0,,0,,,,,,2241,33
e8cf3e2280746acde1e2ffe85decb3c72d1d636c,2020-06-10,2020-06-10 00:00:00,VT,50,1095,11,44647,1503,,903,55,0,,0,11,,,,,45742,1514
6592c53c8e506ad35a683462f3ed132f2bd5b0e5,2020-06-10,2020-06-10 02:59:00,WA,53,24354,313,390700,4451,,,1176,15,3747,48,238,,,92,,415054,4764
5d4b06de5a7d7fd5b2818d0e670ea4f84dd240cb,2020-06-10,2020-06-10 00:00:00,WI,55,21593,285,357112,9902,190,14999,671,10,2943,39,328,114,654,,,378705,10187
6bdf4aca2a9e54151bccce545982346154e0a932,2020-06-10,2020-06-10 10:00:00,WV,54,2188,19,115802,3633,,1485,85,1,,0,24,9,,5,,117990,3652
9b6c26664fc87f167d2dd7364d9e7b52c83f07a5,2020-06-10,2020-06-10 00:00:00,WY,56,980,10,29872,506,,804,18,1,92,1,8,,,,,30852,516
b6fc4f2b68d03f21bd2045e32b08b7d73bb4f923,2020-06-09,2020-06-09 00:00:00,AK,02,573,10,66317,968,,389,11,1,,0,12,,,1,,66890,978
f9d5fda69feadd2a19ff3d4ae98904c00b0e48d4,2020-06-09,2020-06-09 11:00:00,AL,01,21422,497,246317,7251,,11395,729,11,2087,33,600,,631,,375,267739,7748
ce446c5d81bb9cd9f13211029e2241d9ca648f39,2020-06-09,2020-06-09 15:00:00,AR,05,10080,340,155701,4854,,6875,161,6,865,21,173,,,44,144,165781,5194
a40f581430963f6fbf117f449df3b5ad69f17388,2020-06-09,2020-06-01 00:00:00,AS,60,0,0,174,0,,,0,0,,0,,,,,,174,0
8446b5106a645cacdd00ef4f99a21961b118a240,2020-06-09,2020-06-09 00:00:00,AZ,04,28296,618,264917,4514,,5764,1070,23,3406,29,1243,438,,264,,293213,5132
d8f7599392216ae3900aff96c790aa5b119ef41c,2020-06-09,2020-06-09 00:00:00,CA,06,133489,2170,2352756,52885,,,4697,44,,0,4583,1345,,,,2486245,55055
87186412d062757e1bd41107b50bf407a5cd9776,2020-06-09,2020-06-09 00:00:00,CO,08,28183,182,193704,4221,,4112,1543,16,4859,374,304,,,,,221887,4403
0222c3f6d683a8845a5738526ab4a15ff44e1018,2020-06-09,2020-06-08 20:30:00,CT,09,44179,87,268472,4493,,7284,4097,13,9669,0,293,,,,,312651,4580
58f55a5458b76b8b61f32ab1b384f17a4211f428,2020-06-09,2020-06-08 00:00:00,DC,11,9474,85,47678,1301,,1143,495,4,,0,255,89,,59,,57152,1386
c4d7970839b5c383446813150a31d45d8d8c7c13,2020-06-09,2020-06-08 18:00:00,DE,10,10020,48,60733,758,,5888,410,12,,0,108,,,,,70753,806
b18dbc2381ec20987e815a24e8654b73a2709e42,2020-06-09,2020-06-09 10:00:00,FL,12,66000,1096,1192305,22659,1100,,2851,53,11460,178,,,,,,1258305,23755
e398007857175abe5e4da5e9b68d3bfc8cf37e94,2020-06-09,2020-06-09 14:50:00,GA,13,53249,752,503934,7056,,,2285,77,8872,126,834,,1960,,,557183,7808
ed096651349a0a4870bb69db8c409edaa08e9f34,2020-06-09,2020-06-09 07:00:00,GU,66,180,1,7796,246,,163,5,0,,0,,,,,,7976,247
cdd0777bee720d60c899fe11cf14cb9bbbdc342b,2020-06-09,2020-06-08 18:00:00,HI,15,676,1,54798,326,,618,17,0,84,0,,,,,,55474,327
74710e883304c4eebb3d939058155b837e497603,2020-06-09,2020-06-09 00:00:00,IA,19,22236,249,175487,3852,,13411,624,12,,0,255,82,,51,,197723,4101
371196dac916157be078fc83f74c4dcd6689dae1,2020-06-09,2020-06-08 19:00:00,ID,16,3189,50,54488,1586,,2509,83,0,260,0,,,99,,,57677,1636
7513dd7b0f4a23ba2803d641b7114b91121e9c44,2020-06-09,2020-06-09 00:59:00,IL,17,129936,797,949970,19512,,,6196,94,,0,2573,726,,437,,1079906,20309
388ef7c93ed366ae4d11fa18174a3da41f8e35a2,2020-06-09,2020-06-08 23:59:00,IN,18,38033,410,277357,5477,,26205,2339,23,6225,46,853,307,1330,113,,315390,5887
1bc995eae1602aad3b9c169c1071d0a8e7857179,2020-06-09,2020-06-08 10:00:00,KS,20,10650,0,108859,0,,625,236,0,936,0,,,311,,136,119509,0
2af69440413dc53bb66db2e5d0bf7f150d881381,2020-06-09,2020-06-09 00:00:00,KY,21,11708,232,248230,6849,,3365,477,5,2386,18,525,75,966,,,259938,7081
7932d6752a2ee543b1f3aa513457ef5ad7d67933,2020-06-09,2020-06-09 13:00:00,LA,22,43612,562,410056,10504,,33904,2957,13,,0,568,,,67,,453668,11066
1926ffe04edc9ef02d48b23ab60058c6174737cf,2020-06-09,2020-06-09 10:00:00,MA,25,103889,263,558103,4460,,,7408,55,10507,82,1397,315,,202,,661992,4723
2d4d41b38883f376d46c8c5ee6befb9e0d10af67,2020-06-09,2020-06-09 10:00:00,MD,24,58904,500,319178,6079,,4279,2811,35,9676,47,970,386,,,,378082,6579
39ecf1aa58a16d3386def2631c743211c7b4be93,2020-06-09,2020-06-08 23:59:00,ME,23,2606,18,59814,757,,1992,100,1,302,1,29,10,,7,,62420,775
a4872ca97b99bf3a9141623a93f8efff0ee7d4a8,2020-06-09,2020-06-09 00:00:00,MI,26,64998,585,672153,15531,,42041,5943,48,,0,661,249,,150,,737151,16116
1cb54cfd2d88b785507f123e2d97ce2a0fd02d47,2020-06-09,2020-06-08 17:00:00,MN,27,28523,299,332468,6466,,24221,1228,20,3441,40,455,199,1068,,,360991,6765
bf1d6c73bd3682329990ed54e560931430cfeebf,2020-06-09,2020-06-09 15:00:00,MO,29,14913,179,230782,4055,,,840,21,,0,533,,,59,,245695,4234
8b0d7c5756d2b791fb7f1d6e33166add07381fc7,2020-06-09,2020-06-09 00:00:00,MP,69,30,2,7493,279,,19,2,0,,0,,,,,,7523,281
14e29084444ed4e9c78018bb4c92946aeada59f2,2020-06-09,2020-06-07 19:00:00,MS,28,17768,0,190444,0,,13356,837,0,2535,0,598,142,,83,,208212,0
929bcfa7fff7ab598efc4207792165f4fd24747f,2020-06-09,2020-06-09 00:00:00,MT,30,554,6,52630,1586,,485,18,0,72,3,5,,,,,53184,1592
82e974df78a0f74df4baa9a22782565b3c313705,2020-06-09,2020-06-09 12:00:00,NC,37,37160,676,498551,14922,,23653,1029,23,,0,774,,,,,535711,15598
c8f0725004eab0f247bfb04428a42ffcca9f8a0f,2020-06-09,2020-06-09 00:00:00,ND,38,2901,21,77765,465,,2450,75,0,189,5,32,,,,,80666,486
bb188342f47f11802c814c8b0c98add9f012f65e,2020-06-09,2020-06-08 20:30:00,NE,31,15752,118,106940,1167,,8637,188,0,967,32,176,,,,,122692,1285
875b8e68e54ec2a9e99e8eedc521c4f1f4f814cd,2020-06-09,2020-06-08 09:00:00,NH,33,5079,36,82044,1535,,3392,286,0,492,3,78,,145,,,87123,1571
748d16cd98de1ed35f34fe485b60bdee6d097961,2020-06-09,2020-06-09 13:00:00,NJ,34,164796,299,824701,14109,,28036,12303,89,18069,19,1736,510,,373,,989497,14408
2923236019030eb6fdb41da86f842859bef81d60,2020-06-09,2020-06-08 17:51:00,NM,35,9062,122,229739,4304,,3380,400,4,1558,25,183,,,,,238801,4426
6c3b8d425109f507cbe53d8a7ba21669ebe606d3,2020-06-09,2020-06-09 00:00:00,NV,32,10030,244,173559,3342,,557,444,2,,0,350,86,,41,,183589,3586
8a5e0f38f81191c210d7ab38266b7e50755aa298,2020-06-09,2020-06-09 00:00:00,NY,36,379482,683,2226387,49290,,67808,24348,49,89995,0,2344,663,,485,,2605869,49973
bc962e425ba0175ac17f8b3dbd9646e502b9cdfc,2020-06-09,2020-06-09 14:00:00,OH,39,39162,325,451228,13247,,,2421,17,6620,70,639,238,1708,153,,490390,13572
3fb2988eed8187a917a13ec46088b1c42c8e83ea,2020-06-09,2020-06-09 00:00:00,OK,40,7363,158,226678,12080,,6073,353,5,1061,22,148,66,,,,234041,12238
c10a6510e4b9c27f6fd0f8c92ee5154deba3ab8a,2020-06-09,2020-06-09 03:01:00,OR,41,4988,66,148629,3672,,2313,169,5,851,8,145,47,,20,,153617,3738
5b95af44c23fd7ad1fd4e2dafb0d4f1b04a0d430,2020-06-09,2020-06-09 00:00:00,PA,42,77056,493,459248,7861,,53670,6014,61,,0,1032,,,237,,536304,8354
cc81d0a835f1d2143a14ca5a57771d7f2e2584f2,2020-06-09,2020-06-09 06:30:00,PR,72,5185,139,,0,,,142,0,,0,95,9,,6,,5185,139
65556ff5c7c64956b7d41d8b8d75ded6ad7bcc7c,2020-06-09,2020-06-09 12:00:00,RI,44,15691,49,165196,1669,,1398,808,9,1815,8,144,31,,19,,180887,1718
0d5ff5b1f38369930f3006078d75600b56ce03fd,2020-06-09,2020-06-09 16:20:00,SC,45,15228,428,232754,2893,,7928,568,11,1898,84,541,,,,,247982,3321
33aacd2cd103eb81920252ef032418ce346c3909,2020-06-09,2020-06-08 18:00:00,SD,46,5523,52,53636,1288,,4483,68,3,487,5,90,,,,,59159,1340
5a6fccf38db07673ec36801a515f7c8bca509db4,2020-06-09,2020-06-09 15:00:00,TN,47,27575,631,493622,7803,,18013,435,14,1974,26,,,,,,521197,8434
f9a9d9b500d42cb64b1e69d1837167762d706e17,2020-06-09,2020-06-09 16:50:00,TX,48,77253,1637,1070102,25402,,51140,1853,23,,0,2056,,,,,1147355,27039
8c8af7c566c56a47b8f9aed2ac27d7b97cf4d7b6,2020-06-09,2020-06-09 10:32:00,UT,49,12559,237,234301,3724,,7391,127,3,931,13,230,,274,,116,246860,3961
6814ac37979dfaeb2fcd5e9148843275c11ca3e2,2020-06-09,2020-06-08 17:00:00,VA,51,51738,487,339118,6777,383,6677,1496,19,7846,116,1169,311,,155,,390856,7264
55aa11c339172f5e6f134967fc31cffb918d3b05,2020-06-09,2020-06-09 08:22:00,VI,78,71,0,2137,9,4,63,6,0,,0,,,,,,2208,9
34981fb3f4790c1bffbd91c2424131105352f4ce,2020-06-09,2020-06-09 00:00:00,VT,50,1084,9,43144,1421,,901,55,0,,0,16,,,,,44228,1430
cf729126f02463807af96c5edb85f6ad2abecfa4,2020-06-09,2020-06-08 02:59:00,WA,53,24041,312,386249,4922,,,1161,2,3699,30,205,,,60,,410290,5234
b2864b9d0d0616cc0a0c86254432b605152c13cc,2020-06-09,2020-06-09 00:00:00,WI,55,21308,270,347210,13957,174,14583,661,15,2904,44,505,117,649,,,368518,14227
091c17567dad00e687e732f4f97814a3e63466b3,2020-06-09,2020-06-09 10:00:00,WV,54,2169,16,112169,717,,1477,84,0,,0,24,9,,4,,114338,733
dc06d017fd7b37a72ee638ff513a07e0f0ea4ac7,2020-06-09,2020-06-09 17:48:00,WY,56,970,10,29366,352,,789,17,0,91,0,8,,,,,30336,362
663d19502dff7cf8bde84152d76b5ead5207d577,2020-06-08,2020-06-08 00:00:00,AK,02,563,19,65349,989,,384,10,0,,0,7,,,0,,65912,1008
1883e5b4b7fd77e9a2b4a61f787ab131de4a89a1,2020-06-08,2020-06-08 11:00:00,AL,01,20925,425,239066,0,,11395,718,26,2054,32,,,623,,371,259991,425
3ac80df29045eb45d6e9fc63d3679f48e948c130,2020-06-08,2020-06-08 15:10:00,AR,05,9740,314,150847,0,,6424,155,1,844,0,171,,,46,143,160587,314
12f1eb77121f7d80c5eb271652bf5295063d8279,2020-06-08,2020-06-01 00:00:00,AS,60,0,0,174,0,,,0,0,,0,,,,,,174,0
29ef55b45274f1a96bcb00f991582f17e072e59f,2020-06-08,2020-06-08 00:00:00,AZ,04,27678,789,260403,5671,,5639,1047,3,3377,25,1266,390,,246,,288081,6460
9791bf3d277c1877ffc5046b2fdc1bf963e09d1c,2020-06-08,2020-06-08 00:00:00,CA,06,131319,2507,2299871,66465,,,4653,27,,0,4506,1301,,,,2431190,68972
0beced7a6c975f8a1d66a5fbff2f298f94bd4dd5,2020-06-08,2020-06-08 00:00:00,CO,08,28001,153,189483,4317,,4091,1527,0,4485,5,322,,,,,217484,4470
eaa185a6bf6ae8dd8196e794b9c83e4612972c4e,2020-06-08,2020-06-07 20:30:00,CT,09,44092,124,263979,5593,,7284,4084,13,9669,0,324,,,,,308071,5717
9852f915652e8f504e1a6844d7c732f92ec420f0,2020-06-08,2020-06-07 00:00:00,DC,11,9389,57,46377,1162,,1143,491,2,,0,268,102,,72,,55766,1219
72aaf3f108e9b6317a055aac18b4c7aaf521239a,2020-06-08,2020-06-07 18:00:00,DE,10,9972,30,59975,920,,5791,398,0,,0,113,,,,,69947,950
d8ce9f41f2cac4a27a3e293d39adacef3b9349ac,2020-06-08,2020-06-08 10:00:00,FL,12,64904,966,1169646,17426,1024,,2798,12,11282,67,,,,,,1234550,18392
2b066b9e13c5b1a5efe2f3972cba1a96f4e61de9,2020-06-08,2020-06-08 15:00:00,GA,13,52497,599,496878,8892,,,2208,28,8746,61,819,,1925,,,549375,9491
f4fb9f3b1dff889982e62d81d2dc8ebfb970fcab,2020-06-08,2020-06-08 07:00:00,GU,66,179,0,7550,266,,163,5,0,,0,,,,,,7729,266
e1224f913d97624e658741af90ff041706a5001e,2020-06-08,2020-06-07 18:00:00,HI,15,675,2,54472,1090,,617,17,0,84,1,,,,,,55147,1092
eed10bed5652d0049c2cad0ddd832985562a609f,2020-06-08,2020-06-08 00:00:00,IA,19,21987,320,171635,5110,,13028,612,8,,0,265,85,,53,,193622,5430
e6008a007e9384132bebeb4f3a839cf8d56dbd8b,2020-06-08,2020-06-06 19:00:00,ID,16,3139,0,52902,0,,2461,83,0,260,0,,,99,,,56041,0
7b5ef03044faed00c37734961ab09786e79fc5b0,2020-06-08,2020-06-08 00:59:00,IL,17,129139,1382,930458,15441,,,6102,198,,0,2496,713,,443,,1059597,16823
908da1913288cbdc84b2b8ec26cea26c6b419789,2020-06-08,2020-06-07 23:59:00,IN,18,37623,226,271880,5014,,25608,2316,13,6179,43,902,346,1325,130,,309503,5240
b1d13424cbc4549495d113ea74496fffb8716a0b,2020-06-08,2020-06-08 10:00:00,KS,20,10650,257,108859,5599,,625,236,4,936,19,,,311,,136,119509,5856
4e87b2d389bdb48d0bdf926be5b45d324265d4e4,2020-06-08,2020-06-08 00:00:00,KY,21,11476,189,241381,3606,,3359,472,2,2368,7,486,76,958,,,252857,3795
0ec618b86fdbb820f6171b69d44ba317aafbf9a2,2020-06-08,2020-06-08 13:00:00,LA,22,43050,234,399552,8303,,33904,2944,8,,0,582,,,71,,442602,8537
5b8790f4564fda0069b28f1313fa72f8a298ea02,2020-06-08,2020-06-08 10:00:00,MA,25,103626,190,553643,4589,,,7353,37,10425,32,1415,322,,209,,657269,4779
ccf72d799ff94e8f0c26bccc5ac973f5f34ecbf6,2020-06-08,2020-06-08 10:00:00,MD,24,58404,431,313099,6269,,4240,2776,27,9629,83,979,392,,,,371503,6700
8138e2c28fba7004c9e2ab3f3ea53582be132d07,2020-06-08,2020-06-07 11:59:00,ME,23,2588,18,59057,2658,,1891,99,0,301,3,37,12,,7,,61645,2676
d4170872f2c2c9ae201ba9996760e9c30dc76009,2020-06-08,2020-06-08 00:00:00,MI,26,64413,0,656622,10317,,42041,5895,0,,0,661,249,,191,,721035,10317
63d6bebd1206b8913c68691ce37f399123a91f86,2020-06-08,2020-06-07 17:00:00,MN,27,28224,338,326002,9685,,23657,1208,11,3401,34,452,198,1052,,,354226,10023
99818a49bbd9b792d180a3cee5f1beb7c165f912,2020-06-08,2020-06-08 15:00:00,MO,29,14734,181,226727,4422,,,819,10,,0,611,,,76,,241461,4603
9a824f1feba106ae6f5884b60c9e18b856b0eda8,2020-06-08,2020-06-08 00:00:00,MP,69,28,1,7214,0,,19,2,0,,0,,,,,,7242,1
402bcf6e2605d9cedf433b0a7b8fab592993d473,2020-06-08,2020-06-07 19:00:00,MS,28,17768,498,190444,4465,,13356,837,20,2535,13,598,142,,83,,208212,4963
07d759e44e56f8b140d075fe12ce6b58a26e168c,2020-06-08,2020-06-08 00:00:00,MT,30,548,3,51044,4211,,475,18,0,69,0,2,,,,,51592,4214
754b6bc2b5a011cde9e3f45034c3b3b13c9f366f,2020-06-08,2020-06-08 11:30:00,NC,37,36484,938,483629,7949,,23653,1006,10,,0,739,,,,,520113,8887
89cb6b21d2a0c53ed33ef06b8a3c079a108ac728,2020-06-08,2020-06-08 00:00:00,ND,38,2880,19,77300,228,,2336,75,0,184,1,29,,,,,80180,247
bad80f9ac9214c5e3755ddd320d732f1133b0b09,2020-06-08,2020-06-07 20:00:00,NE,31,15634,91,105773,1547,,8455,188,0,935,7,166,,,,,121407,1638
d8913e0649988f50f90eb611bdce17adb8e3874e,2020-06-08,2020-06-07 09:00:00,NH,33,5043,24,80509,1519,,3392,286,3,489,2,86,,145,,,85552,1543
3c91cc4055a8e07792644287c365bdb38eb75c52,2020-06-08,2020-06-08 13:00:00,NJ,34,164497,333,810592,14331,,27941,12214,38,18050,0,1740,498,,361,,975089,14664
1023ef8c2cefa915631bd53e40e30fcbd7dfd1fc,2020-06-08,2020-06-07 18:00:00,NM,35,8940,140,225435,5088,,3307,396,4,1533,44,177,,,,,234375,5228
d05715b4445546c845caee204fda23e5c0c641fb,2020-06-08,2020-06-08 00:00:00,NV,32,9786,137,170217,4169,,522,442,4,,0,339,74,,44,,180003,4306
f90dbe86ed1600d4ff0f31a2b133cdd0fa4c96ea,2020-06-08,2020-06-08 00:00:00,NY,36,378799,702,2177097,57352,,67687,24299,40,89995,0,2371,678,,507,,2555896,58054
005f3bbbb7d6b80917381c4efce4b98aef0e0217,2020-06-08,2020-06-08 14:00:00,OH,39,38837,361,437981,7433,,,2404,27,6550,53,644,245,1668,158,,476818,7794
12d807b1e07055191071acdf6677dcf2675cb163,2020-06-08,2020-06-08 00:00:00,OK,40,7205,55,214598,0,,6014,348,0,1039,13,158,65,,,,221803,55
9d435e420fcf905ac9b4f9bf783f73d5d9f964fb,2020-06-08,2020-06-08 03:01:00,OR,41,4922,114,144957,1365,,2237,164,0,843,24,137,43,,18,,149879,1479
7bd043228a9cd43aa7d9d63bad9cfc74a187b731,2020-06-08,2020-06-07 00:00:00,PA,42,76563,351,451387,7214,,53670,5953,10,,0,1174,,,268,,527950,7565
51a522da5dc89b1d835e897a886893b2a17ff891,2020-06-08,2020-06-08 05:52:00,PR,72,5046,61,,0,,,142,0,,0,107,8,,7,,5046,61
610b97f4c72b954edf0ed5b85391b12e74cb7154,2020-06-08,2020-06-08 12:00:00,RI,44,15642,201,163527,8229,,1390,799,27,1807,32,146,28,,20,,179169,8430
61661944bd07c473947a7350cb5f15a612a2929b,2020-06-08,2020-06-08 15:45:00,SC,45,14800,514,229861,6288,,7347,557,11,1814,0,507,,,,,244661,6802
376fdc2647af747981dfab899f4d47f0a4bd407d,2020-06-08,2020-06-07 18:00:00,SD,46,5471,33,52348,726,,4403,65,0,482,4,92,,,,,57819,759
644e6c2fdf6da7ea11750f4cfbd3336abf8ef1b6,2020-06-08,2020-06-08 15:00:00,TN,47,26944,563,485819,13432,,17563,421,3,1948,16,,,,,,512763,13995
c55ca3829196b529506b4f2d8337bff8aa1347c9,2020-06-08,2020-06-07 16:30:00,TX,48,75616,638,1044700,19232,,49758,1830,0,,0,1935,,,,,1120316,19870
cc23e1d20e5c0032e3f002433e63fe7282b9c289,2020-06-08,2020-06-08 15:00:00,UT,49,12322,256,230577,4692,,7255,124,3,918,18,182,,270,,112,242899,4948
b707a6b0d71508423cf7d1e406fae0b9ebf082bf,2020-06-08,2020-06-07 17:00:00,VA,51,51251,570,332341,3206,373,6557,1477,5,7730,6,1173,308,,160,,383592,3776
1108c04f41252144f2a37dbd97a6393683b15871,2020-06-08,2020-06-08 15:01:00,VI,78,71,0,2128,3,3,62,6,0,,0,,,,,,2199,3
4341ed1f60198b704d7d8f9116958955ff8507ca,2020-06-08,2020-06-08 00:00:00,VT,50,1075,12,41723,1568,,895,55,0,,0,13,,,,,42798,1580
c0514ebf4e1cea2ae796606f8c950b97b5aae4f5,2020-06-08,2020-06-07 02:59:00,WA,53,23729,287,381327,4181,,,1159,6,3669,17,213,,,66,,405056,4468
86515258eedbc988e27009f5a4e0e3dc7ad322ba,2020-06-08,2020-06-08 00:00:00,WI,55,21038,203,333253,7386,206,14242,646,-1,2860,12,528,110,637,,,354291,7589
7bcd88efa6c1812bbfa12fb634a9ff54359f62c5,2020-06-08,2020-06-08 13:00:00,WV,54,2153,9,111452,1789,,1468,84,0,,0,24,9,,4,,113605,1798
759145f2e2450f494d7d7cca1e2355e8ae86e6f2,2020-06-08,2020-06-08 17:54:00,WY,56,960,13,29014,1210,,773,17,0,91,1,7,,,,,29974,1223
e4a48157efd647f42d54416f452609c0e7e37277,2020-06-07,2020-06-07 00:00:00,AK,02,544,8,64360,995,,382,10,0,,-48,7,,,1,,64904,1003
184c5f99672b1df7e18b09a4490b104c94a6512c,2020-06-07,2020-06-07 11:00:00,AL,01,20500,457,239066,13465,,11395,692,3,2022,29,,,615,,364,259566,13922
6759145c896e01129855228f8d701df011941b89,2020-06-07,2020-06-07 16:10:00,AR,05,9426,325,150847,3191,,6424,154,0,844,6,145,,,35,143,160273,3516
9f8ad30b405414ba781ab07983f6dc06932ce84b,2020-06-07,2020-06-01 00:00:00,AS,60,0,0,174,0,,,0,0,,0,,,,,,174,0
2cedc69d0a4939ab8291afd75d6423215cc5c57d,2020-06-07,2020-06-07 00:00:00,AZ,04,26889,1438,254732,8537,,5517,1044,2,3352,32,1252,392,,248,,281621,9975
ae6ea712f5ad93e29b377f42166a07d9bc8eeab9,2020-06-07,2020-06-07 00:00:00,CA,06,128812,2796,2233406,51122,,,4626,67,,0,4525,1288,,,,2362218,53918
e002a43e96fd9e80b72c36c118700a89759b2754,2020-06-07,2020-06-07 00:00:00,CO,08,27848,233,185166,4504,,4074,1527,3,4480,8,299,,,,,213014,4737
7f2f69d75c45fc7a79e3b7f1ff8be6562b9ef428,2020-06-07,2020-06-06 20:30:00,CT,09,43968,150,258386,6655,,7284,4071,16,9669,0,333,,,,,302354,6805
1f7fd2911a477e39d142faa08ad7aad81c32e638,2020-06-07,2020-06-06 00:00:00,DC,11,9332,63,45215,806,,1143,489,6,,0,285,90,,73,,54547,869
bb51c45ed177aa322a5728d2def9f2936807ddd0,2020-06-07,2020-06-06 18:00:00,DE,10,9942,97,59055,1265,,5792,398,8,,0,103,,,,,68997,1362
afbb99dbb308153fb272c28e4165aba4dd4847b3,2020-06-07,2020-06-07 09:59:00,FL,12,63938,1180,1152220,40793,1161,,2786,13,11215,52,,,,,,1216158,41973
4da32e863ae06667761c67dedcede117181a0a6c,2020-06-07,2020-06-07 15:36:00,GA,13,51898,589,487986,16438,,,2180,6,8685,23,783,,1909,,,539884,17027
b5f42579b0cfb7d3ca0d33f8ebed12ea729b55d6,2020-06-07,2020-06-06 01:45:00,GU,66,179,0,7284,0,,162,5,0,,0,,,,,,7463,0
c53ec48492521f57e3ffb686c60158458492a6b5,2020-06-07,2020-06-06 18:00:00,HI,15,673,9,53382,789,,616,17,0,83,0,,,,,,54055,798
e21234b2fc5cbf20fe462e4b27b27e5b33b46347,2020-06-07,2020-06-07 00:00:00,IA,19,21667,189,166525,3289,,12805,604,6,,0,269,86,,54,,188192,3478
0ace66baf3ad5a7be8a7309e1578278d9ddb21fd,2020-06-07,2020-06-06 19:00:00,ID,16,3139,28,52902,774,,2461,83,0,260,3,,,99,,,56041,802
6db5b284693cb6e259c9309e256a1e16f296eb8a,2020-06-07,2020-06-07 00:59:00,IL,17,127757,867,915017,19833,,,5904,40,,0,2550,720,,438,,1042774,20700
f6f638ec68828d3bfc923aaa45e5bf0d206afc79,2020-06-07,2020-06-06 23:59:00,IN,18,37397,400,266866,6333,,25138,2303,11,6136,45,913,335,1317,133,,304263,6733
530747a09055ba1b992df4ac494255719b4daf2c,2020-06-07,2020-06-05 10:00:00,KS,20,10393,0,103260,0,,612,232,0,917,0,,,306,,135,113653,0
78685755db0d2ca9870330f56be33f4df1f485ad,2020-06-07,2020-06-06 00:00:00,KY,21,11287,0,237775,0,,3344,470,0,2361,0,495,75,958,,,249062,0
0f48d5ab4516c9a72c2d4aecaeada1544d695f70,2020-06-07,2020-06-07 13:00:00,LA,22,42816,330,391249,5666,,31728,2936,11,,0,575,,,74,,434065,5996
98d5837a8776b13250fe9521b13ad5331879a572,2020-06-07,2020-06-07 10:00:00,MA,25,103436,304,549054,7547,,,7316,27,10393,24,1442,335,,221,,652490,7851
3e99063775940f360c5300d974455e3891df4846,2020-06-07,2020-06-07 10:00:00,MD,24,57973,491,306830,6936,,4240,2749,9,9546,95,1003,404,,,,364803,7427
cfc2f25b18c345dc064dacc65ea90544b32c40d4,2020-06-07,2020-06-06 11:59:00,ME,23,2570,46,56399,0,,1864,99,1,298,2,34,15,,7,,58969,46
3d5859f7588f14d4352f4ba0bf3a4d1016c0091d,2020-06-07,2020-06-07 00:00:00,MI,26,64413,430,646305,10439,,42041,5895,4,,0,864,315,,191,,710718,10869
e430ad39ef08db647461aafd2e0215e917ad51bb,2020-06-07,2020-06-06 17:00:00,MN,27,27886,385,316317,10334,,22992,1197,16,3367,31,450,199,1044,,,344203,10719
2af3bc743ea5c08f52fa7c094776db5b2064e17c,2020-06-07,2020-06-07 00:00:00,MO,29,14553,111,222305,6682,,,809,0,,0,657,,,84,,236858,6793
2b65da132afb6e8afc37698a5dc88daf61c8c2af,2020-06-07,2020-06-07 00:00:00,MP,69,27,1,7214,545,,19,2,0,,0,,,,,,7241,546
dc6d9efc9364de1540418aa172ad55552ee609ee,2020-06-07,2020-06-06 19:00:00,MS,28,17270,501,185979,9625,,11203,817,14,2522,47,585,133,,69,,203249,10126
293d611852e5b2a89e7696b96326ffac35ff37c8,2020-06-07,2020-06-07 00:00:00,MT,30,545,5,46833,619,,475,18,0,69,1,2,,,,,47378,624
dcae9b363e0294f905a59ba7e043197ac0108aa2,2020-06-07,2020-06-06 11:15:00,NC,37,35546,921,475680,12955,,18860,996,4,,0,696,,,,,511226,13876
c56ec467c8898d430033b21210e658bfd0cfd6b6,2020-06-07,2020-06-07 00:00:00,ND,38,2861,45,77072,1008,,2307,75,0,183,1,28,,,,,79933,1053
d308733100683e475db659d02f9db84b1a5ef11b,2020-06-07,2020-06-06 20:00:00,NE,31,15543,164,104226,2058,,8255,188,2,928,9,167,,,,,119769,2222
937564b851800357b17e22243d1105b7436e02ce,2020-06-07,2020-06-06 09:00:00,NH,33,5019,0,78990,0,,3319,283,0,487,0,84,,145,,,84009,0
996be95e326ac5e6ba0282d91c755637b46265f3,2020-06-07,2020-06-07 13:00:00,NJ,34,164164,271,796261,40706,,27824,12176,70,18050,27,1882,503,,385,,960425,40977
3ac4a810c9606931400e6102fa07de4e6477a10f,2020-06-07,2020-06-06 18:00:00,NM,35,8800,128,220347,4379,,3286,392,5,1489,0,176,,,,,229147,4507
5634e851456e43f1a344f183f92114acf1d9c085,2020-06-07,2020-06-07 11:00:00,NV,32,9649,189,166048,3737,,522,438,1,,0,348,80,,44,,175697,3926
070d3d59df9461adc66d643720912c84190c89f6,2020-06-07,2020-06-07 00:00:00,NY,36,378097,781,2119745,59654,,67544,24259,47,89995,0,2427,704,,534,,2497842,60435
7cc9617538d00d052e5dbf19d03aff2b6cea4cd9,2020-06-07,2020-06-07 14:00:00,OH,39,38476,365,430548,10133,,,2377,7,6497,37,603,240,1657,167,,469024,10498
7a6f7b611b6eea2bddfcbeaa746afcd9ddf62dc6,2020-06-07,2020-06-07 00:00:00,OK,40,7150,147,214598,0,,5981,348,3,1026,0,158,65,,,,221748,147
c7a7e3a59d4b7c387a8781d88df16e8bb7b07af0,2020-06-07,2020-06-07 03:01:00,OR,41,4808,146,143592,2095,,2237,164,1,819,0,121,39,,16,,148400,2241
4162851d8273ef705332c5fe3bb74ed130aa0c97,2020-06-07,2020-06-06 00:00:00,PA,42,76212,506,444173,9051,,53670,5943,12,,0,1174,,,268,,520385,9557
bd9d67ad86ce947704d446ba9ae5a5c7642b99af,2020-06-07,2020-06-07 05:58:00,PR,72,4985,70,,0,,,142,0,,0,105,6,,7,,4985,70
22a4b6593bfc38d1d27b2ff8622b0b60d57feb07,2020-06-07,2020-06-05 12:00:00,RI,44,15441,0,155298,0,,1336,772,0,1775,0,182,37,,23,,170739,0
c4f0fa5656a4ad07345c32e1eb6ecd4d8e717956,2020-06-07,2020-06-07 13:30:00,SC,45,14286,833,223573,5727,,7347,546,8,1814,0,477,,,,,237859,6560
35c140cb70a8036bb347ae0677df6ac62ad3d595,2020-06-07,2020-06-06 18:00:00,SD,46,5438,71,51622,1531,,4335,65,0,478,4,87,,,,,57060,1602
b04e72745e3a25164ffe0b13216195dba9651946,2020-06-07,2020-06-07 15:00:00,TN,47,26381,310,472387,7037,,17222,418,1,1932,9,,,,,,498768,7347
93f5ec60f9bd78f250655f03b3794d9d0712ab8a,2020-06-07,2020-06-07 14:30:00,TX,48,74978,1425,1025468,5744,,49758,1830,11,,0,1878,,,,,1100446,7169
016117dd481463a117c13f9554e19daaecf0d545,2020-06-07,2020-06-07 15:00:00,UT,49,12066,268,225885,2534,,7108,121,0,900,10,207,,269,,111,237951,2802
84f5865da3607c26af6952fd1e98b68d103f14ea,2020-06-07,2020-06-06 17:00:00,VA,51,50681,1284,329135,7401,385,6538,1472,12,7724,171,1186,316,,165,,379816,8685
a938300b49ea8bd219ded8e5bb0cf0f17b9d9b38,2020-06-07,2020-06-06 09:56:00,VI,78,71,0,2125,0,4,62,6,0,,0,,,,,,2196,0
3d053d9fc8d81cc5ac670559eeb87d84de4e7db3,2020-06-07,2020-06-07 00:00:00,VT,50,1063,17,40155,1118,,890,55,0,,0,14,,,,,41218,1135
5e743cd3986bd64fc7d1508dd88cc6d6763f3707,2020-06-07,2020-06-06 02:59:00,WA,53,23442,273,377146,-202,,,1153,4,3652,13,205,,,57,,400588,71
135a365326dc2194db151d11060e1f7976dbb61e,2020-06-07,2020-06-07 00:00:00,WI,55,20835,264,325867,11065,183,14047,647,2,2848,16,491,107,638,,,346702,11329
e3836267edea9c1acbde9832896abdc663ad21b6,2020-06-07,2020-06-07 10:00:00,WV,54,2144,13,109663,2071,,1451,84,0,,0,28,9,,4,,111807,2084
3706aaf3d60da151f28888fc025d2d25f6a9a50c,2020-06-07,2020-06-07 11:52:00,WY,56,947,8,27804,235,,757,17,0,90,0,4,,,,,28751,243
7cbcca176d4f8d73a68e76be5ef3309516ab24b1,2020-06-06,2020-06-06 00:00:00,AK,02,536,12,63365,2899,,382,10,0,48,48,7,,,1,,63901,2911
b6c59957647f64ee8b11e2c05f2fb28fa3c961cd,2020-06-06,2020-06-06 11:00:00,AL,01,20043,656,225601,5515,,11395,689,13,1993,44,,,612,,363,245644,6171
0520cc0dc2a71cfb8d155e88dc8b29ebba76324a,2020-06-06,2020-06-06 15:00:00,AR,05,9101,450,147656,8696,,6266,154,2,838,46,154,,,36,142,156757,9146
cf3dfbebe4abbfe7761d0338ff6dfbe2328e5dac,2020-06-06,2020-06-01 00:00:00,AS,60,0,0,174,0,,,0,0,,0,,,,,,174,0
5244a564c6be7cc7d00797d20c0900c7a9c3947e,2020-06-06,2020-06-06 00:00:00,AZ,04,25451,1119,246195,6662,,5399,1042,30,3320,55,1278,391,,292,,271646,7781
1afb501a0a4992ff159fe5bca46af59a334fb379,2020-06-06,2020-06-06 00:00:00,CA,06,126016,3115,2182284,66722,,,4559,74,,0,4526,1315,,,,2308300,69837
ee832d2a39d7f402109fb74d17f907aeae827ff8,2020-06-06,2020-06-06 00:00:00,CO,08,27615,255,180662,4598,,4055,1524,12,4472,12,299,,,,,208277,4853
b179d6f5e77f9f7ac9e6a5768ee266ce2de367a5,2020-06-06,2020-06-05 20:30:00,CT,09,43818,358,251731,7804,,7284,4055,17,9669,0,333,,,,,295549,8162
e7677f113cd0e054549e5e021cce8b094b87dbcd,2020-06-06,2020-06-05 00:00:00,DC,11,9269,70,44409,1747,,1138,483,8,,0,276,100,,68,,53678,1817
bc49a7f93cb801b4faea5b76458ec5070c22bbcb,2020-06-06,2020-06-05 18:00:00,DE,10,9845,72,57790,834,,5696,390,2,,0,117,,,,,67635,906
1e29def941bd13fd17f30c98f0492c37c359aa57,2020-06-06,2020-06-06 10:00:00,FL,12,62758,1270,1111427,37975,1265,,2773,28,11163,97,,,,,,1174185,39245
0a98d890d4c9192945493946ac122aef786c82cb,2020-06-06,2020-06-06 15:00:00,GA,13,51309,688,471548,14381,,,2174,0,8662,16,788,,1901,,,522857,15069
f275d5b00711e099f8097a9e3d6bf2d71be32bc1,2020-06-06,2020-06-06 01:45:00,GU,66,179,0,7284,89,,162,5,0,,0,,,,,,7463,89
6b09000e94ae888ec513e47aa9354596aedbfde4,2020-06-06,2020-06-05 18:00:00,HI,15,664,9,52593,912,,614,17,0,83,0,,,,,,53257,921
df7dc0a4081cc359804e965d13afbb92a67df1bf,2020-06-06,2020-06-06 00:00:00,IA,19,21478,326,163236,3725,,12715,598,6,,0,299,102,,62,,184714,4051
de0f4c67cbdb6702a019f5f7e4527b74b7f29ae6,2020-06-06,2020-06-05 19:00:00,ID,16,3111,57,52128,1558,,2408,83,0,257,2,,,98,,,55239,1615
15ba1b1b440be67511d5d529b84ad8e50263d598,2020-06-06,2020-06-06 00:00:00,IL,17,126890,975,895184,20180,,,5864,69,,0,2702,770,,476,,1022074,21155
cfdca3b65976c66f4030a320ec2afe7dfd631e5b,2020-06-06,2020-06-05 23:59:00,IN,18,36997,419,260533,5473,,24729,2292,34,6091,38,926,344,1304,133,,297530,5892
4b941fcc7ee9dd072f5be8147cb0fa27f2d3cf13,2020-06-06,2020-06-05 10:00:00,KS,20,10393,0,103260,0,,612,232,0,917,0,,,306,,135,113653,0
d77dc4048724396be289a5c87112c9f75e1b2470,2020-06-06,2020-06-06 00:00:00,KY,21,11287,310,237775,6335,,3344,470,4,2361,16,495,75,958,,,249062,6645
229373bd0ab141115a610c12500f113d5041b0b4,2020-06-06,2020-06-06 13:00:00,LA,22,42486,497,385583,6786,,31728,2925,13,,0,582,,,77,,428069,7283
67a53e3a98e828f66087cd0612e01bbd791843dd,2020-06-06,2020-06-06 10:00:00,MA,25,103132,575,541507,9295,,,7289,54,10369,66,1529,359,,238,,644639,9870
725d67877d97432d24f177f40271fc48d8bc0eb4,2020-06-06,2020-06-06 10:00:00,MD,24,57482,712,299894,8938,,4175,2740,38,9451,105,1059,418,,,,357376,9650
69a290414fe8e0a2ede9cd35f2c0659a7a325de6,2020-06-06,2020-06-05 23:59:00,ME,23,2524,42,56399,1349,,1845,98,0,296,3,35,14,,7,,58923,1391
ab6f9f7087bb03ccc7ce8116c0952bcaefd62bfa,2020-06-06,2020-06-06 00:00:00,MI,26,63983,444,635866,71858,,42041,5891,36,,0,864,315,,191,,699849,72302
75c894def15837d6060a9fa7e651cafa6d302c05,2020-06-06,2020-06-05 17:00:00,MN,27,27501,521,305983,10623,,22253,1181,22,3336,47,473,206,1044,,,333484,11144
3aa8a13448a53a262903d1a545448d1d98995fbf,2020-06-06,2020-06-06 00:00:00,MO,29,14442,189,215623,5334,,,809,10,,0,666,,,79,,230065,5523
fdc541c59ef52ce4939386ca6528e958211e806c,2020-06-06,2020-06-04 19:04:00,MP,69,26,0,6669,0,,16,2,0,,0,,,,,,6695,0
70101e4d267e16cb63938188ee769346a311ba75,2020-06-06,2020-06-04 19:00:00,MS,28,16769,10,176354,0,,11203,803,0,2475,0,604,149,,84,,193123,10
b9a70ee6c18317686b365593ae6060c6570c00d2,2020-06-06,2020-06-06 00:00:00,MT,30,540,-1,46214,867,,472,18,0,68,0,1,,,,,46754,866
9503f55bafc24feabbc9ef71cfdd6169e3dd2ed5,2020-06-06,2020-06-06 11:15:00,NC,37,34625,1370,462725,13833,,18860,992,26,,0,708,,,,,497350,15203
264d77a3bedcbeb8163e5049050b9f80bb6dfc3d,2020-06-06,2020-06-06 00:00:00,ND,38,2816,71,76064,1953,,2268,75,1,182,2,29,,,,,78880,2024
878a48fdd0f6b375e9a85de85d0a099eab759bd2,2020-06-06,2020-06-05 19:50:00,NE,31,15379,262,102168,2463,,7957,186,0,919,14,181,,,,,117547,2725
dc1db527995d10dbc4fdd6d2a8b374b67464e36e,2020-06-06,2020-06-06 09:00:00,NH,33,5019,143,78990,4101,,3319,283,10,487,15,84,,145,,,84009,4244
4768677a855cd47b488c36a8fcf424f16c162c2f,2020-06-06,2020-06-06 13:00:00,NJ,34,163893,557,755555,0,,27641,12106,57,18023,143,1933,539,,410,,919448,557
b8ca05c67f3dc8005cc2d2d2ceafdbcbe8e47db9,2020-06-06,2020-06-05 18:00:00,NM,35,8672,319,215968,6564,,3206,387,4,1489,73,175,,,,,224640,6883
931405829250d1a2b3fe19098ebafd8215380e4e,2020-06-06,2020-06-06 11:00:00,NV,32,9460,194,162311,5470,,522,437,4,,0,348,80,,44,,171771,5664
7ac256e886b4aed399efed1b973b92dc30ef5262,2020-06-06,2020-06-06 00:00:00,NY,36,377316,1108,2060091,76787,,67261,24212,37,89995,0,2603,720,,554,,2437407,77895
f051fefbb8efee6909ae9167594c5f692ff052b4,2020-06-06,2020-06-06 14:00:00,OH,39,38111,353,420415,11978,,,2370,15,6460,75,628,256,1650,155,,458526,12331
0879f02927132117d043470453d0dd90304bef14,2020-06-06,2020-06-05 00:00:00,OK,40,7003,96,214598,5034,,5867,345,1,1026,12,158,65,,,,221601,5130
33048412983cfe1bdbe46917ae1d656f9002391c,2020-06-06,2020-06-06 03:01:00,OR,41,4662,92,141497,2821,,2237,163,2,819,0,121,39,,16,,146159,2913
fea4efbc1619eabc096e32e56446a1fd00eee072,2020-06-06,2020-06-06 00:00:00,PA,42,75706,701,435122,10921,,52560,5931,45,,0,1174,,,268,,510828,11622
2ad3005b1e6951b76ad4015cbc5d1af7cbf85abf,2020-06-06,2020-06-06 05:51:00,PR,72,4915,295,,0,,,142,1,,0,100,7,,4,,4915,295
a7f482f576f67ffc90dfb13ce4d90fed2c7c5ee4,2020-06-06,2020-06-05 12:00:00,RI,44,15441,0,155298,0,,1336,772,0,1775,0,182,37,,23,,170739,0
1729133279d8e4e0aad8234cbab0702d2e00c60f,2020-06-06,2020-06-05 00:00:00,SC,45,13453,0,217846,0,,7347,538,0,1814,0,453,,,,,231299,0
12b01ffd68bf017a1deaa2fe670e0ba0c2e2631b,2020-06-06,2020-06-06 12:04:00,SD,46,5367,90,50091,2005,,4273,65,0,474,7,93,,,,,55458,2095
d710ba9ef039da291433447d4fce0d88067c5ccd,2020-06-06,2020-06-06 15:00:00,TN,47,26071,551,465350,8698,,17124,417,9,1923,30,,,,,,491421,9249
cf4024e089807ff05eacfe42556ee26a8895c22e,2020-06-06,2020-06-06 17:00:00,TX,48,73553,1940,1019724,29761,,48895,1819,31,,0,1822,,,,,1093277,31701
43d2c2341c0855ab2c2ee71932d94ed305ef53aa,2020-06-06,2020-06-06 15:00:00,UT,49,11798,546,223351,2406,,6939,121,1,890,20,147,,266,,110,235149,2952
821ce0dea5440cca6199b3aa0df634386c3b4451,2020-06-06,2020-06-05 17:00:00,VA,51,49397,865,321734,6496,350,6382,1460,7,7553,-44,1171,324,,169,,371131,7361
5fe789d0960241fc44b4f6ccda958f11c02635e9,2020-06-06,2020-06-06 09:56:00,VI,78,71,0,2125,145,4,62,6,0,,0,,,,,,2196,145
2ee7ac50d49bb6bb0cc08c9ae086a41e4dc7eac4,2020-06-06,2020-06-06 00:00:00,VT,50,1046,19,39037,947,,888,55,0,,0,16,,,,,40083,966
79db3cd0179a4a5ba095555672c531faa9cf84e4,2020-06-06,2020-06-06 02:59:00,WA,53,23169,0,377348,0,,,1149,11,3639,24,247,,,86,,400517,0
b5007f6ea9837952804240b27a5288ac96ecff68,2020-06-06,2020-06-06 00:00:00,WI,55,20571,322,314802,11470,177,13770,645,12,2832,41,492,118,636,,,335373,11792
c70b58af31bd48b406194dea01ddcb4c9fc6764e,2020-06-06,2020-06-06 10:00:00,WV,54,2131,12,107592,1193,,1446,84,0,,0,27,11,,3,,109723,1205
a46fd586ac0ce366d2d317eae65542b21fe38383,2020-06-06,2020-06-06 00:00:00,WY,56,939,6,27569,890,,757,17,0,90,0,4,,,,,28508,896
817e9ab9dc3c31f5267ad06b248f33420c46154c,2020-06-05,2020-06-05 00:00:00,AK,02,524,11,60466,882,,380,10,0,,0,8,,,1,,60990,893
9d00c962d2e15d4a1494eb3e67452f6d92819619,2020-06-05,2020-06-05 11:00:00,AL,01,19387,315,220086,3859,,11395,676,23,1949,20,,,603,,358,239473,4174
80b279bde4c6fb64b1a3b3430459337b731114a8,2020-06-05,2020-06-05 00:00:00,AR,05,8651,584,138960,4547,,5919,152,10,792,35,147,,,32,138,147611,5131
7ae09dec8f97a2fd8d964f8d9ee1dbd1fb6c746d,2020-06-05,2020-06-01 00:00:00,AS,60,0,0,174,0,,,0,0,,0,,,,,,174,0
9916769b6334e8c869cb9672cb6467d14837d0ba,2020-06-05,2020-06-05 00:00:00,AZ,04,24332,1579,239533,12531,,5298,1012,16,3265,70,1234,375,,241,,263865,14110
b3c3f5cebd8352f11aae5face60b3a422331b0e3,2020-06-05,2020-06-05 00:00:00,CA,06,122901,3094,2115562,52698,,,4485,63,,0,4625,1333,,,,2238463,55792
bb3a055ad71ef760aff7fc0c4d7b7db30897a9dd,2020-06-05,2020-06-05 00:00:00,CO,08,27360,300,176064,5924,,4034,1512,18,4460,17,319,,,,,203424,6224
b246ce39bfd462bbc099283100486c853ac55f9e,2020-06-05,2020-06-04 20:30:00,CT,09,43460,221,243927,5641,,7284,4038,31,9669,0,350,,,,,287387,5862
81be369c8eb67bc951105d5a31ddf514b0f9adda,2020-06-05,2020-06-04 00:00:00,DC,11,9199,79,42662,686,,1138,475,0,,0,273,99,,75,,51861,765
5f24074db4a0430325297c5d15cc40af4b76dd72,2020-06-05,2020-06-04 18:00:00,DE,10,9773,27,56956,793,,5631,388,2,,0,128,,,,,66729,820
6d256a4734e4f193ac8903b2334c1c07a57bdd4f,2020-06-05,2020-06-05 09:55:00,FL,12,61488,1305,1073452,26592,1193,,2745,54,11066,143,,,,,,1134940,27897
1039af4b378386a32b3a4714fdc02d30f05783c9,2020-06-05,2020-06-05 15:00:00,GA,13,50621,774,457167,10683,,,2174,27,8646,89,790,,1897,,,507788,11457
947f693b41ebd0c152c8ac0a905d1719d9534e9a,2020-06-05,2020-06-05 07:30:00,GU,66,179,0,7195,390,,162,5,0,,0,,,,,,7374,390
f36cd3ea116dc33d2fab270e4455ebf23df2af88,2020-06-05,2020-06-04 18:00:00,HI,15,655,2,51681,1696,,611,17,0,83,0,,,,,,52336,1698
3fb994925780f7a94e5ad72856442c1b9bc40241,2020-06-05,2020-06-05 00:00:00,IA,19,21152,347,159511,5381,,12585,592,12,,0,299,102,,62,,180663,5728
e9a0ec5cec11cb85cfe42c9b415b9fbaadf61bde,2020-06-05,2020-06-04 19:00:00,ID,16,3054,64,50570,3755,,2362,83,0,255,2,,,98,,,53624,3819
f83f57abd389475d221b57c3562667d17cbe5c38,2020-06-05,2020-06-05 00:00:00,IL,17,125915,1156,875004,17747,,,5795,59,,0,2911,817,,500,,1000919,18903
75c4b706a9054ddb945575d680838688e3f8e2d8,2020-06-05,2020-06-04 23:59:00,IN,18,36578,482,255060,5922,,24317,2258,27,6053,54,924,368,1293,147,,291638,6404
d3d21683073f00caede4b8ef79d78eb3475665f8,2020-06-05,2020-06-05 10:00:00,KS,20,10393,223,103260,5377,,612,232,10,917,27,,,306,,135,113653,5600
95ab12343f3376afc8e648239ccd70a91fb10e29,2020-06-05,2020-06-05 00:00:00,KY,21,10977,272,231440,6220,,3316,466,8,2345,13,505,73,958,,,242417,6492
c5000599cc0d2af42bb6674b389618e37d567c68,2020-06-05,2020-06-05 13:00:00,LA,22,41989,427,378797,9173,,31728,2912,29,,0,604,,,75,,420786,9600
fd5faee5194d7ee739630803db0f9ba638040db8,2020-06-05,2020-06-05 10:00:00,MA,25,102557,494,532212,9340,,,7235,34,10303,65,1533,350,,238,,634769,9834
16799b008c0a46420a7fc06dd0bf9aa4c2986cb5,2020-06-05,2020-06-05 10:00:00,MD,24,56770,912,290956,9796,,4159,2702,34,9346,129,1076,455,,,,347726,10708
245f5d117d081a6c51bf50271fba5340fafb355b,2020-06-05,2020-06-04 23:59:00,ME,23,2482,36,55050,1295,,1797,98,3,293,2,35,13,,7,,57532,1331
7a4734916d17ea148d48c6bed9a4843e46644eeb,2020-06-05,2020-06-05 00:00:00,MI,26,63539,5298,564008,13266,,38099,5855,260,,0,617,321,,205,,627547,18564
6ecd651aeb99212056d5503009c952e491ea83da,2020-06-05,2020-06-04 17:00:00,MN,27,26980,707,295360,46011,,21864,1159,33,3289,36,478,220,1044,,,322340,46718
a620375efe154fa0cf02313689e91c8becf4ed8b,2020-06-05,2020-06-05 15:00:00,MO,29,14253,196,210289,5685,,,799,13,,0,666,,,79,,224542,5881
03fa39c00c53bac90fcb89df19e61e49a3956ade,2020-06-05,2020-06-04 19:04:00,MP,69,26,0,6669,0,,16,2,0,,0,,,,,,6695,0
993d06d3783932f802089f898209f5c9d41738d5,2020-06-05,2020-06-04 19:00:00,MS,28,16759,199,176354,7929,,11203,803,9,2475,135,604,149,,84,,193113,8128
65984c8bb9f530fffae4945be17002c1f4cca540,2020-06-05,2020-06-05 00:00:00,MT,30,541,2,45347,1244,,470,18,1,68,0,1,,,,,45888,1246
bab599d2dfd4310ba467fac88925f18854b5fe55,2020-06-05,2020-06-05 12:15:00,NC,37,33255,1289,448892,12556,,18860,966,6,,0,717,,,,,482147,13845
49de33820d5ee16c06ef762969339ee9194adab4,2020-06-05,2020-06-05 00:00:00,ND,38,2745,39,74111,1073,,2242,74,5,180,5,30,,,,,76856,1112
8313c537ea3a58d4e0d6bc725d9c72e8b1f530f2,2020-06-05,2020-06-04 16:00:00,NE,31,15117,251,99705,2316,,7598,186,-1,905,3,190,,,,,114822,2567
cb7c6545bc7f68396e57f4a3b79e4000bc46d477,2020-06-05,2020-06-04 09:00:00,NH,33,4876,81,74889,3719,,3187,273,8,472,4,86,,145,,,79765,3800
3c72d3ffc2f324596d16f9c658b14ca892cf8e34,2020-06-05,2020-06-05 13:00:00,NJ,34,163336,806,755555,60356,,27433,12049,79,17880,276,1933,542,,410,,918891,61162
51bef5795778fa465c8471e6d476b0c2b5b618f0,2020-06-05,2020-06-04 16:06:00,NM,35,8353,213,209404,4548,,3115,383,8,1416,0,170,,,,,217757,4761
c6d0a841abc2af77cd0eb483f389ab56c714b599,2020-06-05,2020-06-05 12:00:00,NV,32,9266,176,156841,4508,,522,433,4,,0,341,72,,47,,166107,4684
e1001359a1812439b94e2b89780f3d59bdaeebc2,2020-06-05,2020-06-05 00:00:00,NY,36,376208,1075,1983304,65405,,66992,24175,42,89995,0,2728,758,,583,,2359512,66480
d35024759dba46cadd11b0876f95dfbf7c4fb24e,2020-06-05,2020-06-05 14:00:00,OH,39,37758,476,408437,8468,,,2355,16,6385,73,671,259,1632,168,,446195,8944
85292bcc46a9d3329c029f662b2690bcf6f355a1,2020-06-05,2020-06-04 00:00:00,OK,40,6907,0,209564,4749,,5781,344,0,1014,0,164,66,,,,216471,4749
fe3eedca91e85fc7691d5dc9b7e6972a2f17a93d,2020-06-05,2020-06-05 03:01:00,OR,41,4570,96,138676,3838,,2214,161,2,819,7,121,39,,16,,143246,3934
38218c632a603908436cf40d4a112103f5dd6764,2020-06-05,2020-06-05 12:00:00,PA,42,75005,445,424201,7259,,52069,5886,69,,0,1174,,,268,,499206,7704
272113ef7d54dd0a32e1f880abbed5f537c16b22,2020-06-05,2020-06-05 05:51:00,PR,72,4620,112,,0,,,141,1,,0,116,9,,7,,4620,112
40c822c2821555dd5bb0d266afe498d16a155888,2020-06-05,2020-06-05 12:00:00,RI,44,15441,116,155298,4700,,1336,772,16,1775,10,182,37,,23,,170739,4816
834b8c7b4437e6b4f742ed4bc1d61e413430dc0d,2020-06-05,2020-06-05 00:00:00,SC,45,13453,448,217846,0,,7347,538,13,1814,25,453,,,,,231299,448
adb1540425c051cf2cffcd7f070845568fc70ebf,2020-06-05,2020-06-04 18:00:00,SD,46,5277,30,48086,711,,4179,65,1,467,3,83,,,,,53363,741
a01b43688091fc0912aebd1b9248de638c4f4ffb,2020-06-05,2020-06-05 15:00:00,TN,47,25520,400,456652,5634,,16925,408,7,1893,38,,,,,,482172,6034
820825c374ca8537f565f74231e02c7e787b68c3,2020-06-05,2020-06-05 17:00:00,TX,48,71613,1693,989963,21328,,47865,1788,21,,0,1855,,,,,1061576,23021
65b63006f3409da558361a027830c27b691ef383,2020-06-05,2020-06-05 15:00:00,UT,49,11252,439,220945,4251,,6788,120,3,870,20,133,,262,,109,232197,4690
9d760f3c0ad8a140332414c371a260c6edb93c8d,2020-06-05,2020-06-04 17:00:00,VA,51,48532,676,315238,9504,374,6392,1453,8,7597,47,1205,320,,161,,363770,10180
1dcf03a3c2e21b20d67137e64145672c32a029cc,2020-06-05,2020-06-05 08:06:00,VI,78,71,0,1980,5,8,62,6,0,,0,,,,,,2051,5
5e9e76481d57b86d6dc3272fa0d4745da680a389,2020-06-05,2020-06-05 00:00:00,VT,50,1027,1,38090,1282,,882,55,0,,0,14,,,,,39117,1283
3bd32f7e6e85cf48296a8f0af6aebed06210137a,2020-06-05,2020-06-05 00:00:00,WA,53,23169,22,377348,1013,,,1138,3,3615,37,285,,,91,,400517,1035
39acb1045c71c574387a41596b0ea351b9b10539,2020-06-05,2020-06-05 00:00:00,WI,55,20249,357,303332,11965,174,13337,633,7,2791,52,526,124,625,,,323581,12322
57c392937adc905a4b39fa28faff086f57a51dab,2020-06-05,2020-06-05 17:00:00,WV,54,2119,27,106399,2442,,1445,84,6,,0,27,11,,3,,108518,2469
5edf8d74ae479c3e9df2597b34fc2aaa1fb55625,2020-06-05,2020-06-05 00:00:00,WY,56,933,18,26679,605,,755,17,0,90,3,4,,,,,27612,623
038988d0552b5d39095d03d64d43750e0ed9d960,2020-06-04,2020-06-04 00:00:00,AK,02,513,8,59584,1907,,376,10,0,,0,13,,,1,,60097,1915
0a6faac9c8bce4132971237616d074db58b3a3f1,2020-06-04,2020-06-04 00:00:00,AL,01,19072,221,216227,3484,,11395,653,0,1929,29,,,601,,357,235299,3705
30c2243fe231ae6e33219797abdedc8d928b48fd,2020-06-04,2020-06-04 00:00:00,AR,05,8067,0,134413,0,,5717,142,0,757,26,138,,,30,127,142480,0
cbd548ea8a345e37f7329f5326456f9724657f97,2020-06-04,2020-06-01 00:00:00,AS,60,0,0,174,0,,,0,0,,0,,,,,,174,0
4adb4fb6406c3abfd2b4f17f0662646d0689ac16,2020-06-04,2020-06-04 00:00:00,AZ,04,22753,520,227002,4710,,5172,996,15,3195,66,1079,375,,223,,249755,5230
e8a78dc55e0bfbda4ef93d7b888a6e62c15debc2,2020-06-04,2020-06-04 00:00:00,CA,06,119807,2120,2062864,49257,,,4422,61,,0,4455,1279,,,,2182671,51377
f22f7ff128effafe0aa9520ed78aeb64357e9926,2020-06-04,2020-06-04 00:00:00,CO,08,27060,272,170140,2751,,4014,1494,20,4443,24,356,,,,,197200,3023
69859df26641f9647bc24fb7d400b91426ff4a69,2020-06-04,2020-06-04 16:00:00,CT,09,43239,148,238286,4941,,7284,4007,18,9669,-4124,373,,,,,281525,5089
2f9c3952ec298729b65a0c3171b2de315683961b,2020-06-04,2020-06-03 00:00:00,DC,11,9120,104,41976,1430,,1138,475,2,,0,276,98,,73,,51096,1534
5f46b39eaee597c30c4185663765ebe43e887f41,2020-06-04,2020-06-03 18:00:00,DE,10,9746,34,56163,955,,5562,386,11,,0,142,,,,,65909,989
2971bd279fe3f47683d5669e8a77f814c028fccf,2020-06-04,2020-06-04 10:06:00,FL,12,60183,1419,1046860,24711,1221,,2691,41,10923,127,,,,,,1107043,26130
1beacb631ef5fef1208a7451df8b2de8624237e6,2020-06-04,2020-06-04 15:00:00,GA,13,49847,953,446484,12666,,,2147,24,8557,138,807,,1872,,,496331,13619
2f66606c083882c2918caba6ecec4e64d06b0737,2020-06-04,2020-06-04 06:45:00,GU,66,179,1,6805,256,,162,5,0,,0,,,,,,6984,257
a75125665b726aadd411968c43eeebe5bd2d2081,2020-06-04,2020-06-03 18:00:00,HI,15,653,0,49985,1130,,612,17,0,83,0,,,,,,50638,1130
8713b7d4feb6e875b1cb3a5461dbc7b0e5f296f2,2020-06-04,2020-06-03 00:00:00,IA,19,20805,750,154130,9740,,12333,580,6,,0,310,105,,70,,174935,10490
78dd61abaa2013b22d77cc3e1d8d2b2a821006e0,2020-06-04,2020-06-03 19:00:00,ID,16,2990,57,46815,806,,2311,83,0,253,2,,,98,,,49805,863
75d0edbcd00f9ba50819aa3358410869b35ad7a3,2020-06-04,2020-06-04 00:00:00,IL,17,124759,929,857257,21912,,,5736,115,,0,3044,853,,516,,982016,22841
6e2ad82cb6a8f23be241be32af35a62204137e72,2020-06-04,2020-06-03 23:59:00,IN,18,36096,384,249138,7035,,23707,2231,24,5999,47,979,372,1286,144,,285234,7419
7c3e3f8784d85c09dcff282811122d73b57130e3,2020-06-04,2020-06-03 10:00:00,KS,20,10170,0,97883,0,,592,222,0,890,0,,,302,,131,108053,0
f04a34f1fe7f194c8bfbbbc9d7b6ffa3b0dfe83a,2020-06-04,2020-06-03 00:00:00,KY,21,10705,295,225220,3431,,3303,458,8,2332,15,518,67,954,,,235925,3726
effd94a9b49982176acfcc74206a9484e4a30fd8,2020-06-04,2020-06-04 13:00:00,LA,22,41562,429,369624,8670,,31728,2883,13,,0,613,,,82,,411186,9099
151145a77ad340bf67b283243b9c67f391e1ba3a,2020-06-04,2020-06-04 10:00:00,MA,25,102063,471,522872,6703,,,7201,49,10238,87,1637,401,,249,,624935,7174
f78164bb51c697ce1331d27b7f0c422f76faf8eb,2020-06-04,2020-06-04 10:00:00,MD,24,55858,876,281160,8517,,3985,2668,2,9217,106,1096,456,,,,337018,9393
e196eda6ce184dd08e43d39b5ef2f9b39b4c3a29,2020-06-04,2020-06-03 23:59:00,ME,23,2446,28,53755,3164,,1739,95,0,291,6,35,14,,7,,56201,3192
3017c61233e4a21db6cd45ad8a9843bfdc019306,2020-06-04,2020-06-04 11:00:00,MI,26,58241,206,550742,15228,,38099,5595,25,,0,617,321,,205,,608983,15434
5638a620f8dd9798ec5f8c8d416292717f32cafa,2020-06-04,2020-06-03 17:00:00,MN,27,26273,403,249349,9501,,21490,1126,29,3253,50,512,244,1033,,,275622,9904
4b7dae63f12ca95296caf653a4618ef548174051,2020-06-04,2020-06-04 15:00:00,MO,29,14057,290,204604,7018,,,786,0,,0,599,,,82,,218661,7308
eda165af27e52666f53633de78008b3b23bf809c,2020-06-04,2020-06-04 02:45:00,MP,69,26,3,6669,135,,16,2,0,,0,,,,,,6695,138
2e98bc332298d52ef0ed506682e8d93f4981336c,2020-06-04,2020-06-04 00:00:00,MS,28,16560,238,168425,0,,11203,794,12,2340,0,633,145,,97,,184985,238
ea3cb5a09ae1e8b64ececda491e2190b84ff2109,2020-06-04,2020-06-04 00:00:00,MT,30,539,14,44103,1180,,467,17,0,68,0,1,,,,,44642,1194
7557e988d08a094821569c697be273612ce547f0,2020-06-04,2020-06-04 12:05:00,NC,37,31966,1189,436336,17850,,18860,960,21,,0,659,,,,,468302,19039
acc19a18ae4e607bb8a8b242777ca6bcc1a86612,2020-06-04,2020-06-04 00:00:00,ND,38,2706,27,73038,1215,,2209,69,0,175,3,32,,,,,75744,1242
3a0b0281eac85337027aa86ed3cd30b1fcddb260,2020-06-04,2020-06-03 20:00:00,NE,31,14866,255,97389,2034,,7005,187,6,902,51,211,,,,,112255,2289
e32587cf7bd2c4994782a2c6df17da511b0cad26,2020-06-04,2020-06-03 09:00:00,NH,33,4795,46,71170,180,1643,3157,265,9,468,6,88,,144,,,75965,226
35fd2b9f7036391d814bebe4755a409c6b5b9337,2020-06-04,2020-06-04 13:00:00,NJ,34,162530,462,695199,19847,,27231,11970,90,17604,214,1982,537,,459,,857729,20309
896436fd0325ef6114857be8c1660c199969ffa0,2020-06-04,2020-06-04 11:11:00,NM,35,8140,116,204856,6043,,3013,375,8,1416,0,170,,,,,212996,6159
fb9aa1a7dbb2b06c74db0fa58903b2561b8ec483,2020-06-04,2020-06-04 12:00:00,NV,32,9090,155,152333,5013,,512,429,0,,0,364,79,,47,,161423,5168
a63eaef98ba8b453a49b4ec8c74d237fb68c62bd,2020-06-04,2020-06-04 00:00:00,NY,36,375133,1048,1917899,62511,,66756,24133,54,89995,0,2849,832,,613,,2293032,63559
2ce9df95ef74f835ab78e545f164c9bc75030b76,2020-06-04,2020-06-04 14:00:00,OH,39,37282,490,399969,10656,,,2339,40,6312,61,693,267,1623,181,,437251,11146
8f2570dbc8e6e921efa9e9cccaf4cba49faf1694,2020-06-04,2020-06-04 00:00:00,OK,40,6907,102,204815,3568,,5781,344,3,1014,11,148,63,,,,211722,3670
0b6dbf5d2966a6b700d73c204161027abf8caed0,2020-06-04,2020-06-04 03:01:00,OR,41,4474,75,134838,2569,,2199,159,0,812,12,124,40,,13,,139312,2644
cda988106f74acd655e0cff72f453050ef3b117c,2020-06-04,2020-06-04 12:00:00,PA,42,74560,538,416942,15573,,51019,5817,76,,0,1174,,,268,,491502,16111
15f15d03e49a5423bbac2cde3b163495cbde05f1,2020-06-04,2020-06-04 05:57:00,PR,72,4508,485,,0,,,140,0,,0,114,15,,9,,4508,485
8153761fb7d0afeb6fa379f486cc7c2d8a1b769d,2020-06-04,2020-06-04 12:00:00,RI,44,15325,106,150598,3277,,1326,756,14,1765,12,185,42,,29,,165923,3383
70651f3c2e91801e0e7bd8f4abc9dbd61fb5b54d,2020-06-04,2020-06-04 15:15:00,SC,45,13005,354,217846,7572,,6976,525,7,1789,0,453,,,,,230851,7926
2f19b97eee0f2143990ee4fc70ad0dad13c6767c,2020-06-04,2020-06-03 18:00:00,SD,46,5247,85,47375,3875,,4163,64,2,464,8,86,,,,,52622,3960
9fc7d472f5181adea03324580f1ddb91e982708b,2020-06-04,2020-06-04 15:00:00,TN,47,25120,298,451018,5061,,16643,401,13,1855,26,,,,,,476138,5359
eff01eb2ddd657dc5f2f13fbf27caa8e426662f7,2020-06-04,2020-06-04 16:50:00,TX,48,69920,1649,968635,30138,,46799,1767,33,,0,1796,,,,,1038555,31787
ac66aeb9e27e96e7a56fd820b96c2edc37bc4e86,2020-06-04,2020-06-04 15:00:00,UT,49,10813,316,216694,3210,,6628,117,0,850,21,164,,258,,108,227507,3526
ed54601c706efc9d574cc25bb7e34f222380c55f,2020-06-04,2020-06-03 17:00:00,VA,51,47856,951,305734,10252,412,6284,1445,17,7550,74,1266,321,,171,,353590,11203
5af3f459047314c7515bf6501d0116233706d420,2020-06-04,2020-06-04 05:53:00,VI,78,71,1,1975,19,2,62,6,0,,0,,,,,,2046,20
cc0c0a92fc9ca8e0e5a1aa018743cab293ad39d6,2020-06-04,2020-06-04 00:00:00,VT,50,1026,36,36808,603,,881,55,0,,0,13,,,,,37834,639
47eefc276f1334836910154b430c6b46c5daea90,2020-06-04,2020-06-04 02:59:00,WA,53,23147,70,376335,2813,,,1135,6,3578,35,272,,,94,,399482,2883
0c0ded4a866e77e00177fc59f40ae5c0a4f97e87,2020-06-04,2020-06-04 00:00:00,WI,55,19892,492,291367,11656,196,12980,626,10,2739,39,551,117,616,,,311259,12148
3a7c29b90b2a2f8d137df49bf5d121dcf17067aa,2020-06-04,2020-06-04 10:00:00,WV,54,2092,21,103957,2260,,1399,78,0,,0,28,11,,2,,106049,2281
1e8338881546ef02ceed52f1431631082023e135,2020-06-04,2020-06-03 00:00:00,WY,56,915,0,26074,361,,714,17,0,87,0,4,,,,,26989,361
aa9f5651d86992f41fa77bcd29e4161c7b50fb85,2020-06-03,2020-06-03 00:00:00,AK,02,505,18,57677,1961,,373,10,0,,0,11,,,0,,58182,1979
c12277f743a25ac2f860ed20fd60423727360381,2020-06-03,2020-06-03 00:00:00,AL,01,18851,209,212743,7583,,11395,653,2,1900,21,,,591,,355,231594,7792
163d0e601a9794bbc11fcaddbfa98ca2c7e8c7ad,2020-06-03,2020-06-03 00:00:00,AR,05,8067,624,134413,8620,,5717,142,9,731,13,132,,,31,124,142480,9244
7cfce5a558a208943790becd7ccb36f4d3c65fc8,2020-06-03,2020-06-01 00:00:00,AS,60,0,0,174,0,,,0,0,,0,,,,,,174,0
7e4bdcdbc9b006f0dbb76c48ef6d9f9a339e9d9b,2020-06-03,2020-06-03 00:00:00,AZ,04,22233,983,222292,5709,,5076,981,40,3129,72,1092,379,,239,,244525,6692
046f902f6852091ccd04796f68438f686108c941,2020-06-03,2020-06-03 00:00:00,CA,06,117687,2377,2013607,57326,,,4361,75,,0,4458,1313,,,,2131294,59703
736673c92553498895dd10bca21b5c782ba43e50,2020-06-03,2020-06-03 00:00:00,CO,08,26788,211,167389,3429,,3983,1474,16,4419,47,388,,,,,194177,3640
8d3e6c0769605a4249ca0750ea483d2d2808cc92,2020-06-03,2020-06-02 20:30:00,CT,09,43091,112,233345,5714,,7511,3989,17,13793,0,406,,,,,276436,5826
2d59b14068a038c9daf2c09a038d1d20720465bd,2020-06-03,2020-06-02 00:00:00,DC,11,9016,130,40546,1731,,1138,473,3,,0,285,103,,72,,49562,1861
4a0a17ea3d2708cb4c1fc6d28a2da06f4cca9dc6,2020-06-03,2020-06-02 18:00:00,DE,10,9712,27,55208,831,,5493,375,2,,0,153,,,,,64920,858
835520e4aae2f356d8951c861d837f2bd57ccaab,2020-06-03,2020-06-03 10:41:00,FL,12,58764,1317,1022149,29844,1191,,2650,37,10796,118,,,,,,1080913,31161
ae8fbc393122c018361b6f0d57fbb981dce5374f,2020-06-03,2020-06-03 15:00:00,GA,13,48894,687,433818,7738,,,2123,21,8419,85,815,,1841,,,482712,8425
a192c81251339bcfa00942e5ff12ca380b2cf1bd,2020-06-03,2020-06-03 08:00:00,GU,66,178,1,6549,335,,151,5,0,,0,,,,,,6727,336
643e5d868b67a793738ad8eb7c4eeddc2b7fd879,2020-06-03,2020-06-02 18:00:00,HI,15,653,1,48855,586,,609,17,0,83,0,,,,,,49508,587
3d5423ffd9b60d6fc12d6d70a79ad7d47dcc05eb,2020-06-03,2020-06-03 00:00:00,IA,19,20055,39,144390,716,,12064,574,13,,0,314,116,,76,,164445,755
97c70fd3cc557d0f1108462727ba4ed8a8bbd918,2020-06-03,2020-06-02 19:00:00,ID,16,2933,27,46009,782,,2282,83,0,251,4,,,98,,,48942,809
ac4bb43b77c5eb2ee5ffc50b8ca8f1e96cdd3604,2020-06-03,2020-06-03 00:00:00,IL,17,123830,982,835345,23489,,,5621,96,,0,3173,844,,508,,959175,24471
38ec9de5c0d2d1696a214979cd519de9ef4ab6c2,2020-06-03,2020-06-02 23:59:00,IN,18,35712,475,242103,5421,,23182,2207,10,5952,50,1017,358,1282,138,,277815,5896
014fb9aa86065d1f5c56b66a3aa1c34ee4cd8a62,2020-06-03,2020-06-03 10:00:00,KS,20,10170,159,97883,4582,,592,222,5,890,28,,,302,,131,108053,4741
76523b6f2c8ab2c04b7bda3b5e03a7250d226d9b,2020-06-03,2020-06-03 00:00:00,KY,21,10410,225,221789,4703,,3283,450,8,2317,10,488,68,950,,,232199,4928
c7389b2ac928e783f3131db5bdd8d95768555fa0,2020-06-03,2020-06-03 13:00:00,LA,22,41133,387,360954,8567,,31728,2870,35,,0,617,,,86,,402087,8954
a8c6002d7e0c9f2a7ca67a68808af60c42993706,2020-06-03,2020-06-03 10:00:00,MA,25,101592,429,516169,7937,,,7152,67,10151,88,1684,393,,263,,617761,8366
85ca9015a2cff977c28a5eefc24f18fa1da38a9c,2020-06-03,2020-06-03 10:00:00,MD,24,54982,807,272643,11003,,3970,2666,20,9111,154,1109,471,,,,327625,11810
a482dc2d9b2c8d804deda6b648718fd2bd4a521e,2020-06-03,2020-06-02 23:59:00,ME,23,2418,41,50591,0,,1699,95,1,285,-2,44,14,,10,,53009,41
fc2a30e63952482aa735fe13be033bf04cade2e2,2020-06-03,2020-06-03 11:00:00,MI,26,58035,304,535514,15977,,38099,5570,17,,0,646,328,,224,,593549,16281
b0f4ba20c7e3a22e8af9fff96f7c0b9b930a2eee,2020-06-03,2020-06-02 17:00:00,MN,27,25870,362,239848,6609,,21169,1097,15,3203,69,537,254,1022,,,265718,6971
aabdf7878b7ae299a4aeed2256b2800fbbbf245d,2020-06-03,2020-06-03 15:00:00,MO,29,13767,192,197586,5731,,,786,3,,0,571,,,70,,211353,5923
387d772b773b733ac47d783e420eec44a64d63f0,2020-06-03,2020-06-03 00:00:00,MP,69,23,0,6534,0,,16,2,0,,0,,,,,,6557,0
7792d53fd5b79c9ac5669a3786e0746b05a2e803,2020-06-03,2020-06-02 00:00:00,MS,28,16322,302,168425,4947,,11203,782,15,2340,44,602,141,,96,,184747,5249
196404ec128b0ad1b7b706376772ab5090d63b89,2020-06-03,2020-06-03 00:00:00,MT,30,525,2,42923,1234,,464,17,0,68,1,1,,,,,43448,1236
fb7a31621ea6d85f5ddb452f698ba17c8e5f1e6c,2020-06-03,2020-06-03 12:25:00,NC,37,30777,888,418486,13454,,18860,939,18,,0,684,,,,,449263,14342
7e632acc14721946f267e84993dbe9fecfef7955,2020-06-03,2020-06-03 00:00:00,ND,38,2679,33,71823,825,,2169,69,1,172,2,34,,,,,74502,858
264893a441f9bba15865424f9cd865f2f3bf3e66,2020-06-03,2020-06-02 20:00:00,NE,31,14611,266,95355,3282,,6743,181,3,851,851,194,,,,,109966,3548
6654b4a4f582dbde787a97155d7c0fc4a52a3932,2020-06-03,2020-06-02 09:00:00,NH,33,4749,64,70990,1331,1726,3071,256,11,462,6,97,,142,,,75739,1395
8f82a724324883fbec8abdaf7e9c8933c8847380,2020-06-03,2020-06-03 13:00:00,NJ,34,162068,523,675352,19220,,27008,11880,110,17390,0,2250,612,,459,,837420,19743
a32f4274df86546c71b97c0acbeb6b83310cffa0,2020-06-03,2020-06-02 18:04:00,NM,35,8024,224,198813,3498,,2960,367,5,1416,99,182,,,,,206837,3722
890fb4df2967b0b6e3d33016ff7d35f0bf119622,2020-06-03,2020-06-03 11:30:00,NV,32,8935,105,147320,4059,,501,429,9,,0,372,84,,47,,156255,4164
6f78ef20b1ebb358567053a2f09018f716630b32,2020-06-03,2020-06-03 00:00:00,NY,36,374085,1045,1855388,60597,,66502,24079,56,89995,134,2978,865,,638,,2229473,61642
ab2109940fcb68e53f7c482a7a68504e638310ef,2020-06-03,2020-06-03 14:00:00,OH,39,36792,442,389313,15755,,,2299,41,6251,75,704,283,1604,198,,426105,16197
1ff135205dc05dbb5876fd1d74c88c1e75e9e746,2020-06-03,2020-06-03 00:00:00,OK,40,6805,113,201247,3282,,5711,341,2,1003,9,136,59,,,,208052,3395
5fa03d54f67f23d014fb5f23371bc78059043560,2020-06-03,2020-06-03 03:01:00,OR,41,4399,64,132269,2395,,2199,159,2,800,5,112,27,,10,,136668,2459
6181ef6ffb03db92a641d630bcab4b1c1579b36e,2020-06-03,2020-06-03 00:00:00,PA,42,74022,512,401369,2008,,49915,5741,74,,0,1164,,,269,,475391,2520
bce808890e06fdb38ce54f4a67d49582bb983a6e,2020-06-03,2020-06-03 05:53:00,PR,72,4023,88,,0,,,140,2,,0,107,12,,7,,4023,88
82e11641af82270625c8c0eca3f36431366248cb,2020-06-03,2020-06-03 12:00:00,RI,44,15219,107,147321,2873,,1311,742,10,1753,10,189,44,,30,,162540,2980
da3fd69953828414885577c4bf7538303063eda8,2020-06-03,2020-06-03 15:45:00,SC,45,12651,236,210274,3912,,6976,518,17,1789,0,433,,,,,222925,4148
94afd8cb171d03e765e2488dbf75e0a20917d6ef,2020-06-03,2020-06-02 18:00:00,SD,46,5162,95,43500,1721,,4084,62,0,456,13,87,,,,,48662,1816
cfb46377eb6797de791d8de3a8630325fa544678,2020-06-03,2020-06-03 15:00:00,TN,47,24822,447,445957,8196,,16319,388,7,1829,37,,,,,,470779,8643
8c0d8b17c7b810ddb2265b1ced6a8e6c3c27b893,2020-06-03,2020-06-03 16:25:00,TX,48,68271,1703,938497,18841,,45858,1734,36,,0,1487,,,,,1006768,20544
63f11c4c2aca8ced13df0ff11f2afee33b131994,2020-06-03,2020-06-03 15:00:00,UT,49,10497,295,213484,1895,,6501,117,4,829,28,150,,250,,107,223981,2190
9a8b3cf7c8957a864133d37f6a86d36e878bd685,2020-06-03,2020-06-02 17:00:00,VA,51,46905,666,295482,12832,435,6165,1428,21,7476,103,1311,313,,185,,342387,13498
d4b57e72b01ed2b72d379de443e392b6832de3bb,2020-06-03,2020-06-03 08:03:00,VI,78,70,0,1956,20,5,62,6,0,,0,,,,,,2026,20
30533add3b5da8f74fe57e85a6285ddaa5aa71b3,2020-06-03,2020-06-03 00:00:00,VT,50,990,2,36205,574,,879,55,0,,0,10,,,,,37195,576
d28bfe91ceaaf4152758f4db50469c821edff0a3,2020-06-03,2020-06-03 00:00:00,WA,53,23077,197,373522,5009,,,1129,5,3543,26,263,,,89,,396599,5206
9b8adbe707f98fd34fbfc7c42cabd62b0e186311,2020-06-03,2020-06-03 00:00:00,WI,55,19400,483,279711,15968,199,12172,616,9,2700,57,556,130,606,,,299111,16451
4e6ecfad65eabafd36e8dfb04205fb09096bb549,2020-06-03,2020-06-03 10:00:00,WV,54,2071,30,101697,3195,,1381,78,1,,0,34,13,,4,,103768,3225
30abbaa0c38172d6c59e93c528e7a6bc819f2758,2020-06-03,2020-06-03 00:00:00,WY,56,915,5,25713,881,,714,17,0,87,1,4,,,,,26628,886
709b6666911bf514ef50b982d470b903f3ee6185,2020-06-02,2020-06-02 00:00:00,AK,02,487,20,55716,1993,,371,10,0,,0,10,,,0,,56203,2013
c18629b39c7f5a04dfb9a477c9ff5e1ed3c664d4,2020-06-02,2020-06-01 00:00:00,AL,01,18642,279,205160,0,,9355,651,5,1879,23,,,591,,355,223802,279
522504ba162c2f41f4c1ec9cd0aa0d8b23d653c7,2020-06-02,2020-06-02 00:00:00,AR,05,7443,0,125793,0,,5401,133,0,718,7,121,,,26,124,133236,0
a49149517bd7dfc06cb441930162cd3464cda2c7,2020-06-02,2020-05-29 00:00:00,AS,60,0,0,174,0,,,0,0,,0,,,,,,174,0
b3e062e20545f6a23ca5e5271ef176a1e13949c4,2020-06-02,2020-06-02 00:00:00,AZ,04,21250,1127,216583,8636,,4967,941,24,3057,39,1009,380,,235,,237833,9763
de393a663899a5baa44b3c39e80fe0aab13fb5bd,2020-06-02,2020-06-02 00:00:00,CA,06,115310,2304,1956281,56704,,,4286,35,,0,4393,1286,,,,2071591,59008
edfdb908e9636e0a3754873fa2f4d5762bcca4b9,2020-06-02,2020-06-02 00:00:00,CO,08,26577,199,163960,3962,,3954,1458,13,4372,25,394,,,,,190537,4161
a402a83c162a9f8a7106fc1e85a875c7b93fd5f0,2020-06-02,2020-06-01 20:30:00,CT,09,42979,239,227631,8981,,7511,3972,8,13793,0,434,,,,,270610,9220
41659ec71136e4950946da25cc6fb07578f2bc79,2020-06-02,2020-06-01 00:00:00,DC,11,8886,29,38815,409,,1137,470,2,,0,295,106,,74,,47701,438
c9ae5a130f9c2414fe1aad42acbbca6ffab97d84,2020-06-02,2020-06-01 18:00:00,DE,10,9685,80,54377,1535,,5442,373,5,,0,157,,,,,64062,1615
e0ccb8e38974b5843d213ef9a93813b451374e34,2020-06-02,2020-06-01 09:54:00,FL,12,57447,617,992305,8735,1206,,2613,70,10678,184,,,,,,1049752,9352
f91c51f443bbc2547f987c0c44cf2ee16ffd5b44,2020-06-02,2020-06-02 15:11:00,GA,13,48207,589,426080,2067,,,2102,28,8334,207,828,,1821,,,474287,2656
5a4e7adfe35fd7015f4e628a424af58f85398cae,2020-06-02,2020-06-02 06:15:00,GU,66,177,2,6214,73,,148,5,0,,0,,,,,,6391,75
14e14858a9adcb98e1181536d8128291d7c55157,2020-06-02,2020-06-01 18:00:00,HI,15,652,0,48269,434,,608,17,0,83,0,,,,,,48921,434
f78d3340a167a56e1d676e0ebe31eb0bfe1fefac,2020-06-02,2020-06-02 00:00:00,IA,19,20016,319,143674,4290,,11742,561,10,,0,327,114,,76,,163690,4609
afae66e31ef5c66366bc1aeec286b8f94d44947a,2020-06-02,2020-06-01 19:00:00,ID,16,2906,67,45227,1369,,2266,83,1,247,5,,,98,,,48133,1436
2fbee83a8a68b229171270d24fd6bdb832ff080b,2020-06-02,2020-06-02 00:00:00,IL,17,122848,1614,811856,14817,,,5525,113,,0,3238,874,,548,,934704,16431
55c917647c6e835d66d63e9cf46471a4f49f7b8b,2020-06-02,2020-06-01 23:59:00,IN,18,35237,407,236682,5616,,22623,2197,55,5902,42,961,358,1261,140,,271919,6023
d23a7ca8f4b91f2497c3c6d1c310ed90aeff94ce,2020-06-02,2020-06-01 10:00:00,KS,20,10011,0,93301,8071,,555,217,0,862,20,,,290,,127,103312,8071
7f2890388d410fbeaa6d8a1e340629435b42c6e9,2020-06-02,2020-06-02 00:00:00,KY,21,10185,139,217086,11086,,3275,442,3,2307,33,481,85,941,,,227271,11225
5cf297c8005b6898eb1af26ae033b780d0321fcf,2020-06-02,2020-06-02 13:00:00,LA,22,40746,405,352387,5358,,31728,2835,34,,0,639,,,83,,393133,5763
74d95815b5617f2299ecd844564cdb3f2ec7e9b3,2020-06-02,2020-06-02 10:00:00,MA,25,101163,4198,508232,12344,,,7085,239,10063,240,1657,394,,269,,609395,16542
90a75332271d77fdb5ca42ca3b3ec29ff7c36aa1,2020-06-02,2020-06-02 10:00:00,MD,24,54175,848,261640,6237,,3855,2646,21,8957,71,1148,481,,,,315815,7085
3fc22344d8e72b698de6cf5c1c262e5d988a25fc,2020-06-02,2020-06-01 23:59:00,ME,23,2377,28,50591,3307,,1646,94,5,287,3,48,16,,10,,52968,3335
16fef80f5770d4763f7aed422753bdab0f555106,2020-06-02,2020-06-02 11:00:00,MI,26,57731,199,519537,9046,,38099,5553,37,,0,674,346,,240,,577268,9245
a1befda0943688b4b5e53ab77fd7076fe725c6a5,2020-06-02,2020-06-01 17:00:00,MN,27,25508,300,233239,2855,,20381,1082,22,3134,48,537,248,1003,,,258747,3155
390fda254a21d095144d2a827b7befa518f076a8,2020-06-02,2020-06-02 00:00:00,MO,29,13575,248,191855,5474,,,783,10,,0,693,,,81,,205430,5722
196990c710a96ff045d6ba37169840011c92e8e8,2020-06-02,2020-06-02 00:00:00,MP,69,23,1,6534,222,,16,2,0,,0,,,,,,6557,223
87208dc223804fe320ce79246b2e9fadfe09964a,2020-06-02,2020-06-01 00:00:00,MS,28,16020,268,163478,2976,,11203,767,28,2296,0,584,146,,97,,179498,3244
2ff1f1397f165335c49df2ffef81c0c50563ca19,2020-06-02,2020-06-02 00:00:00,MT,30,523,4,41689,1551,,462,17,0,67,0,1,,,,,42212,1555
296dd53ba2cf859ee91357d903bacfc549f0eb03,2020-06-02,2020-06-02 12:25:00,NC,37,29889,626,405032,12387,,18860,921,23,,0,716,,,,,434921,13013
d0d17bdf95cf2fa3d367df8ee22b33d83eacd100,2020-06-02,2020-06-02 00:00:00,ND,38,2646,21,70998,322,,2127,68,7,170,1,34,,,,,73644,343
e54cb2887c8871b393fc54e31e9417e49b694f99,2020-06-02,2020-06-01 20:00:00,NE,31,14345,244,92073,2509,,,178,8,,0,,,,,,106418,2753
5ad68edbbd1f5cab15c3d3e318e3144d41901130,2020-06-02,2020-06-01 09:00:00,NH,33,4685,34,69659,1854,2183,2954,245,0,456,5,98,,142,,,74344,1888
4ace0e61b7e5b11a14b2d3ecddd8d97ca16e5aad,2020-06-02,2020-06-02 13:00:00,NJ,34,161545,627,656132,21450,,26815,11770,49,17390,168,2370,639,,480,,817677,22077
6e384716e65a3ca4abd063294e09a0dff0cea70e,2020-06-02,2020-06-01 18:00:00,NM,35,7800,111,195315,3400,,2888,362,6,1317,0,191,,,,,203115,3511
49d792983817cd6c7acfe8d5047f673a932a3bb4,2020-06-02,2020-06-01 00:00:00,NV,32,8830,142,143261,5166,,464,420,-1,,0,365,88,,39,,152091,5308
89ad0f8fb2decf7c08877ce458bc455028cb45af,2020-06-02,2020-06-02 00:00:00,NY,36,373040,1329,1794791,52725,,66262,24023,64,89861,158,3121,907,,673,,2167831,54054
077e3941c12a796281d870361fc8225faaea6141,2020-06-02,2020-06-02 14:00:00,OH,39,36350,366,373558,11476,,,2258,52,6176,64,697,295,1583,204,,409908,11842
c9959b2a975fe89f0381de226783ac2e7a6f288c,2020-06-02,2020-06-02 00:00:00,OK,40,6692,119,197965,11265,,5599,339,5,994,8,124,60,,,,204657,11384
ce6768751f169c1e92371d6dd9ff6be5f335459b,2020-06-02,2020-06-02 03:01:00,OR,41,4335,33,129874,2558,,2164,157,3,795,5,102,29,,15,,134209,2591
d9968a3aed124777715b7e841fd13760ab2515b9,2020-06-02,2020-06-02 00:00:00,PA,42,73510,612,399361,9930,,48838,5667,100,,0,1302,,,283,,472871,10542
d92fe31ed0de75eaefe4d0bf11912562fafe462c,2020-06-02,2020-06-02 05:51:00,PR,72,3935,62,,0,,,138,2,,0,106,17,,10,,3935,62
7532b917a12c7fe28169a6c2c7a988e7ce7383b2,2020-06-02,2020-06-02 12:00:00,RI,44,15112,121,144448,2604,,1302,732,12,1743,19,188,48,,31,,159560,2725
d961c520dcac817c3db5293f7f48ad7df9c96222,2020-06-02,2020-06-02 16:00:00,SC,45,12415,267,206362,13822,,6976,501,1,1789,155,425,,,,,218777,14089
a2494d063842710d709a3351269e39bbcecdda60,2020-06-02,2020-06-01 18:00:00,SD,46,5067,33,41779,1152,,3990,62,0,443,8,89,,,,,46846,1185
48308aed9613c7ec1605864274211b886350636a,2020-06-02,2020-06-02 15:00:00,TN,47,24375,821,437761,12822,,15916,381,14,1792,25,,,,,,462136,13643
e54e74af6bbd158639a3a09d8b4bcf5b220c62bb,2020-06-02,2020-06-02 16:00:00,TX,48,66568,1688,919656,14505,,44517,1698,20,,0,1773,,,,,986224,16193
84d39e3c673e777335949da3f3657765843227a0,2020-06-02,2020-06-02 15:00:00,UT,49,10202,203,211589,3476,,6319,113,0,801,12,159,,243,,104,221791,3679
1a6a6f1ab0b52ee9270f90ab7a0bae8abf491e62,2020-06-02,2020-06-01 17:00:00,VA,51,46239,841,282650,3329,450,6011,1407,15,7373,47,1362,336,,186,,328889,4170
e8833401b6037d390045b8a30d3248b9228815f5,2020-06-02,2020-06-02 07:52:00,VI,78,70,0,1936,195,6,62,6,0,,0,,,,,,2006,195
3fb48d8fb6740a3e96dc2e0aa22577881cdce603,2020-06-02,2020-06-02 00:00:00,VT,50,988,5,35631,1288,,879,55,0,,0,10,,,,,36619,1293
5b7912d4093d87d37d5273dbe4a8e0ef57c3c93d,2020-06-02,2020-06-02 00:00:00,WA,53,22880,277,368513,6764,,,1124,6,3517,16,232,,,48,,391393,7041
1b865c265fee7b178bfb978f7b8d55e2e2ffe335,2020-06-02,2020-06-02 16:00:00,WI,55,18917,374,263743,10148,209,12172,607,12,2643,40,597,139,593,,,282660,10522
09cfa29d5b131c025b1d80d3fd345ee612b3d784,2020-06-02,2020-06-02 09:30:00,WV,54,2041,24,98502,2424,,1341,77,2,,0,31,11,,4,,100543,2448
78a03cd15151fab3dc7cadb01b54e38b484da98b,2020-06-02,2020-06-01 00:00:00,WY,56,910,0,24832,595,,667,17,0,86,0,7,,,,,25742,595
4937b1daf9aace6b8f3e0c1b8174fc68de690391,2020-06-01,2020-06-01 00:00:00,AK,02,467,33,53723,2462,,368,10,0,,0,10,,,1,,54190,2495
76c47f9070eed509d71fc20759c54484eff345ef,2020-06-01,2020-06-01 00:00:00,AL,01,18363,460,205160,5510,,9355,646,15,1856,12,,,591,,355,223523,5970
83863b379181c5877ed615fbf719829cbf71858f,2020-06-01,2020-06-01 00:00:00,AR,05,7443,190,125793,3531,,5401,133,0,711,0,115,,,27,123,133236,3721
aa102fc701e2ee4bff23ffa67cc8f9eb17bf2d08,2020-06-01,2020-05-29 00:00:00,AS,60,0,0,174,0,,,0,0,,0,,,,,,174,0
25b741dd06061b9578298a5bb785bf7de45b69dd,2020-06-01,2020-06-01 00:00:00,AZ,04,20123,187,207947,2677,,4869,917,11,3018,20,968,377,,238,,228070,2864
14b5e733768d6d3521030bcc6be3fbc6c708c134,2020-06-01,2020-06-01 00:00:00,CA,06,113006,2423,1899577,65312,,,4251,38,,0,4258,1273,,,,2012583,67735
619f91c8a48d06283fcd1c258f63f759b2f59f94,2020-06-01,2020-06-01 00:00:00,CO,08,26378,280,159998,5469,,3919,1445,2,4347,14,414,,,,,186376,5749
0cb3839b4d0d9e1cd6d279b182d6538e70cafb40,2020-06-01,2020-05-31 20:30:00,CT,09,42740,539,218650,10805,,7511,3964,20,13793,1255,454,,,,,261390,11344
904204a2e1cd69c11618791a45d40af4a9bd2bb5,2020-06-01,2020-06-01 00:00:00,DC,11,8857,56,38406,724,,1126,468,2,,0,302,108,,67,,47263,780
942298bc1705ba48f91f400fc8c1bbd49a0be2d6,2020-06-01,2020-05-31 18:00:00,DE,10,9605,107,52842,1669,,5353,368,2,,0,159,,,,,62447,1776
d968875a0085e1d177e0a150a081535bca91c19a,2020-06-01,2020-06-01 09:54:00,FL,12,56830,667,983570,18384,1160,,2543,9,10494,41,,,,,,1040400,19051
e072527275022e1603841742435179daad65dc43,2020-06-01,2020-06-01 13:00:00,GA,13,47618,632,424013,5474,,,2074,32,8127,181,841,,1800,,,471631,6106
a40cbbf3bbae87146544b2bb5ccc64c97f63078d,2020-06-01,2020-06-01 06:35:00,GU,66,175,2,6141,212,,145,5,0,,0,,,,,,6316,214
439b53fe759a66a0b84519a32bbc4f093472c762,2020-06-01,2020-05-31 18:00:00,HI,15,652,1,47835,-6134,,608,17,0,83,0,,,,,,48487,-6133
5cd7bc948a88cd991512ea77ed7c5fefa4008393,2020-06-01,2020-06-01 00:00:00,IA,19,19697,145,139384,2640,,11440,551,17,,0,339,125,,73,,159081,2785
7d4b70954cbe0a67bac3244871fd4e07e269f653,2020-06-01,2020-05-30 19:00:00,ID,16,2839,0,43858,0,,2248,82,0,242,0,,,96,,,46697,0
0d53975e71d679f5019aa3c7b20b3124d477af91,2020-06-01,2020-06-01 00:59:00,IL,17,121234,974,797039,19040,,,5412,22,,0,3215,902,,547,,918273,20014
1fb01e1112f8fac4c27431a48f8f743a99f626c1,2020-06-01,2020-05-31 23:59:00,IN,18,34830,256,231066,4094,,22224,2142,8,5860,575,1041,366,1255,148,,265896,4350
d245ddfaada04e55ec6c0a36370c5e68083c4409,2020-06-01,2020-06-01 10:00:00,KS,20,10011,292,85230,0,,547,217,9,842,0,,,284,,124,95241,292
1bed941d3e9fbb5dd338003e80c57f79fcf79326,2020-06-01,2020-06-01 17:00:00,KY,21,10046,342,206000,1951,,3232,439,8,2274,2,457,90,940,,,216046,2293
cd43e9bb6887398f5e3bb5f7674a7c6d1c92c58e,2020-06-01,2020-06-01 13:00:00,LA,22,40341,425,347029,11836,,31728,2801,10,,0,661,,,86,,387370,12261
a5eb1ec721e3bc05a6a41cadac4638100a67af22,2020-06-01,2020-05-31 10:00:00,MA,25,96965,0,495888,0,,,6846,0,9823,0,1824,436,,,,592853,0
36997d10dd24c511b1c8d16c06d0df9a3f8787fe,2020-06-01,2020-06-01 10:00:00,MD,24,53327,549,255403,6300,,3782,2625,29,8886,148,1174,479,,,,308730,6849
23049cb88bd0b10640db78fc1ce6cff9bab69d24,2020-06-01,2020-05-31 23:59:00,ME,23,2349,24,47284,0,,1586,89,0,284,1,52,17,,10,,49633,24
d0cac62599ef437f1efbbac30004c156aeccab00,2020-06-01,2020-06-01 11:00:00,MI,26,57532,135,510491,13258,,38099,5516,25,,0,674,346,,240,,568023,13393
2619a27a5cdcd84741abe30dc6adedd62c4ba99b,2020-06-01,2020-05-31 17:00:00,MN,27,25208,358,230384,5715,,19441,1060,10,3086,39,549,253,981,,,255592,6073
03da7ccab54a310d4724c6e85c11fb55ac8211aa,2020-06-01,2020-06-01 15:00:00,MO,29,13327,180,186381,5967,,,773,1,,0,693,,,78,,199708,6147
acf0e37cd1923b2a64ad9e2f0cd57e9e6ed90580,2020-06-01,2020-06-01 00:00:00,MP,69,22,0,6312,161,,16,2,0,,0,,,,,,6334,161
57866d6f4b43ce94f2931608a39c25c253512884,2020-06-01,2020-05-31 19:00:00,MS,28,15752,251,160502,4166,,11203,739,5,2296,24,584,146,,97,,176254,4417
0b1ce6bf307166ce8ad2feec1d8f5405ef1d0273,2020-06-01,2020-06-01 00:00:00,MT,30,519,4,40138,855,,461,17,0,67,0,2,,,,,40657,859
f7aefad915317ea72ea5ece1fdc8ee573bd5c78c,2020-06-01,2020-06-01 10:50:00,NC,37,29263,674,392645,4945,,18860,898,12,,0,650,,,,,421908,5619
ea2a3506c826163f31c3133da56178a67cc4734d,2020-06-01,2020-06-01 13:00:00,ND,38,2625,48,70676,1213,,2078,61,0,169,2,35,,,,,73301,1261
3f6d643dd1b3701b354ed0c7805de2bfd62e6432,2020-06-01,2020-05-31 19:45:00,NE,31,14101,196,89564,2327,,,170,0,,0,,,,,,103665,2523
e0a109baee2380c4c9fd6d95087d1a2233448606,2020-06-01,2020-05-31 09:00:00,NH,33,4651,106,67805,2070,1661,2948,245,3,451,2,96,,141,,,72456,2176
6c22e705c77c134daad10356c2bb437fe806dc3c,2020-06-01,2020-06-01 13:00:00,NJ,34,160918,473,634682,48982,,26703,11721,23,17222,25,2466,646,,459,,795600,49455
c0dbe60a2ca51ef1506e3607e2f01d9152ab26a5,2020-06-01,2020-05-31 19:30:00,NM,35,7689,65,191915,5092,,2853,356,5,1317,0,182,,,,,199604,5157
c67d4f2fb08c2289f1d2d816e14b229dab8dc278,2020-06-01,2020-06-01 11:00:00,NV,32,8688,95,138095,4128,,459,421,4,,0,361,87,,40,,146783,4223
5a2de499f7d106b56a4ece83373de3ebceb4ef19,2020-06-01,2020-06-01 00:00:00,NY,36,371711,941,1742066,49011,,66110,23959,54,89703,113,3331,999,,746,,2113777,49952
d6f9bd742dfd69cee27e8b8c267bab36123d7559,2020-06-01,2020-06-01 14:00:00,OH,39,35984,471,362082,6687,,,2206,51,6112,63,761,324,1569,223,,398066,7158
a7d1164765b3e3c03aa316537720eeb28d4db948,2020-06-01,2020-06-01 00:00:00,OK,40,6573,67,186700,0,,5511,334,0,986,1,154,65,,,,193273,67
361820183dd02b2ab4e053f9cc79a26e63c4be9c,2020-06-01,2020-06-01 03:01:00,OR,41,4302,59,127316,2358,,2164,154,1,790,4,108,32,,17,,131618,2417
16b780b82e6fa655ebe5807a7ccc3dd4d57bb5a3,2020-06-01,2020-06-01 00:00:00,PA,42,72898,352,389431,6320,,48428,5567,12,,0,1302,,,287,,462329,6672
ec743af387abde502d62877ededf85f05177d246,2020-06-01,2020-06-01 02:51:00,PR,72,3873,97,,0,,,136,0,,0,99,9,,4,,3873,97
aee9f49b43bb7dc9247d9d9ab45bf77760c57b3e,2020-06-01,2020-06-01 12:00:00,RI,44,14991,63,141844,2279,,1281,720,2,1724,23,195,46,,29,,156835,2342
c9ed318b768a3155c2331cd8659d4b9b862a6d5b,2020-06-01,2020-06-01 15:10:00,SC,45,12148,287,192540,4185,,6459,500,6,1634,0,450,,,,,204688,4472
4e60ef452f41b0a6aa279e6a2abbc760b4a810da,2020-06-01,2020-06-01 11:30:00,SD,46,5034,41,40627,1492,,3903,62,0,435,3,87,,,,,45661,1533
161d0cfbe993f7e36eb2141ab50996a63885ae6c,2020-06-01,2020-06-01 15:00:00,TN,47,23554,548,424939,11968,,15564,367,3,1767,17,,,,,,448493,12516
ac4ca24798d661620f1c8dbe6d1f6ba195448d93,2020-06-01,2020-06-01 17:00:00,TX,48,64880,593,905151,17573,,43338,1678,6,,0,1756,,,,,970031,18166
9631fedc7b6a451ecc25e057a3f0c8f348281953,2020-06-01,2020-06-01 15:00:00,UT,49,9999,202,208113,3996,,6251,113,0,789,14,134,,242,,102,218112,4198
29fd2d1e4f9fd9be19ade0913da5d5b50d65a345,2020-06-01,2020-05-31 17:00:00,VA,51,45398,791,279321,8537,419,5899,1392,17,7326,0,1371,347,,188,,324719,9328
508b7e25028c640411c81385240b764a8f63fc1d,2020-06-01,2020-06-01 08:00:00,VI,78,70,1,1741,108,4,62,6,0,,0,,,,,,1811,109
88cbb06f5924bd4e71d5395f58e39d6bd2ca7cb7,2020-06-01,2020-06-01 00:00:00,VT,50,983,2,34343,1354,,880,55,0,,0,16,,,,,35326,1356
a2140043dad740b5ec11eee877e00e61fe9a0fdd,2020-06-01,2020-06-01 00:00:00,WA,53,22603,246,361749,6669,,,1118,0,3501,21,245,,,52,,384352,6915
10af7e498fbb7e327c0e09b424bfe308acf9dc20,2020-06-01,2020-06-01 00:00:00,WI,55,18543,140,253595,3492,211,11838,595,3,2603,20,613,136,586,,,272138,3632
e917dc81f0ffffd72970e5d2211c30bc7d3f6471,2020-06-01,2020-06-01 10:00:00,WV,54,2017,7,96078,466,,1313,75,0,,0,31,11,,4,,98095,473
c77bf62845ad34e3450f64f799587877e5a8ffba,2020-06-01,2020-05-31 00:00:00,WY,56,910,7,24237,747,,667,17,1,86,1,8,,,,,25147,754
8c9c64f6170438b016da2ca72a5f5427f8e254bd,2020-05-31,2020-05-30 00:00:00,AK,02,434,0,51261,0,,368,10,0,,0,14,,,2,,51695,0
0d7948b60754cce6687ca74a2de820abcc03c191,2020-05-31,2020-05-31 00:00:00,AL,01,17903,544,199650,4808,,9355,631,13,1844,18,,,589,,355,217553,5352
17963d50f3a4006b345581f7e89d345c8cfda42b,2020-05-31,2020-05-30 15:13:00,AR,05,7253,240,122262,2778,,5275,133,0,711,9,115,,,27,123,129515,3018
4ed5053b12580582d243e9e23e93cedd75433e3c,2020-05-31,2020-05-29 00:00:00,AS,60,0,0,174,0,,,0,0,,0,,,,,,174,0
490ee2f31796c8a752075f5150dd9a235d9e2036,2020-05-31,2020-05-31 00:00:00,AZ,04,19936,681,205270,7478,,4761,906,3,2998,18,973,376,,239,,225206,8159
4518e6381de527dbbaed6590f820c0520290e611,2020-05-31,2020-05-30 00:00:00,CA,06,110583,3705,1834265,52548,,,4213,57,,0,4331,1324,,,,1944848,56253
bcd1e044c72328d59de2ecececdeec506069ae53,2020-05-31,2020-05-31 00:00:00,CO,08,26098,485,154529,4401,,3919,1443,7,4333,26,414,,,,,180627,4886
b8c7865e56fbd9e727eda6c2478f5aec6db87e2d,2020-05-31,2020-05-30 20:30:00,CT,09,42201,179,207845,2932,,7127,3944,32,12538,0,481,,,,,250046,3111
056d0f7f42bfc14d3c45a79a1fbcc1707337e40d,2020-05-31,2020-05-30 00:00:00,DC,11,8801,84,37682,770,,1116,466,4,,0,295,109,,66,,46483,854
b3b9825b59426b68a0c909bdbb30257fb5285c73,2020-05-31,2020-05-30 18:00:00,DE,10,9498,76,51173,1266,,5266,366,5,,0,160,,,,,60671,1342
7091d4752323d89abbf5657d2350f61f1523a545,2020-05-31,2020-05-31 12:20:00,FL,12,56163,739,965186,25642,1332,,2534,4,10453,78,,,,,,1021349,26381
466f8e867cbec5769c9b760b39ceda5a5f0a06eb,2020-05-31,2020-05-31 13:00:00,GA,13,46986,700,418539,9987,,,2042,39,7946,25,853,,1794,,,465525,10687
9f2c3bb2f7ca94acb758024954e38c315891cfdc,2020-05-31,2020-05-30 03:05:00,GU,66,173,0,5929,0,,144,5,0,,0,,,,,,6102,0
13bdfc5c996d72de1e9b5bae2c4a211a306bc6a2,2020-05-31,2020-05-30 18:00:00,HI,15,651,2,53969,604,,606,17,0,83,0,,,,,,54620,606
1f3097ff4eae166a27f6e05ba0f3aede275fd506,2020-05-31,2020-05-31 00:00:00,IA,19,19552,308,136744,5565,,11147,534,3,,0,341,116,,70,,156296,5873
b5b5a48c6e388672b05eec086042eff3a7ccb53d,2020-05-31,2020-05-30 19:00:00,ID,16,2839,36,43858,1237,,2248,82,0,242,2,,,96,,,46697,1273
f306b2b806f86d0497cedcd588120e19109314cc,2020-05-31,2020-05-31 00:00:00,IL,17,120260,1343,777999,19811,,,5390,60,,0,3296,941,,550,,898259,21154
cb183538889aa259e7b00a1cd8b05dfd301dfbd0,2020-05-31,2020-05-30 23:59:00,IN,18,34574,363,226972,4788,,21704,2134,9,5285,0,1050,372,1248,143,,261546,5151
d44c8bf78ea3352497ed7907e56fa54188ddb112,2020-05-31,2020-05-29 10:00:00,KS,20,9719,0,85230,0,,547,208,0,842,0,,,284,,124,94949,0
65202aee9d40eb92267faca4a1ffd7c034e90506,2020-05-31,2020-05-30 17:00:00,KY,21,9704,240,204049,5318,,3232,431,13,2272,6,480,87,940,,,213753,5558
1a1369c1910ae999712937120e14e8662b9bdf04,2020-05-31,2020-05-31 13:00:00,LA,22,39916,339,335193,5951,,28700,2791,6,,0,678,,,84,,375109,6290
54c12f90855a3908c6c6b2a830942b724e241c24,2020-05-31,2020-05-31 10:00:00,MA,25,96965,664,495888,9670,,,6846,78,9823,34,1824,436,,,,592853,10334
8fa3970db1903d04fa94a932d998f1269661e830,2020-05-31,2020-05-31 10:00:00,MD,24,52778,763,249103,7172,,3764,2596,34,8738,119,1183,479,,,,301881,7935
c07fa7d1831c5991b8f0098c3ce336faacc3739e,2020-05-31,2020-05-30 23:59:00,ME,23,2325,43,47284,0,,1552,89,0,283,11,49,18,,10,,49609,43
4ff2668486e194b80f14bb3070e1407ea80b075d,2020-05-31,2020-05-31 11:00:00,MI,26,57397,513,497233,15305,,38099,5491,28,,0,774,371,,250,,554630,15818
a7114fcce8fd007ed3c5900357405796dca93186,2020-05-31,2020-05-30 17:00:00,MN,27,24850,660,224669,6351,,18695,1050,14,3047,36,555,257,971,,,249519,7011
465086f0d27fa70308e8ed50d0195fb5e501d278,2020-05-31,2020-05-31 00:00:00,MO,29,13147,185,180414,7946,,,772,1,,0,718,,,83,,193561,8131
c9fc53d3acb2e6bbf5a48820e81d1dd51fe5c9e7,2020-05-31,2020-05-30 00:00:00,MP,69,22,0,6151,165,,15,2,0,,0,,,,,,6173,165
7078382a39bd0e1694fc11c7778a093f87186746,2020-05-31,2020-05-30 19:00:00,MS,28,15501,272,156336,5633,,9401,734,11,2272,32,570,113,,108,,171837,5905
785bc1ae1649d82d62435ebd05a62b4bc150aa66,2020-05-31,2020-05-31 00:00:00,MT,30,515,10,39283,504,,456,17,0,67,0,2,,,,,39798,514
9527ec3c55730654df03de7209d09a2266ac4757,2020-05-31,2020-05-31 11:24:00,NC,37,28589,916,387700,11216,,14954,886,9,,0,649,,,,,416289,12132
bc9a3273b7fd0b001c4905648dfadc914f37c0ee,2020-05-31,2020-05-31 00:00:00,ND,38,2577,23,69463,1036,,1959,61,1,167,2,36,,,,,72040,1059
68c2077d4e6b08ea29a3d9d55b30c9bbd3237946,2020-05-31,2020-05-30 18:45:00,NE,31,13905,251,87237,1883,,,170,0,,0,,,,,,101142,2134
aee1809b94f9ce2f28cecea4191407b80d9468f9,2020-05-31,2020-05-30 09:00:00,NH,33,4545,53,65735,1267,1208,2940,242,4,449,9,107,,140,,,70280,1320
53b374b8beb7465cc6841b0c6e74a95001fc5b85,2020-05-31,2020-05-31 13:00:00,NJ,34,160445,837,585700,0,,26560,11698,64,17197,76,2497,522,,378,,746145,837
e0c0540ccc9b88e5e5b2d29a019c3988a39b2930,2020-05-31,2020-05-30 20:05:00,NM,35,7624,131,186823,6055,,2835,351,7,1317,0,189,,,,,194447,6186
8064f1311ac1547bd2321b688e271e21a22b27f7,2020-05-31,2020-05-31 11:30:00,NV,32,8593,98,133967,3930,,428,417,0,,0,336,71,,41,,142560,4028
1332ea09acae5ccc626e66a5146dde6348f73443,2020-05-31,2020-05-31 00:00:00,NY,36,370770,1110,1693055,57334,,65934,23905,57,89590,190,3436,1050,,791,,2063825,58444
c34dfec6f2b2b20cda7bee5777ec40932d8f4a45,2020-05-31,2020-05-31 14:00:00,OH,39,35513,479,355395,8482,,,2155,6,6049,38,779,310,1556,213,,390908,8961
78519a32f503bde75392c6b239187b6ed58ecb9a,2020-05-31,2020-05-31 00:00:00,OK,40,6506,88,186700,0,,5492,334,0,985,3,154,65,,,,193206,88
be6031cd1207b2d467cba1a655af17850ad8d6c2,2020-05-31,2020-05-31 03:01:00,OR,41,4243,58,124958,2348,,2152,153,0,786,8,117,33,,17,,129201,2406
fa5c4dcdda2a28437ab1ff5345ce6bd6ad3d6c26,2020-05-31,2020-05-31 12:00:00,PA,42,72546,515,383111,7370,,48190,5555,18,,0,1352,,,296,,455657,7885
b679986f52b4b85810fa504b71bd762f0728e42d,2020-05-31,2020-05-31 04:51:00,PR,72,3776,58,,0,,,136,3,,0,99,9,,1,,3776,58
ba78dad1cdee8a5a6dd45e40830f6a4140b44ef8,2020-05-31,2020-05-31 12:00:00,RI,44,14928,109,139565,4067,,1252,718,7,1701,19,206,46,,29,,154493,4176
65779170568c0b429bc38bb56c9150b6577578b0,2020-05-31,2020-05-31 16:00:00,SC,45,11861,467,188355,10230,,6459,494,7,1634,0,402,,,,,200216,10697
34bff444f69e6c38f4bd933c252b74af2dde30e1,2020-05-31,2020-05-30 18:00:00,SD,46,4993,33,39135,1157,,3837,62,0,432,5,86,,,,,44128,1190
d61e3222275e8ccf59ff5af7192780a235c60b95,2020-05-31,2020-05-30 15:00:00,TN,47,23006,440,412971,8491,,15300,364,0,1750,18,,,,,,435977,8931
4bfddb7c6bde980930bd58229fbf8012c3851ef7,2020-05-31,2020-05-31 16:30:00,TX,48,64287,1949,887578,21399,,42423,1672,46,,0,1684,,,,,951865,23348
2ecb42897d80f3b0941514a4c3daacd21eadf370,2020-05-31,2020-05-31 15:00:00,UT,49,9797,264,204117,3545,,6137,113,1,775,12,142,,242,,102,213914,3809
8f3a0be8953f042aa1abffbded070ba296bd0c0e,2020-05-31,2020-05-30 17:00:00,VA,51,44607,996,270784,8883,500,5868,1375,5,7326,110,1458,371,,196,,315391,9879
bb3363a51d2194c4d603ca607f27e825ed25a5b2,2020-05-31,2020-05-31 06:19:00,VI,78,69,0,1633,0,19,61,6,0,,0,,,,,,1702,0
523d3eaea7fdda6b40d93936488f668b399fad28,2020-05-31,2020-05-31 00:00:00,VT,50,981,4,32989,1299,,873,55,0,,0,18,,,,,33970,1303
7747062cb0121073e94154fe4a6179d6742a7bbd,2020-05-31,2020-05-31 02:59:00,WA,53,22357,84,355080,2165,,,1118,7,3480,25,266,,,67,,377437,2249
3cc295d866e1d9a4789acda056e1c81952d6e58b,2020-05-31,2020-05-31 16:00:00,WI,55,18403,173,250103,7195,211,11646,592,4,2583,20,625,133,585,,,268506,7368
f793f28a6ada85aa3ab4682bda73ea9a32b35f22,2020-05-31,2020-05-31 17:00:00,WV,54,2010,36,95612,1696,,1303,75,0,,0,33,14,,8,,97622,1732
cef166b57bf0425512f61f29b13f9375f4c1e4a8,2020-05-31,2020-05-31 00:00:00,WY,56,903,5,23490,305,,658,16,0,85,0,13,,,,,24393,310
8a6e8bbac8470e9bd235a3d585c1e639190c14a6,2020-05-30,2020-05-30 00:00:00,AK,02,434,4,51261,2252,,368,10,0,,0,14,,,2,,51695,2256
a534a7a8b673d78508b4d515504a80245f6d112a,2020-05-30,2020-05-30 00:00:00,AL,01,17359,536,194842,2782,,9355,618,13,1826,26,,,583,,349,212201,3318
e4a8f3d035b45b618ae83addb67b791b17a1e66c,2020-05-30,2020-05-30 15:13:00,AR,05,7013,475,119484,6254,,5166,133,8,702,35,104,,,26,123,126497,6729
a55484ce9446c73a9b5c5f5328bf9b47d191efbe,2020-05-30,2020-05-29 00:00:00,AS,60,0,0,174,0,,,0,0,,0,,,,,,174,0
0377f46686f99e35c70d2a40efbdb4e1f9f76571,2020-05-30,2020-05-30 00:00:00,AZ,04,19255,790,197792,6444,,4657,903,18,2980,69,975,386,,241,,217047,7234
082725587cc639499d3085a1ce126b9f719e7992,2020-05-30,2020-05-30 00:00:00,CA,06,106878,2992,1781717,50125,,,4156,88,,0,4215,1273,,,,1888595,53117
7779ced281388f8dfa645ae9ad2de6084933238c,2020-05-30,2020-05-30 00:00:00,CO,08,25613,492,150128,6290,,3859,1436,15,4307,53,421,,,,,175741,6782
f51da91f44dade9867273df420852acb9aec931f,2020-05-30,2020-05-29 20:30:00,CT,09,42022,260,204913,5282,,7127,3912,44,12538,0,533,,,,,246935,5542
a2eebc8b5f8aea6e6be21d698b8df1ae23d3a582,2020-05-30,2020-05-29 00:00:00,DC,11,8717,179,36912,1592,,1100,462,2,,0,317,109,,66,,45629,1771
276e186c35e620e533d3454096228e78a1df4afc,2020-05-30,2020-05-29 18:00:00,DE,10,9422,186,49907,1610,,5205,361,5,,0,174,,,,,59329,1796
5d47e1af4d8a044b1fd795e726d060729eee6c79,2020-05-30,2020-05-30 11:24:00,FL,12,55424,927,939544,10802,0,,2530,35,10375,132,,,,,,994968,11729
a884f919f7e3b9266f6ffa53b1cfc5d7b2f1a39b,2020-05-30,2020-05-30 13:00:00,GA,13,46286,616,408552,3951,,,2003,29,7921,69,850,,1790,,,454838,4567
630ed2c883437760b19c00aad8efc2edb0102993,2020-05-30,2020-05-30 03:05:00,GU,66,173,1,5929,6,,144,5,0,,0,,,,,,6102,7
56cbbd6d733693d8e1eed30e724258e2fe948f4c,2020-05-30,2020-05-29 18:00:00,HI,15,649,2,53365,1188,,605,17,0,83,0,,,,,,54014,1190
38fb289061f221a6f5ac213a3daaca59d9666927,2020-05-30,2020-05-30 00:00:00,IA,19,19244,318,131179,2785,,11019,531,9,,0,368,118,,69,,150423,3103
29e827fa54a82e624b99e34916b05b29f4a3f6b7,2020-05-30,2020-05-29 19:00:00,ID,16,2803,34,42621,629,,2225,82,0,240,2,,,96,,,45424,663
740eb8b607bceaaaa7001e6019abba2012cf1ff6,2020-05-30,2020-05-30 00:00:00,IL,17,118917,1462,758188,23881,,,5330,60,,0,3336,925,,661,,877105,25343
31eeffdd831b8271e499fd1531ae715fb077370d,2020-05-30,2020-05-29 23:59:00,IN,18,34211,653,222184,7029,,,2125,15,5285,0,1149,412,1166,161,,256395,7682
0e315f9b8cfa06bd03775d210aba8a369c8d7921,2020-05-30,2020-05-29 10:00:00,KS,20,9719,0,85230,0,,547,208,0,842,0,,,284,,124,94949,0
5a82de097ff8f5d236a46baff1f4609c3ba2c2bf,2020-05-30,2020-05-29 17:00:00,KY,21,9464,280,198731,-13359,,3231,418,9,2266,86,499,81,940,,,208195,-13079
70beef61bd438b3a3c0d4b91f7d42b7c2ae703a4,2020-05-30,2020-05-30 13:00:00,LA,22,39577,775,329242,13017,,28700,2785,19,,0,674,,,84,,368819,13792
945dfc1383b0228ba816f9b15582ddc4a0c536d1,2020-05-30,2020-05-30 10:00:00,MA,25,96301,789,486218,9985,,,6768,50,9789,64,1904,453,,,,582519,10774
5b1b9dc5a22d047cf3b916718f82e8f69f2b39bb,2020-05-30,2020-05-30 00:00:00,MD,24,52015,1027,241931,8401,,3649,2562,24,8619,140,1239,492,,,,293946,9428
00f9f0e9031b65454b2e3be3bfb995674d071f36,2020-05-30,2020-05-29 23:59:00,ME,23,2282,56,47284,3804,,1505,89,4,272,2,46,18,,11,,49566,3860
60597e9da118f3b2193f2849d881f04af7176009,2020-05-30,2020-05-30 11:00:00,MI,26,56884,263,481928,16942,,38099,5463,57,,0,774,371,,250,,538812,17205
b628931121d1314237c92765ed3cfe3a5f5f50ff,2020-05-30,2020-05-29 17:00:00,MN,27,24190,659,218318,7976,,17864,1036,30,3011,75,589,263,960,,,242508,8635
330ed3ff9c20b373486e08eaf60d1e87048e2f35,2020-05-30,2020-05-30 00:00:00,MO,29,12962,167,172468,7413,,,771,33,,0,679,,,85,,185430,7580
788a6f145d96bf4ea0f03806a39aad71f42f9e37,2020-05-30,2020-05-29 20:27:00,MP,69,22,0,5986,324,,15,2,0,,0,,,,,,6008,324
70da81659eab02856377cb0749d2246d324beb88,2020-05-30,2020-05-29 19:00:00,MS,28,15229,439,150703,-815,,9401,723,13,2240,32,593,145,,92,,165932,-376
57c1d75d77491dfc9c337ab425835abc2b787cd6,2020-05-30,2020-05-30 00:00:00,MT,30,505,12,38779,743,,448,17,0,67,0,2,,,,,39284,755
01913ede4e7e8344a4de09c5eefaef9216779a1d,2020-05-30,2020-05-30 11:20:00,NC,37,27673,1185,376484,11741,,14954,877,18,,0,638,,,,,404157,12926
96f2a8823cdf71decdd830cbf78a2bc0c0a12711,2020-05-30,2020-05-30 15:11:00,ND,38,2554,34,68427,1494,,1943,60,1,165,1,34,,,,,70981,1528
dedbead4ac6f209c5c9ccf1a637d37c72047203e,2020-05-30,2020-05-29 19:45:00,NE,31,13654,393,85354,3812,,,170,6,,0,,,,,,99008,4205
b7049a18a9129b7f427e036808be615c6442e8fc,2020-05-30,2020-05-29 09:00:00,NH,33,4492,106,64468,1992,960,2802,238,6,440,2,105,,120,,,68960,2098
e7c0664c2e1c0b8be842803a702bc696bab20c7d,2020-05-30,2020-05-30 13:00:00,NJ,34,159608,764,585700,28133,,26301,11634,103,17121,161,2626,672,,499,,745308,28897
b9f32c27bd459950ad359ca6cd1441b161da4c69,2020-05-30,2020-05-29 17:56:00,NM,35,7493,129,180768,4588,,2728,344,9,1317,0,193,,,,,188261,4717
43dd98c7849ecdd208c5b71fabb66b6ec7fbfa6b,2020-05-30,2020-05-30 10:30:00,NV,32,8495,145,130037,3971,,428,417,7,,0,371,92,,42,,138532,4116
37bca843394a9de05e44075ce1a2ab216378ebfa,2020-05-30,2020-05-30 00:00:00,NY,36,369660,1376,1635721,59875,,65609,23848,68,89400,206,3619,1124,,857,,2005381,61251
50e0d2f86e7afaaa8597a6b97db4a76060beb86a,2020-05-30,2020-05-30 14:00:00,OH,39,35034,468,346913,11589,,,2149,18,6011,64,806,339,1548,219,,381947,12057
6ecfbc443edc14dcd45393f223c8e8536a99c2cd,2020-05-30,2020-05-30 00:00:00,OK,40,6418,80,186700,5640,,5435,334,5,982,0,154,65,,,,193118,5720
2d0aa2a12e776bc147dc8a7d30f69e73bf40a0ae,2020-05-30,2020-05-30 03:01:00,OR,41,4185,54,122610,4060,,2137,153,2,778,7,131,32,,17,,126795,4114
43adb7c61d551b92315883c451a5a82789171dd7,2020-05-30,2020-05-30 12:30:00,PA,42,72031,692,375741,8771,,47133,5537,73,,0,1352,,,295,,447772,9463
82ebc7b029547439a66345b4d45dc6cd5d112281,2020-05-30,2020-05-30 04:51:00,PR,72,3718,71,,0,,,133,1,,0,106,6,,5,,3718,71
17915ec3207323d57b260a9eae9e4014fcb92331,2020-05-30,2020-05-30 12:00:00,RI,44,14819,184,135498,3778,,1225,711,18,1682,22,219,50,,32,,150317,3962
2f9fe891e0bf83b90fef5b14b57fa2e16fb1cd91,2020-05-30,2020-05-29 15:30:00,SC,45,11394,263,178125,999,,6459,487,4,1634,0,387,,,,,189519,1262
e4c0f4daa223cd7da6615981a88e6cb7f941876a,2020-05-30,2020-05-29 18:00:00,SD,46,4960,94,37978,2162,,3805,62,3,427,9,93,,,,,42938,2256
ba6cd4785b17c0c8b8004031e9c02133f2404864,2020-05-30,2020-05-30 15:00:00,TN,47,22566,481,404480,4598,,15193,364,4,1732,22,,,,,,427046,5079
a5f91e2319b30e72c026c24cbf65c99899ed68cb,2020-05-30,2020-05-29 16:45:00,TX,48,62338,1332,866179,33910,,40068,1626,0,,0,1752,,,,,928517,35242
cf7f87b4be4bbc0974bad848b3d6c261bc556435,2020-05-30,2020-05-30 15:00:00,UT,49,9533,269,200572,3981,,5995,112,5,763,10,139,,241,,102,210105,4250
34beac91ca9cd6161dd1776658f09f8dd12840ae,2020-05-30,2020-05-29 17:00:00,VA,51,43611,1078,261901,6057,481,5745,1370,12,7216,44,1471,372,,194,,305512,7135
97a2e90498cb26966263349017a5d81798690ff9,2020-05-30,2020-05-29 16:58:00,VI,78,69,0,1633,0,19,61,6,0,,0,,,,,,1702,0
2c474d43e45083938131d184b35b4299282cf272,2020-05-30,2020-05-30 00:00:00,VT,50,977,2,31690,780,,865,55,0,,0,17,,,,,32667,782
2ea8e38130e99ec9fc8e386bc8be883c78bf2804,2020-05-30,2020-05-30 02:59:00,WA,53,22273,114,352915,3225,,,1111,5,3455,42,319,,,88,,375188,3339
099686f36a13b70a7c551fb67aceab4af65821bd,2020-05-30,2020-05-30 16:00:00,WI,55,18230,523,242908,9320,208,11338,588,20,2563,64,617,144,577,,,261138,9843
8a342b88a3fbc9623b565dba552bf5b573010b42,2020-05-30,2020-05-30 10:00:00,WV,54,1974,23,93916,2490,,1290,75,1,,0,33,14,,8,,95890,2513
468deaf7d0f728b60352605c2d5e6dc9894a2f6e,2020-05-30,2020-05-30 00:00:00,WY,56,898,7,23185,807,,658,16,1,85,1,13,,,,,24083,814
e86603b0b1921be66a689db21b1b341a88fbafaf,2020-05-29,2020-05-29 00:00:00,AK,02,430,5,49009,1464,,367,10,0,,0,14,,,1,,49439,1469
0b0245b0d85fb7d4fce02e30891a873b19b1a824,2020-05-29,2020-05-29 00:00:00,AL,01,16823,513,192060,7889,,9355,605,15,1800,35,,,577,,344,208883,8402
b95b3cb32081d2bdbb02d5caf843f1b797f84fba,2020-05-29,2020-05-28 19:50:00,AR,05,6538,0,113230,866,,4583,125,5,667,27,104,,,27,119,119768,866
a1bdfff414ae5f3d9776346a25a371d09496656d,2020-05-29,2020-05-29 00:00:00,AS,60,0,0,174,0,,,0,0,,0,,,,,,174,0
73a4f3571f80e9c2f5fd72e7767a0717898a2184,2020-05-29,2020-05-29 00:00:00,AZ,04,18465,702,191348,6197,,4551,885,28,2911,63,931,378,,238,,209813,6899
e563d051f900f6ba6bb669e00391ae0abecf82e9,2020-05-29,2020-05-29 00:00:00,CA,06,103886,2189,1731592,42730,,,4068,95,,0,4414,1328,,,,1835478,44919
4c6a3fcab28b329c7a7a3f0c68840aed299490f6,2020-05-29,2020-05-29 00:00:00,CO,08,25121,354,143838,5482,,3838,1421,29,4254,58,464,,,,,168959,5836
eedf9d439f19c6b0c03720f453831e6bf49626e8,2020-05-29,2020-05-28 20:30:00,CT,09,41762,203,199631,5665,,7127,3868,42,12538,0,577,,,,,241393,5868
c0e121ae193c2cad539f14d5ff9111857458ffe6,2020-05-29,2020-05-28 00:00:00,DC,11,8538,46,35320,298,,1089,460,7,,0,338,114,,65,,43858,344
8ec32195e75a9bf86a685685ad3f4aa88fd0b51d,2020-05-29,2020-05-28 18:00:00,DE,10,9236,65,48297,667,,5103,356,11,,0,183,,,,,57533,732
578c0483855f357585c29c997371e9bc3b308cc5,2020-05-29,2020-05-29 11:00:00,FL,12,54497,1212,928742,30411,1308,,2495,49,10243,187,,,,,,983239,31623
fae6e52e8e65d980ef1b072340597d39154bc818,2020-05-29,2020-05-29 13:00:00,GA,13,45670,600,404601,5025,,,1974,12,7852,85,889,,1780,,,450271,5625
29175f21f397502dc93ee4bc282ef9703e7d6da6,2020-05-29,2020-05-29 05:45:00,GU,66,172,0,5923,133,,144,5,0,,0,,,,,,6095,133
7f497af12e50db83bc7caac90f9b1284602acd65,2020-05-29,2020-05-28 00:00:00,HI,15,647,3,52177,982,,604,17,0,83,0,,,,,,52824,985
3f72fe612d5045858d98a9dba3d4756ea3f8e503,2020-05-29,2020-05-29 00:00:00,IA,19,18926,353,128394,4034,,10753,522,18,,0,376,117,,78,,147320,4387
954b076a11a45f4d217224e695007a87660888a2,2020-05-29,2020-05-28 19:00:00,ID,16,2769,38,41992,848,,2195,82,0,238,4,,,96,,,44761,886
39f60d7d4e0cccc99b28f676982ddde914544409,2020-05-29,2020-05-29 00:59:00,IL,17,117455,1622,734307,20174,,,5270,84,,0,3599,980,,593,,851762,21796
05ae6b67131febfffcd7d5237575ee537d9a2d0c,2020-05-29,2020-05-28 23:59:00,IN,18,33558,490,215155,5936,,,2110,42,5285,0,1149,412,1166,161,,248713,6426
d6301d231c349c79e5c033ca4d01dc1e27a14217,2020-05-29,2020-05-29 10:00:00,KS,20,9719,382,85230,10079,,547,208,3,842,20,,,284,,124,94949,10461
82ab198c80df4d0a696d18d0c77311a554aee7d9,2020-05-29,2020-05-28 17:00:00,KY,21,9184,107,212090,39066,,3181,409,9,2180,38,494,88,937,,,221274,39173
8da9aed90b4cc34ce5908de254291aa7109602ae,2020-05-29,2020-05-29 13:00:00,LA,22,38802,0,316225,0,,28700,2766,26,,0,714,,,90,,355027,0
c54e7f5c3f3889d4b5d3d40efe17b889244f6103,2020-05-29,2020-05-29 16:00:00,MA,25,95512,617,476233,8805,,,6718,78,9725,107,1991,485,,,,571745,9422
46acabf389afa5d6d22bee0b41d408fd293c5f37,2020-05-29,2020-05-29 10:00:00,MD,24,50988,1279,233530,8381,,3571,2538,37,8479,87,1296,507,,,,284518,9660
516905fe2634fffb4b5916492dd2d7f4721476dc,2020-05-29,2020-05-28 23:59:00,ME,23,2226,37,43480,0,,1458,85,1,270,6,53,18,,12,,45706,37
82d1e2a52196c3122940a4870056c4243b2b434e,2020-05-29,2020-05-29 00:00:00,MI,26,56621,607,464986,16542,,33168,5406,34,,0,774,371,,250,,521607,17149
9b4794f585e9225f012be64e8e23b4c877f6ee75,2020-05-29,2020-05-28 17:00:00,MN,27,23531,584,210342,8081,,16930,1006,29,2936,56,592,259,938,,,233873,8665
f0345e3968713a1f00e1fe8723ca2484bd797bcf,2020-05-29,2020-05-29 00:00:00,MO,29,12795,122,165055,6661,,,738,31,,0,650,,,85,,177850,6783
62c3e5037ce31f6b6c15c2eb4353a018f0d72c8b,2020-05-29,2020-05-29 00:00:00,MP,69,22,0,5662,261,,13,2,0,,0,,,,,,5684,261
7b49bcea6b8b5450d6daa078bbbdee1cbb562b7a,2020-05-29,2020-05-28 19:00:00,MS,28,14790,418,151518,9393,,9401,710,17,2208,61,584,121,,77,,166308,9811
8a10317f81074202df87a2fea2bc51ad977ba278,2020-05-29,2020-05-29 00:00:00,MT,30,493,8,38036,1728,,448,17,0,67,1,2,,,,,38529,1736
cf2c1042787f9152c8c97a5b5de99fef241e96f6,2020-05-29,2020-05-29 10:55:00,NC,37,26488,1076,364743,14963,,14954,859,32,,0,680,,,,,391231,16039
144d57a6f33ecd3895d806859bae15c1eb8f1c9e,2020-05-29,2020-05-29 00:00:00,ND,38,2520,39,66933,1160,,1882,59,2,164,3,36,,,,,69453,1199
4ef8ee670f50ccc22bb709ae771f6146ec243dd1,2020-05-29,2020-05-28 19:45:00,NE,31,13261,285,81542,1538,,,164,1,,0,,,,,,94803,1823
463e5efdd512037a179bb1e946f89991beb22543,2020-05-29,2020-05-28 09:00:00,NH,33,4386,100,62476,1166,891,2730,232,9,438,12,110,,120,,,66862,1266
9f11dced0a0a42e6db1bfcfe076e4e7426fd9c73,2020-05-29,2020-05-29 13:00:00,NJ,34,158844,1029,557567,29525,,26084,11531,130,16960,182,2707,720,,544,,716411,30554
aaec99fb7aebcdf3bb8b582b77a46c9d3b8c6785,2020-05-29,2020-05-28 19:30:00,NM,35,7364,112,176180,3889,,2684,335,6,1317,35,196,,,,,183544,4001
3b36d30278b52edbfd2e5743686150f91c0da842,2020-05-29,2020-05-29 12:30:00,NV,32,8350,142,126066,3084,,428,410,4,,0,371,92,,42,,134416,3226
cdb4aa9d2e2049ae03a8d7c24fe1c629b2666a75,2020-05-29,2020-05-29 00:00:00,NY,36,368284,1551,1575846,65790,,65289,23780,58,89194,152,3781,1164,,889,,1944130,67341
6fe8451255f57946fd9eac776f1e75e840968e4f,2020-05-29,2020-05-29 14:00:00,OH,39,34566,651,335324,9227,,,2131,33,5947,136,833,326,1533,222,,369890,9878
47ad9981830b0024f97e25bb9561d230cc9cee9e,2020-05-29,2020-05-29 00:00:00,OK,40,6338,68,181060,4924,,5340,329,3,982,7,160,68,,,,187398,4992
dfe6c5f952378fa31f1c6ddad6135b7867276823,2020-05-29,2020-05-29 03:01:00,OR,41,4131,45,118550,2989,,1981,151,0,771,3,155,36,,21,,122681,3034
ac505c3e753fd38d284489199280e1e5920711fe,2020-05-29,2020-05-29 00:00:00,PA,42,71339,1297,366970,9166,,46370,5464,91,,0,1445,,,313,,438309,10463
d80710271c7b8b9a04a7fb1f63a6d62f56773629,2020-05-29,2020-05-29 05:51:00,PR,72,3647,161,,0,,,132,1,,0,101,12,,5,,3647,161
8b8f39859c18a2d4499f49191c78cf6c4dea8b6a,2020-05-29,2020-05-29 12:00:00,RI,44,14635,141,131720,5849,,1206,693,16,1660,21,219,47,,33,,146355,5990
c2849a935cae7f39c5aa2a4842e1a0ceb815cdc8,2020-05-29,2020-05-29 15:30:00,SC,45,11131,343,177126,5665,,6459,483,13,1634,16,399,,,,,188257,6008
2157d353f68f4b9e2ce7dbcf7016a822db731790,2020-05-29,2020-05-28 18:00:00,SD,46,4866,73,35816,1583,,3744,59,5,418,12,95,,,,,40682,1656
0975077a57461fc18105d6951a76532b2ccd730c,2020-05-29,2020-05-29 15:00:00,TN,47,22085,406,399882,5572,,14965,360,4,1710,21,,,,,,421967,5978
f4a3bd1787a24318c8fdd03a473c4f60edaf587a,2020-05-29,2020-05-28 16:30:00,TX,48,61006,1230,832269,18827,,40068,1626,25,,0,1701,,,,,893275,20057
df2064fed8202169bea40e37b082d6fb337afc53,2020-05-29,2020-05-29 10:19:00,UT,49,9264,343,196591,2005,,5813,107,1,753,19,135,,237,,102,205855,2348
75c36d24b3b34c1c88947f8a5e490bd65de0a0c3,2020-05-29,2020-05-29 17:00:00,VA,51,42533,1132,255844,9964,525,5648,1358,20,7172,198,1524,373,,193,,298377,11096
af1e5af58d8ed57f9d86b6e02d587b515c3747e7,2020-05-29,2020-05-29 16:58:00,VI,78,69,0,1633,16,19,61,6,0,,0,,,,,,1702,16
7c6ab8cddfe2c26667021da274587f3f782baf06,2020-05-29,2020-05-29 10:21:00,VT,50,975,1,30910,732,,859,55,0,,0,14,,,,,31885,733
789a0bb57029ff89d94dd905baf945a9e01a2bf0,2020-05-29,2020-05-29 02:59:00,WA,53,22159,207,349690,6078,,,1106,11,3413,19,317,,,85,,371849,6285
f4724b1a7426d86aebf364974915bd30a69d1153,2020-05-29,2020-05-29 00:00:00,WI,55,17707,733,233588,12869,235,10880,568,18,2499,47,658,145,567,,,251295,13602
32d68ec2c6196d5f50bdd85cc247ff4eb7530db2,2020-05-29,2020-05-29 10:00:00,WV,54,1951,45,91426,3017,,1241,74,0,,0,33,14,,8,,93377,3062
c3a9cc503b4dcbe8e9ace09e8dc6bbb0f014c0f8,2020-05-29,2020-05-28 00:00:00,WY,56,891,17,22378,92,,634,15,0,84,2,13,,,,,23269,109
0b452d4b06ec97ef9b05c0a08a7cf6e86bd10299,2020-05-28,2020-05-28 00:00:00,AK,02,425,13,47545,1594,,366,10,0,,0,10,,,,,47970,1607
2fa0a0eeb4031db53afca44ead4beb9d71a1244d,2020-05-28,2020-05-28 00:00:00,AL,01,16310,467,184171,4220,,9355,590,9,1765,46,,,566,,338,200481,4687
b438460abfe6a8a05c5029f49b985ccbf0ca7061,2020-05-28,2020-05-27 19:30:00,AR,05,6538,261,112364,3045,,4583,120,0,640,13,104,,,27,118,118902,3306
593cbad85bd07ac3e39999634626739f11438ac1,2020-05-28,2020-05-27 00:00:00,AS,60,0,0,174,0,,,0,0,,0,,,,,,174,0
c51ec45ecd5a03739295f1a37edb330f2d8a63a0,2020-05-28,2020-05-28 00:00:00,AZ,04,17763,501,185151,6147,,4452,857,26,2848,817,945,374,,222,,202914,6648
93b4f9ac04631c48691704f793d9f5287fd1a197,2020-05-28,2020-05-28 00:00:00,CA,06,101697,2717,1688862,50948,,,3973,89,,0,4529,1325,,,,1790559,53665
d73e7d5a80c01296cd8e7c58783ee27dd16a2a54,2020-05-28,2020-05-28 00:00:00,CO,08,24767,202,138356,3501,,3783,1392,40,4196,36,464,,,,,163123,3703
d0f85e387da72c7ae3a91c771e43896793ae89f7,2020-05-28,2020-05-27 20:30:00,CT,09,41559,256,193966,9907,,7127,3826,57,12538,0,648,,,,,235525,10163
dbbb454992c842f3c3c2c774daee44d1c572c9c2,2020-05-28,2020-05-27 00:00:00,DC,11,8492,86,35022,731,,1082,453,8,,0,343,108,,65,,43514,817
6915e6441df1a001c205c803130bd08f6b6a7b26,2020-05-28,2020-05-27 18:00:00,DE,10,9171,75,47630,1305,,5010,345,1,,0,192,,,,,56801,1380
4e62f36501309c0f3e68be3ed47080002921f940,2020-05-28,2020-05-28 11:06:00,FL,12,53285,651,898331,17394,1158,,2446,46,10056,157,,,,,,951616,18045
70bc4f0cd08caad48119fe982bd441295c7cce4d,2020-05-28,2020-05-28 13:00:00,GA,13,45070,649,399576,3241,,,1962,55,7767,101,903,,1761,,,444646,3890
d6fcae9647c0879be1fc3ebe3e5de6824d27a46e,2020-05-28,2020-05-28 07:45:00,GU,66,172,2,5790,275,,143,5,0,,0,,,,,,5962,277
7225dbebf262f6bd04a730145b6fb9abdb8532fb,2020-05-28,2020-05-27 18:00:00,HI,15,644,1,51195,636,,600,17,0,83,0,,,,,,51839,637
83df553032c36d90a3ced41e75ac500745cbfe36,2020-05-28,2020-05-28 00:00:00,IA,19,18573,213,124360,3194,,10359,504,13,,0,383,112,,67,,142933,3407
10cad4d9fbd87e788c3d8df8784dd33316b0cf57,2020-05-28,2020-05-27 19:00:00,ID,16,2731,32,41144,826,,2185,82,1,234,3,,,95,,,43875,858
b0389c5079dec813f17f8c0124d6b17eb132856e,2020-05-28,2020-05-28 00:00:00,IL,17,115833,1527,714133,24466,,,5186,103,,0,3649,1009,,576,,829966,25993
211fec1c4c903b02776bfec022ddee496d1c5f86,2020-05-28,2020-05-27 23:59:00,IN,18,33068,631,209219,6323,,,2068,38,5285,0,1131,411,1166,178,,242287,6954
86209a4cc1118bdbf512977d9c2cf30e4567a6c3,2020-05-28,2020-05-27 10:00:00,KS,20,9337,0,75151,0,,534,205,0,822,0,,,275,,122,84488,0
d67c1ac9319f21e9716d1d2e719186ae8e2a9d4d,2020-05-28,2020-05-27 17:00:00,KY,21,9077,0,173024,0,,3124,400,0,2142,6,512,82,899,,,182101,0
d9430a480585b7899b61e68d20561df1b7c9cad3,2020-05-28,2020-05-28 13:00:00,LA,22,38802,305,316225,7075,,28700,2740,18,,0,761,,,100,,355027,7380
88fd7738b1ea7389a30f4b4a8cbca881179aa242,2020-05-28,2020-05-28 10:00:00,MA,25,94895,675,467428,9504,,,6640,93,9618,126,2112,529,,,,562323,10179
e31149bf9646947e903697f29387c162e82338f8,2020-05-28,2020-05-28 10:00:00,MD,24,49709,1286,225149,11517,,3468,2501,43,8392,111,1334,511,,,,274858,12803
4c9dc6534dedf8e24c0582da7b9799d79cf7a18a,2020-05-28,2020-05-27 23:59:00,ME,23,2189,52,43480,0,,1402,84,3,264,4,58,22,,14,,45669,52
82f34c0720510ac0c6fff51b2de041530bc88f69,2020-05-28,2020-05-28 11:00:00,MI,26,56014,406,448444,9800,,33168,5372,38,,0,860,405,,251,,504458,10206
ca033fb12d782f900b4e01db3f8d75975c198511,2020-05-28,2020-05-27 17:00:00,MN,27,22947,483,202261,8193,,16655,977,35,2880,84,606,242,924,,,225208,8676
2af1f33850a97d9a4c4ea22bece37bf842917aec,2020-05-28,2020-05-28 15:00:00,MO,29,12673,181,158394,5365,,,707,11,,0,648,,,88,,171067,5546
83b1f2b0ea58499247b32d0ae00c95704f711599,2020-05-28,2020-05-28 00:00:00,MP,69,22,0,5401,223,,13,2,0,,0,,,,,,5423,223
c8051f8c111a48513ddd16ad9caf665fa0555954,2020-05-28,2020-05-27 19:00:00,MS,28,14372,328,142125,8037,,9401,693,23,2147,41,594,148,,78,,156497,8365
ab38996fc9c4e04d4d59e886b4e68310e729c4e0,2020-05-28,2020-05-28 00:00:00,MT,30,485,4,36308,1146,,445,17,0,66,0,1,,,,,36793,1150
ae8d8c3b9c71ed4b80ff650d54fdafc07da1ed40,2020-05-28,2020-05-28 10:30:00,NC,37,25412,784,349780,10252,,14954,827,33,,0,708,,,,,375192,11036
5177fc098aa66d5b049912450132aa0e2b30eae2,2020-05-28,2020-05-28 00:00:00,ND,38,2481,42,65773,872,,1793,57,1,161,0,35,,,,,68254,914
a3a58281f4c9ff1d5be01b4221f101e1e9f13b8b,2020-05-28,2020-05-26 19:45:00,NE,31,12976,357,80004,2202,,,163,10,,0,,,,,,92980,2559
c2c28c7ea82b94c41c2053255055dce4fa9c2ccf,2020-05-28,2020-05-27 09:00:00,NH,33,4286,55,61310,1309,,2691,223,9,426,5,105,,120,,,65596,1364
7c08a71e1129a34e2b13ab045012a0014b804430,2020-05-28,2020-05-28 13:00:00,NJ,34,157815,1187,528042,24345,,25804,11401,62,16778,181,2797,740,,564,,685857,25532
063635ac70c5c0870f07eedb324b1c65f3d83a7c,2020-05-28,2020-05-27 18:19:00,NM,35,7252,122,172291,-1225,,2638,329,4,1282,0,210,,,,,179543,-1103
683b9c7a7573807e5a5ffaed319a2edb22284cf0,2020-05-28,2020-05-28 12:30:00,NV,32,8208,95,122982,2536,,406,406,10,,0,439,123,,55,,131190,2631
6233ac406365a21bcb6117ff90d0927e2a78d0da,2020-05-28,2020-05-28 00:00:00,NY,36,366733,1768,1510056,63477,,64954,23722,79,89042,176,4010,1219,,931,,1876789,65245
209e1e5bff36af5588dd2e6a1465c02bd95528f0,2020-05-28,2020-05-28 14:00:00,OH,39,33915,476,326097,9811,,,2098,54,5811,111,812,285,1516,190,,360012,10287
78e03ae4781e19005c584c90a0307fc4022d117f,2020-05-28,2020-05-28 00:00:00,OK,40,6270,41,176136,3727,,5236,326,4,975,34,181,80,,,,182406,3768
23173e108880546b2f9040bcca955e8cfb0fdb84,2020-05-28,2020-05-28 03:01:00,OR,41,4086,48,115561,2607,,1981,151,3,768,9,149,32,,17,,119647,2655
5e7c2c9cca3b82aee97a6b59b86bb7308610f29b,2020-05-28,2020-05-28 00:00:00,PA,42,70042,625,357804,7814,,44826,5373,108,,0,1476,,,321,,427846,8439
374cadeef25cb05c23a605496664316afc626e66,2020-05-28,2020-05-28 06:30:00,PR,72,3486,89,,0,,,131,2,,0,120,12,,5,,3486,89
9a894216b980e0921db84037c1543950fdc0d913,2020-05-28,2020-05-28 12:00:00,RI,44,14494,141,125871,1841,,1186,677,22,1639,15,222,53,,36,,140365,1982
3fa20c6d4585507a357c9f62e5fecd0d691abf3a,2020-05-28,2020-05-27 16:00:00,SC,45,10788,165,171461,6401,,6102,470,4,1618,0,397,,,,,182249,6566
5d24b8a4d7d8d47534bae58f60c6ac5abc32775a,2020-05-28,2020-05-27 18:00:00,SD,46,4793,83,34233,937,,3698,54,0,406,15,105,,,,,39026,1020
473311987b9a2687ec36fe042413f7b92daf4b8d,2020-05-28,2020-05-28 15:00:00,TN,47,21679,373,394310,5986,,14632,356,3,1689,42,,,,,,415989,6359
edb756bbe55a23ca8a16e7b38c877a694c71cd42,2020-05-28,2020-05-28 16:30:00,TX,48,59776,1855,813442,15689,,38905,1601,39,,0,1692,,,,,873218,17544
91ba566f091321ca0f34d205de96ea1e9d78980d,2020-05-28,2020-05-28 10:04:00,UT,49,8921,215,194586,2666,,5623,106,1,734,18,169,,231,,98,203507,2881
8bfe4f3c8653472be12dc4bed90837ff99782140,2020-05-28,2020-05-27 17:00:00,VA,51,41401,1152,245880,9082,476,5472,1338,57,6974,148,1502,416,,195,,287281,10234
24d056191eba72cb9f44651f8aebe8d98345b7cf,2020-05-28,2020-05-28 08:14:00,VI,78,69,0,1617,175,22,61,6,0,,0,,,,,,1686,175
f39e012bb67c2fde037240724cc9a601d4b1682c,2020-05-28,2020-05-27 05:00:00,VT,50,974,3,30178,150,,855,55,1,,0,17,,,,,31152,153
12f4cd436922c5f901edcf6404e10f94cc1d587a,2020-05-28,2020-05-27 02:59:00,WA,53,21952,194,343612,6067,,,1095,17,3394,56,325,,,94,,365564,6261
3ec82e8e1efb6bab384cee4d351ec9013b442523,2020-05-28,2020-05-28 00:00:00,WI,55,16974,512,220719,10114,250,10384,550,11,2452,41,659,138,556,,,237693,10626
6098d42b0109958247239561f3f553a1215a6971,2020-05-28,2020-05-28 10:00:00,WV,54,1906,39,88409,1815,,1211,74,0,,0,35,13,,6,,90315,1854
27f76028375ccc4b12462de820c7f6fbbe770af3,2020-05-28,2020-05-28 00:00:00,WY,56,874,24,22286,1634,,624,15,2,82,0,15,,,,,23160,1658
091cb28efe7250f78ccd5cd7cf8e9787994e8bdb,2020-05-27,2020-05-27 00:00:00,AK,02,412,1,45951,1398,,364,10,0,,0,14,,,,,46363,1399
1b02304ad1a92e4cc27060732aae4f77af13d504,2020-05-27,2020-05-27 00:00:00,AL,01,15843,447,179951,1588,,7951,581,6,1719,48,,,560,,334,195794,2035
6dc444064a224e9109cf65895b71c5e18a82dfe1,2020-05-27,2020-05-27 00:00:00,AR,05,6277,97,109319,3726,,4424,120,1,627,10,108,,,22,116,115596,3823
8fcdc82cbdd97d2ec23d3f56e416c5685a947062,2020-05-27,2020-05-27 00:00:00,AS,60,0,0,174,50,,,0,0,,0,,,,,,174,50
894e69524aefc2edd5da2c2ca6945ec57a7d16ed,2020-05-27,2020-05-27 00:00:00,AZ,04,17262,479,179004,5056,,4361,831,24,2031,43,911,375,,237,,196266,5535
01291185766d0beb8609f43eb2d1176b59335159,2020-05-27,2020-05-27 00:00:00,CA,06,98980,2247,1637914,38251,,,3884,70,,0,4544,1407,,,,1736894,40498
b52c9a5c81ee6bef2cb2e04abf7fbdff9fb9fa65,2020-05-27,2020-05-26 00:00:00,CO,08,24565,296,134855,3113,,3741,1352,19,4160,32,484,,,,,159420,3409
85de08d75668e845d45239abaaca3ae8fa13f0fc,2020-05-27,2020-05-25 20:30:00,CT,09,41303,0,184059,0,,7127,3769,0,12538,0,694,,,,,225362,0
fdbce9e2a2df8324f5896993c936689edaf7264c,2020-05-27,2020-05-26 00:00:00,DC,11,8406,72,34291,570,,1082,445,5,,0,349,113,,76,,42697,642
a0cfa920e051784ad95316a268841dfc115e919d,2020-05-27,2020-05-26 18:00:00,DE,10,9096,30,46325,477,,4909,344,9,,0,196,,,,,55421,507
a2a6b3942387ef95e9a659aef1d8cbb81956fe75,2020-05-27,2020-05-27 10:13:00,FL,12,52634,379,880937,9968,955,,2400,62,9899,159,,,,,,933571,10347
d6e3d6051242f965b4539516c072f0b62de89035,2020-05-27,2020-05-27 13:24:00,GA,13,44421,691,396335,-74880,,,1907,36,7666,119,907,,1735,,,440756,-74189
f4ddb5dfac52e9002d76ef335d3dde6bad58b433,2020-05-27,2020-05-27 08:15:00,GU,66,170,1,5515,0,,143,5,0,,0,1,,,,,5685,1
142717b456032f4581a168f95177c857f353b12f,2020-05-27,2020-05-26 00:00:00,HI,15,643,0,50559,831,,593,17,0,83,-1,,,,,,51202,831
1cfecff9ab7a4e1c975273162e8698ed0e2ccc08,2020-05-27,2020-05-27 00:00:00,IA,19,18360,657,121166,3865,,10016,491,13,,0,393,109,,66,,139526,4522
bba1473b6e608d767c2818f77786602bd1ac8a5b,2020-05-27,2020-05-26 19:00:00,ID,16,2699,73,40318,1538,,2100,81,2,231,6,,,95,,,43017,1611
1a610ffcd297929e920d046bffd4306f090a103f,2020-05-27,2020-05-27 00:00:00,IL,17,114306,1111,689667,16068,,,5083,160,,0,3826,1031,,592,,803973,17179
580ce126eb9e61f0e7d1bc9cae7152cb6cbbdd0d,2020-05-27,2020-05-26 23:59:00,IN,18,32437,359,202896,4225,,,2030,26,5285,0,1122,400,1166,182,,235333,4584
b168463480d71e40f4eeeb3588baef77be3ea414,2020-05-27,2020-05-27 10:00:00,KS,20,9337,119,75151,2970,,534,205,17,822,22,,,275,,122,84488,3089
8cc99e714355e3acb23bcab838e2505b6bd19407,2020-05-27,2020-05-27 17:00:00,KY,21,9077,506,173024,11739,,3124,400,9,2136,5,489,78,897,,,182101,12245
c95f3646243f19db70de9bdc4fe1433f6ead0b71,2020-05-27,2020-05-27 13:00:00,LA,22,38497,443,309150,6178,,28700,2722,21,,0,798,,,100,,347647,6621
5e69d851d29ff22ff5e51c09d8ab8312d019b4b1,2020-05-27,2020-05-27 10:00:00,MA,25,94220,527,457924,6136,,,6547,74,9492,104,2106,556,,,,552144,6663
7e4ca99b6ad06ad7734fb14f19717f41ccac57f2,2020-05-27,2020-05-27 10:00:00,MD,24,48423,736,213632,6832,,3401,2458,41,8281,102,1338,520,,,,262055,7568
7786c5dcca39f18e2a5c52f8f7e710e7b838a74a,2020-05-27,2020-05-26 23:59:00,ME,23,2137,28,43480,8030,,1357,81,2,260,2,59,25,,14,,45617,8058
b9c77736922d9eaa1fb6a8e6b8a4d9405cde755a,2020-05-27,2020-05-27 11:00:00,MI,26,55608,504,438644,9469,,33168,5334,68,,0,882,388,,272,,494252,9973
8c99107f133b69dacda9350c16e8908dcb26f477,2020-05-27,2020-05-26 17:00:00,MN,27,22464,504,194068,6130,,16314,942,34,2796,87,598,260,902,,,216532,6634
ce9b4f898dfe209ef538426ca60d64a39ffe5f67,2020-05-27,2020-05-27 15:00:00,MO,29,12492,201,153029,5022,,,696,10,,0,644,,,84,,165521,5223
ee57cd8b54a694e1eade7a37caa2593edda83f4c,2020-05-27,2020-05-27 00:00:00,MP,69,22,0,5178,260,,13,2,0,,0,,,,,,5200,260
cf90ee29f1b08658fe7c7f0c59201336effb8cdc,2020-05-27,2020-05-26 19:00:00,MS,28,14044,313,134088,0,,9401,670,18,2106,36,547,127,,73,,148132,313
712e5b18285230b34ea4061d3584498cd333c250,2020-05-27,2020-05-27 00:00:00,MT,30,481,2,35162,1807,,444,17,0,66,1,2,,,,,35643,1809
3ecdbe04452639c000352eefd9ba41b8f03f5b7b,2020-05-27,2020-05-27 11:00:00,NC,37,24628,488,339528,11337,,14954,794,28,,0,702,,,,,364156,11825
9fac4259c55bf8643ca1f59996bfdfd8743aefa3,2020-05-27,2020-05-27 00:00:00,ND,38,2439,17,64901,469,,1762,56,2,161,5,40,,,,,67340,486
ecd9dafdcd65d166967181500ee0801abf887230,2020-05-27,2020-05-26 19:00:00,NE,31,12619,264,77802,2115,,,153,3,,0,,,,,,90421,2379
9d29358e227e3823c9069e63ddf9e1222de101df,2020-05-27,2020-05-26 09:00:00,NH,33,4231,34,60001,1159,1370,2550,214,4,421,1,91,,120,,,64232,1193
e3217dbf579e1840bbb18d8031ff3aa6d23a812d,2020-05-27,2020-05-27 13:00:00,NJ,34,156628,864,503697,23569,,25552,11339,148,16597,224,2761,768,,583,,660325,24433
e8dff286148e4d90404846e8e935cf51606c292e,2020-05-27,2020-05-27 00:32:00,NM,35,7130,104,173516,3181,,2564,325,5,1282,18,211,,,,,180646,3285
d4f62b60600f0a68c5dcb314c720407ca270dfb4,2020-05-27,2020-05-27 11:00:00,NV,32,8113,116,120446,5076,,401,396,0,,0,435,108,,48,,128559,5192
841465a10197a473d052189989679d2c306963c7,2020-05-27,2020-05-27 00:00:00,NY,36,364965,1129,1446579,36287,,64632,23643,79,88866,180,4208,1261,,988,,1811544,37416
60cc73daaab1035efc1d3b99d78e4600f9ca2487,2020-05-27,2020-05-27 14:00:00,OH,39,33439,433,316286,9892,,,2044,42,5700,121,885,313,1492,217,,349725,10325
b7fbd5902f40b4b2e146257ce5a1e70c56591967,2020-05-27,2020-05-27 00:00:00,OK,40,6229,92,172409,18605,,5135,322,4,941,0,156,74,,,,178638,18697
f411d400d13977c5eb441896b4e7954f1a3406da,2020-05-27,2020-05-27 03:01:00,OR,41,4038,71,112954,1383,,1795,148,0,759,7,146,35,,16,,116992,1454
07e79ce24249617880bf18c02abcf9a85dc34361,2020-05-27,2020-05-27 00:00:00,PA,42,69417,780,349990,10155,,43038,5265,113,,0,1493,,,351,,419407,10935
30c568a2471eea534935362e59ec37d5622da57b,2020-05-27,2020-05-27 06:30:00,PR,72,3397,73,,0,,,129,0,,0,105,8,,4,,3397,73
63e3f9ef771856131ec345605d43cb76ed725684,2020-05-27,2020-05-27 00:00:00,RI,44,14353,143,124030,2877,,1175,655,21,1624,11,218,49,,35,,138383,3020
c930f6ac1f7fbc971bb9317434c7a39075538ff4,2020-05-27,2020-05-26 16:02:00,SC,45,10623,207,165060,2742,,6102,466,20,1618,0,398,,,,,175683,2949
5d753815f5e6de34c0714f1892c6bf744c81ad3a,2020-05-27,2020-05-26 18:00:00,SD,46,4710,57,33296,911,,3619,54,4,391,13,101,,,,,38006,968
727750618679f2d6b2baa85f32e1971ac8be378c,2020-05-27,2020-05-27 15:00:00,TN,47,21306,341,388324,5785,,13916,353,10,1647,38,,,,,,409630,6126
56989bc460489f78b115c21a23e3ebdb970f6a37,2020-05-27,2020-05-27 16:40:00,TX,48,57921,1361,797753,33080,,37626,1562,26,,0,1645,,,,,855674,34441
edb40f2ad05472525fb0576b0905c8b5be3f1962,2020-05-27,2020-05-27 11:04:00,UT,49,8706,86,191920,1948,,5499,105,4,716,20,127,,223,,94,200626,2034
0111e4da7dbe3d717242dad5089c87ede94cf3b5,2020-05-27,2020-05-26 17:00:00,VA,51,40249,907,236798,8959,444,5367,1281,45,6826,196,1459,390,,203,,277047,9866
83bb82d8034c587f7eade83b047f0943b120b13a,2020-05-27,2020-05-26 11:12:00,VI,78,69,0,1442,17,28,61,6,0,,0,,,,,,1511,17
69e7dfcb5dbfeff7a47cd834ab2582b72990b1a0,2020-05-27,2020-05-27 00:00:00,VT,50,971,4,30028,572,,849,54,0,,0,21,,,,,30999,576
a1f34fb1326aedd17ec0793178bd92192ab65efc,2020-05-27,2020-05-26 02:59:00,WA,53,21758,236,337545,6455,,,1078,8,3338,48,241,,,53,,359303,6691
630e6ebb1df1f939612f8aca2e3d5653515c27fb,2020-05-27,2020-05-27 16:00:00,WI,55,16462,599,210605,9731,335,9846,539,22,2411,49,748,139,550,,,227067,10330
e14b603950db4b1d4fa1e96980fb1e3a793073d2,2020-05-27,2020-05-27 10:00:00,WV,54,1867,13,86594,637,,1191,74,0,,0,36,13,,6,,88461,650
caa8a42949d89767964ebfd5674c0183e36fe97d,2020-05-27,2020-05-27 00:00:00,WY,56,850,0,20652,0,,607,13,0,82,0,12,,,,,21502,0
cd037ad0758887515b9ca9563ab2fed235ed763a,2020-05-26,2020-05-26 00:00:00,AK,02,411,2,44553,490,,362,10,0,,0,12,,,,,44964,492
b16fba002cda32b7e6b09a747c82504365030393,2020-05-26,2020-05-26 00:00:00,AL,01,15396,666,178363,2778,,7951,575,13,1671,42,,,551,,327,193759,3444
91b1bde40e23b8ae5f4b5c292cae1af51ea844f4,2020-05-26,2020-05-26 15:29:00,AR,05,6180,151,105593,0,,4332,119,2,617,12,107,,,18,114,111773,151
7180e6f64c7ca3b869cbc5b60ed5fc46be64f458,2020-05-26,2020-05-19 00:00:00,AS,60,0,0,124,0,,,0,0,,0,,,,,,124,0
6700ddd690a426eac16b8c52d4ccb3d58227c478,2020-05-26,2020-05-25 00:00:00,AZ,04,16783,222,173948,2727,,4297,807,1,1988,27,818,336,,208,,190731,2949
a688bd118fa3d759f26acb0e796a01fe561a41ab,2020-05-26,2020-05-26 00:00:00,CA,06,96733,2175,1599663,50119,,,3814,19,,0,4404,1392,,,,1696396,52294
bd9098fcf64e430ee6baf5addae1a948204ee3e0,2020-05-26,2020-05-26 00:00:00,CO,08,24269,95,131742,5608,,3702,1333,1,4128,9,507,,,,,156011,5703
4533c28036d9157e27eaffc8858010f37e101010,2020-05-26,2020-05-25 20:30:00,CT,09,41303,430,184059,3206,,7127,3769,27,12538,0,694,,,,,225362,3636
b62feb6fbe3fadb1dd1660dcadb85bb6f7c9b510,2020-05-26,2020-05-25 00:00:00,DC,11,8334,109,33721,1143,,1080,440,0,,0,353,113,,76,,42055,1252
f7692d81f146dcdf7126febbe775ab21058aa4bd,2020-05-26,2020-05-25 18:00:00,DE,10,9066,101,45848,917,,4802,335,3,,0,201,,,,,54914,1018
d5f430d18c9e5e3df1df09a4823b7196024735d6,2020-05-26,2020-05-26 11:01:00,FL,12,52255,509,870969,14480,901,,2338,7,9740,59,,,,,,923224,14989
317b9b0a403fa35ad15e8b46d3d0204249606163,2020-05-26,2020-05-26 13:00:00,GA,13,43730,386,471215,1014,,,1871,41,7547,72,854,,1703,,,514945,1400
2a9a11a2427a206abc39f4efe034f6857a6ee8ba,2020-05-26,2020-05-26 06:30:00,GU,66,169,3,5515,112,,139,5,0,,0,,,,,,5684,115
57143e144189d2ccb98ca3e08078787018fc4c7c,2020-05-26,2020-05-25 18:00:00,HI,15,643,0,49728,0,,592,17,0,84,0,,,,,,50371,0
0279a3f379a454bbd5d08863ef64d85e786fdb12,2020-05-26,2020-05-26 00:00:00,IA,19,17703,126,117301,2163,,9791,478,19,,0,379,115,,65,,135004,2289
fb4ea8c0fa78e7ffffcbd57ca5ead0558d695a1e,2020-05-26,2020-05-23 19:00:00,ID,16,2626,0,38780,0,,1755,79,0,225,0,,,94,,,41406,0
a42d9565144ee5ae105b907f49b127dc6aef006a,2020-05-26,2020-05-26 00:00:00,IL,17,113195,1178,673599,16052,,,4923,39,,0,3788,1035,,590,,786794,17230
06e76942d9b25ccb018f3a7b51e06e1fe39d8198,2020-05-26,2020-05-26 14:40:00,IN,18,32078,363,198671,4135,,,2004,28,5285,0,1088,365,1166,163,,230749,4498
ab3878a4f59fd6c3da5e2abce2a711887c62dee2,2020-05-26,2020-05-25 10:00:00,KS,20,9218,0,72181,0,,493,188,0,800,0,,,271,,120,81399,0
5fa4e7e6da90da2ea51e564fc66eb5d98f4b4cb5,2020-05-26,2020-05-23 17:00:00,KY,21,8571,0,161285,0,,3102,391,0,2131,0,484,89,897,,,169856,0
3740e23aa694feb9f6c1d79457bb7214c9d17415,2020-05-26,2020-05-26 13:00:00,LA,22,38054,245,302972,9883,,28700,2701,11,,0,831,,,103,,341026,10128
c3ffea28b0ceef1d7e49b9ba11782c22a0082487,2020-05-26,2020-05-26 10:00:00,MA,25,93693,422,451788,4498,,,6473,57,9388,49,2108,560,,,,545481,4920
cdbc74b08052a47d5b3c4cf545401e9777ebd537,2020-05-26,2020-05-26 10:00:00,MD,24,47687,535,206800,4375,,3334,2417,38,8179,87,1315,520,,,,254487,4910
96656ac43173dc5e0d5e5f2a9fe516de7979101f,2020-05-26,2020-05-25 23:59:00,ME,23,2109,35,35450,0,,1318,79,1,258,1,60,26,,13,,37559,35
76238ca29009d4af0d896300df74b2466159d285,2020-05-26,2020-05-26 11:00:00,MI,26,55104,223,429175,11196,,33168,5266,26,,0,953,449,,319,,484279,11419
ea9442d0f6154503215ca5a29dd61b826e5039b6,2020-05-26,2020-05-25 17:00:00,MN,27,21960,645,187938,5194,,15523,908,18,2709,33,570,258,886,,,209898,5839
f03531a82e7f6d464c47b815ef2927c012e8b200,2020-05-26,2020-05-26 15:00:00,MO,29,12291,124,148007,2789,,,686,1,,0,500,,,82,,160298,2913
31e9db2e2d4f70f3bf4c448b435e60994a1492f8,2020-05-26,2020-05-26 00:00:00,MP,69,22,0,4918,183,,13,2,0,,0,,,,,,4940,183
1c5a94de970ae061e3143ce4fa90c9c76ea72389,2020-05-26,2020-05-25 19:00:00,MS,28,13731,273,134088,3629,,9401,652,17,2070,24,561,134,,81,,147819,3902
68cfb0d234b3c5934d756d6ffc9dbf69610d762c,2020-05-26,2020-05-26 00:00:00,MT,30,479,0,33355,152,,441,17,1,65,0,2,,,,,33834,152
6f1ce93237e2006c1fc774da50fd9394f2529f22,2020-05-26,2020-05-26 11:00:00,NC,37,24140,176,328191,7465,,14954,766,12,,0,621,,,,,352331,7641
6721ce364138142e946b07a037aac2e23c14a2a8,2020-05-26,2020-05-26 13:06:00,ND,38,2422,-35,64432,539,,1701,54,0,156,2,40,,,,,66854,504
736d227bed2d6fe5071d0a1977a023d416b87a16,2020-05-26,2020-05-25 19:00:00,NE,31,12355,221,75687,2089,,,150,0,,0,,,,,,88042,2310
5c3a26914c37277b626e7a1e2670108eacb8bee0,2020-05-26,2020-05-25 09:00:00,NH,33,4197,48,58842,1605,,2434,210,1,420,1,91,,120,,,63039,1653
09c0e3983986ae332e776b386da4a07f82eac085,2020-05-26,2020-05-26 13:00:00,NJ,34,155764,672,480128,11423,,25384,11191,47,16373,16373,2723,786,,578,,635892,12095
4728a81e7609f5355b2626fb4c2eb4ebdb0638cf,2020-05-26,2020-05-25 19:49:00,NM,35,7026,83,170335,3797,,2522,320,3,1264,21,216,,,,,177361,3880
470f851e9096537b032c90c8e09b26df05c2076b,2020-05-26,2020-05-26 12:00:00,NV,32,7997,118,115370,8518,,374,396,2,,0,390,91,,46,,123367,8636
55e08655c1b52fffb5484626ca7ba3154f9601c6,2020-05-26,2020-05-26 00:00:00,NY,36,363836,1072,1410292,33607,,64443,23564,76,88686,132,4265,1273,,1002,,1774128,34679
de65a3fa951574af76e5cd85c690208223d2401c,2020-05-26,2020-05-26 14:00:00,OH,39,33006,529,306394,8537,,,2002,15,5579,68,937,351,1450,232,,339400,9066
bc9e529c76badcc6a6bf232a132edafaf0739ede,2020-05-26,2020-05-26 00:00:00,OK,40,6137,47,153804,-1139,,4823,318,5,941,3,174,78,,,,159941,-1092
efb1bf47c3db5a51c7f9ecffb0d7f325cb697791,2020-05-26,2020-05-26 03:01:00,OR,41,3967,18,111571,1662,,1795,148,0,752,5,149,40,,17,,115538,1680
bca01e52dbcaac61ffd01c0742159bcdd907743e,2020-05-26,2020-05-26 11:15:00,PA,42,68637,451,339835,4907,,41868,5152,13,,0,1493,,,334,,408472,5358
9db9ba5e9af368cdb6b2ca93e31a0528c8e34a53,2020-05-26,2020-05-26 05:53:00,PR,72,3324,64,,0,,,129,0,,0,104,14,,4,,3324,64
5f81661d9a29c616e955e3a20602e98513ff56d0,2020-05-26,2020-05-26 12:00:00,RI,44,14210,145,121153,2517,,1158,634,26,1613,33,226,50,,36,,135363,2662
b1f688a17ea6715970d7d34b40359645c1d66c24,2020-05-26,2020-05-26 16:18:00,SC,45,10416,238,162318,6476,,6102,446,6,1618,84,433,,,,,172734,6714
3fd5a14e75936d305cec91d7a44f713ebf6e3eac,2020-05-26,2020-05-25 18:00:00,SD,46,4653,67,32385,1688,,3528,50,0,378,8,106,,,,,37038,1755
fed25c34bba8b2bd5fd3fac179642cae94adc65e,2020-05-26,2020-05-26 15:00:00,TN,47,20965,358,382539,6927,,13344,343,5,1609,15,,,,,,403504,7285
1c2dc4cb2963e6075caf57b9f0988effa0ebbaa0,2020-05-26,2020-05-26 17:00:00,TX,48,56560,589,764673,14990,,36375,1536,9,,0,1534,,,,,821233,15579
ca6265246ab0bc9479f73fe1edb832aeebedeb56,2020-05-26,2020-05-26 10:19:00,UT,49,8620,99,189972,2025,,5346,101,3,696,4,134,,217,,89,198592,2124
37141cb4574ca188b2631fc1873f136cb50ad5c4,2020-05-26,2020-05-25 17:00:00,VA,51,39342,1615,227839,6816,412,5227,1236,28,6630,109,1403,366,,190,,267181,8431
5faf12e17d59bcd9b5899f954073e11090c23745,2020-05-26,2020-05-26 07:48:00,VI,78,69,0,1425,82,18,61,6,0,,0,,,,,,1494,82
74b6d91165719fd4a326adec1681babfe84d8868,2020-05-26,2020-05-26 00:00:00,VT,50,967,5,29456,749,,848,54,0,,0,25,,,,,30423,754
b2d2c8e91336767ba16aa4331510b71333cba9d5,2020-05-26,2020-05-25 02:59:00,WA,53,21522,243,331090,7607,,,1070,9,3290,3,267,,,51,,352612,7850
4e1d7e90274ae264d671ea128dafc12ca9b52ae3,2020-05-26,2020-05-26 00:00:00,WI,55,15863,279,200874,7495,218,9405,517,3,2362,23,640,135,544,,,216737,7774
99911d211a02df982f88a1da5eff6e3dd60211ce,2020-05-26,2020-05-26 17:00:00,WV,54,1854,80,85957,1406,,1180,74,2,,0,35,9,,7,,87811,1486
f2ddc04c5c8240f736178776355463aae71a375c,2020-05-26,2020-05-26 00:00:00,WY,56,850,12,20652,1101,,607,13,1,82,3,14,,,,,21502,1113
a4420008b80fd1b8954acecaf3032501985eea53,2020-05-25,2020-05-25 00:00:00,AK,02,409,1,44063,964,,361,10,0,,0,10,,,,,44472,965
31d1d5a3e2bbf9b71207e7b90ad000c10ddc128d,2020-05-25,2020-05-25 00:00:00,AL,01,14730,403,175585,4113,,7951,562,11,1629,17,,,543,,323,190315,4516
4b9b0ee9ad4ee5bbcdcdffd5a07694176654512a,2020-05-25,2020-05-25 00:00:00,AR,05,6029,107,105593,2934,,4249,117,1,605,7,92,,,17,111,111622,3041
170a9df9bd6e7f8235f646acca74306f6be08e07,2020-05-25,2020-05-19 00:00:00,AS,60,0,0,124,0,,,0,0,,0,,,,,,124,0
b25dae6f236834925e888d641f4a9eed559c6c6c,2020-05-25,2020-05-25 00:00:00,AZ,04,16561,222,171221,3919,,4204,806,6,1961,16,833,334,,212,,187782,4141
5507b3f89597d63854eca68891613f4c14c07b54,2020-05-25,2020-05-25 00:00:00,CA,06,94558,1848,1549544,59509,,,3795,21,,0,4306,1301,,,,1644102,61357
aceded1fa95674dfd2a5d751e33b8a0fdb0646b2,2020-05-25,2020-05-25 00:00:00,CO,08,24174,210,126134,47,,3666,1332,5,4119,14,560,,,,,150308,257
17ad06721393b5d4cf061f49bbdd6ae66c44d667,2020-05-25,2020-05-24 20:30:00,CT,09,40873,405,180853,7185,,7127,3742,49,12538,0,706,,,,,221726,7590
1cc982ba90f30c07a101f446a656f977dae87db3,2020-05-25,2020-05-24 00:00:00,DC,11,8225,259,32578,-11447,,1080,440,13,,0,331,106,,70,,40803,-11188
75871ee8b0d8871e9158bec1e8a7f75ff184656f,2020-05-25,2020-05-24 18:00:00,DE,10,8965,156,44931,1870,,4693,332,6,,0,205,,,,,53896,2026
f81e46126278997f21a2667d0142e53e28313915,2020-05-25,2020-05-25 10:04:00,FL,12,51746,879,856489,36121,988,,2331,15,9681,43,,,,,,908235,37000
6deb99e9bc48af89a95985c0da892a66f46db2af,2020-05-25,2020-05-25 13:00:00,GA,13,43344,506,470201,31085,,,1830,6,7475,36,892,,1686,,,513545,31591
330958dc6d5368e0dde8a399313ec065172e3c8b,2020-05-25,2020-05-25 00:15:00,GU,66,166,0,5403,0,,138,5,0,,0,,,,,,5569,0
f99bbeb5b8de8b362c6005dc6c3ca1750b6f119e,2020-05-25,2020-05-24 18:00:00,HI,15,643,0,49728,799,,591,17,0,84,0,,,,,,50371,799
167a9f2f3b76b2df45925715ece475780b9fe9de,2020-05-25,2020-05-25 00:00:00,IA,19,17577,325,115138,4634,,9377,459,5,,0,377,118,,66,,132715,4959
2163612c6558844459bfb46593255afb9efdc607,2020-05-25,2020-05-23 19:00:00,ID,16,2626,0,38780,0,,1755,79,0,225,0,,,94,,,41406,0
277dcf6d5cb472a2b98ad5ceceeda255cddd0e11,2020-05-25,2020-05-25 00:00:00,IL,17,112017,1713,657547,19930,,,4884,28,,0,3762,1025,,605,,769564,21643
521a85921fa1202d0301cc7139af97649c12f84d,2020-05-25,2020-05-24 23:59:00,IN,18,31715,339,194536,5111,,,1976,0,5285,0,1102,365,1166,169,,226251,5450
90983fb8382625839a9026ee2f170f12ffd731a2,2020-05-25,2020-05-25 10:00:00,KS,20,9218,260,72181,4705,,493,188,3,800,13,,,271,,120,81399,4965
56615266bd80a6a28ebba0769d303892c5653538,2020-05-25,2020-05-23 00:00:00,KY,21,8571,0,161285,0,,3102,391,0,2131,0,484,89,897,,,169856,0
7b3c0d9a0bfc209ede1a5e3e324dd123b071604a,2020-05-25,2020-05-25 13:00:00,LA,22,37809,640,293089,14222,,28700,2690,0,,0,847,,,102,,330898,14862
5679aa9468c459c3227b28b874d1fb791661328e,2020-05-25,2020-05-25 10:00:00,MA,25,93271,596,447290,7592,,,6416,44,9339,31,2132,576,,,,540561,8188
42167d3c5cd77ef6b1f4d57d30d5d03b40f28658,2020-05-25,2020-05-25 10:00:00,MD,24,47152,839,202425,8376,,3329,2379,38,8092,153,1279,517,,,,249577,9215
547ac6dd02336461a54fb6d13e4db42c9fd11a6b,2020-05-25,2020-05-25 11:30:00,ME,23,2074,19,35450,0,,1290,78,0,257,5,59,27,,13,,37524,19
9b404106dbe42366b6c935a8f3c9b6195f2245d9,2020-05-25,2020-05-25 11:00:00,MI,26,54881,202,417979,21426,,33168,5240,12,,0,953,449,,319,,472860,21628
0b0cc40991364f56d8a1b15720c6ad6eace948fd,2020-05-25,2020-05-24 17:00:00,MN,27,21315,742,182744,5353,,14816,890,12,2676,88,605,248,869,,,204059,6095
e4e89ea450b457107a6fcc7e9dea9678ed1d9673,2020-05-25,2020-05-25 15:00:00,MO,29,12167,179,145218,5587,,,685,4,,0,729,,,93,,157385,5766
0140170a5fa4b66bef0eb96fb72512478cbabf42,2020-05-25,2020-05-24 00:07:00,MP,69,22,0,4735,0,,13,2,0,,0,,,,,,4757,0
81d63af191f8137b161861541545520f928577f9,2020-05-25,2020-05-24 19:00:00,MS,28,13458,206,130459,5809,,9401,635,10,2046,23,566,152,,94,,143917,6015
3b01203239fc45c9083880e76bcfc7336cd25b97,2020-05-25,2020-05-25 00:00:00,MT,30,479,0,33203,301,,441,16,0,65,0,3,,,,,33682,301
956959304746535e9f8ad7ac5985c7b0ed54457e,2020-05-25,2020-05-25 10:55:00,NC,37,23964,742,320726,7292,,14954,754,10,,0,627,,,,,344690,8034
d5de2840662d82466ed3b0a664a149a6b589c679,2020-05-25,2020-05-24 13:00:00,ND,38,2457,39,63893,823,,1551,54,1,154,2,41,,,,,66350,862
24c00fd579b171257a2284935587d2b02a7a1857,2020-05-25,2020-05-24 19:55:00,NE,31,12134,145,73598,2382,,,150,3,,0,,,,,,85732,2527
1d4f057517fccfc6a319d9d085f2d3e9ed2d2e4c,2020-05-25,2020-05-24 09:00:00,NH,33,4149,60,57237,1787,1714,2204,209,1,419,0,92,,120,,,61386,1847
26f43a835e03c60990b02a8b8bf5e45fa2ce5544,2020-05-25,2020-05-25 13:00:00,NJ,34,155092,938,468705,19052,,25253,11144,11,,0,2755,719,,540,,623797,19990
9ca06adad41bf2d6ddbed2412271f9d118970908,2020-05-25,2020-05-24 18:03:00,NM,35,6943,148,166538,4214,,2464,317,9,1243,104,213,,,,,173481,4362
1f04e297dd6f8bd67158d713560888aa3a98324f,2020-05-25,2020-05-25 10:25:00,NV,32,7879,109,106852,4341,,359,394,2,,0,380,91,,45,,114731,4450
9e4a724bcb17ac385f37ecc572b8885badd2a3ba,2020-05-25,2020-05-25 00:00:00,NY,36,362764,1249,1376685,38374,,64280,23488,97,88554,230,4348,1366,,1058,,1739449,39623
168c6e0b058fd38a4d507d03e9ec46876c0b38ba,2020-05-25,2020-05-25 14:00:00,OH,39,32477,566,297857,5215,,,1987,18,5511,35,872,323,1443,211,,330334,5781
bea6d645bb778646018853591f813308d8b1846e,2020-05-25,2020-05-25 12:30:00,OK,40,6090,53,154943,0,,4714,313,2,938,0,,78,,,,161033,53
2567fac1c8a7d8ab165dbfb34a50b45d7027bcd7,2020-05-25,2020-05-25 03:01:00,OR,41,3949,22,109909,1641,,1376,148,0,747,5,125,35,,23,,113858,1663
235082bfc5e9da436e79b41cc3fa861482fc20b1,2020-05-25,2020-05-25 00:00:00,PA,42,68186,473,334928,6546,,40911,5139,15,,0,1628,,,324,,403114,7019
a4176c59bef2eb04678626bb96fd2f73425cba0b,2020-05-25,2020-05-25 06:30:00,PR,72,3260,71,,0,,,129,2,,0,112,16,,8,,3260,71
6a8d3b8677b58189a91d262c61c322ffa1dcb07e,2020-05-25,2020-05-24 12:00:00,RI,44,14065,0,118636,0,,1119,608,0,1580,0,240,49,,32,,132701,0
146ed9e8e39c1eb793f4adb43ba4c501dde06658,2020-05-25,2020-05-25 15:30:00,SC,45,10178,82,155842,1991,,6063,440,5,1534,0,407,,,,,166020,2073
320fd171147142248bdddf67078d8425344366ca,2020-05-25,2020-05-24 18:00:00,SD,46,4586,23,30697,355,,3415,50,0,370,6,99,,,,,35283,378
9670cf38dfd4514b319d6f6e0288f6292db65b18,2020-05-25,2020-05-25 15:00:00,TN,47,20607,462,375612,12181,,13073,338,2,1594,11,,,,,,396219,12643
6c59cd2a186ca918ee2a2eea0e007cb03b0fc7c2,2020-05-25,2020-05-25 04:30:00,TX,48,55971,623,749683,41486,,35292,1527,21,,0,1511,,,,,805654,42109
35e738ef6e8a5e04a350340819eed86535cae541,2020-05-25,2020-05-25 10:15:00,UT,49,8521,129,187947,1906,,5218,98,1,692,4,131,,215,,88,196468,2035
ae54e38577945830e3e52147dcbcb4ef8caaa99a,2020-05-25,2020-05-24 17:00:00,VA,51,37727,1483,221023,13182,414,5145,1208,37,6521,68,1376,349,,182,,258750,14665
6de870ce2cf0d6753f7073947166ad360249ff68,2020-05-25,2020-05-22 07:29:00,VI,78,69,0,1343,0,45,61,6,0,,0,,,,,,1412,0
c223991b7f624037e69a6210ab8df5703afd3fea,2020-05-25,2020-05-25 00:00:00,VT,50,962,6,28707,1073,,843,54,0,,0,19,,,,,29669,1079
7185f87aa22d79510c8e9e4eb01c2cc4e2007d21,2020-05-25,2020-05-24 02:59:00,WA,53,21279,209,323483,2185,,,1061,6,3287,31,207,,,47,,344762,2394
f8ee1d87b9b80a9d6746eb6a39776e51a0e5566e,2020-05-25,2020-05-25 00:00:00,WI,55,15584,307,193379,7173,207,9207,514,4,2339,24,606,126,543,,,208963,7480
944b3a09b232e3ce741a369dacbd79f441f94375,2020-05-25,2020-05-25 10:00:00,WV,54,1774,15,84551,616,,1135,72,0,,0,36,13,,7,,86325,631
1894f44718e01a29b1770ec18cc8f35311307da1,2020-05-25,2020-05-24 00:00:00,WY,56,838,25,19551,330,,575,12,0,79,1,10,,,,,20389,355
0e561114cddc812233d4802571f6545bfa374aad,2020-05-24,2020-05-24 00:00:00,AK,02,408,0,43099,1156,,358,10,0,,0,10,,,,,43507,1156
8ccb81b3515305fb60d1727e4792858fc71821bc,2020-05-24,2020-05-24 00:00:00,AL,01,14327,389,171472,2734,,7951,551,5,1612,23,,,537,,320,185799,3123
565b2e39a21aded254f25023da9546e79c185a7a,2020-05-24,2020-05-24 00:00:00,AR,05,5922,310,102659,5224,,4148,116,3,598,8,86,,,17,111,108581,5534
6ed05f294c1912cc5f5a8770f98014cc50060ba8,2020-05-24,2020-05-19 00:00:00,AS,60,0,0,124,0,,,0,0,,0,,,,,,124,0
b2ae37d2866f199691638d9e91defca4beb742c9,2020-05-24,2020-05-24 00:00:00,AZ,04,16339,300,167302,2902,,4132,800,1,1945,15,804,322,,201,,183641,3202
e35556df912a964a91486db3bdc0e2dd0d076fdb,2020-05-24,2020-05-24 00:00:00,CA,06,92710,2079,1490035,65360,,,3774,66,,0,4300,1315,,,,1582745,67439
64678d7a232adbc4575a25bc6ac6d7603d1bbe6d,2020-05-24,2020-05-23 00:00:00,CO,08,23964,477,126087,4622,,3640,1327,3,4105,23,538,,,,,150051,5099
00e759c6bf1b949c20f6af236fa901a938b342fc,2020-05-24,2020-05-23 20:30:00,CT,09,40468,446,173668,5323,,7127,3693,18,12538,0,701,,,,,214136,5769
04c45d8609e14ed19fccce70eef88e24f9734c71,2020-05-24,2020-05-22 00:00:00,DC,11,7966,0,44025,0,,1075,427,0,,0,324,110,,73,,51991,0
f47a9969375e48276aa77e457c7e8da3223af909,2020-05-24,2020-05-23 18:00:00,DE,10,8809,119,43061,1217,,4598,326,2,,0,211,,,,,51870,1336
ae3b94f384f6b08c582d1d54c66b04e405b321b6,2020-05-24,2020-05-24 10:04:00,FL,12,50867,740,820368,14058,1337,,2316,4,9638,71,,,,,,871235,14798
a4f836235b906f6004b50bd8062162d1f0d07ceb,2020-05-24,2020-05-24 13:00:00,GA,13,42838,706,439116,27711,,,1824,13,7439,28,848,,1683,,,481954,28417
ebe4b86764a1007a3ec7a95b27c6592add995af7,2020-05-24,2020-05-23 18:00:00,GU,66,166,1,5403,209,,138,5,0,,0,,,,,,5569,210
65c409796f4b2423375ed042155942360e6ca6a6,2020-05-24,2020-05-23 18:00:00,HI,15,643,1,48929,750,,589,17,0,84,0,,,,,,49572,751
6633a7b3b1d86d7083d2f8c234313bce5c28fc33,2020-05-24,2020-05-24 00:00:00,IA,19,17252,359,110504,3456,,9318,454,10,,0,363,114,,61,,127756,3815
f7a97d670bffb91ce5e73ca71c6c1ff71c0dd806,2020-05-24,2020-05-23 19:00:00,ID,16,2626,31,38780,766,,1755,79,0,225,0,,,94,,,41406,797
04e2b945067ea0dd70e88cec9fefb4c5910b0a23,2020-05-24,2020-05-24 00:00:00,IL,17,110304,2508,637617,23166,,,4856,66,,0,3667,1007,,632,,747921,25674
5074b2b3a5bf1a94b046c2f567388849a6752f3d,2020-05-24,2020-05-23 23:59:00,IN,18,31376,475,189425,5393,,,1976,33,5285,0,1112,396,1166,173,,220801,5868
1bb30802e0d014c9d19057c4de38963af06a5536,2020-05-24,2020-05-22 10:00:00,KS,20,8958,0,67476,0,,485,185,0,787,0,,,269,,120,76434,0
1d1674be431644d3e2a9d6423e7f8665786b9dcf,2020-05-24,2020-05-23 00:00:00,KY,21,8571,145,161285,-1748,,3102,391,0,2131,55,484,89,897,,,169856,-1603
4015a2559d6416e61bb50a9bd9ebae986d2f8a58,2020-05-24,2020-05-24 13:00:00,LA,22,37169,129,278867,1460,,26249,2690,22,,0,813,,,102,,316036,1589
390e5588e2d53b6e6ff7889beaa01e456ed1fcfc,2020-05-24,2020-05-24 10:00:00,MA,25,92675,1013,439698,10374,,,6372,68,9308,48,2169,558,,,,532373,11387
8d66ef7bee2900219e0fdb447c86cc21f2741ac1,2020-05-24,2020-05-24 10:00:00,MD,24,46313,818,194049,7217,,3319,2341,35,7939,114,1290,503,,,,240362,8035
b26d88de8dbc8ff18e362578661f458dc615c3b0,2020-05-24,2020-05-24 13:00:00,ME,23,2055,42,35450,0,,1263,78,1,252,9,59,27,,13,,37505,42
240fe3cf3097edb87de27eb7dadf642bae928fde,2020-05-24,2020-05-24 11:00:00,MI,26,54679,314,396553,0,,33168,5228,5,,0,953,449,,319,,451232,314
c595a7154e160dfb2a9893a2b7da791127acf2bf,2020-05-24,2020-05-23 17:00:00,MN,27,20573,728,177391,7743,,14115,878,17,2588,54,553,207,841,,,197964,8471
397de541d5e6e3aba09eff0d4f4e6b52c4ad44be,2020-05-24,2020-05-24 15:00:00,MO,29,11988,236,139631,3079,,,681,5,,0,742,,,94,,151619,3315
714666f95bf5fcdb6578eb04ffdf07a1f851bfd6,2020-05-24,2020-05-24 00:00:00,MP,69,22,0,4735,439,,13,2,0,,0,,,,,,4757,439
39050ff010c37cffde668fd36ca5351d567daaa7,2020-05-24,2020-05-23 19:00:00,MS,28,13252,247,124650,3435,,7681,625,9,2023,27,512,150,,73,,137902,3682
9b957269d22acf578805728312f653e0a4e7a1cf,2020-05-24,2020-05-24 11:58:00,MT,30,479,0,32902,729,,441,16,0,65,0,3,,,,,33381,729
7356140cfde794e509ece5611f0780c950ca0fb1,2020-05-24,2020-05-24 11:15:00,NC,37,23222,497,313434,6577,,11637,744,7,,0,587,,,,,336656,7074
1e5d713a26bd1192aac024b5ede15c906bf0f7b1,2020-05-24,2020-05-24 13:00:00,ND,38,2418,53,63070,1287,,1496,53,1,152,2,40,,,,,65488,1340
a7b123dfe4cb5dfda2517efc156093b2bf116667,2020-05-24,2020-05-23 16:15:00,NE,31,11989,327,71216,2896,,,147,0,,0,,,,,,83205,3223
f7cf5ac933df3695ca22536f8e81a0d50c298af5,2020-05-24,2020-05-23 09:00:00,NH,33,4089,0,55450,0,1844,2197,208,0,419,0,93,,120,,,59539,0
dd92c7680c632d893624bbd2d3fa6f11d6d0c852,2020-05-24,2020-05-24 13:00:00,NJ,34,154154,1050,449653,24022,,25040,11133,52,,0,2857,760,,639,,603807,25072
11bc5d3cfdbb45c863a9d259cc041ba8f5385e10,2020-05-24,2020-05-23 20:01:00,NM,35,6795,170,162324,10566,,2357,308,6,1139,0,208,,,,,169119,10736
9f30b36c3032959b5ec3a56899439a3667b5afc0,2020-05-24,2020-05-24 10:00:00,NV,32,7770,74,102511,3160,,359,392,4,,0,373,92,,51,,110281,3234
46d1eaa703bb3fc3f3505a352a61bd45164e8a25,2020-05-24,2020-05-24 00:00:00,NY,36,361515,1589,1338311,46176,,64080,23391,109,88324,241,4393,1406,,1067,,1699826,47765
94a7ba4ca69e576b791fb3e6bc4de7c163a42fa1,2020-05-24,2020-05-23 14:00:00,OH,39,31911,503,292642,7556,,,1969,13,5476,39,864,317,1438,205,,324553,8059
38b6ca5eed55db532ba9d100039b774a63719d29,2020-05-24,2020-05-23 00:00:00,OK,40,6037,77,154943,0,,4688,311,0,938,12,174,78,,,,160980,77
166f95586ccb80b118bf15539b1d2946c2e6d4f6,2020-05-24,2020-05-24 03:01:00,OR,41,3927,39,108268,1949,,1376,148,1,742,2,117,35,,18,,112195,1988
f11dc51f99af599281fd93fd5e5371411cd5b3d0,2020-05-24,2020-05-24 12:00:00,PA,42,67713,730,328382,6913,,40627,5124,28,,0,1533,,,336,,396095,7643
8caffe73ec8c57d12975b7046f6b20773293f7c1,2020-05-24,2020-05-24 06:30:00,PR,72,3189,89,,0,,,127,0,,0,106,13,,7,,3189,89
2e74b512cb4cb7b0d9c36ddd3fd75966d1f432ac,2020-05-24,2020-05-24 12:00:00,RI,44,14065,113,118636,2456,,1119,608,11,1580,23,240,49,,32,,132701,2569
5d2a5c9524f9b32221bf01622f859af382ff90ff,2020-05-24,2020-05-24 15:33:00,SC,45,10096,201,153851,4836,,5743,435,10,1534,0,461,,,,,163947,5037
f6f2370f42727f24a88c5274cf818e0cbdab284d,2020-05-24,2020-05-23 18:00:00,SD,46,4563,95,30342,1282,,3371,50,0,364,6,85,,,,,34905,1377
ab933d3f31429a6e474c7e06934ab9c1dd2692e0,2020-05-24,2020-05-24 15:00:00,TN,47,20145,356,363431,9462,,12837,336,7,1583,10,,,,,,383576,9818
1b99d93db108eb2b6d21d0cd54a9af3f63564368,2020-05-24,2020-05-23 04:45:00,TX,48,55348,839,708197,0,,33385,1506,0,,0,1572,,,,,763545,839
aa86dc1faa147cf68329977e12b68464df919f06,2020-05-24,2020-05-24 10:39:00,UT,49,8392,132,186041,3522,,5081,97,0,688,12,128,,215,,88,194433,3654
60a3127ac5acffea67327cacd63b2f438d1100db,2020-05-24,2020-05-23 17:00:00,VA,51,36244,495,207841,11120,411,5102,1171,12,6453,22,1351,354,,192,,244085,11615
97772b540a058a22658ca0acf614e316915153db,2020-05-24,2020-05-22 07:29:00,VI,78,69,0,1343,0,45,61,6,0,,0,,,,,,1412,0
4002e0d87c883634acd0b74efbafa0ef2806092c,2020-05-24,2020-05-24 00:00:00,VT,50,956,2,27634,1164,,839,54,0,,0,25,,,,,28590,1166
6fa357c185ef30c50fb69a9c89b6f1d04343611c,2020-05-24,2020-05-23 02:59:00,WA,53,21070,137,321298,2125,,,1055,5,3256,26,313,,,74,,342368,2262
ebc6723948f5f97b967a618e3f1b77064b63e32c,2020-05-24,2020-05-24 00:00:00,WI,55,15277,400,186206,6877,223,8999,510,3,2315,23,611,128,541,,,201483,7277
ef239bf18d48d92d15ab2fcc4be77f4b0f299c36,2020-05-24,2020-05-24 10:00:00,WV,54,1759,42,83935,1908,,1121,72,0,,0,23,8,,4,,85694,1950
178ae4f11e32717304beb8056ac7eaaf72c9da53,2020-05-24,2020-05-23 00:00:00,WY,56,813,0,19221,0,,556,12,0,78,1,10,,,,,20034,0
7be8dcac2b0e67d3c0bd042b2555771da1e2bff1,2020-05-23,2020-05-23 15:00:00,AK,02,408,4,41943,901,,358,10,0,,0,10,,,,,42351,905
e5156c1353eb9922fe05f14668dc77026e332023,2020-05-23,2020-05-23 00:00:00,AL,01,13938,375,168738,4533,,7951,546,9,1589,28,,,538,,319,182676,4908
3b0922920d0ee80261c732ec966c8d09ab2ddd22,2020-05-23,2020-05-23 00:00:00,AR,05,5612,0,97435,0,,4029,113,0,590,6,81,,,14,111,103047,0
5a7dab925253c2d0a4323501c020bf885336c64a,2020-05-23,2020-05-19 00:00:00,AS,60,0,0,124,0,,,0,0,,0,,,,,,124,0
2c52a05c626351428cd9163d1ec45199cb7d29e6,2020-05-23,2020-05-23 00:00:00,AZ,04,16039,431,164400,4005,,4033,799,24,1930,51,784,309,,193,,180439,4436
1a67cee9391dbc69af25ebe2947611f4e0b6d3c4,2020-05-23,2020-05-23 00:00:00,CA,06,90631,2187,1424675,46346,,,3708,78,,0,4342,1312,,,,1515306,48533
97541de78d06d5f8d2083b7a1e5b070d911f0176,2020-05-23,2020-05-22 00:00:00,CO,08,23487,296,121465,2431,,3612,1324,14,4082,45,571,,,,,144952,2727
cb3b6d10e6106e50bbeeb025b77e4efe50ba9dc0,2020-05-23,2020-05-22 20:30:00,CT,09,40022,382,168345,5657,,7127,3675,38,12538,0,724,,,,,208367,6039
db014b59e7766547f5b9be84d826da91606d844f,2020-05-23,2020-05-22 00:00:00,DC,11,7966,73,44025,8925,,1075,427,9,,0,324,110,,73,,51991,8998
8126053e95ec0ce77c34a79dde6c6cffbceac62f,2020-05-23,2020-05-22 18:00:00,DE,10,8690,161,41844,1387,,4454,324,2,,0,210,,,,,50534,1548
acba0f52d8bd499606b90787f02da9d0571c94c7,2020-05-23,2020-05-23 10:00:00,FL,12,50127,676,806310,20265,1563,,2312,44,9567,195,,,,,,856437,20941
4e008614ef085741c21fdb2197fb13fce5e6dc8d,2020-05-23,2020-05-23 13:00:00,GA,13,42132,914,411405,25374,,,1811,26,7411,98,848,,1678,,,453537,26288
c3da43d43deab3d25f63a6f1818b9be40459a2cd,2020-05-23,2020-05-23 02:35:00,GU,66,165,0,5194,80,,134,5,0,,0,,,,,,5359,80
ce631016da73142c8eeae97480655fb436469116,2020-05-23,2020-05-22 18:00:00,HI,15,642,-5,48179,841,,585,17,0,84,1,,,,,,48821,836
2c9b5e0e35b4e8d2ef5852bee0bc827437454685,2020-05-23,2020-05-23 00:00:00,IA,19,16893,389,107048,3302,,9254,444,19,,0,362,111,,70,,123941,3691
a08b6a23ab4672c7e460cd95cfc6add3b9faf7f9,2020-05-23,2020-05-22 19:00:00,ID,16,2595,61,38014,953,,1735,79,2,225,2,,,94,,,40609,1014
1bf543f2cc05842931b0c06a5b0bb73136425a50,2020-05-23,2020-05-22 00:00:00,IL,17,107796,2352,614451,22762,,,4790,75,,0,3753,1027,,607,,722247,25114
132c6dc4734768045e4b13c30ebb41dd1a61f16b,2020-05-23,2020-05-22 23:59:00,IN,18,30901,492,184032,5880,,,1943,2,5285,0,1138,403,1166,173,,214933,6372
70368ffb1ce245ab8dff0f30d5e9dd36de828fbd,2020-05-23,2020-05-22 10:00:00,KS,20,8958,0,67476,0,,485,185,0,787,0,,,269,,120,76434,0
cf22d188f9d43e338237d4d6355b0e1ed20f7196,2020-05-23,2020-05-22 17:00:00,KY,21,8426,140,163033,5079,,3069,391,5,2076,35,477,90,889,,,171459,5219
393d5126c90a44b14f633786bc0795b99b1fe58f,2020-05-23,2020-05-23 13:00:00,LA,22,37040,115,277407,2524,,26249,2668,0,,0,836,,,112,,314447,2639
8f1c4264f5a85986fb26ab752445c565ce5df9f9,2020-05-23,2020-05-23 10:00:00,MA,25,91662,773,429324,8569,,,6304,76,9260,98,2237,610,,,,520986,9342
a214b4284cc05d7606a0d2cec51cdfbfc397d8b4,2020-05-23,2020-05-23 10:00:00,MD,24,45495,1071,186832,3354,,3283,2306,32,7825,191,1320,524,,,,232327,4425
655bb7be028d5312c7b78c7c23d805fde6192dc8,2020-05-23,2020-05-23 11:00:00,ME,23,2013,65,35450,0,,1232,77,2,243,3,50,26,,11,,37463,65
72581cbd622eea4e3b1f4a0a967ebf8dea558de1,2020-05-23,2020-05-22 11:00:00,MI,26,54365,452,396553,-21318,,33168,5223,65,,0,953,449,,319,,450918,-20866
b05cdff1d5ef1af1a77aa0e6af5e5b2d7858e578,2020-05-23,2020-05-22 17:00:00,MN,27,19845,840,169648,7682,,13485,861,10,2534,102,568,215,832,,,189493,8522
3da7b1d2671ba33b036d45a9162cf54c487b168d,2020-05-23,2020-05-23 15:00:00,MO,29,11752,194,136552,-24836,,,676,5,,0,742,,,94,,148304,-24642
73d2ccec87a4f4e31ea93918b0a8f9829bf888aa,2020-05-23,2020-05-22 00:00:00,MP,69,22,0,4296,0,,13,2,0,,0,,,,,,4318,0
bd9aca4e2923ec13b5313c237f5fcc43a230cc5c,2020-05-23,2020-05-22 19:00:00,MS,28,13005,381,121215,-4134,,7681,616,20,1996,30,590,154,,93,,134220,-3753
c34d069cbb83632843981cb90dc1564adf7a5bcf,2020-05-23,2020-05-23 00:00:00,MT,30,479,0,32173,795,,441,16,0,65,0,3,,,,,32652,795
a891a90302acbbd88c58317585d561de1f876537,2020-05-23,2020-05-23 11:33:00,NC,37,22725,1107,306857,25251,,11637,737,9,,0,589,,,,,329582,26358
754e394f30354048feebff7152ea49625a1a92a4,2020-05-23,2020-05-23 13:00:00,ND,38,2365,48,61783,1270,,1451,52,0,150,3,39,,,,,64148,1318
3d0f271cc8e600e635a39bd984f1e1e8e07232c2,2020-05-23,2020-05-22 19:45:00,NE,31,11662,237,68320,1326,,,147,4,,0,,,,,,79982,1563
77bdefb000e0b948ead0eea5c3debd0d9679ac65,2020-05-23,2020-05-23 09:00:00,NH,33,4089,154,55450,4285,1844,2197,208,9,419,26,93,,120,,,59539,4439
02383656da7a101b8080cfef1e96c9d2b5ba20b5,2020-05-23,2020-05-23 13:00:00,NJ,34,153104,385,425631,23036,,24762,11081,96,,0,2974,806,,611,,578735,23421
7133f973875f54312936ec9bf1d4119e5bb3dc77,2020-05-23,2020-05-22 17:58:00,NM,35,6625,153,151758,5463,,2149,302,8,1139,0,206,,,,,158383,5616
bbb0eecb03b7cadbcae6a527a092a724f2d08cd5,2020-05-23,2020-05-23 13:00:00,NV,32,7696,295,99351,6811,,359,388,7,,0,402,99,,53,,107047,7106
6803f57951b528efd704e4fb27c0fec4624c39d5,2020-05-23,2020-05-22 00:00:00,NY,36,359926,1772,1292135,49496,,63292,23282,87,88083,240,4844,1581,,1254,,1652061,51268
f165393f3dfdf974231df0c985ed7062558c6a27,2020-05-23,2020-05-23 14:00:00,OH,39,31408,614,285086,8080,,,1956,84,5437,58,858,333,1429,223,,316494,8694
33b5b8f30341ccb1c17a3d1f22dc63059e24b21b,2020-05-23,2020-05-23 00:00:00,OK,40,5960,111,154943,7625,,4645,311,4,926,0,174,78,,,,160903,7736
2fc92dac6308aefa6c605d0eb18f6184868f8c61,2020-05-23,2020-05-23 03:01:00,OR,41,3888,24,106319,2344,,1376,147,0,740,3,102,41,,15,,110207,2368
c29919acb39d66b59a59f0de44cb0594547f8957,2020-05-23,2020-05-23 00:00:00,PA,42,66983,725,321469,8726,,39519,5096,112,,0,1560,,,348,,388452,9451
2f10c936d874341989285958749adc0bc3a8da35,2020-05-23,2020-05-23 06:30:00,PR,72,3100,70,,0,,,127,1,,0,106,14,,5,,3100,70
763b92519e03e3a485692c47a4049c9cc280bde7,2020-05-23,2020-05-23 00:00:00,RI,44,13952,216,116180,2777,,1106,597,18,1557,20,233,51,,34,,130132,2993
f888db4f357cf92b21a4e7628e0bb2976a1704e6,2020-05-23,2020-05-23 15:31:00,SC,45,9895,257,149015,8630,,5743,425,6,1534,0,430,,,,,158910,8887
f3a80c772c5bcd158bade8dc9a828126a7043bd2,2020-05-23,2020-05-22 18:00:00,SD,46,4468,112,29060,1072,,3336,50,0,358,7,90,,,,,33528,1184
3ad9ad330b9d225a07a43579a52a94011ab025e0,2020-05-23,2020-05-23 15:00:00,TN,47,19789,395,353969,12347,,12745,329,14,1573,13,,,,,,373758,12742
c5e8e7464d30ab90b8f9b31be70cee8a09c6f585,2020-05-23,2020-05-22 17:00:00,TX,48,54509,1060,708197,20284,,32277,1506,26,,0,1688,,,,,762706,21344
91254338b2e1c5251ae59bf512af7533c1fa5b8f,2020-05-23,2020-05-23 11:28:00,UT,49,8260,203,182519,3742,,4898,97,4,676,16,165,,213,,88,190779,3945
ab7852ea99f69c02814afb9e61606c4b6c4a682a,2020-05-23,2020-05-22 17:00:00,VA,51,35749,799,196721,6496,409,5047,1159,23,6431,9,1384,330,,213,,232470,7295
d48af33512fc021d203aa0b0b130a9bf72ff65d1,2020-05-23,2020-05-22 07:29:00,VI,78,69,0,1343,0,45,61,6,0,,0,,,,,,1412,0
42d3540e794a53ef13a70dcf7c8dbaa974c5d54a,2020-05-23,2020-05-23 00:00:00,VT,50,954,2,26470,1689,,837,54,0,,0,21,,,,,27424,1691
7036ff03116acdbbf02663a0f5dca79b1cd16585,2020-05-23,2020-05-22 02:59:00,WA,53,20933,186,319173,2545,,,1050,6,3230,74,332,,,96,,340106,2731
28eed43feab58f0cad193258f107d05de4f6f71c,2020-05-23,2020-05-23 00:00:00,WI,55,14877,481,179329,6626,223,8688,507,11,2292,33,611,128,542,,,194206,7107
e0cb3d00f19898f434d374ba7d532f87c6d3cbf9,2020-05-23,2020-05-23 10:00:00,WV,54,1717,101,82027,-1186,,1110,72,1,,0,39,11,,9,,83744,-1085
de317a73c9c3acf09e53605cce51884ab76d309a,2020-05-23,2020-05-23 00:00:00,WY,56,813,10,19221,600,,551,12,0,77,1,10,,,,,20034,610
ef672a86e84cca6f48ca8cad8031c97d7d258da7,2020-05-22,2020-05-22 00:00:00,AK,02,404,2,41042,1899,,356,10,0,,0,15,,,,,41446,1901
67062db185b9e66bdfff504f533e9bf3aa3f5d72,2020-05-22,2020-05-22 00:00:00,AL,01,13563,444,164205,6585,,7951,537,8,1561,33,,,531,,315,177768,7029
6737c795dd698666faa2ffe1eff6f063d4edd7ef,2020-05-22,2020-05-22 00:00:00,AR,05,5612,154,97435,3617,,4029,113,3,584,49,86,,,14,110,103047,3771
402ec460ced6f2484da688472bbfce05608ce58f,2020-05-22,2020-05-19 00:00:00,AS,60,0,0,124,0,,,0,0,,0,,,,,,124,0
6f64ed90de98ac258a15d8092809da3c9b773796,2020-05-22,2020-05-22 00:00:00,AZ,04,15608,293,160395,4083,,3949,775,12,1879,49,796,311,,203,,176003,4376
4b55d70f22b6ba1efb6d17b0e62d376431269e78,2020-05-22,2020-05-21 00:00:00,CA,06,88444,2247,1378329,43399,,,3630,88,,0,4762,1317,,,,1466773,45646
16eec5a54d8721ada70adc66b525d4f3919f250a,2020-05-22,2020-05-22 00:00:00,CO,08,23191,394,119034,6220,,3580,1310,11,4037,47,620,,,,,142225,6614
d7f6fa5e8c05dee0106dc3d31c099044d6f9162c,2020-05-22,2020-05-21 20:30:00,CT,09,39640,432,162688,5449,,7127,3637,55,12538,1592,740,,,,,202328,5881
fe58e7298715f29a287b267307fa431a62fae892,2020-05-22,2020-05-21 00:00:00,DC,11,7893,105,35100,1132,,1069,418,6,,0,342,112,,74,,42993,1237
bde8d557e369add1a45053c628b54a92877c736a,2020-05-22,2020-05-21 18:00:00,DE,10,8529,143,40457,1301,,4296,322,5,,0,221,,,,,48986,1444
6c74a0d235e971f65eae606ad74b79541b83f5b6,2020-05-22,2020-05-22 09:39:00,FL,12,49451,776,786045,20791,1487,,2268,46,9372,172,,,,,,835496,21567
aef0a5e1a443ab15da523693be2a3f389bed0fc4,2020-05-22,2020-05-22 13:00:00,GA,13,41218,813,386031,18705,,,1785,31,7313,78,889,,1658,,,427249,19518
640cb4aa10420081330c1b83c44371b2631e87b5,2020-05-22,2020-05-22 05:35:00,GU,66,165,0,5114,215,,125,5,0,,0,,,,,,5279,215
fc639e069940ed396163c32e0db103512e23cdac,2020-05-22,2020-05-21 00:00:00,HI,15,647,4,47338,832,,579,17,0,83,1,,,,,,47985,836
a3da9978018ab952f9b32ff4d664761ef13b6d58,2020-05-22,2020-05-22 00:00:00,IA,19,16504,334,103746,3351,,9079,425,19,,0,362,123,,79,,120250,3685
35f8806f67207e901c3bfcd08039ca8f22ddea3e,2020-05-22,2020-05-21 19:00:00,ID,16,2534,28,37061,679,,1720,77,0,223,2,,,92,,,39595,707
0085f9b8b13752e20e7b0d069ba813f147714471,2020-05-22,2020-05-22 00:00:00,IL,17,105444,2758,591689,22355,,,4715,108,,0,3928,1060,,589,,697133,25113
4a855989e62501f5b49b655f5ddd1e08d8251f51,2020-05-22,2020-05-21 23:59:00,IN,18,30409,473,178152,5093,,,1941,28,5285,896,1203,416,1166,173,,208561,5566
b96d913e48da307b97e6d00325ca535d00f7b63a,2020-05-22,2020-05-22 10:00:00,KS,20,8958,419,67476,4812,,485,185,7,787,27,,,269,,120,76434,5231
113d717ab17089671ff4a037e75a568123d5559a,2020-05-22,2020-05-21 17:00:00,KY,21,8286,119,157954,7449,,3008,386,10,2041,25,475,92,886,,,166240,7568
e601ad8bc031a01eaccbcb6ca29ee8239c3f0a1a,2020-05-22,2020-05-22 13:00:00,LA,22,36925,421,274883,6006,,26249,2668,39,,0,867,,,104,,311808,6427
9eb7ca63d9f176db792cf415bd2e75230cabcd92,2020-05-22,2020-05-22 10:00:00,MA,25,90889,805,420755,9353,,,6228,80,9162,122,2323,628,,,,511644,10158
ac3661c19bd04db1e819317fce0d863c4137ffa1,2020-05-22,2020-05-22 10:00:00,MD,24,44424,893,183478,6776,,3243,2274,53,7634,149,1329,506,,,,227902,7669
ae1ff975b3404e2af140ae53efd29ba27f034b5d,2020-05-22,2020-05-22 12:30:00,ME,23,1948,71,35450,0,,1192,75,2,240,5,45,21,,12,,37398,71
5fb1c6399a9229b9c741c7a2de66dd2ac40b382c,2020-05-22,2020-05-22 11:00:00,MI,26,53913,403,417871,16641,,28234,5158,29,,0,955,470,,348,,471784,17044
18a5b747cc9fda99e62896d0881854724b082a75,2020-05-22,2020-05-21 17:00:00,MN,27,19005,805,161966,6610,,12696,851,33,2432,52,534,233,806,,,180971,7415
5a192f827f6a4aaa9f895fcbb3b5111ffde08c42,2020-05-22,2020-05-22 15:00:00,MO,29,11558,218,161388,10636,,,671,10,,0,711,,,93,,172946,10854
ce0de481835239be5a2edc0ff036be5aa0982883,2020-05-22,2020-05-22 00:00:00,MP,69,22,0,4296,229,,13,2,0,,0,,,,,,4318,229
c711a997f73a81a1f0c78c6e6683f61457bda7b6,2020-05-22,2020-05-21 19:00:00,MS,28,12624,402,125349,11601,,7681,596,16,1966,34,557,159,,85,,137973,12003
2513a56aaf14b5ccd943a24c67604a770040e826,2020-05-22,2020-05-22 12:05:00,MT,30,479,0,31378,1333,,441,16,0,65,0,3,,,,,31857,1333
2fc22060ce5c63790036563bb99379ec886e05a1,2020-05-22,2020-05-22 10:51:00,NC,37,21618,758,281606,11821,,11637,728,12,,0,568,,,,,303224,12579
4a66d5d28bfe1074053328109e144fbadef991ca,2020-05-22,2020-05-22 13:00:00,ND,38,2317,88,60513,1463,,1405,52,1,147,3,39,,,,,62830,1551
bf85a5b48c80511fd0ee37105a01234c5fe888ef,2020-05-22,2020-05-21 19:50:00,NE,31,11425,303,66994,2476,,,143,5,,0,,,,,,78419,2779
43dd6221293750f8a68316f10e7188e409c0e767,2020-05-22,2020-05-21 09:00:00,NH,33,3935,67,51165,2203,1526,1767,199,9,393,8,97,,120,,,55100,2270
5559fe9f525e556d26abb6de8fc44bd3a79fbbef,2020-05-22,2020-05-22 13:00:00,NJ,34,152719,1247,402595,9793,,24491,10985,142,,0,3049,846,,674,,555314,11040
5d9cc6909f677abc085ee476ab80c138040e2130,2020-05-22,2020-05-21 18:00:00,NM,35,6472,155,146295,5268,,2041,294,11,1139,0,205,,,,,152767,5423
f1e783e9c2ee0928a8bdcc7cf88c4ef7ecdbcbf9,2020-05-22,2020-05-22 09:30:00,NV,32,7401,146,92540,5413,,339,381,3,,0,404,90,,51,,99941,5559
5620d169db5b2aea855511fa74155255a193e4f5,2020-05-22,2020-05-22 00:00:00,NY,36,358154,1696,1242639,44042,,63292,23195,112,87843,205,4844,1581,,1254,,1600793,45738
96488b742d361804a698c918be0ce79b11f85a5e,2020-05-22,2020-05-22 14:00:00,OH,39,30794,627,277006,8095,,,1872,36,5379,84,879,362,1416,232,,307800,8722
d959a98f2a32a22136ec8d5dea6456fe1a8afe32,2020-05-22,2020-05-22 00:00:00,OK,40,5849,169,147318,3403,,4533,307,3,926,9,190,94,,,,153167,3572
503f19f7b76703fdd2de663addb8bd09a2668d13,2020-05-22,2020-05-22 11:00:00,OR,41,3864,47,103975,2568,,1376,147,2,737,5,146,47,,16,,107839,2615
04781355479e81bed418969de977cc53a823a57d,2020-05-22,2020-05-22 00:00:00,PA,42,66258,866,312743,9229,,37767,4984,115,,0,1580,,,368,,379001,10095
003bd43d1359b5b74db89fc709a361da0270882a,2020-05-22,2020-05-22 05:51:00,PR,72,3030,117,,0,,,126,0,,0,96,12,,6,,3030,117
2007a3fa9f7a2bec4eb656fbf93a708561e189df,2020-05-22,2020-05-22 00:00:00,RI,44,13736,165,113403,3607,,1084,579,23,1537,31,242,56,,40,,127139,3772
46a32ddb4279f7b452646a16fc89cd9a28753274,2020-05-22,2020-05-22 16:00:00,SC,45,9638,463,140385,11322,,5743,419,12,1534,90,429,,,,,150023,11785
2a9eb18b50394988abb66cf2bcbb519d67179479,2020-05-22,2020-05-21 18:00:00,SD,46,4356,106,27988,937,,3267,50,2,351,9,83,,,,,32344,1043
23fe79e7cdb4ce27c96b4fdb0cc6005e8b8bef17,2020-05-22,2020-05-22 15:00:00,TN,47,19394,433,341622,0,,12566,315,2,1560,21,,,,,,361016,433
380bc982a458866358fcebc06081786a2564ea11,2020-05-22,2020-05-21 17:55:00,TX,48,53449,1181,687913,0,,31223,1480,40,,0,1578,,,,,741362,1181
e8648dc6ac6f6e49698f253ff1293dfd4dfa56bb,2020-05-22,2020-05-22 15:00:00,UT,49,8057,183,178777,3777,,4748,93,1,660,13,163,,210,,88,186834,3960
18a82da1e18d34afa666457b1a438e8ebc7126bb,2020-05-22,2020-05-21 17:00:00,VA,51,34950,813,190225,5763,464,4963,1136,37,6422,153,1459,366,,207,,225175,6576
06dc657841d2656a96a1dd201524332c24c98a7e,2020-05-22,2020-05-22 07:29:00,VI,78,69,0,1343,29,45,61,6,0,,0,,,,,,1412,29
f8897bcb4269086c9eec1b19d84e9a704e2fec41,2020-05-22,2020-05-22 00:00:00,VT,50,952,2,24781,30,,834,54,0,,0,16,,,,,25733,32
5ea7ac4879c5fb5b16fb1401ab4e2e751e514d7c,2020-05-22,2020-05-21 02:59:00,WA,53,20747,265,316628,5387,,,1044,7,3156,31,332,,,85,,337375,5652
90d2ac53938a09cd8322ddd9cf75ff13007fd009,2020-05-22,2020-05-22 00:00:00,WI,55,14396,511,172703,9465,187,8362,496,9,2259,41,583,133,535,,,187099,9976
3909e533df3899dc532df48bfbccc9a7ef3bc0b1,2020-05-22,2020-05-22 10:00:00,WV,54,1616,23,83213,1665,,983,71,1,,0,47,13,,9,,84829,1688
574b42cbc6570248e20f4510e14aa94bf61e1f5e,2020-05-22,2020-05-21 18:02:00,WY,56,803,16,18621,568,,551,12,1,76,1,10,,,,,19424,584
9adf9355fffb46ea2b689ede313655e2cdda2cf4,2020-05-21,2020-05-21 00:00:00,AK,02,402,0,39143,2500,,356,10,0,,0,19,,,,,39545,2500
a6a23574415dd0d4ad7a70f82ed82705a7cd4839,2020-05-21,2020-05-21 00:00:00,AL,01,13119,375,157620,5914,,,529,12,1528,35,,,526,,311,170739,6289
e2e39ba53a52e279ba2fbec0416b8f34547984b9,2020-05-21,2020-05-21 00:00:00,AR,05,5458,455,93818,2563,,3915,110,3,535,0,78,,,14,101,99276,3018
5209eded58a10c7457e2c0be933292044941e6e7,2020-05-21,2020-05-19 00:00:00,AS,60,0,0,124,0,,,0,0,,0,,,,,,124,0
405a911f2b316e8dd79a5555f2485043796c642c,2020-05-21,2020-05-21 00:00:00,AZ,04,15315,418,156312,5774,,3872,763,16,1830,38,812,299,,197,,171627,6192
5278aba0e8a23f25111b500f08d532d40b6aa5f0,2020-05-21,2020-05-21 00:00:00,CA,06,86197,2140,1334930,38867,,,3542,106,,0,4735,1310,,,,1421127,41007
6a404a77bdc97e0e8d764e80de5ad70d4abd6833,2020-05-21,2020-05-21 00:00:00,CO,08,22797,315,112814,3459,,3532,1299,42,3990,35,613,,,,,135611,3774
e129101b0c4d12e9d7a09d139155273e42eb2738,2020-05-21,2020-05-20 08:30:00,CT,09,39208,191,157239,5538,,6264,3582,53,10946,0,816,,,,,196447,5729
87c4a929b17899b17f77023ec0bc776b14957287,2020-05-21,2020-05-20 00:00:00,DC,11,7788,237,33968,1100,,1061,412,5,,0,336,,,74,,41756,1337
13079fd9d59ba2aacdc98bc5562a06a1aea61c16,2020-05-21,2020-05-20 18:00:00,DE,10,8386,192,39156,1938,,4130,317,7,,0,220,,,,,47542,2130
c57089abc4fd235b5c295c93fb316a9e48b21dac,2020-05-21,2020-05-21 10:09:00,FL,12,48675,1204,765254,41377,1471,,2222,49,9200,266,,,,,,813929,42581
91cec45acaa853977f5c5123a7c1627264994ae5,2020-05-21,2020-05-21 13:00:00,GA,13,40405,758,367326,4033,,,1754,67,7235,128,959,,1642,,,407731,4791
c85e7a3eb8f1939de33b106be46ccee881b25eaa,2020-05-21,2020-05-21 08:00:00,GU,66,165,0,4899,92,,125,5,0,,0,,,,,,5064,92
a5ddcabfbca6819493b02abb460b2fe8cc9b3d1f,2020-05-21,2020-05-20 18:00:00,HI,15,643,2,46506,843,,578,17,0,82,0,,,,,,47149,845
daef9692c51fa6c2d345a807ab8fdcaf2c3c3b5a,2020-05-21,2020-05-21 00:00:00,IA,19,16170,556,100395,5261,,8672,406,18,,0,376,125,,80,,116565,5817
584fbfaf3904369b36541138942447004e04d82a,2020-05-21,2020-05-20 19:00:00,ID,16,2506,30,36382,291,,1688,77,0,221,6,,,91,,,38888,321
787ecc5e8dc058b9b8618bde71e84eae4506ab44,2020-05-21,2020-05-21 00:00:00,IL,17,102686,2268,569334,27039,,,4607,82,,0,4107,1088,,609,,672020,29307
9a6ca4e3566d142bfe8c3d7a1cdc009fcaf1c0ef,2020-05-21,2020-05-20 23:59:00,IN,18,29936,662,173059,6595,,,1913,49,4389,0,1166,409,990,175,,202995,7257
6349dd8e2af58bc512810a96be12068f1aabd2f2,2020-05-21,2020-05-20 10:00:00,KS,20,8539,0,62664,0,,473,178,0,760,0,,,258,,116,71203,0
8ab507c74d077dfa1911437375a963b3fee33827,2020-05-21,2020-05-20 17:00:00,KY,21,8167,98,150505,4588,,2919,376,10,2016,6,474,98,879,,,158672,4686
867e201d5c918f5e0ce90f771668b551ada6b667,2020-05-21,2020-05-21 13:00:00,LA,22,36504,1188,268877,18223,,26249,2629,21,,0,884,,,107,,305381,19411
92f47a3f4dc467bc122767fb0c09613fab8cafa2,2020-05-21,2020-05-21 10:00:00,MA,25,90084,1114,411402,10419,,,6148,82,9040,143,2396,647,,,,501486,11533
c11799e65d387cd78f2ded2e42fdafda58f529f6,2020-05-21,2020-05-21 10:00:00,MD,24,43531,1208,176702,3695,,3099,2221,23,7485,92,1374,526,,,,220233,4903
7d198675bbc27a8bd0f46cea73a7fbfda3cf9797,2020-05-21,2020-05-21 12:00:00,ME,23,1877,58,35450,0,,1145,73,0,235,4,41,21,,12,,37327,58
21016cfe8674f6b36cdcfa240db28e5594938ae4,2020-05-21,2020-05-21 11:00:00,MI,26,53510,501,401230,17167,,28234,5129,69,,0,1054,472,,361,,454740,17668
8782e60a36a955c2f4dc652ec2bbb83d93443857,2020-05-21,2020-05-20 17:00:00,MN,27,18200,530,155356,5688,,12488,818,32,2380,72,566,229,787,,,173556,6218
daf3856b4a47354c35d2298c730a61f8fb83b28b,2020-05-21,2020-05-21 15:00:00,MO,29,11340,108,150752,0,,,661,30,,0,697,,,99,,162092,108
22af2d4192654a868e5833bfc2ca4e04937d3a64,2020-05-21,2020-05-21 00:00:00,MP,69,22,1,4067,271,,13,2,0,,0,,,,,,4089,272
76303361c5727d90b2d23df178d148b237ede5bd,2020-05-21,2020-05-20 19:00:00,MS,28,12222,255,113748,5035,,7681,580,10,1932,31,638,158,,92,,125970,5290
39d3791cd7411e3377a0f1720483a7180f810374,2020-05-21,2020-05-21 00:00:00,MT,30,479,1,30045,797,,440,16,0,65,0,3,,,,,30524,798
46a9e86727bedc28d90bdd736f78b2a4d68a292c,2020-05-21,2020-05-21 13:50:00,NC,37,20860,738,269785,12304,,11637,716,14,,0,578,,,,,290645,13042
3c24bd6bff936fc9f9d9d3de740b0ca081abc2b8,2020-05-21,2020-05-21 01:59:00,ND,38,2229,134,59050,1945,,1340,51,2,144,2,39,,,,,61279,2079
b70b81c8b33b74ef348fad55be502453b9770d22,2020-05-21,2020-05-20 19:55:00,NE,31,11122,276,64518,3229,,,138,6,,0,,,,,,75640,3505
40757875ca3bfcd125b0b72716a7c1b6bc934ed6,2020-05-21,2020-05-20 09:00:00,NH,33,3868,147,48962,1795,1434,1388,190,8,385,2,103,,109,,,52830,1942
3063c928492f0acd124165960fbe630e6ca428b3,2020-05-21,2020-05-21 13:00:00,NJ,34,151472,1073,392802,11858,,24236,10843,96,,0,3208,896,,700,,544274,12931
6cd89de975fbed12c97694d9599cf0928b436dfb,2020-05-21,2020-05-20 18:35:00,NM,35,6317,125,141027,4973,,1985,283,7,1139,0,206,,,,,147344,5098
0bc49f43740c53762f261ff7a0520b1b346a6dac,2020-05-21,2020-05-21 10:30:00,NV,32,7255,89,87127,3122,,339,378,5,,0,410,92,,52,,94382,3211
c201f9a2239ac0c6c39e0dfedc09fa67f64fcd8e,2020-05-21,2020-05-21 00:00:00,NY,36,356458,2088,1198597,47131,,62826,23083,107,87638,179,5187,1695,,1345,,1555055,49219
bc66148e9d1d49c39b8961c4e0c5f15e71e9695c,2020-05-21,2020-05-21 14:00:00,OH,39,30167,731,268911,8819,,,1836,55,5295,97,892,349,1397,258,,299078,9550
653feddca334119060caeb76aacdf26c82cd95a9,2020-05-21,2020-05-21 00:00:00,OK,40,5680,148,143915,5076,,4361,304,5,917,12,201,78,,,,149595,5224
4ef1653629a2a559748c1a86ee57c3fc484360a1,2020-05-21,2020-05-21 11:00:00,OR,41,3817,16,101407,3059,,1406,145,1,732,9,140,40,,14,,105224,3075
eea23856b82ea4b6e9c17c18223121102f4ee40d,2020-05-21,2020-05-21 00:00:00,PA,42,65392,1726,303514,17480,,,4869,245,,0,1654,,,361,,368906,19206
76dd7c28dc902d87eb5f3c69942d17805fe419c6,2020-05-21,2020-05-21 05:54:00,PR,72,2913,47,,0,,,126,1,,0,,13,,7,,2913,47
26542feecbb9ac732bceb71545a943292c6256ac,2020-05-21,2020-05-21 12:00:00,RI,44,13571,215,109796,2624,,1047,556,18,1506,20,254,56,,41,,123367,2839
b53e47c8381b0b3bdcf209d0fbea6707abd97418,2020-05-21,2020-05-20 17:55:00,SC,45,9175,119,129063,3056,,5451,407,8,1444,0,414,,,,,138238,3175
15cfb0deecb54925ff88ea37cab93f6b6504d7b3,2020-05-21,2020-05-21 11:23:00,SD,46,4250,73,27051,839,,3145,48,2,342,9,91,,,,,31301,912
104d06a031ca80e8259f19df767260f9c5c209e7,2020-05-21,2020-05-21 15:00:00,TN,47,18961,429,341622,6141,,12191,313,4,1539,24,,,,,,360583,6570
1d8a4bc67329fd06b3cb9ec58dcac09bbe24309d,2020-05-21,2020-05-20 16:50:00,TX,48,52268,945,687913,18308,,30341,1440,21,,0,1680,,,,,740181,19253
3720a0930ee4f455ca46c174a66168818fdf8d1c,2020-05-21,2020-05-21 10:45:00,UT,49,7874,164,175000,3046,,4596,92,2,647,16,169,,207,,88,182874,3210
9897ed96f9f38b7363719fd451fa98d95f70baae,2020-05-21,2020-05-21 17:00:00,VA,51,34137,1229,184462,4744,490,4778,1099,25,6269,210,1491,351,,191,,218599,5973
36f9505f0bec840fb816658635ecb3ea10747177,2020-05-21,2020-05-20 07:09:00,VI,78,69,0,1314,0,26,61,6,0,,0,,,,,,1383,0
4e02878b5be52d1c871940bec74cdbac39eba893,2020-05-21,2020-05-21 00:00:00,VT,50,950,6,24751,637,,827,54,0,,0,14,,,,,25701,643
b8a9449e455bdae0d11ce574f36cab29b0eb01e8,2020-05-21,2020-05-20 02:59:00,WA,53,20482,186,311241,5612,,,1037,6,3125,3125,242,,,70,,331723,5798
3d0bac6c0f400169332b9007368e157dd99fc52b,2020-05-21,2020-05-21 00:00:00,WI,55,13885,472,163238,8938,220,8012,487,6,2218,57,524,126,526,,,177123,9410
5104a9fc8f05126f5a0a74d6d40401e915e18d6e,2020-05-21,2020-05-21 10:00:00,WV,54,1593,48,81548,2452,,983,70,1,,0,46,12,,9,,83141,2500
4391681540030ff1b94bfdc0fc6cb9ed350b0165,2020-05-21,2020-05-20 16:54:00,WY,56,787,0,18053,0,,534,11,0,75,1,8,,,,,18840,0
9efd52a2e35d0dfeacaa2bef71e90848e17ab3f4,2020-05-20,2020-05-20 00:00:00,AK,02,402,3,36643,662,,352,10,0,,0,16,,,,,37045,665
21c7daa7b839c3ca2a2c4dd22187a4ec60dcc0a2,2020-05-20,2020-05-19 00:00:00,AL,01,12744,368,151706,6516,,,517,13,1493,40,,,524,,309,164450,6884
b9290c8865ec729098b41b060f28b7e89e6f4c05,2020-05-20,2020-05-20 00:00:00,AR,05,5003,80,91255,2477,,3852,107,5,535,0,78,,,14,101,96258,2557
9d73cbe99ede6c9e55ecb85c20dda5644a93e32c,2020-05-20,2020-05-19 00:00:00,AS,60,0,0,124,0,,,0,0,,0,,,,,,124,0
4b101cd702bd84a49bb69aa074148bb019323f58,2020-05-20,2020-05-20 00:00:00,AZ,04,14897,331,150538,3533,,3773,747,43,1792,46,810,298,,208,,165435,3864
3be26cae7c9501012c68d75860f5e81cdca83a76,2020-05-20,2020-05-20 00:00:00,CA,06,84057,2262,1296063,38542,,,3436,102,,0,4681,1345,,,,1380120,40804
c632f5ae88ecb7e53acffe320205666654b4fc55,2020-05-20,2020-05-20 00:00:00,CO,08,22482,280,109355,224,,3478,1257,33,3955,56,626,,,,,131837,504
0c44fafde645fbe7f93d53429a3a1075ef94587c,2020-05-20,2020-05-20 16:00:00,CT,09,39017,587,151701,4611,,6264,3529,57,10946,0,887,,,,,190718,5198
5504fd544dd1900b684e26b8e0990e113aa774d9,2020-05-20,2020-05-19 00:00:00,DC,11,7551,117,32868,928,,1059,407,7,,0,336,,,74,,40419,1045
348de5115feab44ccdab154cf342c08282ee5c2b,2020-05-20,2020-05-19 18:00:00,DE,10,8194,157,37218,1123,,3965,310,6,,0,220,,,,,45412,1280
f3f08664be81ad3a040036602edb19c021b4d559,2020-05-20,2020-05-20 09:42:00,FL,12,47471,527,723877,54966,1357,,2173,44,8934,190,472,232,,,,771348,55493
841a789640369d5d9423cb837ae1938c629a376e,2020-05-20,2020-05-20 13:00:00,GA,13,39647,926,363293,23858,,,1687,23,7107,80,959,,1617,,,402940,24784
9c7cb6fb5329cf0755ecc80d2731a209e0b75d03,2020-05-20,2020-05-20 06:30:00,GU,66,165,11,4807,134,,125,5,0,,0,,,,,,4972,145
4cfe8ef84aa65ebf07c8c24331556a798b51c6ae,2020-05-20,2020-05-19 18:00:00,HI,15,641,1,45663,1280,,578,17,0,82,0,,,,,,46304,1281
04cf1afb6fda043ecd64addaf7fb96645a3ddc68,2020-05-20,2020-05-20 00:00:00,IA,19,15614,265,95134,2835,,8362,388,16,,0,381,126,,84,,110748,3100
dce8ebc74b8abc9d8e413ed85da24d63be847106,2020-05-20,2020-05-19 19:00:00,ID,16,2476,21,36091,477,,1668,77,3,215,2,,,89,,,38567,498
baf31af6da09542188c1755d0bfa558ed2d7d1c6,2020-05-20,2020-05-20 00:00:00,IL,17,100418,2388,542295,18641,,,4525,146,,0,3914,1005,,554,,642713,21029
b025200e307ecd24fa0c0b410168e9c895cac4f3,2020-05-20,2020-05-19 23:59:00,IN,18,29274,569,166464,5839,,,1864,40,4389,0,1288,431,990,197,,195738,6408
7cfec77514de473f9dc31c7e732183272b605f7d,2020-05-20,2020-05-20 10:00:00,KS,20,8539,199,62664,4014,,473,178,5,760,20,,,258,,116,71203,4213
94427e7321573b317423f0a1d3ef9ebea40ea1ad,2020-05-20,2020-05-19 17:00:00,KY,21,8069,0,145917,0,,2826,366,0,2010,30,443,269,875,,,153986,0
ffa67bbeebfa6249dfa61b24ed5ad1c4be698bed,2020-05-20,2020-05-20 13:00:00,LA,22,35316,278,250654,7619,,26249,2608,27,,0,931,,,110,,285970,7897
1152c7ef19f45bfcf3cd22f6d18ee2937fb94dcf,2020-05-20,2020-05-20 10:00:00,MA,25,88970,1045,400983,11968,,,6066,128,8897,131,2518,675,,,,489953,13013
e118afa77b7fffd2035227fc15cae7cde3aab6ef,2020-05-20,2020-05-20 10:00:00,MD,24,42323,777,173007,5895,,2993,2198,34,7393,194,1410,539,,,,215330,6672
e9a1d7370acdfa0577e5fa82b874acd267df85ba,2020-05-20,2020-05-20 12:30:00,ME,23,1819,78,35450,13358,,1100,73,0,231,6,43,24,,12,,37269,13436
405b7c0510d932ce41c5e812d121c77f559881e4,2020-05-20,2020-05-20 11:00:00,MI,26,53009,659,384063,13509,,28234,5060,43,,0,1066,492,,332,,437072,14168
eebea09c052927518bf179c08162e724d1e1697f,2020-05-20,2020-05-19 17:00:00,MN,27,17670,641,149668,4862,,12227,786,29,2308,87,550,212,773,,,167338,5503
ec51b237cecdf854b12ff09d55db319ee7bd1eb5,2020-05-20,2020-05-20 15:00:00,MO,29,11232,152,150752,7722,,,631,15,,0,546,,,103,,161984,7874
bd023f5fdb88c227f038fe038a09f2e26a2d8f8f,2020-05-20,2020-05-20 00:00:00,MP,69,21,0,3796,0,,13,2,0,,0,,,,,,3817,0
8ecdbb5fbea908e58165ad3ff2e7381733df3178,2020-05-20,2020-05-19 19:00:00,MS,28,11967,263,108713,2657,,7681,570,16,1901,61,644,157,,89,,120680,2920
0b630a138715434b80b722bd7e6f8746e6164e84,2020-05-20,2020-05-20 00:00:00,MT,30,478,7,29248,769,,440,16,0,65,0,3,,,,,29726,776
cb93cb3534f073add4789c257eb48211286979a8,2020-05-20,2020-05-20 12:15:00,NC,37,20122,422,257481,12173,,11637,702,11,,0,554,,,,,277603,12595
8364c1759eaefc8342e09bd9e596829739a58619,2020-05-20,2020-05-20 01:59:00,ND,38,2095,101,57105,1368,,1302,49,4,142,7,38,,,,,59200,1469
8e7bd3fd2d76b874abbc275dcf5b860cc93312ac,2020-05-20,2020-05-19 19:00:00,NE,31,10846,221,61289,1930,,,132,7,,0,,,,,,72135,2151
a2027abd61b3beb483c68e2ea9577e130810daa5,2020-05-20,2020-05-19 09:00:00,NH,33,3721,69,47167,1345,861,1275,182,10,383,15,105,,109,,,50888,1414
afaeaf934fa6bad53406fd6f1e49cf48a2bf232d,2020-05-20,2020-05-20 13:00:00,NJ,34,150399,1386,380944,9775,,23945,10747,161,,0,3405,969,,750,,531343,11161
0cffaf843e8b59851fe5f73f030650fcfe5178cf,2020-05-20,2020-05-20 14:25:00,NM,35,6192,96,136054,4530,,1882,276,6,1139,253,204,,,,,142246,4626
56477906fd4dad3a9c67eec2e776ec56bc5f3a96,2020-05-20,2020-05-20 09:00:00,NV,32,7166,120,84005,3496,,336,373,8,,0,437,107,,60,,91171,3616
20784aef735a3a7885ada18415d3d8a6fbaca60b,2020-05-20,2020-05-20 00:00:00,NY,36,354370,1525,1151466,36572,,61886,22976,133,87459,290,5570,1836,,1421,,1505836,38097
2431d9e49df6d3813b493d30746582349c8d0c13,2020-05-20,2020-05-20 14:00:00,OH,39,29436,484,260092,11442,,,1781,61,5198,81,902,333,1369,248,,289528,11926
eab627871da39d2f42e25cadd9307f632fd64d05,2020-05-20,2020-05-20 00:00:00,OK,40,5532,43,138839,5181,,4266,299,5,905,8,209,92,,,,144371,5224
f1e94608a16f95a2bbce5aee66198406853b9e55,2020-05-20,2020-05-20 11:00:00,OR,41,3801,75,98348,2354,,1406,144,4,723,9,152,42,,17,,102149,2429
912103a7ad27d77c986d9b92c70c93025b02ad2f,2020-05-20,2020-05-19 00:00:00,PA,42,63666,0,286034,0,,,4624,0,,0,1818,,,377,,349700,0
a09373488b8fc9fce494d67c5c40b63750a6a3c1,2020-05-20,2020-05-20 06:30:00,PR,72,2866,61,,0,,,125,1,,0,,20,,5,,2866,61
8afc27f910a17886c4231d876af91276d719ab32,2020-05-20,2020-05-20 12:00:00,RI,44,13356,405,107172,2877,,1030,538,6,1486,22,257,58,,45,,120528,3282
96f3aeba8fdd45911434f100da574592dc3dbc5d,2020-05-20,2020-05-19 16:00:00,SC,45,9056,0,126007,0,,5451,399,0,1444,0,,,,,,135063,0
ab28b275f6eef41814e1086d1f096f93f766f312,2020-05-20,2020-05-19 18:00:00,SD,46,4177,92,26212,588,,3023,46,0,333,6,81,,,,,30389,680
5e9105c70ff07810c48d1eef61ece1038281ed89,2020-05-20,2020-05-20 15:00:00,TN,47,18532,154,335481,7736,,11783,309,4,1515,17,,,,,,354013,7890
0705b3d53cea23670124c94e0dfe4449f744d5d0,2020-05-20,2020-05-19 16:50:00,TX,48,51323,1411,669605,19371,,30341,1419,50,,0,1791,,,,,720928,20782
546dc1b242767ce13604a123fb38944fe557396c,2020-05-20,2020-05-20 10:15:00,UT,49,7710,192,171954,2161,,4423,90,2,631,12,144,,200,,87,179664,2353
e69311f018d554c8636dc04f76ae87b15e926aa1,2020-05-20,2020-05-19 17:00:00,VA,51,32908,763,179718,9074,518,4523,1074,33,6059,291,1536,370,,202,,212626,9837
1d891218f90b6fa361060311c1ce8f20f07b9ebf,2020-05-20,2020-05-20 07:09:00,VI,78,69,0,1314,16,26,61,6,0,,0,,,,,,1383,16
1090118f30d66ecc632d29c15dcc60209bbc1f71,2020-05-20,2020-05-20 00:00:00,VT,50,944,0,24114,0,,824,54,0,,0,15,,,,,25058,0
da662b81c38108eaee92b01ab1eaadd90a15746a,2020-05-20,2020-05-19 02:59:00,WA,53,20296,230,305629,7026,,,1031,29,,0,168,52,,,,325925,7256
24092dc4441042ed8c3c88757db736e32d4e1403,2020-05-20,2020-05-20 00:00:00,WI,55,13413,528,154300,6063,211,7728,481,14,2161,51,609,129,515,,,167713,6591
bddb3d259192e8d189d43d4914d24408fb4da4dc,2020-05-20,2020-05-20 10:00:00,WV,54,1545,36,79096,2304,,950,69,1,,0,58,16,,9,,80641,2340
d9e1c534a5ca9a1f7e07573e4b152ff0d9f27bea,2020-05-20,2020-05-20 16:15:00,WY,56,787,21,18053,969,,528,11,1,74,1,9,,,,,18840,990
a6ad82fa5e7beedfd95a292989d10f6436ed202b,2020-05-19,2020-05-19 00:00:00,AK,02,399,0,35981,769,,348,10,0,,0,16,,,,,36380,769
c00560dbe5a80fc8f22728625bc354662934d6e5,2020-05-19,2020-05-18 00:00:00,AL,01,12376,290,145190,153,,,504,15,1453,37,,,517,,306,157566,443
eac617da8544f387184ee8cfb9065e06440f2d3f,2020-05-19,2020-05-19 00:00:00,AR,05,4923,110,88778,8352,,3739,102,2,535,5,78,,,14,101,93701,8462
85c98dec76f067b81a243fa7578fa4713cddbe65,2020-05-19,2020-05-19 00:00:00,AS,60,0,0,124,19,,,0,0,,0,,,,,,124,19
e9b7cacaf216899d9b6f6834ac9ab3f64af381bb,2020-05-19,2020-05-19 00:00:00,AZ,04,14566,396,147005,4702,,3693,704,18,1746,29,792,318,,201,,161571,5098
fd1b9b383fe93fa11b065dd89ae7e043a0f6c3e6,2020-05-19,2020-05-19 00:00:00,CA,06,81795,1365,1257521,45279,,,3334,32,,0,4363,1307,,,,1339316,46644
5f7295615201d5f279101882dd64b6585c39833c,2020-05-19,2020-05-17 00:00:00,CO,08,22202,264,109131,2574,,3431,1224,9,3899,27,626,,,,,131333,2838
6905c808c55b5dd7f6802fe9c8a619377c560a40,2020-05-19,2020-05-18 19:00:00,CT,09,38430,314,147090,7527,,6264,3472,23,10946,0,914,,,,,185520,7841
c7a7a321f5491858a55aea35ab7711d2e14c2750,2020-05-19,2020-05-18 00:00:00,DC,11,7434,164,31940,1385,,1040,400,8,,0,375,,,77,,39374,1549
c31fa29d7d88cc7183089c71b4316318028bf23d,2020-05-19,2020-05-18 18:00:00,DE,10,8037,168,36095,1506,,3760,304,7,,0,236,,,,,44132,1674
e762f6d83d5b88a26d08b2cab9cf05b6c6ef8b28,2020-05-19,2020-05-19 10:31:00,FL,12,46944,502,668911,38941,1369,,2129,56,8744,191,472,232,,,,715855,39443
af5c4531f065c5bca7b531fd1321a3d771fd528a,2020-05-19,2020-05-19 13:00:00,GA,13,38721,640,339435,13227,,,1664,22,7027,111,986,,1589,,,378156,13867
32109a47b77cb339b384b6488cb85f1c00985c1d,2020-05-19,2020-05-19 05:45:00,GU,66,154,0,4673,104,,126,5,0,,0,,,,,,4827,104
7485da41f21906aa2c996e20d39a5cfeade9c452,2020-05-19,2020-05-17 00:00:00,HI,15,640,0,44383,2978,,574,17,0,82,0,,,,,,45023,2978
f62d7d45c5b28042713ee46aba2e2ea584eeb044,2020-05-19,2020-05-19 00:00:00,IA,19,15349,394,92299,4106,,8130,372,17,,0,383,126,,83,,107648,4500
2715b63e61f9345672b240e8fffe244b3b299142,2020-05-19,2020-05-18 19:00:00,ID,16,2455,36,35614,1361,,1649,74,1,213,0,,,89,,,38069,1397
8824936964620335bc8a95e8a24866b0063df6a9,2020-05-19,2020-05-19 00:00:00,IL,17,98030,1545,523654,16898,,,4379,145,,0,4002,993,,576,,621684,18443
04c7f9098710ca2393c0940411026894eaad7c86,2020-05-19,2020-05-18 23:59:00,IN,18,28705,450,160625,4968,,,1824,59,4389,0,1268,421,990,206,,189330,5418
0a81216e3e69ba5baa3a2149af77862ac78fa28a,2020-05-19,2020-05-18 10:00:00,KS,20,8340,0,58650,0,,465,173,0,740,0,,,250,,115,66990,0
07e800326afff6269033d8b4d597785579b52c4c,2020-05-19,2020-05-19 17:00:00,KY,21,8069,381,145917,23920,,2826,366,32,1980,84,447,277,866,,,153986,24301
475d43e198e2b784e6aad3e44f043499cb66ae7f,2020-05-19,2020-05-19 13:00:00,LA,22,35038,329,243035,7996,,26249,2581,18,,0,1004,,,112,,278073,8325
8538e43a472845495ff7f0a3171bc8cea4c302fb,2020-05-19,2020-05-19 10:00:00,MA,25,87925,1915,389015,14199,,,5938,141,8766,227,2472,672,,,,476940,16114
0045c5bdfd47890f6b9e1194ce08ab3fe0eff334,2020-05-19,2020-05-19 10:00:00,MD,24,41546,1784,167112,5368,,2868,2164,42,7199,113,1421,537,,,,208658,7152
7a27c4b08a5dc3e04ee0285ad8f819ae152e5bad,2020-05-19,2020-05-19 11:30:00,ME,23,1741,28,22092,0,,1088,73,2,225,2,44,19,,11,,23833,28
f136b1b3c9d2902c525df2e40aa79f24497d91a2,2020-05-19,2020-05-19 11:00:00,MI,26,52350,435,370554,12291,,28234,5017,102,,0,1079,486,,351,,422904,12726
0d9010fe3ae768bf2e36d33566cee585fd287df6,2020-05-19,2020-05-18 17:00:00,MN,27,17029,657,144806,4572,,11540,757,17,2221,93,545,229,750,,,161835,5229
f70c0287fd2f8b6b817b8a4d34b82ffb05c421e3,2020-05-19,2020-05-19 15:00:00,MO,29,11080,135,143030,2637,,,616,11,,0,721,,,103,,154110,2772
90686c7d18f04939c1a670dd60e3d8d2a21dc54b,2020-05-19,2020-05-19 00:00:00,MP,69,21,0,3796,397,,13,2,0,,0,,,,,,3817,397
e11f9a1c5cd36fcad64b03119f40d1ccabec667e,2020-05-19,2020-05-18 19:00:00,MS,28,11704,272,106056,1721,,7681,554,26,1840,35,611,153,,87,,117760,1993
3f138967abf059aec14538f0e2092aa16beb8716,2020-05-19,2020-05-19 00:00:00,MT,30,471,1,28479,782,,437,16,0,65,1,5,,,,,28950,783
f20c2747e2a032ac7051f996a9b6e6b3e4ffa6fb,2020-05-19,2020-05-19 14:00:00,NC,37,19700,677,245308,8576,,11637,691,30,,0,585,,,,,265008,9253
1b2af1bad3fc246014bd58e14ed4d63751f7aafa,2020-05-19,2020-05-19 13:00:00,ND,38,1994,63,55737,1107,,1269,45,1,135,2,32,,,,,57731,1170
bbae76bf80fa358b7de364d855afb848679b3f9e,2020-05-19,2020-05-18 20:00:00,NE,31,10625,277,59359,2206,,,125,2,,0,,,,,,69984,2483
460f5d3bbf0560c34c961028a643d9670b0a8dc6,2020-05-19,2020-05-18 09:00:00,NH,33,3652,56,45822,4540,874,1269,172,0,368,9,109,,109,,,49474,4596
4ea7864360b409aa276dc95dafb441c6dc6bb2c3,2020-05-19,2020-05-19 13:00:00,NJ,34,149013,974,371169,13639,,23657,10586,151,,0,3481,977,,789,,520182,14613
ba9fc50a5e3f581797ed55d9f27f3a66635af6c2,2020-05-19,2020-05-18 18:05:00,NM,35,6096,158,131524,4209,,1796,270,5,886,0,213,,,,,137620,4367
01cffefd42587f87e3653212249c45ec1ad7c12c,2020-05-19,2020-05-19 10:00:00,NV,32,7046,140,80509,5583,,334,365,15,,0,405,106,,54,,87555,5723
3064cbe6ebe2dd52dc9d64b1ec0c6918a9e9082f,2020-05-19,2020-05-19 00:00:00,NY,36,352845,1474,1114894,26708,,61886,22843,114,87169,268,5818,1836,,1481,,1467739,28182
c295eabcd27ba0b88e15a4096ce6beeb317a4111,2020-05-19,2020-05-19 14:00:00,OH,39,28952,498,248650,5255,,,1720,63,5117,119,913,365,1357,234,,277602,5753
484867393bc4d2dd9e7e3eea41212f31100259a6,2020-05-19,2020-05-19 00:00:00,OK,40,5489,91,133658,15496,,4135,294,6,897,12,167,77,,,,139147,15587
791af43829b176104ed4b711152ed57f3afdac02,2020-05-19,2020-05-19 11:00:00,OR,41,3726,39,95994,2366,,1406,140,2,714,6,137,43,,13,,99720,2405
2e587ead27993ddf42cd9798a807858a3676c71d,2020-05-19,2020-05-18 00:00:00,PA,42,63666,610,286034,8481,,,4624,119,,0,1861,,,380,,349700,9091
e62ab7200c7db4d0b57c28cb7f4d678ff8cb9d46,2020-05-19,2020-05-19 05:52:00,PR,72,2805,95,,0,,,124,0,,0,,20,,8,,2805,95
213e74cd14e9d5cc20113674da3a05ae77744619,2020-05-19,2020-05-19 12:00:00,RI,44,12951,156,104295,1706,,1023,532,26,1464,26,247,59,,44,,117246,1862
b2c99f0febf7510a7c77760533f55b5cf71e9e1c,2020-05-19,2020-05-19 16:00:00,SC,45,9056,114,126007,3390,,5451,399,8,1444,23,,,,,,135063,3504
c265dec0a9d8d895b3b17d5f289daf2c313ec7ae,2020-05-19,2020-05-18 18:00:00,SD,46,4085,58,25624,606,,2914,46,2,327,11,75,,,,,29709,664
fe7064ce593860b3c574a21194af6899d6f05450,2020-05-19,2020-05-19 15:00:00,TN,47,18378,367,327745,8328,,10969,305,4,1498,9,,,,,,346123,8695
fc186ccd782242be4007c7d95899cca26d7076c5,2020-05-19,2020-05-19 16:50:00,TX,48,49912,1219,650234,19082,,29359,1369,22,,0,1732,,,,,700146,20301
6d35e9effb84e36791c26154e4e1ea0fe3d25420,2020-05-19,2020-05-18 10:29:00,UT,49,7518,134,169793,3155,,4275,88,8,619,24,96,,197,,84,177311,3289
9282844da0ca8f7e88d4079207d305e6f838a42d,2020-05-19,2020-05-18 17:00:00,VA,51,32145,1005,170644,5558,473,4271,1041,27,5768,159,1497,377,,199,,202789,6563
e7d05a304bcc8655840453bc1a087283a27e84cf,2020-05-19,2020-05-19 06:34:00,VI,78,69,0,1298,20,17,61,6,0,,0,,,,,,1367,20
5107201b890c3a0567f63fcd98882426713b9932,2020-05-19,2020-05-19 00:00:00,VT,50,944,0,24114,567,,820,54,0,,0,24,,,,,25058,567
43751add6d773ea6f6e688a48da6b8f16d170214,2020-05-19,2020-05-18 02:59:00,WA,53,20066,238,298603,8121,,,1002,1,,0,168,52,,,,318669,8359
3982425eaef4ef55967d8299c9746344dfc9513d,2020-05-19,2020-05-19 00:00:00,WI,55,12885,198,148237,3735,211,7371,467,8,2110,42,609,129,503,,,161122,3933
c5336b50fa69147c32d828563dd25217d9a6b6a3,2020-05-19,2020-05-19 10:00:00,WV,54,1509,18,76792,2248,,922,68,1,,0,54,18,,9,,78301,2266
f56a93e3d8eeb796756d2e2b51ae7308813517a5,2020-05-19,2020-05-18 00:00:00,WY,56,766,12,17084,753,,504,10,2,73,0,8,,,,,17850,765
36bf634404434cb7603a58eef4f8135eac62d152,2020-05-18,2020-05-18 00:00:00,AK,02,399,3,35212,957,,345,10,0,,0,9,,,,,35611,960
969f637926d2634b628b65788965a1d89f5ddc65,2020-05-18,2020-05-18 00:00:00,AL,01,12086,315,145037,458,,,489,1,1416,24,,,512,,302,157123,773
a52890f1a0bead99c1caea9ed488d81c1127a805,2020-05-18,2020-05-18 00:00:00,AR,05,4813,54,80426,0,,3645,100,2,530,10,77,,,12,101,85239,54
a86ea4f4470146cde1f918292b23123499ac8640,2020-05-18,2020-05-10 00:00:00,AS,60,0,0,105,0,,,0,0,,0,,,,,,105,0
2777deae62acccc27718041264fb70e2fb979e01,2020-05-18,2020-05-18 00:00:00,AZ,04,14170,233,142303,4479,,3570,686,6,1717,18,820,329,,200,,156473,4712
1ad5275a25aff3b5ace36ff400a426870728ac59,2020-05-18,2020-05-17 00:00:00,CA,06,80430,1591,1212242,55838,,,3302,41,,0,4391,1325,,,,1292672,57429
e2d6fadc786d5e724c02d3b796676e75161cd3d4,2020-05-18,2020-05-16 00:00:00,CO,08,21938,305,106557,2642,,3346,1215,23,3872,6,650,,,,,128495,2947
00767c92c4b93ad979dd258dd33443033cae006e,2020-05-18,2020-05-17 20:30:00,CT,09,38116,697,139563,6375,,6264,3449,41,10946,0,920,,,,,177679,7072
c83d2eb9abec2b7f017a3bb07e5b619435d044b2,2020-05-18,2020-05-17 00:00:00,DC,11,7270,147,30555,1152,,1028,392,9,,0,374,,,70,,37825,1299
fc00f1ce9c5aa86829b88321c51a86e5744c9faa,2020-05-18,2020-05-17 18:00:00,DE,10,7869,199,34589,1394,,3545,297,7,,0,240,,,,,42458,1593
39aba49bb04f8cb069ed709a92015862d5562b07,2020-05-18,2020-05-18 09:28:00,FL,12,46442,854,629970,23766,1346,,2073,24,8553,75,472,232,,,,676412,24620
100e22538af8be86436c518d78087d884c013610,2020-05-18,2020-05-18 13:00:00,GA,13,38081,380,326208,12734,,,1642,36,6916,126,1025,,1565,,,364289,13114
c39f6eab49fdba2d0ada136f3282edd080532d07,2020-05-18,2020-05-16 04:30:00,GU,66,154,0,4569,119,,126,5,0,,0,,,,,,4723,119
948eaa1e2b9ee9547b23b735b7629d6b7177e810,2020-05-18,2020-05-17 00:00:00,HI,15,640,1,41405,370,,573,17,0,82,0,,,,,,42045,371
baf568915bda404f318eee5777749dd8c7eb2acb,2020-05-18,2020-05-17 13:00:00,IA,19,14955,304,88193,2603,,7324,355,4,,0,382,121,,85,,103148,2907
a895223377a98b890aeae58fd33fb4fb55bf60fa,2020-05-18,2020-05-16 19:00:00,ID,16,2419,0,34253,0,,1612,73,0,213,0,,,89,,,36672,0
979522606c741430601c383baa3f8eaa42cfab9b,2020-05-18,2020-05-18 00:59:00,IL,17,96485,2294,506756,19003,,,4234,57,,0,4120,1096,,636,,603241,21297
864cad4d1851f0d5216453d087ab09e1bf89e971,2020-05-18,2020-05-17 23:59:00,IN,18,28255,477,155657,6192,,,1765,14,4389,0,1244,426,990,212,,183912,6669
868066a96ff0e40b53eb098e6605e9103ede22b8,2020-05-18,2020-05-18 10:00:00,KS,20,8340,454,58650,4944,,465,173,1,740,16,,,250,,115,66990,5398
9b4e78215a46b1b6b77d9ad3365fa0d95a0ed6ea,2020-05-18,2020-05-16 17:19:00,KY,21,7688,0,121997,0,,2768,334,0,1896,0,381,218,797,,,129685,0
c06f3fda85210dc58b47699f73858d8340caf59f,2020-05-18,2020-05-18 13:00:00,LA,22,34709,277,235039,4301,,26249,2563,72,,0,1031,,,118,,269748,4578
3208e87c03a7b99acd0a1ada9815613f9eabd145,2020-05-18,2020-05-17 10:00:00,MA,25,86010,0,374816,0,,,5797,0,8539,0,2597,702,,,,460826,0
963018c19346b8f45ef268520574d85c463a7509,2020-05-18,2020-05-18 10:00:00,MD,24,39762,958,161744,5622,,2817,2122,32,7086,93,1447,555,,,,201506,6580
be2c9e931c64af27cfbf29e40372d2967500b04d,2020-05-18,2020-05-18 12:15:00,ME,23,1713,26,22092,0,,1053,71,1,223,7,42,16,,10,,23805,26
7d8322c9d565930d878967f001452389cd32d974,2020-05-18,2020-05-18 11:00:00,MI,26,51915,773,358263,12447,,28234,4915,24,,0,1075,473,,418,,410178,13220
eb436de28100d102d3bf818b94044c29118916e5,2020-05-18,2020-05-17 17:00:00,MN,27,16372,704,140234,5317,,10764,740,9,2128,38,488,229,731,,,156606,6021
6f643476497ad9dfc26bcc3dc678837959c3b6db,2020-05-18,2020-05-18 15:00:00,MO,29,10945,156,140393,4927,,,605,11,,0,570,,,91,,151338,5083
a18c17af37294c435b62cd58fc0a98fbca6a1129,2020-05-18,2020-05-18 00:00:00,MP,69,21,0,3399,81,,12,2,0,,0,,,,,,3420,81
5188e6716fb5162a125ace2fff1bd7cc170eec79,2020-05-18,2020-05-17 19:00:00,MS,28,11432,136,104335,2505,,7681,528,7,1805,32,559,141,,75,,115767,2641
dfa46e5d03e837924c7fb49b3a1dd6631fc3cd39,2020-05-18,2020-05-18 00:00:00,MT,30,470,2,27697,1280,,434,16,0,64,1,4,,,,,28167,1282
dc5c08bf851addfec02c6dbffea43a440eb7f752,2020-05-18,2020-05-18 11:00:00,NC,37,19023,511,236732,6300,,11637,661,2,,0,511,,,,,255755,6811
2c569d3f26e35aeaf55f5b049630dfc8ade1dcd0,2020-05-18,2020-05-18 13:00:00,ND,38,1931,31,54630,1309,,1219,44,1,133,3,32,,,,,56561,1340
8b898e9b2329a4455d0762b42db25e76127c150c,2020-05-18,2020-05-17 20:00:00,NE,31,10348,128,57153,1733,,,123,0,,0,,,,,,67501,1861
ef90963ab801108938da98944e41ce4c65df78aa,2020-05-18,2020-05-18 09:00:00,NH,33,3596,40,41282,86,1481,1268,172,1,359,12,114,,109,,,44878,126
3a3b080235a263b04e0594fc7b7a24739be696f3,2020-05-18,2020-05-18 13:00:00,NJ,34,148039,1705,357530,16299,,23496,10435,79,,0,3509,1053,,819,,505569,18004
1eb4ccd2fd715156da3e186d829eaa9ddf80d382,2020-05-18,2020-05-17 17:29:00,NM,35,5938,81,127315,4588,,1755,265,6,886,0,211,,,,,133253,4669
b968a2a64c06ef2da7664450e9afcdb1a3ae588b,2020-05-18,2020-05-18 11:00:00,NV,32,6906,49,74926,1146,,355,350,1,,0,423,105,,65,,81832,1195
8359cc20b80339c33c6291a2c35d3c891f7a7c83,2020-05-18,2020-05-18 00:00:00,NY,36,351371,1250,1088186,24911,,61681,22729,110,86901,326,5840,1908,,1538,,1439557,26161
773f0bc9466014bc1d0996bed32e4ea878569f05,2020-05-18,2020-05-18 14:00:00,OH,39,28454,531,243395,6856,,,1657,32,4998,77,912,367,1328,247,,271849,7387
4ede1e9bacbd28161e75e84694edb7ed8f569950,2020-05-18,2020-05-18 00:00:00,OK,40,5398,88,118162,0,,4008,288,0,885,5,76,45,,,,123560,88
c06542be320e79a93e9ea6ed246c43fdc17bf416,2020-05-18,2020-05-18 11:00:00,OR,41,3687,64,93628,2895,,1406,138,1,708,5,137,43,,13,,97315,2959
dafc959c723ddf5700c45ca0e61a4a5fd9f334c7,2020-05-18,2020-05-18 00:00:00,PA,42,63056,822,277553,6883,,,4505,87,,0,1885,,,397,,340609,7705
3e955a89f98c8c5919fe3f620c3c7dc2c16e7cdc,2020-05-18,2020-05-18 06:30:00,PR,72,2710,64,,0,,,124,1,,0,,17,,4,,2710,64
f1038e43cfc879b49dd9f509126fbcb0a5fb74fb,2020-05-18,2020-05-18 12:00:00,RI,44,12795,121,102589,2713,,1012,506,7,1438,20,236,62,,46,,115384,2834
d8eaec9e5d5dd8b2ee7aace23f1e7dcbdfdaea34,2020-05-18,2020-05-18 16:15:00,SC,45,8942,126,122617,10947,,5076,391,11,1421,0,,,,,,131559,11073
8cf0f681e76812eeaff3814048a915b436e76308,2020-05-18,2020-05-18 11:30:00,SD,46,4027,40,25018,446,,2784,44,0,316,4,77,,,,,29045,486
e2f1db716b6f97ff13bbe6c2088cb588cb90f3d4,2020-05-18,2020-05-18 15:00:00,TN,47,18011,623,319417,11525,,9886,301,3,1489,7,,,,,,337428,12148
ca760b80962fa49317a038e77bf8bf75f2e149ae,2020-05-18,2020-05-18 16:25:00,TX,48,48693,909,631152,28581,,28371,1347,11,,0,1551,,,,,679845,29490
76b60537b15644eab023341a2ed42c1b2a208874,2020-05-18,2020-05-18 10:29:00,UT,49,7384,146,166638,3124,,4183,80,0,595,9,179,,197,,84,174022,3270
9c792b56b545e75d8c3a8b4e9c1c3ac22f49cef8,2020-05-18,2020-05-17 17:00:00,VA,51,31140,752,165086,5113,530,4107,1014,5,5609,92,1502,361,,194,,196226,5865
e3bf0fd9b582fd7c9fa1dd3662c3ac952704ffc6,2020-05-18,2020-05-17 18:35:00,VI,78,69,0,1278,0,45,61,6,0,,0,,,,,,1347,0
9adf45f218907b30d9bf220950fa02714b4750ad,2020-05-18,2020-05-18 00:00:00,VT,50,944,4,23547,573,,815,54,0,,0,22,,,,,24491,577
a8f0bcb118e0c2eebe5a3e98461ccfcf7277ff0e,2020-05-18,2020-05-17 02:59:00,WA,53,19828,275,290482,7884,,,1001,1,,0,168,52,,,,310310,8159
65728420b682e64fab3ed6906cf4bfa4a18875b8,2020-05-18,2020-05-18 00:00:00,WI,55,12687,144,144502,4828,194,6786,459,6,2068,30,574,128,496,,,157189,4972
c39f9b1e70974e90b800c6347d0ede66b38e040f,2020-05-18,2020-05-18 10:00:00,WV,54,1491,1,74544,544,,919,67,0,,0,48,11,,7,,76035,545
7067200f7b398e2a2859c9015f513c8a54b9289b,2020-05-18,2020-05-17 00:00:00,WY,56,754,0,16331,0,,498,8,0,73,3,8,,,,,17085,0
5cea590ec94a14074a6e615a68d603df672d92a0,2020-05-17,2020-05-17 00:00:00,AK,02,396,4,34255,1366,,344,10,0,,0,13,,,,,34651,1370
ecb4f8b34fc109457d612059cbbe68314d6383ab,2020-05-17,2020-05-16 00:00:00,AL,01,11771,248,144579,2608,,,488,3,1392,5,,,504,,296,156350,2856
706b47673639ecb02fd1e2d05342a62f97748d76,2020-05-17,2020-05-17 00:00:00,AR,05,4759,181,80426,3360,,3590,98,0,520,0,65,,,9,101,85185,3541
25d4b7b79d46201392af658dd18df435eedfffb5,2020-05-17,2020-05-10 00:00:00,AS,60,0,0,105,0,,,0,0,,0,,,,,,105,0
a0861b2fe43dc4255dc5cbe75d4ed864ab87e865,2020-05-17,2020-05-17 00:00:00,AZ,04,13937,306,137824,4667,,3450,680,1,1699,16,796,337,,201,,151761,4973
667389a3bcf822fd3098035c00a2a0c3b57c0859,2020-05-17,2020-05-17 00:00:00,CA,06,78839,2046,1156404,54071,,,3261,57,,0,4291,1293,,,,1235243,56117
d24b68fc5148e0406ff945b3a2471c97c67f6fab,2020-05-17,2020-05-15 00:00:00,CO,08,21633,401,103915,3307,,3346,1192,42,3866,24,650,,,,,125548,3708
ed7ce6b16b0ef7be4a54329ce86d5819c988563d,2020-05-17,2020-05-16 20:30:00,CT,09,37419,716,133188,5136,,6264,3408,69,10946,0,937,,,,,170607,5852
eb11f483b1cb9f4bdd865f4242ad6e6b342155f5,2020-05-17,2020-05-16 00:00:00,DC,11,7123,81,29403,913,,1023,383,8,,0,369,,,74,,36526,994
80d55f67b9ae895a3d50b0e07bd9e801394ec12b,2020-05-17,2020-05-17 11:57:00,DE,10,7670,123,33195,984,,3478,290,4,,0,229,,,,,40865,1107
5f37dbbb7398a1b104b2d8aab108b39ac3972c8b,2020-05-17,2020-05-17 10:08:00,FL,12,45588,777,606204,20968,1479,,2049,9,8478,85,472,232,,,,651792,21745
43b2cb019fe7f02af30295ea9c9a75b7f1c06ae9,2020-05-17,2020-05-17 13:00:00,GA,13,37701,554,313474,29552,,,1606,14,6790,55,1010,,1557,,,351175,30106
32fcfcc7528e00c51e675b43fc5cc9bbf922c72b,2020-05-17,2020-05-16 04:30:00,GU,66,154,0,4450,85,,126,5,0,,0,,,,,,4604,85
0a4f38118d2ee65dede3b95f023056aefdd63421,2020-05-17,2020-05-16 18:00:00,HI,15,639,1,41035,790,,572,17,0,82,1,,,,,,41674,791
c9145acc0ea868a0fd234443af42098c22019a08,2020-05-17,2020-05-16 13:00:00,IA,19,14651,323,85590,3618,,7154,351,5,,0,376,124,,85,,100241,3941
0e307d08fef9dfdb9c74c60e4c431b06cb7e8f87,2020-05-17,2020-05-16 19:00:00,ID,16,2419,30,34253,954,,1612,73,0,213,0,,,89,,,36672,984
0d7ee29c281aae5e2be99ea7fc3ef305c8dfda84,2020-05-17,2020-05-17 00:00:00,IL,17,94191,1734,487753,18561,,,4177,48,,0,4190,1144,,735,,581944,20295
fd3975af19e855775da7a88becfce79fc3adc0ba,2020-05-17,2020-05-16 23:59:00,IN,18,27778,498,149465,5387,,,1751,10,4389,0,1246,441,990,205,,177243,5885
b4644cbea72b836c0ccec1f044aa7b6da8c43e4f,2020-05-17,2020-05-15 10:00:00,KS,20,7886,0,53706,0,,443,172,0,724,0,,,246,,112,61592,0
30a7c1709dd8b748651eb0531ae74b38b41f2ff3,2020-05-17,2020-05-16 17:19:00,KY,21,7688,244,121997,1707,,2768,334,2,1896,0,381,218,797,,,129685,1951
d77b7cb4bd5607e3937e8eaf9842340f6ea0f3af,2020-05-17,2020-05-17 13:00:00,LA,22,34432,315,230738,5113,,22608,2491,12,,0,1019,,,111,,265170,5428
b8c572a2dbb733ccaf055f2aa51e70302ef2d0b8,2020-05-17,2020-05-17 10:00:00,MA,25,86010,1077,374816,11660,,,5797,92,8539,83,2597,702,,,,460826,12737
5fe669ae3b45a7682fbe9f155957629c22f76ecf,2020-05-17,2020-05-17 10:00:00,MD,24,38804,836,156122,3915,,2816,2090,50,6993,238,1460,562,,,,194926,4751
211ded2e36a61561971169670509a07dd1d1592e,2020-05-17,2020-05-17 11:30:00,ME,23,1687,39,22092,0,,1028,70,0,216,2,37,16,,11,,23779,39
7bae5750141d7d3252ca21e5df12aa36ff71eaba,2020-05-17,2020-05-16 11:00:00,MI,26,51142,638,345816,38399,,28234,4891,11,,0,1114,488,,434,,396958,39037
d283cca3a17dd44b301608bd0b4839eb569b1e67,2020-05-17,2020-05-16 17:00:00,MN,27,15668,699,134917,6605,,10175,731,22,2090,51,487,221,716,,,150585,7304
3a3f356b1ae8861a82dbbb65873b1fb2ec64894a,2020-05-17,2020-05-17 15:00:00,MO,29,10789,114,135466,6801,,,594,5,,0,775,,,116,,146255,6915
8d4c45a1018390340f13065ae803fc1846543937,2020-05-17,2020-05-16 00:00:00,MP,69,21,0,3318,0,,12,2,0,,0,,,,,,3339,0
b89eabbb51eb68d13bc0bb00d94728de20c52e46,2020-05-17,2020-05-16 19:00:00,MS,28,11296,173,101830,4477,,6268,521,11,1773,25,608,158,,81,,113126,4650
98166117254a2d07e4023bab3f78d93269926b17,2020-05-17,2020-05-17 00:00:00,MT,30,468,0,26417,794,,431,16,0,63,0,3,,,,,26885,794
091b66673394a80ae7fd21b2874c8957bfb47f69,2020-05-17,2020-05-17 11:00:00,NC,37,18512,530,230432,9828,,9115,659,7,,0,493,,,,,248944,10358
e789c8b70fc96843baa68be22b4b35564460ed2b,2020-05-17,2020-05-17 13:00:00,ND,38,1900,52,53321,1682,,1178,43,1,130,0,30,,,,,55221,1734
c9631ea8f7d4f15b32bdceda7a4ad2fa68807b4c,2020-05-17,2020-05-16 18:15:00,NE,31,10220,448,55420,5214,,,123,4,,0,,,,,,65640,5662
d0cc069542eb06b66b09036f80004ae878e855ae,2020-05-17,2020-05-16 09:00:00,NH,33,3556,92,41196,1984,1216,1258,171,12,347,12,115,,109,,,44752,2076
5da89be2dfb16413850b2c525cfd8398f4d80115,2020-05-17,2020-05-17 13:00:00,NJ,34,146334,1245,341231,11096,,23299,10356,107,,0,3411,1030,,819,,487565,12341
573ecddd461dd45a4be234362217fc7de31e6dbb,2020-05-17,2020-05-16 18:05:00,NM,35,5857,195,122727,3931,,1739,259,6,886,0,208,,,,,128584,4126
09b49617a3e129f72cdcc65897da3faa5f96d8d8,2020-05-17,2020-05-17 11:00:00,NV,32,6857,195,73780,6778,,272,349,4,,0,423,105,,65,,80637,6973
3c67b3a69bafb615b9fbb1b4e6e6c7a8ea14d635,2020-05-17,2020-05-17 00:00:00,NY,36,350121,1889,1063275,32790,,61381,22619,141,86575,368,5897,1981,,1601,,1413396,34679
57d01a9c4586ece8c08cec0d42debbd105432358,2020-05-17,2020-05-17 14:00:00,OH,39,27923,449,236539,17311,,,1625,15,4921,51,914,343,1305,230,,264462,17760
6127824528f0c980117f69357e9b3e3371872787,2020-05-17,2020-05-17 00:00:00,OK,40,5310,73,118162,0,,3983,288,0,880,2,180,73,,,,123472,73
7038c926736b764fc0e64d816ef2637604797030,2020-05-17,2020-05-17 11:00:00,OR,41,3623,11,90733,2146,,1406,137,0,703,4,156,37,,16,,94356,2157
c7059c159d7ac01a6f132b38747573c930d5a0ee,2020-05-17,2020-05-17 00:00:00,PA,42,62234,623,270670,4445,,,4418,15,,0,1821,,,422,,332904,5068
007d978d0089f7bfd1a4c7e10cfc6bb1e1f4ed93,2020-05-17,2020-05-17 05:51:00,PR,72,2646,57,,0,,,123,1,,0,,24,,5,,2646,57
33e0bd5dd6560210057520a10c635a4961435d91,2020-05-17,2020-05-17 12:00:00,RI,44,12674,240,99876,3830,,972,499,10,1418,15,260,64,,45,,112550,4070
97246fb09a3257df7c6364f7f3c7032ce5463456,2020-05-17,2020-05-16 17:25:00,SC,45,8816,409,111670,10461,,5076,380,0,1421,0,,,,,,120486,10870
d6098f0b9a615234c79d8db00aaf6f453349dbef,2020-05-17,2020-05-16 18:00:00,SD,46,3987,28,24572,355,,2724,44,0,312,8,77,,,,,28559,383
1c3950370a649d6ad9ee4bf3b3db4888010bc5a4,2020-05-17,2020-05-17 15:00:00,TN,47,17388,100,307892,4979,,9652,298,3,1482,8,,,,,,325280,5079
5f35611f5553faedcc97ed3d973bd8d3256ed597,2020-05-17,2020-05-17 16:15:00,TX,48,47784,785,602571,10831,,27570,1336,31,,0,1512,,,,,650355,11616
e908adf15e6aa30c8fd368354a1cbfb1558598e9,2020-05-17,2020-05-17 12:04:00,UT,49,7238,170,163514,3808,,4075,80,2,586,8,181,,196,,84,170752,3978
b44d86dedda4672370375a7af70f62f6566af809,2020-05-17,2020-05-16 17:00:00,VA,51,30388,705,159973,4088,527,3993,1009,7,5517,103,1524,379,,195,,190361,4793
1c0699460c0cf7afa642dfd98df5b28b24f21f8d,2020-05-17,2020-05-16 18:35:00,VI,78,69,0,1278,84,45,61,6,0,,0,,,,,,1347,84
0de42f432a1b7679184d2a146320b5481b29a0ab,2020-05-17,2020-05-17 00:00:00,VT,50,940,0,22974,777,,810,54,1,,0,14,,,,,23914,777
d076ac9f36dac3f60e7cc7bd01a832f611191e95,2020-05-17,2020-05-17 00:00:00,WA,53,19553,146,282598,1778,,,1000,8,,0,168,52,,,,302151,1924
c4b761b43ce5054c5df26b57683871dba80792a1,2020-05-17,2020-05-17 00:00:00,WI,55,12543,356,139674,5468,182,6542,453,0,2038,20,543,129,494,,,152217,5824
ac0d06ba94536187542bc3c0a1a295b018a3df57,2020-05-17,2020-05-17 17:00:00,WV,54,1490,33,74000,2064,,919,67,3,,0,48,11,,7,,75490,2097
7e29425280b2c195f74af0ee9a734d32d800bbf2,2020-05-17,2020-05-16 15:07:00,WY,56,754,38,16331,653,,498,8,1,70,1,8,,,,,17085,691
ed861001f29342927364684b080f9e8f117e1cfa,2020-05-16,2020-05-16 00:00:00,AK,02,392,4,32889,859,,344,10,0,,0,10,,,,,33281,863
883a18c3b30dd51c07ef8fc0dca163fc0f7345f6,2020-05-16,2020-05-16 00:00:00,AL,01,11523,307,141971,7124,,,485,9,1387,10,,,501,,295,153494,7431
83966e441153539ff4deb7493526345876098cd3,2020-05-16,2020-05-15 16:20:00,AR,05,4578,115,77066,0,,3472,98,0,520,0,65,,,10,101,81644,115
3acc7edf020e4e1d5afdf30a085438da539fce5f,2020-05-16,2020-05-10 00:00:00,AS,60,0,0,105,0,,,0,0,,0,,,,,,105,0
c1c8f13a52163c8ec0131521ac3cb440f93762b0,2020-05-16,2020-05-16 00:00:00,AZ,04,13631,462,133157,4325,,3357,679,28,1683,54,791,344,,210,,146788,4787
938344f01c7841af0c3b1f3c788dec0714814e51,2020-05-16,2020-05-16 00:00:00,CA,06,76793,1857,1102333,43363,,,3204,96,,0,4424,1313,,,,1179126,45220
99d3fafe1e3b6ddc19a4a585242f9245b8a75d1d,2020-05-16,2020-05-14 00:00:00,CO,08,21232,394,100608,3416,,3312,1150,59,3842,53,671,,,,,121840,3810
f7db72c0de1e7d8c95740718a358472139787c93,2020-05-16,2020-05-15 20:15:00,CT,09,36703,618,128052,8229,,6264,3339,54,10946,0,994,,,,,164755,8847
a16795d4c853cfa4ebcb148d852fe1aa99a1d8f4,2020-05-16,2020-05-15 00:00:00,DC,11,7042,171,28490,1022,,998,375,7,,0,382,,,79,,35532,1193
9dc622fa40a1d651c24af15d90302fbc33b614ec,2020-05-16,2020-05-15 18:00:00,DE,10,7547,174,32211,1306,,3367,286,15,,0,250,,,,,39758,1480
8d640e7a0f6e1e6316fbd92bee5f8e952f1840a9,2020-05-16,2020-05-16 10:02:00,FL,12,44811,1601,585236,19609,1676,,2040,49,8393,400,472,232,,,,630047,21210
aa7b48339631a02c081cbdd15e3f4eab066b0773,2020-05-16,2020-05-16 13:00:00,GA,13,37147,466,283922,18729,,,1592,35,6735,297,1005,,1554,,,321069,19195
c818c298cb63d8a880317281f26894c0c834fa41,2020-05-16,2020-05-16 04:30:00,GU,66,154,0,4365,4,,126,5,0,,0,,,,,,4519,4
b57c382c65f033591400114afd76a6cf427b0b77,2020-05-16,2020-05-15 18:00:00,HI,15,638,1,40245,2106,,565,17,0,81,0,,,,,,40883,2107
4351144fd2717d0d69e1e732c68bb9285df11db2,2020-05-16,2020-05-15 00:00:00,IA,19,14328,279,81972,2455,,6927,346,10,,0,387,128,,83,,96300,2734
bbccd4ca113902b7e1eb482aa3ae9b6b5565fa5a,2020-05-16,2020-05-15 19:00:00,ID,16,2389,38,33299,905,,1588,73,1,213,1,,,89,,,35688,943
878795e2aa9573763989ddad36e923e56def1a3a,2020-05-16,2020-05-16 00:00:00,IL,17,92457,2088,469192,20959,,,4129,71,,0,4306,1135,,653,,561649,23047
29c104e4770d555bba9d9a50b4c589fe33daeabe,2020-05-16,2020-05-15 23:59:00,IN,18,27280,625,144078,5285,,,1741,50,4389,0,1274,426,990,199,,171358,5910
7a932eac8c0535e4aa89d8070848857ef9f7ff3e,2020-05-16,2020-05-15 10:00:00,KS,20,7886,0,53706,0,,443,172,0,724,0,,,246,,112,61592,0
33cac9494ec1f31e974bed1acd252b76124a7792,2020-05-16,2020-05-15 17:00:00,KY,21,7444,219,120290,6237,,2739,332,4,1896,9,381,218,797,,,127734,6456
80cdaaafeb22e7fa70e64c9e278a7137b0a22903,2020-05-16,2020-05-16 13:00:00,LA,22,34117,280,225625,6273,,22608,2479,31,,0,1028,,,123,,259742,6553
b97a9132640ee4a3a8e6ef93e0dec7d7519fd333,2020-05-16,2020-05-16 10:00:00,MA,25,84933,1512,363156,10898,,,5705,113,8456,142,2692,747,,,,448089,12410
809123b2621f5e7c7f5da2e636fcc30bef45e8ba,2020-05-16,2020-05-16 10:00:00,MD,24,37968,982,152207,6367,,2806,2040,49,6755,76,1500,598,,,,190175,7349
fd8e2cc4510baeab89f3eb3fe187065670d0ba78,2020-05-16,2020-05-16 12:00:00,ME,23,1648,45,22092,0,,1012,70,1,214,3,37,19,,10,,23740,45
1065ab603f5fa32a563d1b67c146dfe4e6d7b32e,2020-05-16,2020-05-16 11:00:00,MI,26,50504,425,307417,0,,28234,4880,55,,0,1256,532,,440,,357921,425
0a6b550190276a72548bb9a7c0e9e29881903936,2020-05-16,2020-05-15 17:00:00,MN,27,14969,729,128312,7883,,9571,709,17,2039,54,493,225,700,,,143281,8612
de2e719659248cf1d508879247bf2dab3d4311ef,2020-05-16,2020-05-16 15:00:00,MO,29,10675,219,128665,4663,,,589,13,,0,775,,,116,,139340,4882
8d312daed2b783fb021c2ea718c2164d1c3659b5,2020-05-16,2020-05-16 00:00:00,MP,69,21,2,3318,12,,12,2,0,,0,,,,,,3339,14
8922345fe897b5c96f9963c97d795a29a0a3d0b5,2020-05-16,2020-05-15 19:00:00,MS,28,11123,322,97353,1331,,6268,510,17,1748,36,641,170,,81,,108476,1653
9c14eb9987d99c5b328e6ce4b7a80529aa87ce3f,2020-05-16,2020-05-16 00:00:00,MT,30,468,2,25623,671,,431,16,0,63,0,3,,,,,26091,673
a3d7fe58a12a1119cc5b1f7f517ef94e3dbb1021,2020-05-16,2020-05-16 11:00:00,NC,37,17982,853,220604,6186,,9115,652,11,,0,481,,,,,238586,7039
1bc32fafac2ebd45c27af1081d530a0002725633,2020-05-16,2020-05-16 13:00:00,ND,38,1848,87,51639,1685,,1111,42,0,130,0,33,,,,,53487,1772
8c5565e97cc4698f70b4e57f5f1ec434780b7536,2020-05-16,2020-05-15 15:45:00,NE,31,9772,356,50206,2407,,,119,6,,0,,,,,,59978,2763
1daefe12174eb50977b25d32a53a4db86ceda038,2020-05-16,2020-05-15 09:00:00,NH,33,3464,0,39212,64,1401,1254,159,0,335,0,110,,109,,,42676,64
7fb5f29e286d57d898770910b56a215dfb0243da,2020-05-16,2020-05-16 13:00:00,NJ,34,145089,1184,330135,11068,,22939,10249,111,,0,3564,1061,,846,,475224,12252
106853c1de29e2b33a27360445f355d457f8d075,2020-05-16,2020-05-15 18:01:00,NM,35,5662,159,118796,4698,,1671,253,11,886,0,223,,,,,124458,4857
b17c329637878e44119010ba5d957d825bfafd0d,2020-05-16,2020-05-16 12:00:00,NV,32,6662,48,67002,1470,,272,345,6,,0,423,105,,65,,73664,1518
2b207d71e30024a3d3b69306f2d8a0fd1c615ec2,2020-05-16,2020-05-16 00:00:00,NY,36,348232,2419,1030485,38250,,60796,22478,174,86207,425,6220,2077,,1674,,1378717,40669
c1efa7467ad55388f81b32ed160605e47579ef20,2020-05-16,2020-05-16 14:00:00,OH,39,27474,520,219228,0,,,1610,29,4870,79,866,366,1277,251,,246702,520
328e09361b73735a7ca79457073491daf1d1958a,2020-05-16,2020-05-16 00:00:00,OK,40,5237,151,118162,5056,,3945,288,3,878,15,180,73,,,,123399,5207
277a73ea8c5bbbdafc6d1900c886c767fde6ebed,2020-05-16,2020-05-16 11:00:00,OR,41,3612,71,88587,2622,,1406,137,0,699,8,153,48,,16,,92199,2693
86d74f5397710a00116373b80c93f85d463b5e28,2020-05-16,2020-05-16 00:00:00,PA,42,61611,989,266225,7015,,,4403,61,,0,1873,,,429,,327836,8004
7007d978f922d4d8a59fd1ca03f48ed06be83b58,2020-05-16,2020-05-16 04:59:00,PR,72,2589,47,,0,,,122,0,,0,161,15,,5,,2589,47
d07658fedef4cc7352a08f5ab15347fef3fc9692,2020-05-16,2020-05-16 12:00:00,RI,44,12434,215,96046,3287,,947,489,10,1403,31,273,66,,44,,108480,3502
8662edec2aaae7bd3cf6f5739e62c0f77fcfb970,2020-05-16,2020-05-15 16:00:00,SC,45,8407,0,101209,0,,5076,380,0,1421,0,,,,,,109616,0
72dc2e2ff180753654e35fd87362dbf36e045b54,2020-05-16,2020-05-15 18:00:00,SD,46,3959,72,24217,690,,2673,44,0,304,8,75,,,,,28176,762
d36d2fcbac910d81c909e33603c0deda2cb2b742,2020-05-16,2020-05-16 15:00:00,TN,47,17288,318,302913,10127,,9529,295,5,1474,20,,,,,,320201,10445
f0b78ded712b51d697665de5f771a1d9cbafcb9b,2020-05-16,2020-05-15 16:15:00,TX,48,46999,1801,591740,27308,,26601,1305,33,,0,1791,,,,,638739,29109
ce2eb05cc8606869c0b64da3bd1b37c0f6e4fc57,2020-05-16,2020-05-16 10:21:00,UT,49,7068,155,159706,3401,,3896,78,1,578,12,168,,194,,84,166774,3556
021b20b19e46568a390d522a1ecea80acd9f0fab,2020-05-16,2020-05-15 17:00:00,VA,51,29683,1011,155885,6543,485,3909,1002,25,5414,98,1505,381,,189,,185568,7554
5e7c7d79dcb9364aa2ecf80affaec03ef4beb059,2020-05-16,2020-05-14 19:04:00,VI,78,69,0,1194,0,37,61,6,0,,0,,,,,,1263,0
6c9cb7290d3675c3724c4282efd77f8b2c7a48ec,2020-05-16,2020-05-16 00:00:00,VT,50,940,8,22197,960,,804,53,0,,0,20,,,,,23137,968
1cc05e70a08143543dc0ec1e653ec387b1f5b1a2,2020-05-16,2020-05-16 00:00:00,WA,53,19407,183,280820,2857,,,992,9,,0,331,90,,,,300227,3040
ddd56d97dbbd3763cd10734e349a214a28d3ad32,2020-05-16,2020-05-16 00:00:00,WI,55,12187,502,134206,5549,189,6542,453,8,2018,41,546,127,488,,,146393,6051
b8eb448031f7c2f5723ff98c3a8a8d2c00168d91,2020-05-16,2020-05-16 10:00:00,WV,54,1457,16,71936,2441,,889,64,2,,0,55,13,,6,,73393,2457
5873767d4d62a67321e82a6e637178729783452e,2020-05-16,2020-05-15 16:20:00,WY,56,716,1,15678,371,,496,7,0,69,1,8,,,,,16394,372
75032d6ff9cb1f6e76468113da533f5de7f923c6,2020-05-15,2020-05-14 00:00:00,AK,02,388,1,32030,655,,343,10,0,,0,8,,,,,32418,656
e1bb201fd5fb5cf9577160e95a2f97d9ecdfbbe1,2020-05-15,2020-05-15 00:00:00,AL,01,11216,248,134847,3830,,,476,9,1377,27,,,497,,293,146063,4078
c370f5e458f7f060f62df38c466d99c9f3d1cf63,2020-05-15,2020-05-15 16:20:00,AR,05,4463,227,77066,5484,,3390,98,1,520,11,65,,,9,101,81529,5711
f43abfa2eb5ae0145f18e88651403bfc9939f58c,2020-05-15,2020-05-10 00:00:00,AS,60,0,0,105,0,,,0,0,,0,,,,,,105,0
9a988047a906de0ad282d26baabcdb563387982c,2020-05-15,2020-05-15 00:00:00,AZ,04,13169,495,128832,7168,,3145,651,27,1629,-7,808,313,,222,,142001,7663
f78c2fbb40a4a0d7a8908d68b507b013d4bbad5b,2020-05-15,2020-05-14 00:00:00,CA,06,74936,1772,1058970,27483,,,3108,76,,0,4519,1324,,,,1133906,29255
b3c3104b0031ea7df2128b30d356b400f0302df6,2020-05-15,2020-05-13 00:00:00,CO,08,20838,363,97192,3148,,3217,1091,29,3789,54,685,,,,,118030,3511
fd66a7db5fff06ed04b40b2e5fb2b3298f832465,2020-05-15,2020-05-14 20:30:00,CT,09,36085,621,119823,5725,,6264,3285,66,10946,0,1033,,,,,155908,6346
185e1f8b0d9de213162af687f3618f26147748b7,2020-05-15,2020-05-14 00:00:00,DC,11,6871,135,27468,1205,,975,368,10,,0,393,,,90,,34339,1340
7f500f7fddb3b77d1136f8e095afee217fb504d0,2020-05-15,2020-05-14 18:00:00,DE,10,7373,150,30905,1271,,3210,271,11,,0,269,,,,,38278,1421
05f76837800d63af325323f76891a56c4b5ab553,2020-05-15,2020-05-14 12:33:00,FL,12,43210,0,565627,0,1228,,1991,43,7993,0,472,232,,,,608837,0
6efb177b0b0a8fd712ab6dbefb3839f88b26991a,2020-05-15,2020-05-15 13:00:00,GA,13,36681,823,265193,15170,,,1557,30,6438,93,,,1534,,,301874,15993
fbd3afea18dbd8dd021c66fc56de733a3360a480,2020-05-15,2020-05-15 04:45:00,GU,66,154,1,4361,135,,124,5,0,,0,,,,,,4515,136
7d4ff3029f6e111ca9cbee4791bd2bcbc8b6ece6,2020-05-15,2020-05-14 18:00:00,HI,15,637,-1,38139,-104,,564,17,0,81,0,,,,,,38776,-105
91b241ca3825c1a2710c53e17edc9d85c5826600,2020-05-15,2020-05-14 00:00:00,IA,19,14049,374,79517,3898,,6561,336,18,,0,387,130,,87,,93566,4272
7faf526e164c079a167137fad2a701ceda9580e5,2020-05-15,2020-05-14 19:00:00,ID,16,2351,27,32394,964,,1573,72,3,212,0,,,89,,,34745,991
2c90eed731ab9b2ad26dbde4907e62e8ed4ba57b,2020-05-15,2020-05-15 00:00:00,IL,17,90369,2432,448233,24133,,,4058,130,,0,4367,1129,,675,,538602,26565
b202e07acdb723b74761bd17f4658746b0db94f7,2020-05-15,2020-05-14 23:59:00,IN,18,26655,602,138793,4607,,,1691,45,4389,0,1294,492,990,213,,165448,5209
f819733c3d20c7a10eca192e3f2aca0992329cc9,2020-05-15,2020-05-15 10:00:00,KS,20,7886,418,53706,3546,,443,172,8,724,20,,,246,,112,61592,3964
dbab649562c18b9fcc7cd035c330e8317003601b,2020-05-15,2020-05-14 17:00:00,KY,21,7225,145,114053,3738,,2712,328,2,1887,52,385,220,794,,,121278,3883
4afaa72379780ce5e28447b1e2a4a3902622867e,2020-05-15,2020-05-15 13:00:00,LA,22,33837,348,219352,5253,,22608,2448,31,,0,1091,,,132,,253189,5601
6f9e8f18e23ebe172ce7ddaa8445bc1f29df2fec,2020-05-15,2020-05-14 10:00:00,MA,25,83421,1239,352258,10079,,,5592,110,8314,107,2767,749,,,,435679,11318
9032e8db3756baccde44c359a7ad198dfe7be612,2020-05-15,2020-05-15 10:00:00,MD,24,36986,1083,145840,3289,,2685,1991,56,6679,126,1496,598,,,,182826,4372
f3d006b56840dfca770defb4b28b126d1cd59c75,2020-05-15,2020-05-15 12:00:00,ME,23,1603,38,22092,0,,993,69,0,211,4,35,16,,8,,23695,38
3a471ccb09767068aeb9d1df8a490a0724462fa0,2020-05-15,2020-05-14 11:00:00,MI,26,50079,497,307417,21116,,22686,4825,38,,0,1256,532,,440,,357496,21613
760cbbc1c1e69e7ccf1f6a5dfc4b911b66880a6b,2020-05-15,2020-05-14 17:00:00,MN,27,14240,805,120429,5112,,8820,692,29,1985,70,498,200,679,,,134669,5917
1a09b8f8e73bde99b1f6649f737d81e554bfed8c,2020-05-15,2020-05-15 15:00:00,MO,29,10456,139,124002,7209,,,576,14,,0,812,,,120,,134458,7348
eab57746ffe4564c24d21d57d44a74ea796943ce,2020-05-15,2020-05-15 00:00:00,MP,69,19,0,3306,0,,12,2,0,,0,,,,,,3325,0
f5b618f892f81cf69acd60a15320fa0781f43525,2020-05-15,2020-05-14 19:00:00,MS,28,10801,318,96022,1179,,6268,493,13,1712,45,573,172,,81,,106823,1497
133fff4606847086c1a1e6a2ec65e2fd06b5ce35,2020-05-15,2020-05-15 00:00:00,MT,30,466,4,24952,865,,431,16,0,63,0,3,,,,,25418,869
73e3df6340eaa8963bf70a6e6d94fa6848d18880,2020-05-15,2020-05-15 11:00:00,NC,37,17129,622,214418,11657,,9115,641,26,,0,492,,,,,231547,12279
a0edc809190b8f694a43f22cd7b40563150d981d,2020-05-15,2020-05-15 13:00:00,ND,38,1761,114,49954,1355,,1071,42,2,130,1,35,,,,,51715,1469
667dd2d42b44ab505c1efb3e38e4dce3583c86e1,2020-05-15,2020-05-14 15:45:00,NE,31,9416,341,47799,3533,,,113,6,,0,,,,,,57215,3874
c393a32e8e27a545f812dad17096775ac5914e2a,2020-05-15,2020-05-14 09:00:00,NH,33,3464,165,39148,3272,543,1247,159,9,335,9,115,,109,,,42612,3437
b407e2b5afdccc4b1fefbffe7d51693b94cc1590,2020-05-15,2020-05-15 13:00:00,NJ,34,143905,1201,319067,10075,,15642,10138,192,,0,3823,1127,,865,,462972,11276
db4f94a54e4535c6921504d4875c25feadf4e787,2020-05-15,2020-05-14 17:55:00,NM,35,5503,139,114098,4451,,1576,242,11,886,0,209,,,,,119601,4590
1e95ee4ab6a7a793c9aeb3edbc17f4738fa0525e,2020-05-15,2020-05-15 12:00:00,NV,32,6614,115,65532,2547,,272,339,8,,0,425,115,,73,,72146,2662
7257e612df386e90afeee27c81c5bf29ce616af4,2020-05-15,2020-05-14 00:00:00,NY,36,345813,2762,992235,36529,,60302,22304,134,85782,328,6394,2156,,1774,,1338048,39291
61eeb2ba83fbd10db058d8f588129d7ec797f0b1,2020-05-15,2020-05-15 14:00:00,OH,39,26954,597,219228,12233,,,1581,47,4791,73,944,370,1277,260,,246182,12830
1da849dab1870077074d77a3a56a2a361678cd5e,2020-05-15,2020-05-15 00:00:00,OK,40,5086,124,113106,5885,,3801,285,1,863,5,215,98,,,,118192,6009
91b361f53b63e30b59581b5a827f72fb53233852,2020-05-15,2020-05-15 11:00:00,OR,41,3541,62,85965,5394,,1406,137,0,691,6,161,46,,19,,89506,5456
d1795ce16913ab833b9419574a0bdbea12bbb440,2020-05-15,2020-05-15 00:00:00,PA,42,60622,986,259210,7651,,,4342,124,,0,1934,,,431,,319832,8637
46f64c2e91efea664980fd66b543e586eb7822d9,2020-05-15,2020-05-15 05:51:00,PR,72,2542,115,,0,,,122,5,,0,147,18,,3,,2542,115
88bc99ccc9ac26ed201a8a59a4a8a9b4f20a3204,2020-05-15,2020-05-15 12:00:00,RI,44,12219,203,92759,3174,,919,479,11,1372,21,272,63,,41,,104978,3377
fa2adc06c1b43916877c58c2bcdfbfbbcbde9405,2020-05-15,2020-05-15 16:00:00,SC,45,8407,218,101209,6863,,5076,380,9,1421,83,,,,,,109616,7081
bc4d2bb944c53b03c4cd41a45a4fc6b18c7e2a6f,2020-05-15,2020-05-14 18:00:00,SD,46,3887,95,23527,846,,2574,44,1,296,6,80,,,,,27414,941
1a6b0c5431bf537891f50a6df710bdb0c41179da,2020-05-15,2020-05-15 15:00:00,TN,47,16970,271,292786,7168,,9280,290,3,1454,19,,,,,,309756,7439
d521feea71c577df390798dda5fd9ebc5f0ee03f,2020-05-15,2020-05-15 16:15:00,TX,48,45198,1347,564432,20970,,25454,1272,56,,0,1716,,,,,609630,22317
d58c8b93d52b5826e806024ac2a8bbb7687b342b,2020-05-15,2020-05-15 10:27:00,UT,49,6913,164,156305,2935,,3719,77,2,566,8,161,,190,,83,163218,3099
979f9229c47145a993b5760bc7254f71a11b9b8b,2020-05-15,2020-05-14 17:00:00,VA,51,28672,859,149342,10325,458,3805,977,22,5316,105,1511,362,,195,,178014,11184
9fa1ef8ea65f512f9d99e8d71eb21f49b0031448,2020-05-15,2020-05-14 19:04:00,VI,78,69,0,1194,30,37,61,6,0,,0,,,,,,1263,30
e98dc54cf6a4cbd7f4055183d3321a3035eed447,2020-05-15,2020-05-15 00:00:00,VT,50,932,1,21237,740,,796,53,0,,0,17,,,,,22169,741
9580e4122d1e5ca2a4accd3a3e5c995ed33e5f2e,2020-05-15,2020-05-15 00:00:00,WA,53,19224,209,277963,6295,,,983,8,,0,374,114,,,,297187,6504
dc929fdbe82522b221efcc9a8a7a118b697ce0da,2020-05-15,2020-05-15 00:00:00,WI,55,11685,410,128657,6059,191,6250,445,11,1977,38,548,113,485,,,140342,6469
21c75b3c8ae985b2e1ac177e6ba86e2233805c44,2020-05-15,2020-05-15 10:00:00,WV,54,1441,14,69495,2209,,870,62,2,,0,57,15,,8,,70936,2223
94bab5aec041f985412aa65be77ce20a084d3c7d,2020-05-15,2020-05-14 00:00:00,WY,56,715,14,15307,578,,487,7,0,68,1,8,,,,,16022,592
4eab6ded55bc9915d80d1c03d748b287789f3c65,2020-05-14,2020-05-14 00:00:00,AK,02,387,4,31375,1109,,339,10,0,,0,12,,,,,31762,1113
e518f09979f834a6ab6188251dbc96976011a763,2020-05-14,2020-05-14 00:00:00,AL,01,10968,351,131017,5262,,,467,18,1350,33,,,489,,291,141985,5613
d707778542e59bf8bdae754e3045a1350a591dfd,2020-05-14,2020-05-14 08:20:00,AR,05,4236,72,71582,2531,,3277,97,2,509,12,64,,,13,100,75818,2603
b534eba14af2900222bc3d82ffdb4d1f3c75d89f,2020-05-14,2020-05-10 00:00:00,AS,60,0,0,105,0,,,0,0,,0,,,,,,105,0
d38c310ab23ebfd48c5956d6740651a329c56bbf,2020-05-14,2020-05-14 00:00:00,AZ,04,12674,498,121664,6090,,3074,624,30,1636,46,781,323,,201,,134338,6588
4f47e7e46598708ab4e7a11998f77c8030a05c69,2020-05-14,2020-05-14 00:00:00,CA,06,73164,2023,1031487,37036,,,3032,98,,0,4655,1324,,,,1104651,39059
46ae95fb1b392cc9fe45169b23d487814c98d2f3,2020-05-14,2020-05-12 00:00:00,CO,08,20475,318,94044,2951,,3217,1062,53,3735,40,685,,,,,114519,3269
6a3e0d9952f8daed3f10286d12f96a33d427e798,2020-05-14,2020-05-13 20:30:00,CT,09,35464,609,114098,6010,,6264,3219,94,10946,1557,1103,,,,,149562,6619
f6339534ccd55e54893e4d98cb5ce1b81194dade,2020-05-14,2020-05-13 00:00:00,DC,11,6736,152,26263,1189,,966,358,8,,0,397,,,90,,32999,1341
6fad622b444e6a3c2938c99c4007455f21b7db8a,2020-05-14,2020-05-13 18:00:00,DE,10,7223,271,29634,1833,,3080,260,13,,0,273,,,,,36857,2104
f6ee50eb1dc3f84114f5b56d3b216e42b506f03d,2020-05-14,2020-05-14 12:33:00,FL,12,43210,808,565627,13266,1228,,1948,50,7993,158,472,232,,,,608837,14074
fdc57f84cbabd45526753a710fd1146b38240be9,2020-05-14,2020-05-14 13:30:00,GA,13,35858,526,250023,11451,,,1527,22,6345,86,,,1513,,,285881,11977
498f4a5e931f38aec50f0386a1b61045b85e777f,2020-05-14,2020-05-14 05:45:00,GU,66,153,1,4226,116,,124,5,0,,0,,,,,,4379,117
a7ba03cfabc6aacda76d61b783995fd2cf398592,2020-05-14,2020-05-13 18:00:00,HI,15,638,3,38243,513,,563,17,0,81,0,,,,,,38881,516
d40ace0b8220520e23995f399bc901518b2677c3,2020-05-14,2020-05-13 00:00:00,IA,19,13675,386,75619,3189,,6231,318,12,,0,405,134,,93,,89294,3575
4c11555ce7067010e0f8ce06e09d3ed05de78e0f,2020-05-14,2020-05-13 19:00:00,ID,16,2324,31,31430,595,,1557,69,0,212,-2,,,88,,,33754,626
b85b28df553572e840dba1515f062856608f8856,2020-05-14,2020-05-14 00:00:00,IL,17,87937,3239,424100,19439,,,3928,136,,0,4473,1132,,689,,512037,22678
2d03bebf384617b508455ee7e6583895d9a6ff1d,2020-05-14,2020-05-13 23:59:00,IN,18,26053,580,134186,5576,,,1646,27,4389,0,1381,488,990,217,,160239,6156
43c2e24dc75cff03bdb48015674b4e001e57a62c,2020-05-14,2020-05-13 10:00:00,KS,20,7468,0,50160,0,,422,164,0,704,0,,,238,,108,57628,0
1d32c0973a3b5f6d16e4cf00a7666e69d9a78824,2020-05-14,2020-05-13 17:00:00,KY,21,7080,227,110315,6534,,2649,326,5,1835,10,377,215,784,,,117395,6761
aeaaeaf0af5125e626a36b506845aacf83157b03,2020-05-14,2020-05-14 13:00:00,LA,22,33489,827,214099,8857,,22608,2417,36,,0,1193,,,140,,247588,9684
c59731e25402d731b1b3c342903b2146e63a8250,2020-05-14,2020-05-13 10:00:00,MA,25,82182,1685,342179,12644,,,5482,167,8207,175,2859,781,,,,424361,14329
b086ec917012987b9a1da70134172ff2191c848b,2020-05-14,2020-05-14 10:00:00,MD,24,35903,1091,142551,3789,,2569,1935,54,6553,149,1538,569,,,,178454,4880
a41d5456496eda1df9dc476cd8200a41d1ae0202,2020-05-14,2020-05-14 12:30:00,ME,23,1565,50,22092,0,,958,69,3,207,3,37,18,,7,,23657,50
5e721b2837efd1929a6f682615b1560e994cd681,2020-05-14,2020-05-14 11:00:00,MI,26,49582,1191,286301,26432,,22686,4787,73,,0,1330,653,,515,,335883,27623
f0cd42fa48b9e6307070a89d4ad42451c647a047,2020-05-14,2020-05-13 17:00:00,MN,27,13435,518,115317,6199,,8473,663,25,1915,64,498,203,663,,,128752,6717
ec0a452c98048a05f5ee673cc1e837630750e73b,2020-05-14,2020-05-14 15:00:00,MO,29,10317,175,116793,2793,,,562,20,,0,796,,,115,,127110,2968
9470121099b8f385c5efa7a2f6f2736d48b441d4,2020-05-14,2020-05-14 00:00:00,MP,69,19,0,3306,285,,12,2,0,,0,,,,,,3325,285
ae43c813596967cd1c31a54322bb8524391c70cb,2020-05-14,2020-05-13 19:00:00,MS,28,10483,393,94843,4885,,6268,480,15,1667,51,589,131,,72,,105326,5278
0eaff98e5a06b0f97030eb88615a8240717ae4a8,2020-05-14,2020-05-14 00:00:00,MT,30,462,0,24087,697,,431,16,0,63,0,3,,,,,24549,697
b3cb33098039b302e8dc96e76bc51dfc205fef7c,2020-05-14,2020-05-14 11:00:00,NC,37,16507,691,202761,8120,,9115,615,18,,0,507,,,,,219268,8811
988dda7588660986b6c2bbfd6aef2a60b219e440,2020-05-14,2020-05-14 13:00:00,ND,38,1647,0,48599,1301,,1007,40,0,129,2,38,,,,,50246,1301
3cc089f8995a74bf7e90ae9e1b2d4cc46130e4bb,2020-05-14,2020-05-13 20:00:00,NE,31,9075,383,44266,3233,,,107,4,,0,,,,,,53341,3616
8767d44576dbcec116815b320d5e1e255c3fdd87,2020-05-14,2020-05-13 09:00:00,NH,33,3299,60,35876,1899,735,1236,150,8,326,7,126,,97,,,39175,1959
5d8b832ac927d9685e96e816c8cf4aa9c507610f,2020-05-14,2020-05-14 13:00:00,NJ,34,142704,1144,308992,9102,,15642,9946,244,,0,3958,1157,,898,,451696,10246
457079318b12e096c6da374fe7b79fed77f093a4,2020-05-14,2020-05-13 20:20:00,NM,35,5364,152,109647,4570,,1515,231,12,886,0,200,,,,,115011,4722
3f5bf067d4241f08a804d006f1f6201e25448f6e,2020-05-14,2020-05-14 12:00:00,NV,32,6499,105,62985,2707,,244,331,10,,0,515,126,,75,,69484,2812
d14bfdf5faf896239439ace1c1e0737302d5f22b,2020-05-14,2020-05-14 00:00:00,NY,36,343051,2390,955706,37460,,59758,22170,157,85454,446,6706,2223,,1846,,1298757,39850
3644e005d2ed1f03588240d416a244b4964909a1,2020-05-14,2020-05-14 14:00:00,OH,39,26357,636,206995,6862,,,1534,51,4718,100,953,360,1268,253,,233352,7498
2357fae77364b1ac6e69aa04589a2390bd8a1132,2020-05-14,2020-05-14 00:00:00,OK,40,4962,110,107221,2946,,3660,284,6,858,10,217,102,,,,112183,3056
7b2d21d86c78bd1f4c7a5fccf8ca2fc9e19d61ab,2020-05-14,2020-05-14 11:00:00,OR,41,3479,63,80571,0,,1406,137,3,685,7,163,38,,17,,84050,63
47000d40e02bc94b68056f35925fba7cdd0f9b85,2020-05-14,2020-05-14 00:00:00,PA,42,59636,938,251559,7388,,,4218,275,,0,1983,,,446,,311195,8326
49b4505d040e7270d016a27d38d0af8083398461,2020-05-14,2020-05-14 06:30:00,PR,72,2427,98,,0,,,117,2,,0,159,18,,5,,2427,98
d6cb31cf53d8f55e567ad577c4672a35df474128,2020-05-14,2020-05-14 12:00:00,RI,44,12016,181,89585,3498,,903,468,6,1351,23,271,65,,42,,101601,3679
977bb737ecdc7d3900304d03713a452ce8dc3497,2020-05-14,2020-05-14 15:34:00,SC,45,8189,262,94346,9133,,4914,371,16,1338,0,,,,,,102535,9395
07a008f44bde4a07682c2fd7ddf7806bc11d92da,2020-05-14,2020-05-13 18:00:00,SD,46,3792,60,22681,569,,2437,43,4,290,9,85,,,,,26473,629
e9841875615e414b521e8da64accf7b0c9f14686,2020-05-14,2020-05-14 15:00:00,TN,47,16699,329,285618,9071,,8881,287,14,1435,47,,,,,,302317,9400
f8c7ee5457000ad9820269446a6d168cc9593292,2020-05-14,2020-05-14 16:30:00,TX,48,43851,1448,543462,29089,,24487,1216,58,,0,1648,,,,,587313,30537
252d684b33993832223d227141429c3dfc46cdd9,2020-05-14,2020-05-14 10:07:00,UT,49,6749,129,153370,3204,,3566,75,0,558,5,142,,187,,83,160119,3333
2b59bc78b3140314674fafda6076c92e8efd0985,2020-05-14,2020-05-13 17:00:00,VA,51,27813,1067,139017,4371,496,3678,955,28,5211,131,1533,355,,201,,166830,5438
a9a9cdca5c866d6561a6952b2efc86bbadb82d38,2020-05-14,2020-05-13 17:44:00,VI,78,69,0,1164,36,45,61,6,0,,0,,,,,,1233,36
c4a81739e75318658eec04a4f9c9b859b8c79188,2020-05-14,2020-05-14 00:00:00,VT,50,931,1,20497,789,,792,53,0,,0,18,,,,,21428,790
89bb7cbeaf47a7166f73b7e995ee252be1c774d2,2020-05-14,2020-05-14 00:00:00,WA,53,19015,235,271668,5870,,,975,13,,0,365,111,,,,290683,6105
f2fbb092f002aaebe66fef9c485ecb8abcc5868e,2020-05-14,2020-05-14 00:00:00,WI,55,11275,373,122598,5487,169,5994,434,13,1939,31,507,121,478,,,133873,5860
a12429212dc361820ad49a079b1172435f598b8f,2020-05-14,2020-05-14 10:00:00,WV,54,1427,29,67286,2004,,870,60,2,,0,52,9,,5,,68713,2033
4335d8b46a6e59e3d36ff83e5834f6ef9bb9f27a,2020-05-14,2020-05-14 00:00:00,WY,56,701,26,14729,345,,480,7,0,67,0,8,,,,,15430,371
a6e34a8cfc78167a7204f2a0ee21b469142f6118,2020-05-13,2020-05-13 00:00:00,AK,02,383,0,30266,688,,338,10,0,,0,12,,,,,30649,688
b80e7eacf5d97cc62eeb1fb43664dfa01c3de121,2020-05-13,2020-05-13 00:00:00,AL,01,10617,307,125755,2847,,,449,20,1317,30,,,477,,284,136372,3154
8bf200b8cebdb1cedcce97af945a5017e2f1abac,2020-05-13,2020-05-12 18:33:00,AR,05,4164,0,69051,2771,,3220,95,0,497,12,59,,,12,99,73215,2771
02bea5b49cd3a8436eb507f2cebf1ac0c330fee7,2020-05-13,2020-05-10 00:00:00,AS,60,0,0,105,0,,,0,0,,0,,,,,,105,0
f59ff910dbc23d7c9fc5ca873336979d7bcc215d,2020-05-13,2020-05-13 00:00:00,AZ,04,12176,440,115574,4468,,2979,594,32,1590,26,755,292,,191,,127750,4908
b6f6abbc14657f233ede76a4e2124f41dcb4d699,2020-05-13,2020-05-13 00:00:00,CA,06,71141,1759,994451,30463,,,2934,87,,0,4545,1314,,,,1065592,32222
99618ea5c5013ccf1acad227ce902f8d5d447c60,2020-05-13,2020-05-11 00:00:00,CO,08,20157,278,91093,2315,,3171,1009,22,3695,32,688,,,,,111250,2593
d6a9162f53e285205cde9e7ab69cdc01771d4e2e,2020-05-13,2020-05-13 14:00:00,CT,09,34855,522,108088,3997,,5413,3125,84,9389,0,1158,,,,,142943,4519
7d791ca0c0d485f74b67e9393eb9088f6be02546,2020-05-13,2020-05-12 00:00:00,DC,11,6584,99,25074,509,,934,350,14,,0,423,,,82,,31658,608
8d56e0b0ae4a223d63ea951ed1c6827042c7f2f4,2020-05-13,2020-05-12 18:00:00,DE,10,6952,211,27801,1251,,2942,247,10,,0,282,,,,,34753,1462
c6205fb076583b73142e5339080f344688d46c14,2020-05-13,2020-05-13 09:43:00,FL,12,42402,479,552361,14680,1191,,1898,49,7835,181,,,,,,594763,15159
65801ecc9b466d75bafb1dd7f9e2442ba2695d17,2020-05-13,2020-05-13 13:25:00,GA,13,35332,697,238572,11028,,,1505,44,6259,129,,,1494,,,273904,11725
840dd2c238bf29f02004277ed2823514fa3803ee,2020-05-13,2020-05-13 07:55:00,GU,66,152,0,4110,171,,124,5,0,,0,,,,,,4262,171
f1cb75d9dd4def4cbac20d8288f5dfa156c9f580,2020-05-13,2020-05-12 18:00:00,HI,15,635,1,37730,425,,563,17,0,81,0,,,,,,38365,426
197320735866d97d90deb4931ec4c8738c67b9f8,2020-05-13,2020-05-12 00:00:00,IA,19,13289,377,72430,4054,,5954,306,17,,0,388,133,,101,,85719,4431
5085baa8205bfbffe8e2ab906b2155f48291d809,2020-05-13,2020-05-12 19:00:00,ID,16,2293,33,30835,390,,1536,69,-1,214,4,,,88,,,33128,423
cdf06f3a485a6977dcb60915ba9b8df88a8dc7b5,2020-05-13,2020-05-13 00:00:00,IL,17,84698,1677,404661,15991,,,3792,191,,0,4563,1208,,714,,489359,17668
35c7e3193531c2f9605111e7fd011289458c425c,2020-05-13,2020-05-12 23:59:00,IN,18,25473,346,128610,3227,,,1619,41,4389,0,1336,481,990,217,,154083,3573
9a418b98aaed401fb515e38558c8f0cd69adad98,2020-05-13,2020-05-13 10:00:00,KS,20,7468,352,50160,3167,,422,164,6,704,44,,,238,,108,57628,3519
cb0cbac5208b47f6bf53fd2e5a2909bddb78e5e1,2020-05-13,2020-05-12 17:00:00,KY,21,6853,176,103781,6434,,2546,321,10,1825,58,379,215,783,,,110634,6610
e869f1c2446721703961c1b2a3795fa54a0fa683,2020-05-13,2020-05-13 13:00:00,LA,22,32662,612,205242,9280,,22608,2381,34,,0,1194,,,147,,237904,9892
61bb4e351301ebebdd0a5c35f6a79fb4f0ff12f8,2020-05-13,2020-05-13 10:00:00,MA,25,80497,1165,329535,7371,,,5315,174,8032,190,3101,794,,,,410032,8536
904f1371ce1bd4c95e5e5f407eb679c1844c0360,2020-05-13,2020-05-13 10:00:00,MD,24,34812,751,138762,3320,,2456,1881,47,6404,117,1550,572,,,,173574,4071
91e6d276c170fe7eff3713af74caf59f8f746f27,2020-05-13,2020-05-13 12:30:00,ME,23,1515,38,22092,0,,943,66,1,204,2,41,20,,7,,23607,38
704155665825f3024f6b68a22c09736d04d153aa,2020-05-13,2020-05-13 11:00:00,MI,26,48391,370,259869,0,,22686,4714,40,,0,1384,693,,525,,308260,370
51c90c60a1c28d0fd936c7e1eae2f8fdff7dd8b0,2020-05-13,2020-05-12 17:00:00,MN,27,12917,423,109118,778,,8149,638,24,1851,52,494,199,647,,,122035,1201
5b4616cbac27012fc40869dceb647efc4112b6f0,2020-05-13,2020-05-13 15:00:00,MO,29,10142,136,114000,2710,,,542,18,,0,771,,,129,,124142,2846
d70d64bc1671da7f8db062608d3a3dcdaf3be7ab,2020-05-13,2020-05-13 00:00:00,MP,69,19,0,3021,167,,12,2,0,,0,,,,,,3040,167
9dfe4a21576c5b0c2a601e935f353592d2ca3716,2020-05-13,2020-05-12 19:00:00,MS,28,10090,182,89958,2174,,6268,465,8,1616,34,604,150,,79,,100048,2356
c2879e896fec4697b5bc82b18972fddb2e361271,2020-05-13,2020-05-13 00:00:00,MT,30,462,1,23390,816,,430,16,0,63,0,3,,,,,23852,817
284706292285a7551422dc743076aa4e0f6afbd7,2020-05-13,2020-05-13 10:40:00,NC,37,15816,470,194641,7743,,9115,597,20,,0,521,,,,,210457,8213
b3354975e5a85fb8a5811ccd92b9a39b0a919893,2020-05-13,2020-05-13 13:00:00,ND,38,1647,76,47298,1037,,969,40,2,127,5,37,,,,,48945,1113
ac1c27fef7ba09991b5ef6eff8368b2f4d2b8a63,2020-05-13,2020-05-12 20:00:00,NE,31,8692,120,41033,1662,,,103,3,,0,192,81,,56,,49725,1782
ea37a41edee83126c7325a88f4a25cd1ffa279ab,2020-05-13,2020-05-12 09:00:00,NH,33,3239,79,33977,1576,51,1234,142,9,319,1,121,,97,,,37216,1655
449625a27eca86e272d4e6588b3f8957da3ba2c0,2020-05-13,2020-05-13 13:00:00,NJ,34,141560,817,299890,7573,,15642,9702,194,,0,4226,1226,,928,,441450,8390
33423f2364d32ec1b042cb6de08a16f50a8418c7,2020-05-13,2020-05-12 18:05:00,NM,35,5212,143,105077,3425,,1434,219,11,886,0,199,,,,,110289,3568
3e2bf4f9b35de537fab5d81677f8cd46e0cb5bbd,2020-05-13,2020-05-13 12:30:00,NV,32,6394,83,60278,2514,,198,321,9,,0,522,121,,64,,66672,2597
d2ac0acfb4c0b041e6f893498100bcb6a4fc7856,2020-05-13,2020-05-13 00:00:00,NY,36,340661,2176,918246,31618,,59193,22013,168,85008,519,6946,2308,,1908,,1258907,33794
dd2eb3c893362537c83b1e2aac12b5045bedccd9,2020-05-13,2020-05-13 14:00:00,OH,39,25721,471,200133,7652,,,1483,47,4618,79,924,353,1248,244,,225854,8123
23c84cae39ff6af9e1156677c74bdf869dc11834,2020-05-13,2020-05-13 00:00:00,OK,40,4852,120,104275,12896,,3559,278,0,848,20,218,93,,,,109127,13016
aa4398e8d77c95815cfd83592a7f3c87643fe242,2020-05-13,2020-05-13 11:00:00,OR,41,3416,130,80571,6251,,1406,134,4,678,5,162,38,,17,,83987,6381
2f6ed7932e298fffdb62af713ec334a112d7c259,2020-05-13,2020-05-13 00:00:00,PA,42,58698,707,244171,6182,,,3943,137,,0,2012,,,473,,302869,6889
22425944412ebc20002ced2105fda2a9d867dd63,2020-05-13,2020-05-12 06:30:00,PR,72,2329,30,,0,,,115,1,,0,,10,,6,,2329,30
bd1d50b5b2e5ea7adba68953c38c5469db50edd5,2020-05-13,2020-05-13 12:00:00,RI,44,11835,221,86087,2462,,886,462,18,1328,21,269,68,,48,,97922,2683
473f30ac7168c2a96e5a69185eb359c1d11e6a65,2020-05-13,2020-05-12 16:14:00,SC,45,7927,0,85213,0,,6817,355,0,1338,0,,,,,,93140,0
3abf3657f227951e183b687e0e1b4e5d17c17da7,2020-05-13,2020-05-13 11:30:00,SD,46,3732,69,22112,578,,2367,39,0,281,10,79,,,,,25844,647
dc47064a1f409a14abe90999748606a1628016f9,2020-05-13,2020-05-13 15:00:00,TN,47,16370,259,276547,8834,,8624,273,8,1388,25,,,,,,292917,9093
d030fa933fcb57ede0db99b211bbb424ac3d5bda,2020-05-13,2020-05-13 16:20:00,TX,48,42403,1355,514373,17249,,23519,1158,25,,0,1676,,,,,556776,18604
4b7be1fb5165dc9af2b0019711289e7e310144ea,2020-05-13,2020-05-13 15:00:00,UT,49,6620,188,150166,3113,,3406,75,2,553,18,158,,182,,81,156786,3301
7cffe44ba058fed55c1f1586b72ebe3173ab2ef7,2020-05-13,2020-05-12 17:00:00,VA,51,26746,946,134646,5117,485,3554,927,36,5080,151,1526,374,,202,,161392,6063
126a97295ce664ed9d191d7169338c242ffef73c,2020-05-13,2020-05-12 18:22:00,VI,78,69,0,1128,13,62,61,6,0,,0,,,,,,1197,13
2844d0f3943a9b46da184e585e40b5297c8aa60e,2020-05-13,2020-05-13 00:00:00,VT,50,930,1,19708,601,,789,53,0,,0,17,,,,,20638,602
53c8dd9b09e1fa4a7257f5591e99c263a6b027dc,2020-05-13,2020-05-13 00:00:00,WA,53,18780,218,265798,6424,,,962,17,,0,384,114,,,,284578,6642
4474e20c994880e240643d3e56040d5502129689,2020-05-13,2020-05-13 00:00:00,WI,55,10902,291,117111,4363,194,5673,421,3,1908,31,527,110,469,,,128013,4654
cb3d944d0cf9f89bdd0fd2cd4c07e30176eb3434,2020-05-13,2020-05-13 10:00:00,WV,54,1398,27,65282,1584,,813,58,1,,0,58,11,,6,,66680,1611
d224a6120f5bf9aea7d3eceaef4dc2034ee6ae9f,2020-05-13,2020-05-12 15:50:00,WY,56,675,0,14384,0,,477,7,0,67,0,10,,,,,15059,0
2a01c54debc2e05d59d7cb9d2857969a2ad84dcf,2020-05-12,2020-05-12 00:00:00,AK,02,383,2,29578,1279,,334,10,0,,0,10,,,,,29961,1281
672a7714c38707c808d513f13a5ea38699d8b741,2020-05-12,2020-05-12 00:00:00,AL,01,10310,301,122908,3473,,,429,28,1287,31,,,468,,280,133218,3774
0be9547adab70c9e9dd06e9a27f8a5abab9c9ce9,2020-05-12,2020-05-11 18:55:00,AR,05,4164,130,66280,1284,,3220,95,1,485,5,59,,,12,98,70444,1414
71f4c92b92bab63bdc104cb064174a04f8072fb1,2020-05-12,2020-05-10 00:00:00,AS,60,0,0,105,0,,,0,0,,0,,,,,,105,0
03de8fb5d8e66b738602113712adb6dbaa5404bf,2020-05-12,2020-05-12 00:00:00,AZ,04,11736,356,111106,6022,,2909,562,20,1564,27,765,318,,204,,122842,6378
5760b1056c1db742ca2887603599e922963bc264,2020-05-12,2020-05-12 00:00:00,CA,06,69382,1443,963988,40030,,,2847,77,,0,4544,1349,,,,1033370,41473
738b7b3ffc214773e982c9f378db3d7296816070,2020-05-12,2020-05-10 00:00:00,CO,08,19879,-20,88778,-113,,3114,987,6,3663,-26,738,,,,,108657,-133
242ee224512bdd11b014bf5a59141dbe4f9e5dad,2020-05-12,2020-05-12 14:00:00,CT,09,34333,568,104091,5348,,5413,3041,33,9389,0,1189,,,,,138424,5916
a6e22bdd53a94f2ddb01569aa919c2f6afa3f861,2020-05-12,2020-05-11 00:00:00,DC,11,6485,96,24565,693,,886,336,8,,0,416,,,82,,31050,789
b310f20551b07d1dc936ad99ddfbb9b2ea0d1a92,2020-05-12,2020-05-11 18:00:00,DE,10,6741,176,26550,1187,,2802,237,12,,0,276,,,,,33291,1363
534edecced3707b4c63e23494fb7dfc79337521c,2020-05-12,2020-05-12 09:28:00,FL,12,41923,941,537681,17606,1064,,1849,44,7654,196,,,,,,579604,18547
5e02073cf18582799475e64eba30f82a02d6a9fc,2020-05-12,2020-05-11 13:00:00,GA,13,34635,708,227544,10183,,,1461,20,6130,115,,,1443,,,262179,10891
c5556039626c457018e96311e88aed6246fbcde6,2020-05-12,2020-05-11 18:00:00,GU,66,152,1,3939,101,,124,5,0,,0,,,,,,4091,102
f492d15273abb3ee64cc885ba0ba85654246857f,2020-05-12,2020-05-11 18:00:00,HI,15,634,2,37305,254,,561,17,0,81,0,,,,,,37939,256
d9b618710af79c8504ac1de254bed68e2ef372a3,2020-05-12,2020-05-12 00:00:00,IA,19,12912,539,68376,2957,,5618,289,18,,0,385,143,,101,,81288,3496
7978287f884ade084501a47a65e5791d5081684b,2020-05-12,2020-05-11 19:00:00,ID,16,2260,30,30445,533,,1508,70,3,210,3,,,87,,,32705,563
d2ee33babeb0ede37dc10461ebe0c66b82b63d7a,2020-05-12,2020-05-12 00:00:00,IL,17,83021,4014,388670,25252,,,3601,142,,0,4626,1215,,730,,471691,29266
6edbf7e650865ac1f44fbc4b44b3ec113f487a28,2020-05-12,2020-05-11 23:59:00,IN,18,25127,500,125383,3322,,,1578,38,4389,0,1283,472,,212,,150510,3822
3ab0f606e6da93a87218a896e4cf4c3339cec276,2020-05-12,2020-05-11 10:00:00,KS,20,7116,0,46993,0,,376,158,0,660,0,,,233,,101,54109,0
db7ca0df745bc24330325f565ceec06ddf07f46e,2020-05-12,2020-05-11 17:00:00,KY,21,6677,237,97347,16864,,2335,311,7,1767,10,383,220,768,,,104024,17101
ac55f4c90c15084599b263e1002d1fa5bd6a7160,2020-05-12,2020-05-12 13:00:00,LA,22,32050,235,195962,6947,,22608,2347,39,,0,1320,,,146,,228012,7182
181067c9b89646c5067931cf7b3d85973c69cbf7,2020-05-12,2020-05-12 10:00:00,MA,25,79332,870,322164,5898,,,5141,33,7842,110,3127,818,,,,401496,6768
bb247deab714b2f04c9fb4ad989192904d2ad599,2020-05-12,2020-05-12 10:00:00,MD,24,34061,688,135442,4035,,2394,1834,46,6287,104,1563,590,,,,169503,4723
c60730dd4e67bc619d97d0a294620b1d7bb976bf,2020-05-12,2020-05-12 12:30:00,ME,23,1477,15,22092,0,,913,65,0,202,2,34,17,,8,,23569,15
e5d5f88779e710964541341deb73e5af05a882ba,2020-05-12,2020-05-12 11:00:00,MI,26,48021,469,259869,8473,,22686,4674,90,,0,1384,693,,525,,307890,8942
bc3ed6a292b76149bdedfcebe3f354e7812f0007,2020-05-12,2020-05-11 17:00:00,MN,27,12494,695,108340,4358,,7609,614,23,1799,83,496,199,625,,,120834,5053
6f8754e14c61baba29e45ee3eac80184270df6bd,2020-05-12,2020-05-12 15:00:00,MO,29,10006,88,111290,5588,,,524,36,,0,787,,,140,,121296,5676
f7c84593632c90e5bfec0c6f8eb7e9e69dc0ee0c,2020-05-12,2020-05-12 00:00:00,MP,69,19,0,2854,178,,12,2,0,,0,,,,,,2873,178
c4ec449513e56fbef4924b666a287822330b4721,2020-05-12,2020-05-11 19:00:00,MS,28,9908,234,87784,1573,,6268,457,22,1582,36,604,146,,75,,97692,1807
bac4f9a657abce952727b6bf8d8c024c8b78c90e,2020-05-12,2020-05-12 00:00:00,MT,30,461,2,22574,461,,425,16,0,63,1,4,,,,,23035,463
b6f053178bf572ad8e992ce853bf2aca7ed363e3,2020-05-12,2020-05-12 11:00:00,NC,37,15346,301,186898,6078,,9115,577,27,,0,475,,,,,202244,6379
d8d476a51b7a493ca5ff9a804335aaf88311298a,2020-05-12,2020-05-12 12:10:00,ND,38,1571,53,46261,765,,877,38,2,122,7,38,,,,,47832,818
773f55311963ac00bb3a3721c22b1bcf10081df5,2020-05-12,2020-05-11 20:05:00,NE,31,8572,257,39371,1447,,,100,2,,0,192,81,,56,,47943,1704
9b3f280b2761fe13805882e78447ecee32b0e158,2020-05-12,2020-05-11 09:00:00,NH,33,3160,0,32401,678,54,1231,133,0,318,0,117,,97,,,35561,678
fbcfc8b4be40a99e637acb488fc4362420a614e9,2020-05-12,2020-05-12 13:00:00,NJ,34,140743,798,292317,6329,,15642,9508,198,,0,4328,1306,,982,,433060,7127
03f26b64ae63f7c92d2428f9450e1945543f3d89,2020-05-12,2020-05-11 22:33:00,NM,35,5069,206,101652,4017,,1300,208,8,886,97,207,,,,,106721,4223
77c3b1e6e5b40f58e302167e834e5ccb2009ab8c,2020-05-12,2020-05-12 12:30:00,NV,32,6311,159,57764,3832,,185,312,6,,0,522,121,,64,,64075,3991
ddc3ba2070bb6986f76475cdd243a6b03937c4c3,2020-05-12,2020-05-12 00:00:00,NY,36,338485,1430,886628,19032,,58679,21845,205,84489,295,7063,2375,,1964,,1225113,20462
79e1405fb09295850529b15a54f0971995eea3b0,2020-05-12,2020-05-12 14:00:00,OH,39,25250,473,192481,6728,,,1436,79,4539,126,1032,401,1232,270,,217731,7201
8b942c5297887022f07acfcef01ce7f2a2327d50,2020-05-12,2020-05-12 00:00:00,OK,40,4732,119,91379,0,,3423,278,4,828,0,190,83,,,,96111,119
a68466949cc1f877dc15cdd5d1bc4a57e7ac2b22,2020-05-12,2020-05-12 11:52:00,OR,41,3286,0,74320,0,,1125,130,0,673,0,165,39,,25,,77606,0
ff2a086ae43503c1ee680beabf332dacd87e3780,2020-05-12,2020-05-12 12:00:00,PA,42,57991,837,237989,6285,,,3806,75,,0,2187,,,497,,295980,7122
7632fa138f1952ee61086c149f9862537e4f3702,2020-05-12,2020-05-12 06:30:00,PR,72,2299,43,,0,,,114,1,,0,,,,,,2299,43
54fe5bbc3ca34ee2854cc4c9edf5b5c74e1ee637,2020-05-12,2020-05-12 12:00:00,RI,44,11614,164,83625,1743,,863,444,14,1307,27,277,72,,53,,95239,1907
06d29ab233ae3609fc12adb330b7646153160206,2020-05-12,2020-05-12 16:14:00,SC,45,7927,274,85213,8409,,6817,355,24,1338,86,,,,,,93140,8683
48962359059b41ce0d28e88a8256779237f336a4,2020-05-12,2020-05-12 11:30:00,SD,46,3663,49,21534,570,,2309,39,5,271,8,74,,,,,25197,619
c181770e20fc4f14cf35c612c29bb4201955aaa2,2020-05-12,2020-05-12 16:00:00,TN,47,16111,567,267713,9980,,8336,265,14,1363,19,,,,,,283824,10547
69a837933e08326ed983876907df5cda7d2c2f7e,2020-05-12,2020-05-11 16:25:00,TX,48,41048,1179,497124,11296,,22674,1133,33,,0,1725,,,,,538172,12475
973cf3a7d0a42f705ba97c1fed7e61e004b3e8d5,2020-05-12,2020-05-12 15:00:00,UT,49,6432,70,147053,2830,,3267,73,5,535,18,166,,178,,80,153485,2900
b91904193b7e562dd646c8bf7c3aedb461b3cf4c,2020-05-12,2020-05-12 09:00:00,VA,51,25800,730,129529,3982,447,3400,891,41,4929,152,1529,364,,201,,155329,4712
b994b42733470b728d57a594319383d0f7192fd7,2020-05-12,2020-05-12 14:19:00,VI,78,69,0,1115,5,58,61,6,1,,0,,,,,,1184,5
36b7f7b0932b51461112a3e609904a8043c967d9,2020-05-12,2020-05-12 00:00:00,VT,50,929,2,19107,310,,787,53,0,,0,18,,,,,20036,312
ef479a0dd01e35ad924decc3bfa4993b38851fef,2020-05-12,2020-05-12 00:00:00,WA,53,18562,208,259374,6226,,,945,14,,0,321,94,,,,277936,6434
76f5ca02c491126bb547816f304bea4e288ae207,2020-05-12,2020-05-12 12:23:00,WI,55,10611,193,112748,4715,180,5371,418,9,1877,31,520,116,464,,,123359,4908
1f6fef556be6e9e35284453ffc53f9d8eb0e0fe1,2020-05-12,2020-05-12 10:00:00,WV,54,1371,5,63698,1595,,803,57,3,,0,50,9,,5,,65069,1600
7f076c327d75facf1dec2a44d130122ed27d3400,2020-05-12,2020-05-12 15:50:00,WY,56,675,13,14384,2981,,477,7,0,67,1,10,,,,,15059,2994
89a58c878182ef3705b6a049c09f39073ffc56e5,2020-05-11,2020-05-11 00:00:00,AK,02,381,2,28299,1314,,328,10,0,,0,7,,,,,28680,1316
3dba068ee3f1f9f1c2b9d034e66e7c32100d9c40,2020-05-11,2020-05-11 00:00:00,AL,01,10009,232,119435,1791,,,401,8,1256,16,,,463,,276,129444,2023
13d21fa6cd2c27201c88bc2bb41b194b45a1caf8,2020-05-11,2020-05-10 19:05:00,AR,05,4034,287,64996,3215,,3149,94,6,480,9,61,,,11,98,69030,3502
a3129b00c6a5db78b3d234b1d76a0921e9696616,2020-05-11,2020-05-10 00:00:00,AS,60,0,0,105,22,,,0,0,,0,,,,,,105,22
a4d30ba2a748817b99fc9183eb7734accb63c146,2020-05-11,2020-05-11 00:00:00,AZ,04,11380,261,105084,5826,,2852,542,6,1537,9,717,297,,201,,116464,6087
2324f39a322da5a754e2c5c7a55c11939aca8bf9,2020-05-11,2020-05-11 00:00:00,CA,06,67939,1259,923958,34974,,,2770,25,,0,4549,1329,,,,991897,36233
ad9ecb861250905af327a2f4a034b7e6c4bfd9ff,2020-05-11,2020-05-09 00:00:00,CO,08,19899,196,88891,4517,,3076,981,14,3689,66,573,,,,,108790,4713
84744fe559135881cebecafa6353ee892053bce1,2020-05-11,2020-05-11 14:00:00,CT,09,33765,211,98743,2105,,5413,3008,41,9389,0,1212,,,,,132508,2316
6babe7b757741363c8235e407e092b4ecda565b1,2020-05-11,2020-05-10 00:00:00,DC,11,6389,117,23872,574,,881,328,5,,0,416,,,82,,30261,691
bc7611012a50bb1f80a54f61112609cb529ec5c7,2020-05-11,2020-05-10 18:00:00,DE,10,6565,118,25363,771,,2619,225,1,,0,275,,,,,31928,889
8649c23824909f08a12001733c2887c2ffe9ca0e,2020-05-11,2020-05-11 09:31:00,FL,12,40982,386,520075,21723,1080,,1805,14,7458,54,,,,,,561057,22109
76d1f44d7368e797650c7d5aa545d527baa39248,2020-05-11,2020-05-11 13:00:00,GA,13,33927,486,217361,7255,,,1441,36,6015,18,,,1414,,,251288,7741
939f66de78dee43c4909ba84b7013453fd88b3e8,2020-05-11,2020-05-11 06:45:00,GU,66,151,0,3838,195,,124,5,0,,0,,,,,,3989,195
418f02a63e6b2686a7d0f3d2bafbfa1c404cc0c1,2020-05-11,2020-05-10 18:00:00,HI,15,632,1,37051,412,,561,17,0,81,0,,,,,,37683,413
b2f8e3ed02544972e3d52e9f2c7fff091e188237,2020-05-11,2020-05-11 00:00:00,IA,19,12373,414,65419,3204,,5249,271,6,,0,394,152,,107,,77792,3618
4fd4de29794f7c9165b451497818ac0815483362,2020-05-11,2020-05-09 19:00:00,ID,16,2230,0,29912,0,,1473,67,0,207,0,,,87,,,32142,0
3f2dd3a3403ce3ef53db929073d964fdbddb96b1,2020-05-11,2020-05-11 00:00:00,IL,17,79007,1266,363418,11175,,,3459,53,,0,4319,1248,,730,,442425,12441
6dbbb5ccace2ca31f69cb390b850b6e11394e3db,2020-05-11,2020-05-10 23:59:00,IN,18,24627,501,122061,6158,,,1540,32,4389,0,1346,452,990,213,,146688,6659
966a9d4f0e86b262f0434f457ee9e551c0530924,2020-05-11,2020-05-11 10:00:00,KS,20,7116,168,46993,1436,,376,158,1,660,3,,,233,,101,54109,1604
1bc16ad911d70c00eb81e72424a26c8c7abd85aa,2020-05-11,2020-05-09 17:00:00,KY,21,6440,0,80483,0,,2308,304,0,1757,0,394,226,758,,,86923,0
fca68921bb1a0b155d823722726c53332a007034,2020-05-11,2020-05-11 13:00:00,LA,22,31815,215,189015,4743,,22608,2308,22,,0,1310,,,157,,220830,4958
e5816863b91d9d05d07eaec0e8cda6d8e0d638f4,2020-05-11,2020-05-11 10:00:00,MA,25,78462,669,316266,5670,,,5108,129,7732,115,3102,813,,,,394728,6339
c6b4c7e362bf5e930d2a58874ae8393ec3e03fbf,2020-05-11,2020-05-11 10:00:00,MD,24,33373,786,131407,4063,,2298,1788,49,6183,228,1544,585,,,,164780,4849
756f598d558d2e4b1d4ea5e3d6bd166d10151d75,2020-05-11,2020-05-11 12:00:00,ME,23,1462,26,22092,0,,872,65,1,200,1,37,17,,9,,23554,26
427802f48296a012a56bdb38e08099632e851009,2020-05-11,2020-05-11 11:00:00,MI,26,47552,414,251396,12856,,22686,4584,33,,0,1424,685,,557,,298948,13270
075c6de18ffb2df2525690054f3f7e48f808737c,2020-05-11,2020-05-10 17:00:00,MN,27,11799,528,103982,4165,,6945,591,13,1716,59,452,194,600,,,115781,4693
54da1c8f048f25803597cb5a49b6b72f609affad,2020-05-11,2020-05-11 15:00:00,MO,29,9918,74,105702,0,,,488,6,,0,824,,,137,,115620,74
5a286afcadba7018788ca7ce3115e8ff477bfa22,2020-05-11,2020-05-11 00:00:00,MP,69,19,3,2676,355,,12,2,0,,0,,,,,,2695,358
c0c6cab79b7a919045b59cccba60f95b6d4f892f,2020-05-11,2020-05-10 19:00:00,MS,28,9674,173,86211,14110,,6268,435,5,1546,15,507,132,,68,,95885,14283
463a5f9f02cc636a5305ed7397142fa13cc0e876,2020-05-11,2020-05-10 00:00:00,MT,30,459,1,22113,867,,423,16,0,62,0,4,,,,,22572,868
d6376293615d67f0396aea04e1caea2dfc255b36,2020-05-11,2020-05-11 14:00:00,NC,37,15045,281,180820,3449,,9115,550,3,,0,464,,,,,195865,3730
af1a9aafc48130173717ef8c8cd31a9aca626a56,2020-05-11,2020-05-11 12:10:00,ND,38,1518,27,45496,2118,,846,36,1,115,5,34,,,,,47014,2145
68cd46e11dd81a90f0418aa6d66f6b5e325614cd,2020-05-11,2020-05-10 19:45:00,NE,31,8315,81,37924,589,,,98,2,,0,,,,,,46239,670
f4e9863d0e2d8607499bc3fcb58b106c04f5d51e,2020-05-11,2020-05-10 09:00:00,NH,33,3160,149,31723,1281,261,1229,133,2,318,5,113,,97,,,34883,1430
1100d919410c926de9c97debbc467be10a0bc90a,2020-05-11,2020-05-11 13:00:00,NJ,34,139945,1413,285988,112073,,15642,9310,55,,0,4195,1255,,970,,425933,113486
db8d4ddc57a3e1d018eaf73958ccf4a2250f2e55,2020-05-11,2020-05-10 17:50:00,NM,35,4863,85,97635,5360,,1285,200,9,789,0,194,,,,,102498,5445
bd80fbf4531fc0722ae36b2c80d391f34d4b4ae4,2020-05-11,2020-05-11 13:30:00,NV,32,6152,54,53932,1221,,183,306,0,,0,482,117,,60,,60084,1275
be5507dfdcde021ee61e5b0bebe0228273218b41,2020-05-11,2020-05-10 00:00:00,NY,36,337055,1660,867596,19993,,58363,21640,162,84194,433,7226,2450,,2020,,1204651,21653
800e86877f486f1a30a39cb1b9c4e20ca3c096da,2020-05-11,2020-05-11 14:00:00,OH,39,24777,696,185753,4972,,,1357,16,4413,62,1011,391,1217,256,,210530,5668
eb4b4dadb0be8c12054cef2d4fd8e6a5eed97f0f,2020-05-11,2020-05-11 00:00:00,OK,40,4613,24,91379,0,,3241,274,2,828,2,177,93,,,,95992,24
3d0cd47e05ea8325333abefb165eb2c460666621,2020-05-11,2020-05-11 11:00:00,OR,41,3286,58,74320,2041,,1125,130,3,673,3,164,40,,23,,77606,2099
68a75efff2f8538f1bec50ecb86c19068f2cf158,2020-05-11,2020-05-11 00:00:00,PA,42,57154,543,231704,3932,,,3731,24,,0,2176,,,497,,288858,4475
fa49ce28a8f6b14fd78d16525b7358ea121436e8,2020-05-11,2020-05-11 05:57:00,PR,72,2256,58,,0,,,113,2,,0,,,,,,2256,58
94c168925908afee3628e42c118ea6f491177390,2020-05-11,2020-05-11 12:00:00,RI,44,11450,176,81882,1943,,841,430,8,1280,29,276,73,,52,,93332,2119
be2871a3031ed477022a70ce9cef548187f83c23,2020-05-11,2020-05-10 16:30:00,SC,45,7653,0,76804,0,,4120,331,0,1252,0,,,,,,84457,0
120920d5f885350a26bb495e17851b87d94404c3,2020-05-11,2020-05-10 18:00:00,SD,46,3614,97,20964,587,,2187,34,0,263,2,78,,,,,24578,684
f1924e99ac4a5137d280ea217017cd9692a8acbc,2020-05-11,2020-05-11 15:00:00,TN,47,15544,559,257733,10849,,8038,251,8,1344,19,,,,,,273277,11408
e03a347613ca28c96e76f85f1169c1cef0898f71,2020-05-11,2020-05-10 16:35:00,TX,48,39869,1000,485828,22921,,21713,1100,12,,0,1525,,,,,525697,23921
4602f405ca5a4d0e09e0c0cf61f5f345fe4143a7,2020-05-11,2020-05-11 15:00:00,UT,49,6362,111,144223,3964,,3181,68,1,517,5,160,,169,,76,150585,4075
8eda6d789a7be4b54cfab88ea6d7eefe2a87f5a9,2020-05-11,2020-05-10 17:00:00,VA,51,25070,989,125547,6573,432,3273,850,11,4777,21,1504,362,,194,,150617,7562
8492cecff23ad823c9558429e69bd2becb3a6ba3,2020-05-11,2020-05-11 09:30:00,VI,78,69,0,1110,8,36,60,5,1,,0,,,,,,1179,8
e5bbff0d351c48f44b57a762180c05c758b87930,2020-05-11,2020-05-11 00:00:00,VT,50,927,1,18797,630,,785,53,0,,0,14,,,,,19724,631
65feb527f79aafe60faa2fdbf10f2a4475fca7d9,2020-05-11,2020-05-11 00:00:00,WA,53,18354,281,253148,5784,,,931,10,,0,350,110,,,,271502,6065
1905a83aab12909d9b99a54b91b62fde3055660f,2020-05-11,2020-05-11 00:00:00,WI,55,10418,199,108033,2870,180,5176,409,9,1846,26,520,116,460,,,118451,3069
81edd4202d62f60421995deb5d5e0fd857bfb281,2020-05-11,2020-05-11 10:00:00,WV,54,1366,6,62103,819,,775,54,0,,0,49,10,,6,,63469,825
f6e664de25745b4ec85becd514fa64c016b64941,2020-05-11,2020-05-10 17:38:00,WY,56,662,1,11403,0,,443,7,0,66,1,12,,,,,12065,1
a2eacadbb4024bfb3b6d78cde7a7c65a50b3a94c,2020-05-10,2020-05-10 14:00:00,AK,02,379,1,26985,914,,324,10,0,,0,8,,,,,27364,915
71a3191914b7425648d2542717a5e74efdba9fd9,2020-05-10,2020-05-10 00:00:00,AL,01,9777,210,117644,1717,,,393,5,1240,12,,,460,,274,127421,1927
88fc66470a0e62ccf099f55a2b7aa3690858c106,2020-05-10,2020-05-10 10:15:00,AR,05,3747,0,61781,0,,2968,88,0,471,0,64,,,14,96,65528,0
4427a4b50afe8568fec728687d0138e95c8efe32,2020-05-10,2020-05-03 00:00:00,AS,60,0,0,83,0,,,0,0,,0,,,,,,83,0
ea8feacc994345512852c7c2ec2ec82f7779c2ac,2020-05-10,2020-05-10 00:00:00,AZ,04,11119,159,99258,4408,,2775,536,4,1528,14,713,300,,195,,110377,4567
c072fc16b8895ec6c2630f2a26be22f11f14123e,2020-05-10,2020-05-10 00:00:00,CA,06,66680,2119,888984,40975,,,2745,67,,0,4555,1328,,,,955664,43094
aca403fea9c2c01337c19711499928e34facfad6,2020-05-10,2020-05-08 00:00:00,CO,08,19703,876,84374,6429,,3023,967,7,3623,23,790,,,,,104077,7305
ef5d0e887a19b5e877eb06fb5b95ace6d9311a95,2020-05-10,2020-05-10 14:00:00,CT,09,33554,570,96638,6053,,5413,2967,35,9389,0,1242,,,,,130192,6623
7a9d596874d10cc2dbb1adabc1ef2bd62d471b04,2020-05-10,2020-05-09 00:00:00,DC,11,6272,170,23298,1217,,880,323,12,,0,447,130,,91,,29570,1387
c6644ec7903d0f19f92697c6558a385a4ee74023,2020-05-10,2020-05-10 12:03:00,DE,10,6447,170,24592,1573,,2537,224,3,,0,285,,,,,31039,1743
1f2b7f184573d28daaed3c7b0c409f58b0f67ac3,2020-05-10,2020-05-10 11:52:00,FL,12,40596,595,498352,10622,1265,,1791,6,7404,79,,,,,,538948,11217
c8afeae0fd4f83df1b681ab4e1ca8725b6565558,2020-05-10,2020-05-10 15:25:00,GA,13,33441,909,210106,7314,,,1405,5,5997,10,,,1412,,,243547,8223
1ef184aec70373a1853bbd23317f78b53bff06a5,2020-05-10,2020-05-09 03:50:00,GU,66,151,0,3643,0,,124,5,0,,0,,,,,,3794,0
ad7e059b87ec381f78eeb2f88f5d49a9a5f50587,2020-05-10,2020-05-09 18:00:00,HI,15,631,2,36639,1006,,551,17,0,81,0,,,,,,37270,1008
f735545663f299b88a80263c04d5fd7a900ab62c,2020-05-10,2020-05-10 00:00:00,IA,19,11959,288,62215,2410,,5154,265,13,,0,413,157,,105,,74174,2698
6281f9c4b2205c2f2e318d31462ba64a14ce8bae,2020-05-10,2020-05-09 19:00:00,ID,16,2230,25,29912,311,,1473,67,0,207,1,,,87,,,32142,336
939b8fe555061b24f05a01b310ee540fd563f93e,2020-05-10,2020-05-10 00:00:00,IL,17,77741,1656,352243,11997,,,3406,57,,0,4293,1232,,709,,429984,13653
840416e528af037a9e1070577b427137ee3fe11c,2020-05-10,2020-05-09 23:59:00,IN,18,24126,394,115903,3949,,,1508,18,4389,0,1328,462,990,205,,140029,4343
6c91fd092ebdec789410d6b4c95036b6e8aef066,2020-05-10,2020-05-10 10:00:00,KS,20,6948,197,45557,2375,,371,157,0,657,22,,,231,,101,52505,2572
2f276dddfbbac96299232068cb93f3b50b4eb0a5,2020-05-10,2020-05-09 17:00:00,KY,21,6440,152,80483,324,,2308,304,6,1757,61,394,226,758,,,86923,476
3dffe5c1da58b0ff167e2d1b58cbcf95b862d387,2020-05-10,2020-05-10 13:00:00,LA,22,31600,183,184272,3532,,20316,2286,19,,0,1324,,,161,,215872,3715
684a5cce166e758f3ac1fc86242279cdf3fba1db,2020-05-10,2020-05-10 10:00:00,MA,25,77793,1050,310596,10802,,,4979,139,7617,66,3128,810,,,,388389,11852
728c62a94d85ed265bc106eaa9c44eacd33c291a,2020-05-10,2020-05-10 10:00:00,MD,24,32587,1053,127344,2850,,2293,1739,47,5955,23,1640,611,,,,159931,3903
110323ff655ca1f875852b3d9c2fc146267ca765,2020-05-10,2020-05-10 11:30:00,ME,23,1436,28,22092,0,,861,64,0,199,1,36,17,,10,,23528,28
26e5059641f6c87ca9e70e1c8d34f9b40133ef3d,2020-05-10,2020-05-10 11:00:00,MI,26,47138,382,238540,11810,,22686,4551,25,,0,1437,674,,536,,285678,12192
1a19bc1c2befa5dcc2693c86243a5f6d59cf97f6,2020-05-10,2020-05-09 17:00:00,MN,27,11271,481,99817,4344,,6304,578,20,1657,45,434,199,581,,,111088,4825
b8c98f21accccca90165b7c6a127a103ced06861,2020-05-10,2020-05-10 15:00:00,MO,29,9844,178,105702,6470,,,482,10,,0,824,,,137,,115546,6648
78e6a1389e4424326a7d4cc35d568b718b03b090,2020-05-10,2020-05-09 00:00:00,MP,69,16,0,2321,0,,12,2,0,,0,,,,,,2337,0
c9cc211e9c35423be3998861050603bf390adb7c,2020-05-10,2020-05-09 19:00:00,MS,28,9501,123,72101,0,,4421,430,9,1531,19,645,141,,78,,81602,123
94a672807095ea31a032d16c59a09fece2d1d80b,2020-05-10,2020-05-09 00:00:00,MT,30,458,0,21246,375,,422,16,0,62,0,4,,,,,21704,375
23c8611d9ddcfa501d8630df45a3104d2d9437c7,2020-05-10,2020-05-10 11:00:00,NC,37,14764,404,177371,5369,,,547,3,,0,442,,,,,192135,5773
9fef437bf3c12437e0d436364491f78d44e6862b,2020-05-10,2020-05-10 12:10:00,ND,38,1491,27,43378,909,,792,35,0,110,0,29,,,,,44869,936
13a2e5bd3472affbfbdb61c58dc02b784a381107,2020-05-10,2020-05-09 19:45:00,NE,31,8234,403,37335,2190,,,96,4,,0,,,,,,45569,2593
ab4a49ea48c39b206660de990d75f2b0ad641b17,2020-05-10,2020-05-09 09:00:00,NH,33,3011,64,30442,1091,512,1228,131,10,313,4,107,,97,,,33453,1155
7d7e6d20bd42ead2e0632c5d4e40760f7771e091,2020-05-10,2020-05-10 13:00:00,NJ,34,138532,1447,173915,5794,591,15642,9255,139,,0,4308,1338,,994,,312447,7241
61a6c31ef67a9caaa49715cb2862c6b8e4d258fc,2020-05-10,2020-05-09 16:00:00,NM,35,4778,105,92275,3686,,1268,191,10,789,0,198,,,,,97053,3791
cbf15301b19dcdf342ea4c98a01c3aa1698d6eaf,2020-05-10,2020-05-10 12:30:00,NV,32,6098,70,52711,2628,,182,306,5,,0,444,116,,65,,58809,2698
03f9a5f5a95d3e33e3660b51dbff5e02561f93eb,2020-05-10,2020-05-10 00:00:00,NY,36,335395,2273,847603,26957,,58006,21478,207,83761,476,7262,2488,,2073,,1182998,29230
81028e70d291073ac2508bf09a2adeeb9a155ec8,2020-05-10,2020-05-10 14:00:00,OH,39,24081,384,180781,7808,,,1341,10,4351,51,962,381,1205,254,,204862,8192
c9ffa70ccfd6abfb12c73368554408db62baa15f,2020-05-10,2020-05-10 00:00:00,OK,40,4589,99,91379,0,,3204,272,2,826,4,177,93,,,,95968,99
3cc02bbb2db0d69c0527104ab3ffb0fc1bea97ca,2020-05-10,2020-05-10 11:00:00,OR,41,3228,68,72279,819,,1125,127,0,670,8,164,45,,22,,75507,887
6ad8f8cf1e1983e9a775d66310ed1c9d1fa32329,2020-05-10,2020-05-10 00:00:00,PA,42,56611,1295,227772,5981,,,3707,19,,0,2230,,,501,,284383,7276
46360bee1a75ae73e08a93dd09f0b782df3d6752,2020-05-10,2020-05-10 05:51:00,PR,72,2198,25,,0,,,111,3,,0,,,,,,2198,25
b77d5cb5b27e5e46205d80cb98209f38b862192e,2020-05-10,2020-05-10 12:00:00,RI,44,11274,285,79939,3113,,809,422,4,1251,33,283,70,,52,,91213,3398
20fff6745bbd15845dfd5ce708c9f07df62f2d7e,2020-05-10,2020-05-10 16:30:00,SC,45,7653,122,76804,3372,,4120,331,1,1252,0,,,,,,84457,3494
caaa42bcbf53e9f35891cca1e55e61eac7265714,2020-05-10,2020-05-09 18:00:00,SD,46,3517,124,20377,818,,2147,34,0,261,8,77,,,,,23894,942
8876b4dc1f521df728a2ae8ba290e2b6eac4fe36,2020-05-10,2020-05-10 00:00:00,TN,47,14985,217,246884,8904,,7528,243,1,1325,6,,,,,,261869,9121
2c5cd8b02bfefc95b620e50fece8fce4c1987dcf,2020-05-10,2020-05-10 16:35:00,TX,48,38869,1009,462907,11473,,21022,1088,39,,0,1626,,,,,501776,12482
69a94d8eb7ca9fd4314658110cdb92f6749e0b35,2020-05-10,2020-05-10 10:31:00,UT,49,6251,148,140259,3068,,3033,67,1,512,14,144,,168,,76,146510,3216
0ba4ede8ddf623a494ea596bd559e2572dcfd21b,2020-05-10,2020-05-09 17:00:00,VA,51,24081,885,118974,5021,506,3201,839,12,4756,39,1555,351,,187,,143055,5906
b85204a8143abd5b2f6360afaa663f2045d1f262,2020-05-10,2020-05-09 19:06:00,VI,78,69,1,1102,78,39,59,4,0,,0,,,,,,1171,79
69c0be4c26105d438bdcf7573abeb936596d00ce,2020-05-10,2020-05-10 00:00:00,VT,50,926,0,18167,477,,777,53,0,,0,21,,,,,19093,477
a90a03ba8c511cf85c92902891eb26e50db6a276,2020-05-10,2020-05-10 00:00:00,WA,53,18073,167,247364,1172,,,921,16,,0,335,101,,,,265437,1339
dc3268c4ae8ba809b4841540e19000005bd39674,2020-05-10,2020-05-10 00:00:00,WI,55,10219,280,105163,3228,182,5014,400,2,1820,14,514,113,456,,,115382,3508
026be9f69026e28d3172545a51bad7c8d9fbb8ce,2020-05-10,2020-05-10 10:00:00,WV,54,1360,25,61284,1622,,775,54,1,,0,49,10,,6,,62644,1647
b587dc6f1c094b411138bbfa879a3063295613fb,2020-05-10,2020-05-10 16:00:00,WY,56,661,17,11403,0,,443,7,0,65,1,12,,,,,12064,17
c6ff249244e5e2e5af7388669e1d2280822040d3,2020-05-09,2020-05-09 00:00:00,AK,02,378,1,26071,975,,318,10,0,,0,8,,,,,26449,976
ef786aa8ffd670d92fa37468277fe48572382adc,2020-05-09,2020-05-09 00:00:00,AL,01,9567,346,115927,5034,,,388,13,1228,21,,,459,,272,125494,5380
2cd55ffb0607bd3742ff3419c8aec4f1463d9817,2020-05-09,2020-05-09 10:15:00,AR,05,3747,53,61781,1481,,2968,88,0,471,5,64,,,14,96,65528,1534
036dac0a5c95b6ef2070230f96450c0cfa0b0b27,2020-05-09,2020-05-03 00:00:00,AS,60,0,0,83,0,,,0,0,,0,,,,,,83,0
df0eb6de4a97aeb0bcbc2ab9869834d93ce5f070,2020-05-09,2020-05-09 00:00:00,AZ,04,10960,434,94850,4251,,2684,532,15,1514,32,739,296,,186,,105810,4685
75010a05aa5d5bcb2266e915ce0716badc41e75a,2020-05-09,2020-05-09 14:00:00,CA,06,64561,2049,848009,35249,,,2678,93,,0,4538,1349,,,,912570,37298
98de59771babf42dbb1695f05793020a0e362ab1,2020-05-09,2020-05-07 00:00:00,CO,08,18827,26,77945,2210,,2974,960,-1,3600,43,790,,,,,96772,2236
8ee6822635f49cc9dd93af24f19378930f81c1d8,2020-05-09,2020-05-09 14:00:00,CT,09,32984,573,90585,2455,,5413,2932,58,9389,0,1301,,,,,123569,3028
3ffe70dd8c12fde17e277c2e69819a61deff38ec,2020-05-09,2020-05-08 00:00:00,DC,11,6102,203,22081,865,,879,311,7,,0,447,130,,91,,28183,1068
bf8385d183b6a766db11ba05537f9a7e39fe652b,2020-05-09,2020-05-08 18:00:00,DE,10,6277,166,23019,866,,2450,221,8,,0,288,,,,,29296,1032
0b7145c613f714d157605bbdfacacc8a55d31db3,2020-05-09,2020-05-09 10:39:00,FL,12,40001,802,487730,13588,1452,,1785,47,7325,168,,,,,,527731,14390
1c5caa3bf7064b7544dc73b59c5004022ee1eb0b,2020-05-09,2020-05-09 15:25:00,GA,13,32532,426,202792,7331,,,1400,23,5987,52,,,1409,,,235324,7757
b339675654c2f3a46d57d1b8d6ffd4b0101193ab,2020-05-09,2020-05-09 00:00:00,GU,66,151,0,3643,17,,124,5,0,,0,,,,,,3794,17
5c57a538ea54c8f38fd6aeac2bb788b3f0828cc0,2020-05-09,2020-05-08 00:00:00,HI,15,629,0,35633,-356,,566,17,0,81,7,,,,,,36262,-356
95970ccc19aa8897f9076fe014cfdef7652aea0f,2020-05-09,2020-05-08 00:00:00,IA,19,11671,214,59805,1001,,5011,252,9,,0,402,161,,106,,71476,1215
68263c2259a14abc1780cb9c5d0ff90012707183,2020-05-09,2020-05-08 19:00:00,ID,16,2205,27,29601,509,,1442,67,0,206,0,,,86,,,31806,536
029a14da5e3cc3060c7e8810e0b930d6ab01f77b,2020-05-09,2020-05-09 00:00:00,IL,17,76085,2325,340246,14292,,,3349,108,,0,4739,1215,,739,,416331,16617
83c18fd22479cfca92342a3322650b3636219f0b,2020-05-09,2020-05-08 23:59:00,IN,18,23732,586,111954,4972,,,1490,43,4389,0,1361,458,990,213,,135686,5558
aa30bfc5944bc039eb89754c543cecf2b0adcc03,2020-05-09,2020-05-09 10:00:00,KS,20,6751,250,43182,1975,,350,157,5,635,27,,,229,,100,49933,2225
d7924424ec7ef13ecd2bf1402d556e957d023dcb,2020-05-09,2020-05-08 17:00:00,KY,21,6288,159,80159,4887,,2266,298,4,1696,12,369,210,723,,,86447,5046
726c7b2b8eebcfcfc0a4587bccd01991b8b01ec2,2020-05-09,2020-05-09 13:00:00,LA,22,31417,562,180740,9179,,20316,2267,40,,0,1333,,,165,,212157,9741
da64ce03086ae324f0c221e0fcfbc145bc00498c,2020-05-09,2020-05-09 12:00:00,MA,25,76743,1410,299794,9104,,,4840,138,7551,117,3229,814,,,,376537,10514
0c40d1d77f27e7dda17dab8cc6b89ac8a5f9e337,2020-05-09,2020-05-09 10:00:00,MD,24,31534,1049,124494,2792,,2159,1692,49,5932,121,1665,575,,,,156028,3841
b8dd09af9568a5b0399482941300e18fd2794a97,2020-05-09,2020-05-09 12:00:00,ME,23,1408,34,22092,0,,857,64,1,198,4,43,22,,10,,23500,34
779098f11dfe44d0767e13f03105c044e47d6a7c,2020-05-09,2020-05-09 11:00:00,MI,26,46756,430,226730,12803,,22686,4526,133,,0,1531,683,,539,,273486,13233
390fdf5047012a8ee6dae1085ff700cc47fe7ee6,2020-05-09,2020-05-08 17:00:00,MN,27,10790,702,95473,4291,,5764,558,24,1612,63,476,180,556,,,106263,4993
d87f7dc9532f6b8c6a6a45409c723c5179d91fde,2020-05-09,2020-05-09 15:00:00,MO,29,9666,177,99232,0,,,472,23,,0,855,,,144,,108898,177
6e23a7eb654424a1c63bf01b9bc458b5cd07551a,2020-05-09,2020-05-09 00:00:00,MP,69,16,1,2321,0,,12,2,0,,0,,,,,,2337,1
e9207eabf6a8d62cc69abdd1dc1336f9bd5dd77e,2020-05-09,2020-05-08 19:00:00,MS,28,9378,288,72101,0,,4421,421,12,1512,34,607,133,,76,,81479,288
9529741b0b2afdd7a4a4e54b1339eb1e6f42004c,2020-05-09,2020-05-09 00:00:00,MT,30,458,0,20871,384,,422,16,0,62,0,4,,,,,21329,384
23d562c78863797da30e0b86e83683525620fdb7,2020-05-09,2020-05-09 10:45:00,NC,37,14360,492,172002,7257,,,544,17,,0,513,,,,,186362,7749
1580947aee05a804141719152efbac5cbc595216,2020-05-09,2020-05-09 13:00:00,ND,38,1464,39,42469,1393,,762,35,2,110,6,34,,,,,43933,1432
167a03ae3eaa6064e2cc81b82c1913b7bafc1d90,2020-05-09,2020-05-08 18:45:00,NE,31,7831,641,35145,1923,,,92,2,,0,,,,,,42976,2564
7e6369265523d95661d9f7caf926e867c01b7926,2020-05-09,2020-05-08 09:00:00,NH,33,2947,104,29351,1522,304,1210,121,7,309,1,112,,97,,,32298,1626
6b742e60e20766fa4ab0b20af7410b5b552bd21d,2020-05-09,2020-05-09 13:00:00,NJ,34,137085,1631,168121,4816,557,15642,9116,164,,0,4628,1416,,1054,,305206,6447
2bb93862d7f9a0ca2adf7acf2e7e65bd33025780,2020-05-09,2020-05-08 06:05:00,NM,35,4673,180,88589,4050,,1189,181,9,789,29,201,,,,,93262,4230
b5e9e125eaf949569e39162cb628aae6269d2a04,2020-05-09,2020-05-09 12:00:00,NV,32,6028,144,50083,2623,,205,301,8,,0,,,,,,56111,2767
80c59bff6b49a446a229f0d24b6e68715039393b,2020-05-09,2020-05-09 00:00:00,NY,36,333122,2715,820646,29510,,57180,21271,226,83285,555,7776,2664,,2203,,1153768,32225
d9741c7582fe54a688d0ac34089f4a8c658e1beb,2020-05-09,2020-05-09 14:00:00,OH,39,23697,681,172973,11673,,,1331,25,4300,82,929,368,1200,222,,196670,12354
b87e02a1a4a7e0f3bfcf69eabfd83f57330cfd9d,2020-05-09,2020-05-09 00:00:00,OK,40,4490,66,91379,5946,,3154,270,4,822,17,177,93,,,,95869,6012
c1c6c7ed071f7dd1761aca4b108c2c3ca52a8724,2020-05-09,2020-05-09 11:00:00,OR,41,3160,92,71460,1835,,1125,127,3,662,3,139,34,,19,,74620,1927
4cd97039bca2af17a6e4bd9adcd9174638438ec2,2020-05-09,2020-05-09 00:00:00,PA,42,55316,1078,221791,5470,,,3688,72,,0,2285,,,502,,277107,6548
74303b5334e2bbb28fdb5e7aa732970c460f2e53,2020-05-09,2020-05-09 05:51:00,PR,72,2173,17,,0,,,108,1,,0,161,,,7,,2173,17
7933c3ca22e1447d0e88fe88349fe03c6b11968a,2020-05-09,2020-05-09 12:00:00,RI,44,10989,210,76826,2339,,772,418,19,1218,31,292,77,,56,,87815,2549
f687d16cd0ee1195a1e95e1a576bcc3c606023c1,2020-05-09,2020-05-08 16:30:00,SC,45,7531,389,73432,7132,,4120,330,14,1252,100,,,,,,80963,7521
6cb0cbc23da3342bffdf4ede44ac31464a4390bd,2020-05-09,2020-05-08 18:00:00,SD,46,3393,249,19559,1410,,2125,34,3,253,6,79,,,,,22952,1659
a2d9e24ad4ebc825672425e78417faf67fbc042b,2020-05-09,2020-05-09 00:00:00,TN,47,14768,327,237980,8843,,7369,242,1,1319,20,,,,,,252748,9170
ff98831d3b85395f3bed88291fd73afd678cdb31,2020-05-09,2020-05-09 13:15:00,TX,48,37860,1251,451434,10925,,20141,1049,45,,0,1735,,,,,489294,12176
47ba8cd052c0ef726d5d10df6f32693ef4829a76,2020-05-09,2020-05-09 10:32:00,UT,49,6103,184,137191,4422,,2901,66,5,498,10,172,,166,,75,143294,4606
c1d7582a66a63911143e9a34a6f9a49ac4239ae4,2020-05-09,2020-05-08 17:00:00,VA,51,23196,854,113953,6350,501,3124,827,15,4717,95,1593,367,,198,,137149,7204
d9f977dd25ab0fe6813b41895382a2e20d69888e,2020-05-09,2020-05-07 23:58:00,VI,78,68,0,1024,0,36,57,4,0,,0,,,,,,1092,0
b7ae7d16c5699e5f95d0c71c2211a298890294c8,2020-05-09,2020-05-09 00:00:00,VT,50,926,8,17690,468,,744,53,0,,0,21,,,,,18616,476
c67b9784b732d91aa91ad69a2560ab5ff52f4623,2020-05-09,2020-05-09 00:00:00,WA,53,17906,148,246192,2192,,,905,14,,0,393,128,,,,264098,2340
bada23e471b9c6b0f4b899842b89e43e676349b0,2020-05-09,2020-05-09 00:00:00,WI,55,9939,349,101935,4670,204,4875,398,14,1806,39,543,110,452,,,111874,5019
5b06edf678cbbc0ddf998d8de5ea9d0638fd8f95,2020-05-09,2020-05-09 10:00:00,WV,54,1335,25,59662,1536,,761,53,2,,0,53,13,,7,,60997,1561
a38f12edc980fded6db7851cb8e6339488fab29c,2020-05-09,2020-05-08 13:58:00,WY,56,644,9,11403,0,,438,7,0,64,4,12,,,,,12047,9
38d3533aeb7337282c02cc6e1eba8879b12e447c,2020-05-08,2020-05-08 00:00:00,AK,02,377,3,25096,1129,,305,10,0,,0,16,,,,,25473,1132
2bb288d295aeef2c871a3b4e3e431a77375263a3,2020-05-08,2020-05-08 00:00:00,AL,01,9221,323,110893,4618,,,375,26,1207,29,,,454,,266,120114,4941
1ec7a511e72564821cda3bef146ee81902989617,2020-05-08,2020-05-08 08:15:00,AR,05,3694,83,60300,3916,,2159,88,1,466,4,70,,,14,93,63994,3999
0c81af048c9d62144a887cbc7cb0efdb9b9df098,2020-05-08,2020-05-03 00:00:00,AS,60,0,0,83,0,,,0,0,,0,,,,,,83,0
3731fd28b970d0c3175431f98c4339ad9d5c42ec,2020-05-08,2020-05-08 00:00:00,AZ,04,10526,581,90599,4110,,1747,517,67,1482,33,730,295,,197,,101125,4691
9d9ddc9a7536d1e34d7b9376bc534f4a27a1c396,2020-05-08,2020-05-08 14:00:00,CA,06,62512,1898,812760,30500,,,2585,81,,0,4514,1342,,,,875272,32398
316685477da6b045bf9f9201ccb8fa7825b6d579,2020-05-08,2020-05-06 00:00:00,CO,08,18801,971,75735,2218,,2869,961,40,3557,571,821,,,,,94536,3189
b19cfba4b47d45c9cefad66d5383c57601991e84,2020-05-08,2020-05-07 20:30:00,CT,09,32411,627,88130,3740,,5413,2874,77,9389,0,1327,,,,,120541,4367
a202c365950e23aa0cc28da2919b56a0eb9e9802,2020-05-08,2020-05-07 00:00:00,DC,11,5899,245,21216,1014,,825,304,19,,0,447,130,,91,,27115,1259
e6f0635bebe718068d2ce0ee56920ec6ffbd8a99,2020-05-08,2020-05-07 18:00:00,DE,10,6111,172,22153,766,,2288,213,11,,0,289,,,,,28264,938
c718a7cba71ecea42291a4f2dfeea40776907075,2020-05-08,2020-05-08 10:10:00,FL,12,39199,371,474142,20020,1433,,1738,71,7157,167,,,,,,513341,20391
f737c4fdf6370a26cc39d6ec6c474f5e14f055ea,2020-05-08,2020-05-08 15:25:00,GA,13,32106,667,195461,9597,,,1377,41,5935,100,,,1399,,,227567,10264
9452339ed9a0d525a64753cf19364bf58c569180,2020-05-08,2020-05-08 00:00:00,GU,66,151,0,3626,62,,122,5,0,,0,,,,,,3777,62
1bacaaf2547b0c0b0c5762813db04d3b4910aebd,2020-05-08,2020-05-07 00:00:00,HI,15,629,3,35989,1074,,565,17,0,74,0,,,,,,36618,1077
148627dfc57a452ddfa9e780187b237af9fbe1ca,2020-05-08,2020-05-07 00:00:00,IA,19,11457,398,58804,3436,,4685,243,12,,0,407,164,,109,,70261,3834
a52cfaf63e802534e522047ecc9633e3004a7eef,2020-05-08,2020-05-07 19:00:00,ID,16,2178,20,29092,360,,1420,67,1,206,1,,,86,,,31270,380
ecd2f8ed83853f4f1eb21d3e1aed2902853ae1aa,2020-05-08,2020-05-08 00:00:00,IL,17,73760,2887,325954,17784,,,3241,130,,0,4750,1222,,727,,399714,20671
e2127ab44921f5606756e79eeb9e6f2c2bba3b2e,2020-05-08,2020-05-07 23:59:00,IN,18,23146,643,106982,4703,,,1447,33,4389,4389,1379,481,990,219,,130128,5346
4b2f1f8910eba3ebbdb8420de5439a6d380fab7b,2020-05-08,2020-05-08 10:00:00,KS,20,6501,357,41207,2529,,332,152,5,608,21,,,223,,99,47708,2886
8b597cee7e9ae4eb9dd07bd8c4124a6ce1e8bc77,2020-05-08,2020-05-07 17:00:00,KY,21,6129,195,75272,2600,,2177,294,11,1684,68,356,199,714,,,81401,2795
c42b4b1817d21a56d52acb29eec13328e21f4f8d,2020-05-08,2020-05-08 13:00:00,LA,22,30855,203,171561,1446,,20316,2227,19,,0,1359,,,185,,202416,1649
2013f8d33944811603fbeb4f447d2de01c6d832d,2020-05-08,2020-05-08 10:00:00,MA,25,75333,1612,290690,12779,,,4702,150,7434,197,3349,826,,,,366023,14391
c7c5a87ab80befae51ced99deff7acbe5faf19c4,2020-05-08,2020-05-08 10:00:00,MD,24,30485,1111,121702,2476,,2041,1643,63,5811,148,1674,571,,,,152187,3587
4cba99aac86fe94f77fe7f3a24800d726d211aa2,2020-05-08,2020-05-08 12:00:00,ME,23,1374,44,22092,0,,836,63,1,194,2,44,23,,10,,23466,44
e9bdf0e85249bdfd0ef162cc8729394747f24422,2020-05-08,2020-05-08 11:00:00,MI,26,46326,680,213927,12511,,15659,4393,50,,0,1637,725,,570,,260253,13191
a97a2d9bb1512d2d6cfc3ec20484bf2546b46bf1,2020-05-08,2020-05-07 17:00:00,MN,27,10088,723,91182,3126,,5163,534,26,1549,90,473,198,540,,,101270,3849
ed2b3e9566a7e7d1242904ed9127678a842fb60f,2020-05-08,2020-05-08 15:00:00,MO,29,9489,148,99232,4951,,,449,31,,0,832,,,143,,108721,5099
28bf7ae4f2083097cf8d6185e398eb7eaa04431a,2020-05-08,2020-05-08 00:00:00,MP,69,15,0,2321,538,,12,2,0,,0,,,,,,2336,538
5ffb3a285c7530e5478ed140b3712e3d4f404fcf,2020-05-08,2020-05-07 19:00:00,MS,28,9090,404,72101,0,,4421,409,13,1478,36,632,123,,58,,81191,404
4cc5f5af306e8c8ce4cb083d63e49ec70f5728cf,2020-05-08,2020-05-08 00:00:00,MT,30,458,2,20487,696,,420,16,0,62,0,6,,,,,20945,698
6e243d1a098a93c1dbde7cf64563f01201df00f1,2020-05-08,2020-05-08 11:00:00,NC,37,13868,471,164745,6814,,,527,20,,0,515,,,,,178613,7285
0d3eedd58c9b321c168086ecd5c7aef940cda1fe,2020-05-08,2020-05-08 13:00:00,ND,38,1425,54,41076,1580,,714,33,2,104,2,33,,,,,42501,1634
35797640aaf17c8b330edfe0875b779af1d2a632,2020-05-08,2020-05-07 17:45:00,NE,31,7190,419,33222,2235,,,90,4,,0,,,,,,40412,2654
fa620016bcd283b293b739476ead53f46ba7d236,2020-05-08,2020-05-07 09:00:00,NH,33,2843,103,27829,1763,532,1165,114,3,308,1,113,,97,,,30672,1866
f2780868595e83997321497a42aa50b120e4529d,2020-05-08,2020-05-08 13:00:00,NJ,34,135454,1819,163305,4282,553,15642,8952,151,,0,4605,1439,,1089,,298759,6101
b8564066a2c1f61e473f16824e7aca567fb9626b,2020-05-08,2020-05-07 06:09:00,NM,35,4493,202,84539,3146,,1125,172,3,760,73,197,,,,,89032,3348
30d967733e358b194ba3ba8e8d968eaeed7efe2e,2020-05-08,2020-05-08 12:50:00,NV,32,5884,118,47460,1869,,205,293,7,,0,,,,,,53344,1987
abe1a8cd0862925688c073ed40763a979b22b7f0,2020-05-08,2020-05-08 00:00:00,NY,36,330407,2758,791136,28869,,56378,21045,217,82730,533,8196,2811,,2295,,1121543,31627
bf3ad4614dd13c4ce9aeacb92310488b7ebb86a0,2020-05-08,2020-05-08 14:00:00,OH,39,23016,885,161300,7372,,,1306,35,4218,78,1060,393,1188,274,,184316,8257
9d0ddecd36eba3abdb3cbfbdbb2dd1fcab71895e,2020-05-08,2020-05-08 00:00:00,OK,40,4424,94,85433,2876,,3064,266,6,805,0,228,96,,,,89857,2970
e0a3a09dc4e8a41ee74e579251a114acc69da4d6,2020-05-08,2020-05-08 11:00:00,OR,41,3068,79,69625,2156,,1125,124,3,659,14,159,42,,18,,72693,2235
1bc8e7eb8a6d1a4839718710767311334ff8b59a,2020-05-08,2020-05-08 00:00:00,PA,42,54238,1323,216321,6448,,,3616,200,,0,2342,,,517,,270559,7771
057fe46ef45c7642e983aa68dee3db9cca8a2300,2020-05-08,2020-05-08 06:00:00,PR,72,2156,125,,0,,,107,5,,0,161,,,10,,2156,125
ff0ed25e90ccc67e1d6e37d68def361e677ae193,2020-05-08,2020-05-08 12:00:00,RI,44,10779,249,74487,2699,,730,399,11,1187,34,312,71,,52,,85266,2948
d9678b605e6b69d8597dcfdae16cbd4ac16dbd8e,2020-05-08,2020-05-07 16:13:00,SC,45,7142,206,66300,-4246,,3816,316,11,1152,0,,,,,,73442,-4040
c4fe6dc1eb11035918416be34386fd175eaf42bd,2020-05-08,2020-05-07 18:00:00,SD,46,3144,239,18149,940,,2069,31,0,247,11,76,,,,,21293,1179
8e442971042e1965afa770cdcf6c9d4b3ccab6e4,2020-05-08,2020-05-08 00:00:00,TN,47,14441,345,229137,6905,,7011,241,4,1299,33,,,,,,243578,7250
5b23c6379af24a07dc7acf63d4fad0ea15cca27d,2020-05-08,2020-05-08 13:00:00,TX,48,36609,1219,440509,20737,,19197,1004,31,,0,1734,,,,,477118,21956
484a0867e5b153cb39aeb9c6cf5a94398b1bb2a5,2020-05-08,2020-05-08 15:00:00,UT,49,5919,195,132769,3950,,2769,61,0,488,12,216,,162,,73,138688,4145
0475b33d219e932d1253264050f5f38dbffaa1ea,2020-05-08,2020-05-07 17:00:00,VA,51,22342,772,107603,6021,549,2997,812,43,4622,184,1625,378,,199,,129945,6793
9724831b4957bb4439aee833f7546ec52e5579bd,2020-05-08,2020-05-07 11:58:00,VI,78,68,2,1024,34,36,57,4,0,,0,,,,,,1092,36
652a963c4c417214029f0d490fe91a3801ca507f,2020-05-08,2020-05-08 00:00:00,VT,50,918,2,17222,532,,737,53,0,,0,15,,,,,18140,534
a6e61d8a5bc5155ec0e85bc0944a510649db6d5d,2020-05-08,2020-05-08 00:00:00,WA,53,17758,205,244000,6101,,,891,21,,0,393,122,,,,261758,6306
cd0aa6100d2d5de50d45a85b2a59f556c3e5a178,2020-05-08,2020-05-08 00:00:00,WI,55,9590,375,97265,4230,204,4694,384,10,1767,35,552,110,441,,,106855,4605
9f58f19f776c9ef73a0b27a34115ee07414f85f3,2020-05-08,2020-05-08 10:00:00,WV,54,1310,23,58126,1892,,761,51,0,,0,65,19,,11,,59436,1915
e999fe049f52ee7173f9549f253c101ed54fe362,2020-05-08,2020-05-07 04:28:00,WY,56,635,4,11403,0,,428,7,0,60,1,9,,,,,12038,4
ca2f44285aed0c66bf7b2ca4acc93fcdf0209996,2020-05-07,2020-05-07 00:00:00,AK,02,374,2,23967,684,,291,10,0,,0,12,,,,,24341,686
b2d2878583e78e5b818e685600a44a9e8569da40,2020-05-07,2020-05-07 00:00:00,AL,01,8898,317,106275,5340,,,349,9,1178,20,,,448,,266,115173,5657
1b0d102d49681c2d2599f80f67dd17917f23a9bc,2020-05-07,2020-05-07 09:43:00,AR,05,3611,43,56384,949,,2123,87,2,462,9,69,,,14,93,59995,992
a99fb4d521f458e2881280aff7ab37d10557ccce,2020-05-07,2020-05-03 00:00:00,AS,60,0,0,83,0,,,0,0,,0,,,,,,83,0
322be6fa55f0e97237350d06845b9c6a532c54b5,2020-05-07,2020-05-07 00:00:00,AZ,04,9945,238,86489,4459,,1722,450,24,1449,19,766,288,,196,,96434,4697
53d468fef4a46dc0db59d1614512706491fcfc70,2020-05-07,2020-05-07 14:00:00,CA,06,60614,1799,782260,32039,,,2504,92,,0,4560,1374,,,,842874,33838
eb43296537b97b9b4b4a6823a7edbfb6a32c22a6,2020-05-07,2020-05-05 00:00:00,CO,08,17830,466,73517,4905,,2869,921,18,2986,67,798,,,,,91347,5371
3adead8dabc4730dca3ddb035ddf1eb0921643cb,2020-05-07,2020-05-06 20:30:00,CT,09,31784,789,84390,3938,,5413,2797,79,9389,1631,1385,,,,,116174,4727
d26be3367798d7aee0affdc73d59066b7fdbfc89,2020-05-07,2020-05-06 00:00:00,DC,11,5654,193,20202,679,,825,285,8,,0,447,130,,91,,25856,872
0d50c5f035043dfca82cc09f8cda6294a87ae287,2020-05-07,2020-05-06 18:00:00,DE,10,5939,161,21387,697,,2110,202,9,,0,285,,,,,27326,858
f4ddc67e78ab5e871a3044f99609e3650d940b71,2020-05-07,2020-05-07 14:40:00,FL,12,38828,826,454122,12073,1499,,1667,62,6990,214,,,,,,492950,12899
e1a30870a4cf54188144b930330570261cfad0a6,2020-05-07,2020-05-07 14:29:00,GA,13,31439,743,185864,12423,,,1336,25,5835,70,,,1374,,,217303,13166
5513975993ca2e9dc73f812f1005d078a6093665,2020-05-07,2020-05-07 00:00:00,GU,66,151,0,3564,88,,123,5,0,,0,,,,,,3715,88
e9fd886e00174652ba3ff2c1564d7817695ffb82,2020-05-07,2020-05-06 18:00:00,HI,15,626,1,34915,341,,558,17,0,74,1,,,,,,35541,342
0d51b4b7c5a73291066945613d3b219c372eaec6,2020-05-07,2020-05-06 12:00:00,IA,19,11059,655,55368,2601,,4266,231,12,,0,417,151,,107,,66427,3256
af9fc31ab823a8fab423e4ebc2f69bf78c867c0a,2020-05-07,2020-05-06 19:00:00,ID,16,2158,31,28732,314,,1399,66,1,205,2,,,86,,,30890,345
09567be099215f28dc5392f9171009f478f45214,2020-05-07,2020-05-07 00:00:00,IL,17,70873,2641,308170,15142,,,3111,137,,0,4862,1253,,766,,379043,17783
1bb5989721fcf03de92658bb36d9c7ef782f6525,2020-05-07,2020-05-06 23:59:00,IN,18,22503,633,102279,3653,,,1414,37,,0,1457,487,,228,,124782,4286
4c620d92788bad1b67faa1426d2fb8c0630bb382,2020-05-07,2020-05-07 10:00:00,KS,20,6144,410,38678,2298,,323,147,3,587,16,,,218,,97,44822,2708
f368c55654c1f6b8df373b582612d0c209818811,2020-05-07,2020-05-06 17:00:00,KY,21,5934,112,72672,17480,,2125,283,8,1616,13,351,190,693,,,78606,17592
08e42082fd81bcafd0ac416b755945e7b0cb77bd,2020-05-07,2020-05-07 13:00:00,LA,22,30652,253,170115,5842,,20316,2208,93,,0,1432,,,189,,200767,6095
1cdb30383ede6039b01f9f958c74ee3b7523a13b,2020-05-07,2020-05-07 12:00:00,MA,25,73721,1696,277911,10297,,,4552,132,7237,157,3436,852,,,,351632,11993
07afab6cadbd6b1639f2861680b832e0d6e3b016,2020-05-07,2020-05-07 10:00:00,MD,24,29374,1211,119226,3377,,2029,1580,60,5663,166,1683,584,,,,148600,4588
a2b2bce9e34122f4a0c70e37bf5b6dcd4d3c89d0,2020-05-07,2020-05-07 11:45:00,ME,23,1330,76,22092,0,,787,62,0,192,1,39,16,,11,,23422,76
e10f15a6c59ca9f71377c8f6488ea2c76d4d0169,2020-05-07,2020-05-07 11:00:00,MI,26,45646,592,201416,13239,,15659,4343,93,,0,1697,753,,612,,247062,13831
825a02ed98d136d438959f280b4fd4b2575649b0,2020-05-07,2020-05-06 17:00:00,MN,27,9365,786,88056,3403,,4800,508,23,1459,54,435,182,512,,,97421,4189
2d094db707ae8f1af4161c4f9819aeed93f6f8eb,2020-05-07,2020-05-07 15:00:00,MO,29,9341,239,94281,2636,,,418,22,,0,917,,,141,,103622,2875
c384c37def99e9903aa62c584c115ccfd3df700a,2020-05-07,2020-05-06 00:00:00,MP,69,15,0,1783,0,,12,2,0,,0,,,,,,1798,0
d478eccdc59addc6e7e7300b372798c56b98f682,2020-05-07,2020-05-06 19:00:00,MS,28,8686,262,72101,0,,4421,396,22,1442,50,650,139,,71,,80787,262
1e640074882b86fedcc28ea77fed9f588c675500,2020-05-07,2020-05-07 00:00:00,MT,30,456,0,19791,543,,417,16,0,62,0,6,,,,,20247,543
d9d63b0acf0e7084f8fce5949a989fb3fdf4f9bf,2020-05-07,2020-05-07 11:00:00,NC,37,13397,639,157931,6207,,,507,30,,0,525,,,,,171328,6846
69704c31fd123273f3fd865fde7f1afa2c4c46bc,2020-05-07,2020-05-07 13:00:00,ND,38,1371,48,39496,2187,,601,31,0,102,5,35,,,,,40867,2235
193efc6936cf1b8b31a9e9a09a1eb451efc39d3d,2020-05-07,2020-05-06 17:45:00,NE,31,6771,333,30987,1297,,,86,4,,0,,,,,,37758,1630
7cc63af2b55951758304577d0ef1ff5b5edc5699,2020-05-07,2020-05-06 09:00:00,NH,33,2740,104,26066,969,345,1110,111,19,307,12,113,,82,,,28806,1073
94591787e4e12ae90eebd7d86e10c6efb53bd679,2020-05-07,2020-05-07 13:00:00,NJ,34,133635,1745,159023,1993,552,15642,8801,252,,0,4996,1470,,1107,,292658,3738
ed5fb225094d92080625d22b6487d4a5df863bcd,2020-05-07,2020-05-06 06:01:00,NM,35,4291,153,81393,2280,,1073,169,7,687,0,193,,,,,85684,2433
6b2582bfdb369016e998d5133f4c3165906b1187,2020-05-07,2020-05-07 12:40:00,NV,32,5766,103,45591,1979,,205,286,10,,0,,,,,,51357,2082
8718ae326fe4da0c99b9b3e2cf54e20355b469af,2020-05-07,2020-05-07 00:00:00,NY,36,327649,3671,762267,30324,,55547,20828,951,82197,627,8665,2976,,2425,,1089916,33995
20827dbc76cd1050155aed145da0900453779f83,2020-05-07,2020-05-07 14:00:00,OH,39,22131,555,153928,6575,,,1271,46,4140,88,1057,418,1167,279,,176059,7130
79cebae2fba3f6e0ffd3db14c105e6d830be2ae4,2020-05-07,2020-05-07 00:00:00,OK,40,4330,129,82557,3868,,2985,260,7,805,32,223,97,,,,86887,3997
b761103a7d33d731d4c7d798fc37150e8ae193e3,2020-05-07,2020-05-07 11:00:00,OR,41,2989,73,67469,2409,,1125,121,6,645,4,171,48,,23,,70458,2482
6aab6f462a9c4fe2db7a7b4e11f72d1195817937,2020-05-07,2020-05-07 00:00:00,PA,42,52915,1070,209873,5378,,,3416,310,,0,2420,,,539,,262788,6448
cdb8ecb11a615698ca8c85f86d3e5fbfbfdae95f,2020-05-07,2020-05-07 06:00:00,PR,72,2031,63,,0,,,102,3,,0,,,,,,2031,63
57cb6c6429d7c349a6cf260b2f3747b40be10de7,2020-05-07,2020-05-06 12:00:00,RI,44,10530,325,71788,2620,,696,388,18,1153,30,318,82,,56,,82318,2945
d419a08c6333019c41ddd7f4679ae8ce9333e69c,2020-05-07,2020-05-06 16:20:00,SC,45,6936,0,70546,0,,3816,305,0,1152,0,,,,,,77482,0
d81f8aab3b441a4aad318a10ddc2bba4cc06b0aa,2020-05-07,2020-05-06 18:00:00,SD,46,2905,126,17209,572,,2028,31,2,236,6,70,,,,,20114,698
ce96ea2bfd8b20210c7150841f5e2ea0c42cc553,2020-05-07,2020-05-07 15:00:00,TN,47,14096,158,222232,9069,,6783,237,-2,1266,45,,,,,,236328,9227
4445ddf0f4c9e1b092e7707442c99756cbf5a34b,2020-05-07,2020-05-07 13:00:00,TX,48,35390,968,419772,15256,,18440,973,25,,0,1750,,,,,455162,16224
996d7d786cb29aebaff4efc662c6d002ccbf347e,2020-05-07,2020-05-07 15:00:00,UT,49,5724,129,128819,3412,,2640,61,3,476,12,194,,159,,73,134543,3541
7209ead3ca1f01d1bc3096883d9dfd67285ee9fe,2020-05-07,2020-05-06 17:00:00,VA,51,21570,1314,101582,8130,519,2825,769,56,4438,325,1613,371,,203,,123152,9444
1e04a5467815cc133dbcc75da63e8aad3eec8237,2020-05-07,2020-05-06 09:46:00,VI,78,66,0,990,0,37,54,4,0,,0,,,,,,1056,0
46a5c675689804f0a8f4865bfe1e230eb231f57d,2020-05-07,2020-05-07 00:00:00,VT,50,916,2,16690,409,,718,53,1,,0,14,2,,0,,17606,411
90c5e00ae2c182acad55a5c201f91fbf6c8b10f1,2020-05-07,2020-05-07 00:00:00,WA,53,17553,197,237899,5706,,,870,8,,0,358,144,,,,255452,5903
2e43a074873fefe04795111eaefc5a7db45b8ac1,2020-05-07,2020-05-07 00:00:00,WI,55,9215,314,93035,5209,219,4520,374,12,1732,38,624,108,435,,,102250,5523
fb1831082e578d824b383ba1a725d3285a51be48,2020-05-07,2020-05-07 10:00:00,WV,54,1287,39,56234,1698,,716,51,1,,0,76,22,,12,,57521,1737
ee39882424b9f34e9db12463103f465dc87ffaa2,2020-05-07,2020-05-06 15:27:00,WY,56,631,27,11403,0,,416,7,0,59,-1,11,,,,,12034,27
21ad433d5ef6a636e70fe7609795c3ad6de33eb9,2020-05-06,2020-05-06 00:00:00,AK,02,372,1,23283,962,,284,10,1,,0,8,,,,,23655,963
8c2d6e8595ed43204aa5cca3af6778766ad7bc98,2020-05-06,2020-05-06 00:00:00,AL,01,8581,296,100935,2454,,,340,27,1158,51,,,442,,264,109516,2750
93b17a0071bad74a17d330fd303e960bef599ba1,2020-05-06,2020-05-06 14:42:00,AR,05,3568,72,55435,4296,,2109,85,2,453,0,69,,,14,89,59003,4368
8d6f184b188266b6447f4bd05c567003947582df,2020-05-06,2020-05-03 00:00:00,AS,60,0,0,83,0,,,0,0,,0,,,,,,83,0
638a5e8c356243ce87998f0612e17795af2d2588,2020-05-06,2020-05-06 00:00:00,AZ,04,9707,402,82030,3075,,1693,426,31,1430,33,754,286,,193,,91737,3477
cdf92bb7f85709692fe22183300651711846c705,2020-05-06,2020-05-05 14:00:00,CA,06,58815,2603,750221,26531,,,2412,95,,0,4681,1415,,,,809036,29134
57b8a9d004c4cabef47dcbd04e467cf9fd60971e,2020-05-06,2020-05-04 00:00:00,CO,08,17364,457,68612,515,,2801,903,52,2919,81,792,,,,,85976,972
d0d2e6512a93e191a50e26528d209f39a6987a3b,2020-05-06,2020-05-05 20:30:00,CT,09,30995,374,80452,2430,,4346,2718,85,7758,0,1445,,,,,111447,2804
218af4e3567b2129a8246b6d6b0a900814bdeda5,2020-05-06,2020-05-05 00:00:00,DC,11,5461,139,19523,516,,808,277,13,,0,447,130,,91,,24984,655
7eae3df0e8bdcbefb8aee2765f37ffba23a48744,2020-05-06,2020-05-05 18:00:00,DE,10,5778,407,20690,1381,,2008,193,6,,0,299,,,,,26468,1788
94e2eefb32cba795eaace8efefb1dd9c8e7dcab9,2020-05-06,2020-05-06 09:45:00,FL,12,38002,563,442049,13797,1351,,1605,69,6776,230,,,,,,480051,14360
23c7a5bc1883c16fedb66f87a799548ecfd61c5c,2020-05-06,2020-05-06 15:25:00,GA,13,30696,985,173441,2269,,,1311,23,5765,131,,,1343,,,204137,3254
125c0cc0bd80a00aed6e062e25e98b2507b7e19c,2020-05-06,2020-05-06 00:00:00,GU,66,151,2,3476,135,,123,5,0,,0,,,,,,3627,137
4f7fa1e8e62c4f989b123cbf6d8e506fa6437fe0,2020-05-06,2020-05-05 18:00:00,HI,15,625,4,34574,1196,,551,17,0,73,0,,,,,,35199,1200
d0553c53dfbba4ab3907a7e348349bc181cb72dc,2020-05-06,2020-05-05 12:00:00,IA,19,10404,293,52767,2309,,3803,219,12,,0,414,151,,103,,63171,2602
fa602a20dcb5b8d8d939acfac33142277c758380,2020-05-06,2020-05-04 19:00:00,ID,16,2127,21,28418,216,,1379,65,1,203,2,,,84,,,30545,237
fe7c4c3947dbc5c522bc5ee62d23963145551c5f,2020-05-06,2020-05-06 00:00:00,IL,17,68232,2270,293028,12704,,,2974,136,,0,4832,1231,,780,,361260,14974
46c0b2dc69c8af4f170dde8af0d96782d4e2ae6c,2020-05-06,2020-05-05 23:59:00,IN,18,21870,837,98626,3825,,,1377,51,,0,1558,526,,281,,120496,4662
7e23added51f0d6b1e4555f3777c7514f12aca45,2020-05-06,2020-05-06 10:00:00,KS,20,5734,276,36380,1746,,318,144,7,571,5,,,213,,96,42114,2022
32913da90fc643cab447a23c3b05d9ba435f12c5,2020-05-06,2020-05-05 17:00:00,KY,21,5822,577,55192,390,,2058,275,14,1603,74,347,189,685,,,61014,967
5a3735d3feff04fec65bf6db7f2ad0fa3cf10156,2020-05-06,2020-05-06 16:30:00,LA,22,30399,403,164273,6038,,20316,2115,0,,0,1465,,,187,,194672,6441
d0855c56f984332f78af54674b68ac4b88de7add,2020-05-06,2020-05-06 12:00:00,MA,25,72025,1754,267614,4536,,,4420,208,7080,249,3564,922,,,,339639,6290
d1d17ab489a61ae214bcc4e9062433a0a4b9d267,2020-05-06,2020-05-06 10:00:00,MD,24,28163,1046,115849,2863,,1903,1520,44,5497,160,1707,584,,,,144012,3909
0428ef645bb6159819b2accd7d8fe6a05a21618f,2020-05-06,2020-05-06 12:30:00,ME,23,1254,28,22092,2546,,766,62,1,191,4,37,18,,12,,23346,2574
26d7ff02874221c4cfcd79559a3f7acfbf5cf2fd,2020-05-06,2020-05-06 11:00:00,MI,26,45054,657,188177,9738,,15659,4250,71,,0,1818,794,,617,,233231,10395
342112920166897d37ddccbb1da5ce681bb53d1b,2020-05-06,2020-05-05 17:00:00,MN,27,8579,728,84653,4495,,4520,485,30,1405,55,443,180,488,,,93232,5223
2b0170ef2c43e5ec8e3f19bb15ecb689241a2227,2020-05-06,2020-05-06 15:00:00,MO,29,9102,186,91645,5495,,,396,19,,0,953,,,134,,100747,5681
79a26f06ec7448d7b4e8c4b2e1b793c16742565c,2020-05-06,2020-05-06 00:00:00,MP,69,15,1,1783,0,,12,2,0,,0,,,,,,1798,1
08a7172f9d3fec16108a3f6f376aaea66c809336,2020-05-06,2020-05-05 19:00:00,MS,28,8424,217,72101,0,,4421,374,32,1392,40,618,144,,79,,80525,217
537bbc6fe9d74881c10ff22a6f20946836ad247f,2020-05-06,2020-05-06 00:00:00,MT,30,456,0,19248,4432,,417,16,0,62,0,6,,,,,19704,4432
d35e41e0727cd930e44a7766b614ec31bad62266,2020-05-06,2020-05-06 10:45:00,NC,37,12758,502,151724,12180,,,477,25,,0,516,,,,,164482,12682
03f46fed9589ce0d7423cde6c4a240cc737139c3,2020-05-06,2020-05-06 13:00:00,ND,38,1323,57,37309,2154,,582,31,6,97,2,32,,,,,38632,2211
c27e456010f9c6ea7706fc78dfa5d113ef1b964c,2020-05-06,2020-05-05 17:45:00,NE,31,6438,355,29690,1164,,,82,4,,0,,,,,,36128,1519
7442a41b9bca2efc263c1c565848eebebc14a61c,2020-05-06,2020-05-05 09:00:00,NH,33,2636,48,25097,815,79,1105,92,6,295,9,115,,82,,,27733,863
109794ba91814fc1d95b8c9887c4ffefc6b8e48f,2020-05-06,2020-05-06 13:00:00,NJ,34,131890,1297,157030,0,594,15642,8549,305,,0,5221,1549,,1146,,288920,1297
8919c95e34402a2fadfd6881a09f5224a517b451,2020-05-06,2020-05-05 17:30:00,NM,35,4138,107,79113,1424,,964,162,6,687,20,178,,,,,83251,1531
9cf60f1b83b1bd8bb911039b9837b4c8c0acd616,2020-05-06,2020-05-06 12:40:00,NV,32,5663,69,43612,1322,,203,276,8,,0,,,,,,49275,1391
d6f8ae2c438dcedf1847bf11f9e96277f665ef1e,2020-05-06,2020-05-06 00:00:00,NY,36,323978,2786,731943,24236,,54597,19877,232,81570,652,9179,,,,,1055921,27022
6d4b1e69bee3a2b36af02ce4dc65b72c4bca4c0d,2020-05-06,2020-05-06 14:00:00,OH,39,21576,607,147353,7587,,,1225,90,4052,96,1045,407,1151,275,,168929,8194
0101c864241bef63f9e0cd6dc0105076552d28c7,2020-05-06,2020-05-06 00:00:00,OK,40,4201,74,78689,3399,,2909,253,6,773,0,230,102,,,,82890,3473
33d57c088a5799689e7a1cc8987500f36f68b81c,2020-05-06,2020-05-06 11:00:00,OR,41,2916,77,65060,2475,,1125,115,2,641,19,191,47,,20,,67976,2552
d05f28be885a19341d9354f641fa105463aa1016,2020-05-06,2020-05-06 00:00:00,PA,42,51845,888,204495,4570,,,3106,94,,0,2545,,,560,,256340,5458
0335a6d4068f617c24fd8612b3bd4701ceef52d1,2020-05-06,2020-05-06 06:00:00,PR,72,1968,44,,-9313,,,99,0,,0,,,,,,1968,-9269
639fc119249fef331e360179e687ed727f12f7ea,2020-05-06,2020-05-06 12:00:00,RI,44,10205,272,69168,2666,,665,370,15,1123,31,324,86,,60,,79373,2938
0067d67fdc6f58bec3cc73f8c846f8251bc4ac11,2020-05-06,2020-05-06 16:20:00,SC,45,6936,179,70546,9532,,3816,305,22,1152,42,,,,,,77482,9711
41d9559d2ce5b44a63bb2990c7b1acabaa011f4d,2020-05-06,2020-05-05 18:00:00,SD,46,2779,58,16637,336,,1977,29,5,230,10,72,,,,,19416,394
0da2919cf5669abf2049085381884cbcc772dae6,2020-05-06,2020-05-06 15:00:00,TN,47,13938,248,213163,7991,,6564,239,13,1221,65,,,,,,227101,8239
b2ee15f2a2f98c4558ff871af6b4ccabfcdacd41,2020-05-06,2020-05-06 13:20:00,TX,48,34422,1053,404516,10675,,17622,948,42,,0,1812,,,,,438938,11728
a52f7e54708c8f3853a1353d03a25d6931916d9b,2020-05-06,2020-05-06 15:00:00,UT,49,5595,146,125407,4141,,2509,58,2,464,8,,,,,,131002,4287
c6552574fa52f58cafb1fcbbf8828658ebe2c7ec,2020-05-06,2020-05-04 17:00:00,VA,51,20256,0,93452,0,469,2617,713,0,4113,0,1496,361,,189,,113708,0
afa3c356764f3e26d9ce14b7e59ae2142e42c1d8,2020-05-06,2020-05-05 20:30:00,VI,78,66,0,990,17,37,54,4,0,,0,,,,,,1056,17
529dabd200dfbe8719a06f43f25639f10dfc7aba,2020-05-06,2020-05-06 00:00:00,VT,50,914,5,16281,216,,706,52,0,,0,26,2,,0,,17195,221
305a45527b3ed5858b3b14ef341bdc5712dcf150,2020-05-06,2020-05-06 00:00:00,WA,53,17356,243,232193,6978,,,862,21,,0,390,127,,,,249549,7221
73a2124289df29806f15f48030b24daeeb01021a,2020-05-06,2020-05-06 00:00:00,WI,55,8901,335,87826,3859,212,4348,362,9,1694,31,511,107,423,,,96727,4194
2833763c3b44e5c5ef1869049614620cb813d27a,2020-05-06,2020-05-06 10:00:00,WV,54,1248,10,54536,951,,716,50,0,,0,76,22,,12,,55784,961
bd4296c18ca1821f10cc4b1cdd7908b4dcab2893,2020-05-06,2020-05-05 15:30:00,WY,56,604,8,11403,1084,,409,7,0,60,0,11,,,,,12007,1092
248190513a8b3a965c17bb628b8660435496d105,2020-05-05,2020-05-05 00:00:00,AK,02,371,1,22321,968,,277,9,0,,0,13,,,,,22692,969
ffed82679fbacb90a7ea4b1ad6c9dfb784e38424,2020-05-05,2020-05-05 00:00:00,AL,01,8285,260,98481,3389,,,313,17,1107,43,,,428,,255,106766,3649
3be345fb4c64893b6a3ee9405b5d8497e8ddbc9c,2020-05-05,2020-05-05 16:10:00,AR,05,3496,38,51139,155,,2041,83,2,453,15,89,,,16,89,54635,193
253f59bc18048191da55b0ced6e2b9c9b14b59a4,2020-05-05,2020-05-03 00:00:00,AS,60,0,0,83,0,,,0,0,,0,,,,,,83,0
4f98715b05931681567e0ad00bdb4cded0a5bd2f,2020-05-05,2020-05-05 00:00:00,AZ,04,9305,386,78955,2621,,1671,395,33,1397,40,728,303,,185,,88260,3007
e98c0a1394f139df03e5dd521414438044c8149b,2020-05-05,2020-05-05 14:00:00,CA,06,56212,1275,723690,30753,,,2317,63,,0,4622,1388,,,,779902,32028
2b3f9bc6f4e8d49b93b22213d6ffdccab6040daa,2020-05-05,2020-05-03 00:00:00,CO,08,16907,272,68097,1642,,2743,851,9,2838,39,834,,,,,85004,1914
948828065065f663dfebf0f57174f544f2559fd1,2020-05-05,2020-05-04 16:00:00,CT,09,30621,1334,78022,4816,,4346,2633,138,7758,0,1500,,,,,108643,6150
2efcabf55a1f1fa281e79d00b2a0737a279c38c3,2020-05-05,2020-05-04 00:00:00,DC,11,5322,152,19007,382,,667,264,6,,0,447,130,,91,,24329,534
25d1fb86e6ed5d98e940351704f9eb5ac54c0c77,2020-05-05,2020-05-04 18:00:00,DE,10,5371,83,19309,487,,1847,187,5,,0,284,,,,,24680,570
00017c99573711f98f1333f27359bfe6c7c64fc2,2020-05-05,2020-05-05 10:31:00,FL,12,37439,542,428252,20879,1265,,1536,113,6546,217,,,,,,465691,21421
fefc37b5a06bb724c7d1d8db10a015187cbb3cc7,2020-05-05,2020-05-05 16:25:00,GA,13,29711,343,171172,17215,,,1288,66,5634,108,,,1318,,,200883,17558
e9eef47df2ef390d5c06f09f6dc7967284db6587,2020-05-05,2020-05-05 09:00:00,GU,66,149,0,3341,99,,124,5,0,,0,,,,,,3490,99
edd9674927823f5429a92529e871cf0af378ba6a,2020-05-05,2020-05-04 18:00:00,HI,15,621,1,33378,132,,548,17,0,73,0,,,,,,33999,133
c68918ab82a98129e437e3af37fdc76493cf58eb,2020-05-05,2020-05-04 12:00:00,IA,19,10111,408,50458,3000,,3572,207,19,,0,407,152,,94,,60569,3408
ed285d57b32e40cb3b01e917acf05c5d334cdaac,2020-05-05,2020-05-03 19:00:00,ID,16,2106,45,28202,456,,1358,64,0,201,1,,,83,,,30308,501
25294c68681672a935538456efcb51b335774fa5,2020-05-05,2020-05-05 00:00:00,IL,17,65962,2122,280324,11017,,,2838,176,,0,4780,1266,,780,,346286,13139
252a49ce5e830e4e9875b9ea534a6ffd9ebb1009,2020-05-05,2020-05-04 23:59:00,IN,18,21033,526,94801,2011,,,1326,62,,0,1537,480,,272,,115834,2537
548136011c0456d4218d6759bc5ec32d88c8286c,2020-05-05,2020-05-05 10:00:00,KS,20,5458,213,34634,1276,,296,137,1,566,13,,,212,,95,40092,1489
baff256c55a741a923c7db84ebb9e4298dd67df5,2020-05-05,2020-05-04 17:00:00,KY,21,5245,115,54802,1523,,1892,261,8,1529,10,333,174,659,,,60047,1638
7bc3cef3f2c1856258cc139fbe1e9c5917214705,2020-05-05,2020-05-05 13:00:00,LA,22,29996,323,158235,6977,,20316,2115,51,,0,1512,,,194,,188231,7300
ead8672de84e110bb968fb30fb43e1e4ba9c77fe,2020-05-05,2020-05-05 12:00:00,MA,25,70271,1184,263078,7897,,,4212,122,6831,209,3542,914,,,,333349,9081
7fe2432a0af92ab6ca25e2126a2e2c1fae623c72,2020-05-05,2020-05-05 10:00:00,MD,24,27117,709,112986,2399,,1810,1476,52,5337,138,1693,573,,,,140103,3108
4e0719bb7edcd7eba0182723b18bd2b25041ef58,2020-05-05,2020-05-04 11:59:00,ME,23,1226,21,19546,0,,741,61,4,187,1,36,18,,12,,20772,21
871f5e4689edc701cd538d6afca781d28f970e78,2020-05-05,2020-05-05 11:00:00,MI,26,44397,447,178439,0,,15659,4179,130,,0,1948,839,,670,,222836,447
8aba3ccfadd2880d30bc2772e519fa7d8b4a5608,2020-05-05,2020-05-04 17:00:00,MN,27,7851,617,80158,1451,,4159,455,27,1350,79,434,182,475,,,88009,2068
ac6ccc4393d9f66436f2873747e744c42629907c,2020-05-05,2020-05-05 15:00:00,MO,29,8916,162,86150,3453,,,377,19,,0,893,,,139,,95066,3615
1050a027e5272beb4f3a8dae1ade82a719d68393,2020-05-05,2020-05-05 00:00:00,MP,69,14,0,1783,462,,12,2,0,,0,,,,,,1797,462
ab24734e6ab054bc2c26416ff49f8c18b7f8f364,2020-05-05,2020-05-04 19:00:00,MS,28,8207,330,72101,301,,4421,342,32,1352,36,645,162,,77,,80308,631
75999ff51c7bd9bb5fffbd29112e786f46566274,2020-05-05,2020-05-05 00:00:00,MT,30,456,-1,14816,185,,410,16,0,62,0,6,,,,,15272,184
e73c984ec830da69b25b7fa0d50c3ad7954277cf,2020-05-05,2020-05-05 11:00:00,NC,37,12256,408,139544,4953,,,452,22,,0,534,,,,,151800,5361
c35f498a90290ba0c8e5d1115d7b335351ac4c8a,2020-05-05,2020-05-05 13:00:00,ND,38,1266,41,35155,1626,,559,25,0,95,1,31,,,,,36421,1667
ef6c15d4b13857f1b985cb226b255a0d28158b5d,2020-05-05,2020-05-03 20:45:00,NE,31,6083,173,28526,682,,,78,0,,0,,,,,,34609,855
d62e094183a186aed5c957c1e803eed702343533,2020-05-05,2020-05-04 09:00:00,NH,33,2588,0,24282,0,79,1019,86,0,286,0,111,,82,,,26870,0
4f0a5c6155ba3784a340b062fea7f82b2bec7c9e,2020-05-05,2020-05-05 13:00:00,NJ,34,130593,2324,157030,8079,550,15642,8244,334,,0,5328,1534,,1169,,287623,10403
7f78aabc25c0c9cd31f5988a71b1bd8fa4211143,2020-05-05,2020-05-04 17:53:00,NM,35,4031,181,77689,3562,,842,156,5,667,80,181,,,,,81720,3743
242f55fad3ca37981ad231cfeb44669496f8da1e,2020-05-05,2020-05-05 10:00:00,NV,32,5594,103,42290,1615,,200,268,6,,0,,,,,,47884,1718
9d5e7610d97267ed5bb0a6156a251cc6b3096048,2020-05-05,2020-05-05 00:00:00,NY,36,321192,2239,707707,19350,,58950,19645,230,80918,542,9603,,,,,1028899,21589
5898f3a89d5f97cd5d9ef849de2a550acc78ee1a,2020-05-05,2020-05-05 14:00:00,OH,39,20969,495,139766,5085,,,1135,79,3956,147,1069,402,1123,281,,160735,5580
d8c7faaf0f901538afce062cdffe1a9260680752,2020-05-05,2020-05-05 00:00:00,OK,40,4127,83,75290,15486,,2830,247,9,773,20,236,113,,,,79417,15569
0ff2b2a7171e8c4a8a9f1476493f7ee7fcd4ed2e,2020-05-05,2020-05-05 11:00:00,OR,41,2839,80,62585,1887,,860,113,4,622,14,219,49,,25,,65424,1967
ed5c97c59a70b2555e3319730888de412c4f0391,2020-05-05,2020-05-05 00:00:00,PA,42,50957,865,199925,4427,,,3012,554,,0,2580,,,550,,250882,5292
c237b446cd22ce0cc5f3f9cd3201ea4f1cb398ab,2020-05-05,2020-05-05 06:00:00,PR,72,1924,81,9313,0,,,99,2,,0,,,,,,11237,81
986d292083d02eb499ce7653ca8b24b8860714b8,2020-05-05,2020-05-05 00:00:00,RI,44,9933,281,66502,2018,,639,355,14,1092,31,327,89,,62,,76435,2299
a4d770507a5e7abc1e91880da27a332598efa553,2020-05-05,2020-05-04 16:35:00,SC,45,6757,131,61014,3452,,3622,283,8,1110,0,,,,,,67771,3583
3d6aa2f375948fd2bb51e7be0a00b9a666e1f9db,2020-05-05,2020-05-04 18:00:00,SD,46,2721,53,16301,256,,1895,24,3,220,9,75,,,,,19022,309
0a062415c2b8cace8647f53d1440c88e6b3cef6e,2020-05-05,2020-05-05 15:00:00,TN,47,13690,119,205172,7300,,6356,226,7,1156,13,,,,,,218862,7419
19dfacc1faea1e2b54560fdb1899403035366204,2020-05-05,2020-05-05 13:15:00,TX,48,33369,1037,393841,18775,,16791,906,22,,0,1888,,,,,427210,19812
de5643aea2e9e7fc59e3ff95b838cedb2612f198,2020-05-05,2020-05-05 15:00:00,UT,49,5449,132,121266,1922,,2387,56,6,456,15,,,,,,126715,2054
fd670577c77298ae67e0b3c7c7039b3fd4bd5754,2020-05-05,2020-05-04 17:00:00,VA,51,20256,764,93452,651,469,2617,713,29,4113,103,1496,361,,189,,113708,1415
0560a06d2e4e5f1baed5ee700ca102ccc98fd6f8,2020-05-05,2020-05-04 20:30:00,VI,78,66,0,973,8,34,51,4,0,,0,,,,,,1039,8
87048726c3a093eaba41d487d6e51ed72078f23e,2020-05-05,2020-05-05 00:00:00,VT,50,909,3,16065,176,,,52,0,,0,33,2,,0,,16974,179
2723aeba16e82d52d242ff559dc99b54897f5074,2020-05-05,2020-05-05 00:00:00,WA,53,17113,260,225215,6303,,,841,7,,0,292,102,,,,242328,6563
68825f59cb4782e0adf39fbfc09fe0906f9c75fd,2020-05-05,2020-05-05 00:00:00,WI,55,8566,330,83967,3500,236,4131,353,13,1663,42,543,92,414,,,92533,3830
4495a37e11c0c1195b0d6a6f5226051d7e6c4554,2020-05-05,2020-05-05 10:00:00,WV,54,1238,32,53585,1552,,630,50,0,,0,64,23,,12,,54823,1584
fe2ea99fe4a31575c963e7e05e165236f1576e75,2020-05-05,2020-05-04 17:02:00,WY,56,596,10,10319,451,,405,7,0,60,0,13,,,,,10915,461
e03dde6942c45ed43812a220540168fbdaf9141e,2020-05-04,2020-05-04 00:00:00,AK,02,370,2,21353,143,,263,9,0,,0,12,,,,,21723,145
3d2ece5f538e7dc7d23db09db82a9ec65e19ff71,2020-05-04,2020-05-04 00:00:00,AL,01,8025,300,95092,10317,,,296,6,1064,29,,,411,,247,103117,10617
4276861c488fcc7c6d17f04859473ea912433548,2020-05-04,2020-05-03 15:40:00,AR,05,3458,27,50984,1525,,2016,81,5,438,11,91,,,16,88,54442,1552
b9997a074a388ce5d66810547bc68967649bbb9e,2020-05-04,2020-05-03 00:00:00,AS,60,0,0,83,26,,,0,0,,0,,,,,,83,26
4daafbbd2a1dffe10b54bf0dea946561179a786f,2020-05-04,2020-05-04 00:00:00,AZ,04,8919,279,76334,3855,,1632,362,0,1357,9,703,288,,200,,85253,4134
42cf84fb0abf685176d216a62017d390be3db22b,2020-05-04,2020-05-04 14:00:00,CA,06,54937,1321,692937,30802,,,2254,39,,0,4616,1464,,,,747874,32123
37ff8146714ce710200f7b981c4c12a0c8088430,2020-05-04,2020-05-02 00:00:00,CO,08,16635,410,66455,2774,,2650,842,10,2799,6,883,,,,,83090,3184
49f5201065545118b9c0684884882d1ad7701f07,2020-05-04,2020-05-03 16:00:00,CT,09,29287,0,73206,0,,4346,2495,59,7758,0,1488,,,,,102493,0
f522eefac056702539f7921df791dc4398bed4ab,2020-05-04,2020-05-03 00:00:00,DC,11,5170,154,18625,539,,666,258,7,,0,447,130,,91,,23795,693
fa0dffb9746b1b9564621e3381bf18b3cf8d0421,2020-05-04,2020-05-03 18:00:00,DE,10,5288,80,18822,293,,1716,182,5,,0,281,,,,,24110,373
5bdd585f8af815f16a365ca811e657cdb921ed30,2020-05-04,2020-05-04 09:12:00,FL,12,36897,819,407373,15262,1181,,1423,20,6329,85,,,,,,444270,16081
bfe4a12c125737d6461d8238d78d2c83b7471170,2020-05-04,2020-05-04 15:25:00,GA,13,29368,766,153957,7463,,,1222,45,5526,133,,,1284,,,183325,8229
de30a4cce4f875e27e10f0cb2a0be34e079f3ac3,2020-05-04,2020-05-04 07:40:00,GU,66,149,-1,3242,90,,125,5,0,,0,,,,,,3391,89
dab7be04a1d268bc68e1245e6be58d3b3c545801,2020-05-04,2020-05-03 18:00:00,HI,15,620,0,33246,916,,544,17,1,73,1,,,,,,33866,916
2b98f2ddec241bd1726f203188ffd81285d9b4ea,2020-05-04,2020-05-03 12:00:00,IA,19,9703,534,47458,3441,,3486,188,4,,0,389,143,,93,,57161,3975
808edcc157b3f6851d4fec68b44d9dbc654c3d7d,2020-05-04,2020-05-02 19:00:00,ID,16,2061,0,27746,0,,1267,64,1,200,0,,,83,,,29807,0
985585d5614bfe3ca89239d67e08c214129e7be1,2020-05-04,2020-05-04 00:00:00,IL,17,63840,2341,269307,11493,,,2662,44,,0,4493,1232,,763,,333147,13834
32f7b0749ee98529dd96f2fd0a80409c037acb2f,2020-05-04,2020-05-03 23:59:00,IN,18,20507,574,92790,3864,,,1264,18,,0,1449,483,,249,,113297,4438
6cb0075dfeb3b9b88786c81c081b5a080e001f18,2020-05-04,2020-05-03 10:00:00,KS,20,5245,215,33358,1610,,291,136,2,553,6,,,209,,95,38603,1825
9d85421a82f85f33ef18724ddde39542c9d60c3c,2020-05-04,2020-05-03 17:00:00,KY,21,5130,251,53279,509,,1892,253,5,1519,108,329,170,654,,,58409,760
f9c834f6600e1207d1434ec1e63974e8d45c9531,2020-05-04,2020-05-04 13:00:00,LA,22,29673,333,151258,4438,,20316,2064,95,,0,1502,,,220,,180931,4771
5148a720e3d13a0af22d8ff17a7b62495f7756e8,2020-05-04,2020-05-04 12:00:00,MA,25,69087,1000,255181,8622,,,4090,86,6622,115,3539,908,,,,324268,9622
f2812d3772d62ef62f2b48bc9565b2f03358e855,2020-05-04,2020-05-04 10:00:00,MD,24,26408,946,110587,3255,,1695,1424,52,5199,148,1649,563,,,,136995,4201
bb149c1b865e3f49137efe6de79305cda13700fd,2020-05-04,2020-05-03 11:59:00,ME,23,1205,20,19546,0,,720,57,0,186,3,37,18,,11,,20751,20
8c996ec1851f3cb27ea4fa3c571b44c536787787,2020-05-04,2020-05-03 11:00:00,MI,26,43950,196,178439,9661,,15659,4049,0,,0,1948,839,,670,,222389,9857
462c8e00351f3cdf6abbe636d14b9d37de28f37b,2020-05-04,2020-05-04 00:00:00,MN,27,7234,571,78707,2738,,3784,428,9,1271,72,396,166,444,,,85941,3309
ad9f88f9af99d93804b357ce1fe6261fc840ef7b,2020-05-04,2020-05-04 15:00:00,MO,29,8754,368,82697,8107,,,358,6,,0,858,,,135,,91451,8475
a0ad426a1d6111a9897f6e8c9e8ac6af57e89f02,2020-05-04,2020-05-04 00:00:00,MP,69,14,0,1321,0,,12,2,0,,0,,,,,,1335,0
379f5a772b1d54b6cadbe0f9041eb59706c55140,2020-05-04,2020-05-03 19:00:00,MS,28,7877,327,71800,1757,,4421,310,7,1316,18,646,145,,78,,79677,2084
0f692f43cfce78628cb7dd136c3b76a7133156fe,2020-05-04,2020-05-04 00:00:00,MT,30,457,2,14631,79,,404,16,0,62,1,6,,,,,15088,81
fe698cecd465e31bbe64dbdce7dc8d6efddcde1e,2020-05-04,2020-05-04 10:50:00,NC,37,11848,184,134591,2420,,,430,8,,0,498,,,,,146439,2604
af46975e362d5ac644c1397f1445307e0281ec29,2020-05-04,2020-05-04 13:00:00,ND,38,1225,34,33529,1367,,540,25,0,94,4,31,,,,,34754,1401
443d1e54351075c5b3c0a4cfb3554d5aa80a119b,2020-05-04,2020-05-03 20:45:00,NE,31,5910,584,27844,1908,,,78,2,,0,,,,,,33754,2492
222881353903cc7a0a6239667c14caf83b46bee0,2020-05-04,2020-05-03 09:00:00,NH,33,2588,159,24282,-1682,244,1017,86,2,286,9,103,,,,,26870,-1523
00f6b260142fbe1a1842f5aee25714500e481152,2020-05-04,2020-05-04 13:00:00,NJ,34,128269,1525,148951,629,647,15642,7910,39,,0,5287,1610,,1189,,277220,2154
9a451223f8329ce87ded5fd85b6858b5b91a57f0,2020-05-04,2020-05-03 17:58:00,NM,35,3850,118,74127,2915,,832,151,12,587,0,164,,,,,77977,3033
2072428ae2f84941aede79d68e8aa0e95115ba23,2020-05-04,2020-05-04 11:00:00,NV,32,5491,65,40675,832,,185,262,5,,0,,,,,,46166,897
6409db24f4e54c85e99207dccaba92e5a3eeee0c,2020-05-04,2020-05-04 00:00:00,NY,36,318953,2538,688357,18861,,58950,19415,226,80376,608,9647,,,,,1007310,21399
604a0c1ace32650848d3a1106bc6b0d5b9f42065,2020-05-04,2020-05-04 14:00:00,OH,39,20474,560,134681,4429,,,1056,18,3809,40,1078,412,1090,275,,155155,4989
1898877cb5407eee6b6c5533a618f817c19097c8,2020-05-04,2020-05-03 00:00:00,OK,40,4044,72,59804,0,,2682,238,0,753,10,236,92,,,,63848,72
df89185f9170435793c2f83930a4c3639c82c610,2020-05-04,2020-05-04 11:00:00,OR,41,2759,79,60698,1324,,860,109,0,608,10,207,41,,17,,63457,1403
a1543442884239f561eac565b6c2f4c2d891d54a,2020-05-04,2020-05-04 00:00:00,PA,42,50092,825,195498,4124,,,2458,14,,0,2708,,,573,,245590,4949
1643ec1a14d3355fc7262be5b1ae85284cc68357,2020-05-04,2020-05-04 06:00:00,PR,72,1843,35,9313,0,,,97,0,,0,,,,,,11156,35
1d89311313e0c67808e1b819fdd719f43b9d24e1,2020-05-04,2020-05-04 00:00:00,RI,44,9652,175,64484,2034,,601,341,21,1061,48,339,84,,61,,74136,2209
f895861672452ad78e1a60805889932478d6f25e,2020-05-04,2020-05-03 15:30:00,SC,45,6626,0,57562,0,,3622,275,0,1110,0,,,,,,64188,0
a4d4b11004804e096022a9772769157029309fcc,2020-05-04,2020-05-03 18:00:00,SD,46,2668,37,16045,259,,1830,21,0,211,14,69,,,,,18713,296
b73d1f7cc2459ef489b3f0044aa201523a06a60d,2020-05-04,2020-05-04 15:00:00,TN,47,13571,394,197872,6442,,6081,219,9,1143,8,,,,,,211443,6836
619c9feeb7f469312f2f648fea9e497437b77d31,2020-05-04,2020-05-04 13:15:00,TX,48,32332,784,375066,16054,,16090,884,17,,0,1533,,,,,407398,16838
b4cdb9b6b674b2fd051b9d4cd4f65e178ce85f50,2020-05-04,2020-05-03 15:00:00,UT,49,5317,142,119344,2417,,2342,50,0,441,5,,,,,,124661,2559
66d8431d1e168bcd8bc2fb68fecc8b154a22feee,2020-05-04,2020-05-03 17:00:00,VA,51,19492,821,92801,3470,478,2547,684,24,4010,100,1463,348,,192,,112293,4291
99c94ba7299097f70662f11a6b5e03b321c5c1a5,2020-05-04,2020-05-03 20:30:00,VI,78,66,0,965,14,15,51,4,0,,0,,,,,,1031,14
4b6cb5f30decde72860da77f79c1d1f45cdeaca2,2020-05-04,2020-05-04 00:00:00,VT,50,906,5,15889,319,,,52,0,,0,15,,,,,16795,324
d03aaed0a188717080728af1ab5c0eed267cc705,2020-05-04,2020-05-04 00:00:00,WA,53,16853,259,218912,6727,,,834,4,,0,263,86,,,,235765,6986
96783bf66748d56c49bcff8c10a73946f4fbb747,2020-05-04,2020-05-04 00:00:00,WI,55,8236,272,80467,2470,226,3973,340,1,1621,13,573,116,404,,,88703,2742
075ad2b3d4cd887833677693784f9b813e6194c5,2020-05-04,2020-05-04 10:00:00,WV,54,1206,15,52033,1586,,611,50,0,,0,73,28,,15,,53239,1601
7042fa00d519e3636c65367c8cb38e7ea1056a3c,2020-05-04,2020-05-04 01:56:00,WY,56,586,7,9868,228,,391,7,0,60,0,13,,,,,10454,235
49294f307bc0b21247d8418f91653b96d569e83e,2020-05-03,2020-05-03 14:15:00,AK,02,368,3,21210,176,,262,9,0,,0,12,,,,,21578,179
f516f117a03b7ccf5bb267f2c1a60559a298083c,2020-05-03,2020-05-03 00:00:00,AL,01,7725,291,84775,0,,,290,2,1035,12,,,403,,242,92500,291
c69c3b509d72a17b7658ab7c23adf45fe9199a16,2020-05-03,2020-05-03 13:30:00,AR,05,3431,59,49459,1249,,1999,76,3,427,13,100,,,20,88,52890,1308
d83c31063b4575d8aa83e41fa96a773f670b8475,2020-05-03,2020-05-01 00:00:00,AS,60,0,0,57,0,,,0,0,,0,,,,,,57,0
62a17e978dd722a9d3e8644d4ccddf408a40e03f,2020-05-03,2020-05-03 00:00:00,AZ,04,8640,276,72479,2846,,1597,362,14,1348,9,732,282,,192,,81119,3122
94daa1afb3b1908bd7a7d636492e90182f717c8d,2020-05-03,2020-05-03 14:00:00,CA,06,53616,1419,662135,27529,,,2215,44,,0,4734,1468,,,,715751,28948
7dc0a26a247a6b014d2099622287f6f75dfbbdb1,2020-05-03,2020-05-01 00:00:00,CO,08,16225,457,63681,2500,,2607,832,12,2793,46,883,,,,,79906,2957
de05475590078c2ff45f11f48b049372a2ca8024,2020-05-03,2020-05-02 18:00:00,CT,09,29287,523,73206,1713,,4346,2436,97,7758,0,1551,,,,,102493,2236
875dd795636b66ab36c0c23805ec1fc50d048ba0,2020-05-03,2020-05-02 00:00:00,DC,11,5016,219,18086,879,,666,251,11,,0,,,,,,23102,1098
960f3cac2e8080a12515e1d2866a357a03685d9f,2020-05-03,2020-05-02 18:00:00,DE,10,5208,170,18529,455,,1640,177,9,,0,284,,,,,23737,625
27df64093dbbfbb83ecf0daeace6d23fda9a01f9,2020-05-03,2020-05-02 10:14:00,FL,12,36078,615,392111,11562,1226,,1403,15,6244,299,,,,,,428189,12177
9798d5e353c47d8f14fbc5fc28935f2c88161782,2020-05-03,2020-05-03 10:25:00,GA,13,28602,296,146494,0,,,1177,3,5393,6,,,1249,,,175096,296
e3127fd759668efc6c79f2cfcae62f25d943155e,2020-05-03,2020-05-03 06:20:00,GU,66,150,2,3152,112,,126,5,0,,0,,,,,,3302,114
8753f93761025c4af5c4b144f9a085b7237da995,2020-05-03,2020-05-02 00:00:00,HI,15,620,1,32330,964,,541,16,0,72,0,,,,,,32950,965
cfbf0df738a93be41ae13c95032dde5b2bc69f79,2020-05-03,2020-05-02 12:00:00,IA,19,9169,528,44017,6309,,3325,184,9,,0,378,133,,93,,53186,6837
04f50c1432efb213584d01697f1e9d6a82048772,2020-05-03,2020-05-02 19:00:00,ID,16,2061,26,27746,291,,1267,63,0,200,22,,,83,,,29807,317
ac446044b9109c3a3946ecaf62435558d7564ff5,2020-05-03,2020-05-02 00:00:00,IL,17,61499,2994,257814,16423,,,2618,59,,0,4701,1232,,759,,319313,19417
20e186718ed3d0d86e40276e6a1900552f98737a,2020-05-03,2020-05-02 23:59:00,IN,18,19933,638,88926,4080,,,1246,17,,0,1398,476,,242,,108859,4718
d4e466866160b184573a0a3456b62c3fb251aa2a,2020-05-03,2020-05-03 10:00:00,KS,20,5030,284,31748,1552,,286,134,3,547,6,,,209,,95,36778,1836
5363736e0b3040fa0dea33642bd67bbdea324a44,2020-05-03,2020-05-01 17:00:00,KY,21,4879,0,52770,0,,1752,248,0,1411,0,334,178,652,,,57649,0
70226818e97969b766d521dd3c52e2ad29ec4556,2020-05-03,2020-05-03 13:00:00,LA,22,29340,200,146820,3102,,17303,1969,19,,0,1530,,,213,,176160,3302
625814219b57ef3119e48e1b0b33e48aed016365,2020-05-03,2020-05-03 16:00:00,MA,25,68087,1824,246559,13828,,,4004,158,6507,129,3617,904,,,,314646,15652
6b24a53faa03a5f823fd107255a7810b5392fb5b,2020-05-03,2020-05-03 10:00:00,MD,24,25462,989,107332,6283,,1666,1372,49,5051,141,1635,565,,,,132794,7272
85fd1e69cf13fbf18ca7ac80edb4404b44bd7ab1,2020-05-03,2020-05-03 11:45:00,ME,23,1185,33,19546,0,,706,57,1,183,2,33,18,,12,,20731,33
246b8f79b8164d4b2ca8d378a288bd368fbd79ad,2020-05-03,2020-05-03 11:00:00,MI,26,43754,547,168778,10276,,15659,4049,29,,0,2100,850,,713,,212532,10823
f18b6b23528875b0f49fbaacf593dbf7c331bc5c,2020-05-03,2020-05-02 17:00:00,MN,27,6663,435,75969,3190,,2596,419,24,1199,40,373,155,426,,,82632,3625
16300111b52ccf0f2f5183fa36eb890a71c67d4e,2020-05-03,2020-05-03 15:00:00,MO,29,8386,232,74590,0,,,352,1,,0,896,,,141,,82976,232
17cead4eb54a13d5db742472037922dae8f77905,2020-05-03,2020-05-03 00:00:00,MP,69,14,0,1321,387,,12,2,0,,0,,,,,,1335,387
3126c8645cb2fddaa074e0a7f6db0765d6aaf0bd,2020-05-03,2020-05-02 19:00:00,MS,28,7550,109,70043,3009,,3413,303,12,1298,33,667,143,,73,,77593,3118
1c48f81b931056e16abc1270a5cd7373447a5943,2020-05-03,2020-05-03 00:00:00,MT,30,455,0,14552,372,,404,16,0,61,0,5,,,,,15007,372
39ef03bbf77ac12dd31bdedd77c54b892b10a666,2020-05-03,2020-05-03 11:00:00,NC,37,11664,155,132171,4205,,,422,2,,0,475,,,,,143835,4360
91db7aebbac6cbcce8d468ce98b7d8b1087122d8,2020-05-03,2020-05-03 13:00:00,ND,38,1191,38,32162,1768,,517,25,1,90,0,31,,,,,33353,1806
6b4a16d13911bc20d0301d3dd86d3280630d31bf,2020-05-03,2020-05-02 19:45:00,NE,31,5326,488,25936,1426,,,76,3,,0,,,,,,31262,1914
adffc7db896df2107f73301b9e2ad4717b8f0a55,2020-05-03,2020-05-02 09:00:00,NH,33,2429,119,25964,3925,220,1107,84,3,277,7,103,,,,,28393,4044
35e1cbac5a6a659e6edabc0cc6adfc20db112160,2020-05-03,2020-05-03 13:00:00,NJ,34,126744,3027,148322,9727,641,15642,7871,129,,0,5317,1623,,1198,,275066,12754
337de795425891ad1e605ae24dda91ac12fce775,2020-05-03,2020-05-02 18:00:00,NM,35,3732,219,71212,3607,,812,139,8,587,0,168,,,,,74944,3826
f68e19cba5a020a8afe6c774f492f456367e692b,2020-05-03,2020-05-03 10:00:00,NV,32,5426,115,39843,767,,182,257,3,,0,,,,,,45269,882
2341ee047c7546dfa7f75611cb92765c37d2c19c,2020-05-03,2020-05-03 00:00:00,NY,36,316415,3438,669496,23402,,58950,19189,280,79768,826,9786,,,,,985911,26840
74bb2c67dc7652f71f0e10fc3b5401adfb61e8ed,2020-05-03,2020-05-03 14:00:00,OH,39,19914,579,130252,3768,,,1038,17,3769,57,931,393,1078,255,,150166,4347
d4d379c6e9374e3d99544bcaf9dd7b4aaf724868,2020-05-03,2020-05-03 00:00:00,OK,40,3972,121,59804,0,,2635,238,0,743,0,236,92,,,,63776,121
ab8225cdf88e1c1289faf8ef7e43993dd8841b87,2020-05-03,2020-05-03 11:00:00,OR,41,2680,45,59374,1873,,860,109,0,598,3,205,46,,21,,62054,1918
3fc6fdf649a3a53d6d0ea811cb0d5b1516e59555,2020-05-03,2020-05-03 00:00:00,PA,42,49267,962,191374,4303,,,2444,26,,0,2645,,,562,,240641,5265
8f91d481e106732fb737e9e36833b203ccef979e,2020-05-03,2020-05-03 06:00:00,PR,72,1808,51,9313,0,,,97,2,,0,,,,,,11121,51
e0aca75c62ae9c7e990db6dff93d66c8afd9ce1d,2020-05-03,2020-05-03 00:00:00,RI,44,9477,188,62450,1811,,565,320,24,1013,36,330,83,,59,,71927,1999
ff858c5985f9f233fd8dbecdfc355ba392cc8388,2020-05-03,2020-05-03 15:30:00,SC,45,6626,137,57562,2435,,3622,275,8,1110,0,,,,,,64188,2572
e55e9c87061f416c273439ee5b61511da8e45f0f,2020-05-03,2020-05-02 18:00:00,SD,46,2631,43,15786,283,,1799,21,0,197,10,71,,,,,18417,326
5efbff7342371a53fced5c16b2b3cd46afb543b5,2020-05-03,2020-05-03 15:00:00,TN,47,13177,516,191430,7815,,5814,210,1,1135,10,,,,,,204607,8331
8f721e1e30b9bc37094e43348ec3244c1fd8eed4,2020-05-03,2020-05-02 12:45:00,TX,48,31548,1026,359012,8886,,15544,867,20,,0,1540,,,,,390560,9912
31bd30a3560e0091aa862b4189a3de08bbdd8ef0,2020-05-03,2020-05-03 15:00:00,UT,49,5175,194,116927,4104,,2238,50,1,436,18,,,,,,122102,4298
4fa8364ca3da780bfa3fde04bb53dbb062a17eb9,2020-05-03,2020-05-02 17:00:00,VA,51,18671,940,89331,4966,465,2497,660,44,3910,172,1413,385,,193,,108002,5906
01698f7ce9143669f4875f0fb5132332b527c176,2020-05-03,2020-05-03 08:04:00,VI,78,66,0,951,29,29,51,4,0,,0,,,,,,1017,29
85282b9602f35243efda6dacdea65da649970f3d,2020-05-03,2020-05-03 00:00:00,VT,50,901,5,15570,338,,,52,1,,0,19,,,,,16471,343
1437fac3aa2c4ceb2da13ca043139655aace9323,2020-05-03,2020-05-03 00:00:00,WA,53,16594,139,212185,1363,,,830,6,,0,411,120,,,,228779,1502
2b3f57a7cfe56274e03b411f03850e5517d82409,2020-05-03,2020-05-03 00:00:00,WI,55,7964,304,77997,2427,231,3723,339,5,1608,17,582,118,402,,,85961,2731
743cdf2ed841c801292f2ba04b089fe7d8961c4f,2020-05-03,2020-05-03 10:00:00,WV,54,1191,22,50447,2470,,611,50,2,,0,73,28,,15,,51638,2492
a170155c5c95aab8b2dba58b6c3b2e40744a3acc,2020-05-03,2020-05-02 13:12:00,WY,56,579,13,9640,177,,391,7,0,60,2,13,,,,,10219,190
fd78eefc1051110d613f8186fbc19c9bbb07b813,2020-05-02,2020-05-02 00:00:00,AK,02,365,1,21034,1073,,261,9,0,,0,10,,,,,21399,1074
8a1e788a3c79a6ec0a813927dea0f766d9f0d3e6,2020-05-02,2020-05-02 00:00:00,AL,01,7434,276,84775,0,,,288,9,1023,15,,,335,,195,92209,276
b5c61279508ff5b27a65a2bef444c08acc6fea9d,2020-05-02,2020-05-02 14:47:00,AR,05,3372,51,48210,1855,,1987,73,9,414,0,95,,,20,85,51582,1906
9e490652399f44e44d086a0366bb048509e27678,2020-05-02,2020-05-01 00:00:00,AS,60,0,0,57,0,,,0,0,,0,,,,,,57,0
483d1b43b70b62d42d883243ea3c2d3b0ed507c4,2020-05-02,2020-05-02 00:00:00,AZ,04,8364,402,69633,2716,,1565,348,18,1339,136,718,291,,198,,77997,3118
3b2a744747f24a8b4823d7327f3ee91b516ec3de,2020-05-02,2020-05-01 00:00:00,CA,06,52197,1755,634606,30063,,,2171,98,,0,4722,1433,,,,686803,31818
347cc0f26ed75cbe3ee04e04f5634581cd9c366f,2020-05-02,2020-04-30 00:00:00,CO,08,15768,484,61181,4075,,2553,820,43,2747,50,931,,,,,76949,4559
15e20f12227115d0c27c75194082218aaba34653,2020-05-02,2020-05-01 12:00:00,CT,09,28764,0,71493,0,,4346,2339,0,7758,0,1592,,,,,100257,0
3693651cbff17ae0208a7001dbd68ee9651ce773,2020-05-02,2020-05-01 00:00:00,DC,11,4797,139,17207,730,,666,240,9,,0,,,,,,22004,869
bd1ab648a79f5d0830477c99fbefc34d65f40f75,2020-05-02,2020-05-02 09:10:00,DE,10,5038,120,18074,407,,1546,168,9,,0,300,,,,,23112,527
4aaf6b471f21709d48b1293648fb7b8b9abed1af,2020-05-02,2020-05-02 10:14:00,FL,12,35463,735,380549,12578,,,1388,74,5945,150,,,,,,416012,13313
bc4eb062197431091d9531116a434afeb8bf1a11,2020-05-02,2020-05-02 14:25:00,GA,13,28306,1036,146494,5397,,,1174,20,5387,118,,,1247,,,174800,6433
31b0235c935f6f501add985782bfc66820301bf7,2020-05-02,2020-05-02 08:15:00,GU,66,148,2,3040,181,,131,5,0,,0,,,,,,3188,183
d60589d5eedf9121397edca05ee0bec126058b02,2020-05-02,2020-05-01 00:00:00,HI,15,619,1,31366,890,,532,16,0,72,2,,,,,,31985,891
6dbf8c6ef8f1f25ca5a1ed1e1cdfed189f7d3598,2020-05-02,2020-05-01 12:00:00,IA,19,8641,757,37708,0,,3156,175,5,,0,353,131,,90,,46349,757
64e71d2a3a513ad052b365bb4f7fb530110fe870,2020-05-02,2020-05-01 19:00:00,ID,16,2035,20,27455,245,,1215,63,0,178,0,,,76,,,29490,265
b19de5786c460101201b7ca9df4511461e3db55a,2020-05-02,2020-05-02 00:00:00,IL,17,58505,2450,241391,12758,,,2559,102,,0,4717,1250,,789,,299896,15208
0c643d54b8c461903834ee9af9471f92484062e1,2020-05-02,2020-05-01 23:59:00,IN,18,19295,665,84846,3837,,,1229,54,,0,1456,487,,244,,104141,4502
845b3916f7e1dc9e2961c781d7744b7a003eb349,2020-05-02,2020-05-02 10:00:00,KS,20,4746,297,30196,1611,,286,131,1,541,7,,,206,,95,34942,1908
dc2af503ec91cc52a67c59f155e6566f71de908b,2020-05-02,2020-05-01 17:00:00,KY,21,4879,171,52770,866,,1752,248,8,1411,36,334,178,652,,,57649,1037
f38f0d4846783a7af041e45640357e57117fe391,2020-05-02,2020-05-02 13:00:00,LA,22,29140,429,143718,4178,,17303,1950,23,,0,1545,,,208,,172858,4607
92605cc003b4f5bd97afbf1e8cfb86d416554668,2020-05-02,2020-05-02 12:00:00,MA,25,66263,1952,232731,7406,,,3846,130,6378,209,3601,921,,,,298994,9358
cdcb741b0a0d08621a6512ed1e78906ebefa693d,2020-05-02,2020-05-02 10:00:00,MD,24,24473,1001,101049,3538,,1590,1323,47,4910,192,1657,566,,,,125522,4539
d973734f90b791a73c7881af3dc901bc746820b5,2020-05-02,2020-05-02 11:45:00,ME,23,1152,29,19546,0,,689,56,1,181,4,36,19,,10,,20698,29
780ced37ee78fe16b69936df8994e0f029581819,2020-05-02,2020-05-02 11:00:00,MI,26,43207,851,158502,10353,,15659,4020,154,,0,2100,850,,713,,201709,11204
e4917088bda4a936e1f67004a9d7fc4cb76312c9,2020-05-02,2020-05-01 17:00:00,MN,27,6228,498,72779,3680,,2002,395,24,1159,63,389,135,404,,,79007,4178
0eeb52b80fa46992429f3ac2593616cd48a49dc7,2020-05-02,2020-05-02 15:10:00,MO,29,8154,319,74590,0,,,351,14,,0,896,,,141,,82744,319
eeb6a7ce20ab3222db341da52e54e94f16327912,2020-05-02,2020-05-02 06:37:00,MP,69,14,0,934,185,,12,2,0,,0,,,,,,948,185
15dad41ede82c01be5a9e3646940bfba6b67862e,2020-05-02,2020-05-01 19:00:00,MS,28,7441,229,67034,2698,,3413,291,10,1265,39,632,142,,71,,74475,2927
fe3da9b31b64fa866f5e10e23f18860140a0c262,2020-05-02,2020-05-02 00:00:00,MT,30,455,2,14180,430,,404,16,0,61,0,5,,,,,14635,432
66e382f8c2e92ea00eabf83baeddd913d377a295,2020-05-02,2020-05-02 11:00:00,NC,37,11509,586,127966,5057,,,420,21,,0,502,,,,,139475,5643
f53379be3ba4ff5a78e6f832e8012f45cb915973,2020-05-02,2020-05-02 13:00:00,ND,38,1153,46,30394,1976,,510,24,1,90,4,32,,,,,31547,2022
297cabe38572d8c108719e5eccbbd691234721c0,2020-05-02,2020-05-01 19:45:00,NE,31,4838,557,24510,1406,,,73,3,,0,,,,,,29348,1963
bb6a557d29510404407644ed48907c9b86eafefa,2020-05-02,2020-05-01 09:00:00,NH,33,2310,164,22039,2136,159,980,81,9,270,8,103,,,,,24349,2300
7368d7120d07c9d8ca5c0c2db2d0d10a40cd5956,2020-05-02,2020-05-02 13:00:00,NJ,34,123717,2527,138595,3240,676,15642,7742,204,,0,5713,1715,,1230,,262312,5767
f9a34e3dd8276631852115b399e7e84f702a5ee7,2020-05-02,2020-05-01 20:02:00,NM,35,3513,102,67605,3147,,785,131,8,587,51,159,,,,,71118,3249
be9d5e891e6825efd61e0014066b96ed85103d76,2020-05-02,2020-05-02 10:00:00,NV,32,5311,84,39076,708,,182,254,11,,0,,,,,,44387,792
c2235245b8b94047eef65b5557b858c3fd54ecd3,2020-05-02,2020-05-02 00:00:00,NY,36,312977,4663,646094,26970,,57540,18909,299,78942,718,10350,,,,,959071,31633
f9962c4910d22dfa868002012a53a481b2c96f57,2020-05-02,2020-05-02 14:00:00,OH,39,19335,592,126484,4721,,,1021,19,3712,78,1003,424,1066,267,,145819,5313
26b5ba796d9ed0988c4cad3828e78863e45b1f2a,2020-05-02,2020-05-02 00:00:00,OK,40,3851,103,59804,0,,2554,238,8,743,28,236,92,,,,63655,103
5a55b34638bd86129da7bb7e31de98828217d84e,2020-05-02,2020-05-02 11:00:00,OR,41,2635,56,57501,1904,,,109,5,595,4,209,50,,22,,60136,1960
7cb9e0124c5e2c2f6b82c464183a35e0b4ad43b2,2020-05-02,2020-05-02 00:00:00,PA,42,48305,1334,187071,6594,,,2418,64,,0,2673,,,571,,235376,7928
3430ca4e551f580e9e2d677a3df1468d40a0a0ae,2020-05-02,2020-05-02 06:00:00,PR,72,1757,182,9313,0,,,95,3,,0,,,,,,11070,182
9cf6e0dc6f7c42114c99e10bb004137e84837899,2020-05-02,2020-05-02 00:00:00,RI,44,9289,327,60639,2953,,531,296,17,977,40,333,80,,54,,69928,3280
a202f0cb875d383aadb9dfa5459601f4e601811c,2020-05-02,2020-05-02 15:45:00,SC,45,6489,231,55127,2006,,3622,267,11,1110,0,,,,,,61616,2237
88082af60220b510208680d31a696e881f9c73ef,2020-05-02,2020-05-01 18:00:00,SD,46,2588,63,15503,665,,1759,21,0,187,8,71,,,,,18091,728
66605fdcf46289dd820f84968edf0ab988a5fea9,2020-05-02,2020-05-02 15:00:00,TN,47,12661,770,183615,9374,,5718,209,5,1125,12,,,,,,196276,10144
191fbfbd0f2d6d7bd377323fc405f7b1e602928f,2020-05-02,2020-05-02 12:45:00,TX,48,30522,1293,350126,27580,,14891,847,31,,0,1725,,,,,380648,28873
0eabdf0c94576f4d66c61ba93158f19b1db7d043,2020-05-02,2020-05-02 00:00:00,UT,49,4981,153,112823,5093,,2185,49,3,418,15,,,,,,117804,5246
11389121828e09cf7d673b8c974a3ae8c1f1d949,2020-05-02,2020-05-02 00:00:00,VA,51,17731,830,84365,-5174,458,2312,616,35,3738,84,1426,375,,202,,102096,-4344
5683326953ffce23a9717a21cf8222f09939859c,2020-05-02,2020-05-01 19:59:00,VI,78,66,0,922,111,54,51,4,0,,0,,,,,,988,111
be7e98f8b695ebc022c7cdefa14001989b472484,2020-05-02,2020-05-02 00:00:00,VT,50,896,11,15232,302,,,51,1,,0,11,,,,,16128,313
4b673be3be8fc29e6fac3a44af45cdded2c4932c,2020-05-02,2020-05-02 00:00:00,WA,53,16455,148,210822,2612,,,824,10,,0,428,117,,,,227277,2760
69688b4e5d2544a35123fdfad24def412562b0d2,2020-05-02,2020-05-02 16:00:00,WI,55,7660,346,75570,3004,231,3698,334,7,1591,47,582,118,400,,,83230,3350
251511a3e62ab2fcd2ae0c07f2b66fc8fdf3bd48,2020-05-02,2020-05-02 10:00:00,WV,54,1169,33,47977,2269,,572,48,2,,0,76,29,,15,,49146,2302
1e7120f88e3cc11bdb1469c29c33bb725685027b,2020-05-02,2020-05-01 15:49:00,WY,56,566,7,9463,327,,387,7,0,58,2,13,,,,,10029,334
7d2025877d1df2dae40d91b72d9b3008064758bf,2020-05-01,2020-05-01 14:00:00,AK,02,364,9,19961,1197,,254,9,0,,0,25,,,,,20325,1206
5d5fbde68e9a67c59340b1e91d663851494c6f8f,2020-05-01,2020-05-01 00:00:00,AL,01,7158,139,84775,4598,,,279,10,1008,30,,,335,,195,91933,4737
e7b418b0f154bd1ef3326f81aeca9cc78bb1360a,2020-05-01,2020-05-01 14:50:00,AR,05,3321,66,46355,1231,,1973,64,3,414,12,95,,,23,85,49676,1297
7f26557a010a0e16855eed74fdfb14bcf4d783e4,2020-05-01,2020-05-01 00:00:00,AS,60,0,0,57,54,,,0,0,,0,,,,,,57,54
5831ce227cdaf983cecbefaf4ace2dc252ade056,2020-05-01,2020-05-01 00:00:00,AZ,04,7962,314,66917,2779,,1528,330,10,1203,34,709,311,,187,,74879,3093
3850eb53374920d5736588ba8651734b75e30e81,2020-05-01,2020-04-30 00:00:00,CA,06,50442,1525,604543,28123,,,2073,91,,0,4706,1434,,,,654985,29648
1c06703b1b7923862b1f12b3ca802f9fdd646182,2020-05-01,2020-04-29 00:00:00,CO,08,15284,526,57106,805,,2486,777,11,2697,76,959,,,,,72390,1331
ec2d1adb90618a46f9ebfa13b5ec1f3ed39a4d8f,2020-05-01,2020-05-01 12:00:00,CT,09,28764,1064,71493,2060,,4346,2339,82,7758,7758,1592,,,,,100257,3124
1d4eb9bc968fe926b65f2c323bd91bdd257009f0,2020-05-01,2020-04-30 00:00:00,DC,11,4658,335,16477,721,,666,231,7,,0,,,,,,21135,1056
bc5cf698a1c3f356c7761de7490b466099e6a19c,2020-05-01,2020-05-01 13:15:00,DE,10,4918,184,17667,581,,1403,159,7,,0,281,,,,,22585,765
a8894a2415a3aae7a0cf3d1bfcb4ad73bfb6413a,2020-05-01,2020-05-01 14:32:00,FL,12,34728,1038,367971,19256,,,1314,24,5795,0,,,,,,402699,20294
84e39c04262cecb590a4a8a96170e67c573145c9,2020-05-01,2020-05-01 14:25:00,GA,13,27270,1115,141097,18208,,,1154,34,5269,113,,,1215,,,168367,19323
73064cc42b5b2f00f5c40c528602fc4c9940ea8b,2020-05-01,2020-05-01 08:15:00,GU,66,146,0,2859,897,,131,5,0,,0,,,,,,3005,897
23691f406e93d73c136d60a458670b3b21469ad3,2020-05-01,2020-04-30 00:00:00,HI,15,618,5,30476,449,,526,16,0,70,1,,,,,,31094,454
45ae4e7270e4b7145d86dae9af70d1ddd39b7d64,2020-05-01,2020-04-30 12:00:00,IA,19,7884,739,37708,2186,,2899,170,8,,0,345,121,,91,,45592,2925
fe998fbe2a1bb8952c51c680de013a73acf32afc,2020-05-01,2020-04-30 19:00:00,ID,16,2015,31,27210,348,,1175,63,3,178,3,,,75,,,29225,379
4f8b23c02fc0d2b2837b2a29d7ddb93482c4a597,2020-05-01,2020-05-01 00:00:00,IL,17,56055,3137,228633,11684,,,2457,102,,0,4900,1263,,777,,284688,14821
0ff7a74b1a6b0bafc4820da043cc0df2ecc96f1e,2020-05-01,2020-04-30 23:59:00,IN,18,18630,795,81009,3846,,,1175,61,,0,1431,514,,257,,99639,4641
ccfd47e08d8ba0a6d387237be56759369f86d28c,2020-05-01,2020-05-01 10:00:00,KS,20,4449,211,28585,1197,,280,130,1,534,11,,,206,,96,33034,1408
e84295e2b394e705a8828c39a27a4b23ff93e586,2020-05-01,2020-04-30 17:00:00,KY,21,4708,169,51904,2342,,1675,240,5,1375,16,330,178,642,,,56612,2511
5fe0dd7c76c71a3a724f17cee6cd1a346937c690,2020-05-01,2020-05-01 13:00:00,LA,22,28711,710,139540,6232,,17303,1927,65,,0,1607,,,230,,168251,6942
fec988d5b6dca50e70bea80c7ab275bf3d97918b,2020-05-01,2020-05-01 12:00:00,MA,25,64311,2106,225325,11883,,,3716,154,6169,227,3716,947,,,,289636,13989
6a44a2820f9d77c07a301049c025ae35329bcef5,2020-05-01,2020-05-01 10:00:00,MD,24,23472,1730,97511,4894,,1517,1276,50,4718,159,1668,568,,,,120983,6624
1fac42bd374b71dc06b5a66495da60837cecfb41,2020-05-01,2020-05-01 11:45:00,ME,23,1123,28,19546,0,,657,55,2,177,7,37,17,,9,,20669,28
edb0c46033d876fab4f7b2cbcd074d4cc4409a0f,2020-05-01,2020-05-01 11:00:00,MI,26,42356,977,148149,9261,,8342,3866,77,,0,2319,966,,760,,190505,10238
96da04a3ae9eb6141da93e23449f5e135d9f28e8,2020-05-01,2020-04-30 17:00:00,MN,27,5730,594,69099,3959,,1911,371,28,1096,52,369,118,380,,,74829,4553
7a07c37f8ce505f1f069c876a5271858b566e6f7,2020-05-01,2020-05-01 15:00:00,MO,29,7835,273,74590,1465,,,337,8,,0,883,,,137,,82425,1738
cf019f274f8292aa6d29b41c6c4a7cf6b1a31c99,2020-05-01,2020-05-01 06:27:00,MP,69,14,0,749,164,,12,2,0,,0,,,,,,763,164
3486b3d6a5f50a08cc95b72570fe3409faa912d7,2020-05-01,2020-04-30 00:00:00,MS,28,7212,397,64336,4811,,3413,281,20,1226,51,651,160,,75,,71548,5208
60fee154398572b06a6b812b88292bf37815ea4e,2020-05-01,2020-04-30 00:00:00,MT,30,453,0,13750,289,,397,16,0,61,0,5,,,,,14203,289
25e7e3a090b3da4073bcb066ab94542fcdc9a3af,2020-05-01,2020-05-01 11:00:00,NC,37,10923,414,122909,5382,,,399,21,,0,547,,,,,133832,5796
2da8f525e0d46f1d54def2da8fb427ff974f5f6c,2020-05-01,2020-05-01 13:00:00,ND,38,1107,40,28418,2025,,482,23,4,86,1,27,,,,,29525,2065
1ff1c47be22d21232b348303e5ef742f2276c4e9,2020-05-01,2020-04-30 19:45:00,NE,31,4281,497,23104,1567,,,70,2,,0,,,,,,27385,2064
0fc3560861ad1430a7c978b5d522a2bff009a54f,2020-05-01,2020-04-30 09:00:00,NH,33,2146,92,19903,36,302,980,72,6,262,3,112,,,,,22049,128
018f66d56c3bb42a47a062ebd8eb836e3c78b94c,2020-05-01,2020-05-01 13:00:00,NJ,34,121190,2538,135355,6089,583,15642,7538,310,,0,5972,1724,,1286,,256545,8627
2854ab3d62b9564e6b5281c114c31848826e4986,2020-05-01,2020-05-01 10:55:00,NM,35,3411,198,64458,2586,,760,123,11,536,0,172,,,,,67869,2784
8338cae3cadeaba7ab3c50e4279eb8069b628e2c,2020-05-01,2020-05-01 10:00:00,NV,32,5227,229,38368,1380,,182,243,6,,0,,,,,,43595,1609
0605be5f269caf9023f3ffec5e8ebdf4332a2ac9,2020-05-01,2020-05-01 00:00:00,NY,36,308314,3942,619124,22860,,56187,18610,289,78224,824,10993,,,,,927438,26802
1d340b7480e4cf8de91804344528c5ed112f0976,2020-05-01,2020-05-01 14:00:00,OH,39,18743,716,121763,5900,,,1002,27,3634,101,,,1056,,,140506,6616
5ae4f86255be3e69db605236e3323ff3ba26193b,2020-05-01,2020-05-01 00:00:00,OK,40,3748,130,59804,0,,2467,230,8,715,12,255,113,,,,63552,130
c8892fe73eb12d8de87fc51d8b4e3df679ecae86,2020-05-01,2020-05-01 11:00:00,OR,41,2579,69,55597,2075,,,104,1,591,13,208,49,,23,,58176,2144
0940fd480e329a66f904093256ae0a3e0f84c67a,2020-05-01,2020-05-01 15:30:00,PA,42,46971,1208,180477,4875,,,2354,62,,0,2683,,,590,,227448,6083
2bc4ecf2d3620445b5871847c83cdf6587ccd761,2020-05-01,2020-05-01 06:00:00,PR,72,1575,36,9313,0,,,92,0,,0,,,,,,10888,36
4de25673445558dac16b8c21ccdf9d19929a7f8a,2020-05-01,2020-05-01 00:00:00,RI,44,8962,341,57686,2597,,485,279,13,937,41,352,76,,51,,66648,2938
4e3967d89b874b748bab715d6a263273a5c5f88d,2020-05-01,2020-05-01 16:00:00,SC,45,6258,163,53121,2704,,3622,256,12,1110,110,,,,,,59379,2867
3750e30077721102bdfdc839ab7832073b90e5ac,2020-05-01,2020-05-01 11:28:00,SD,46,2525,76,14838,259,,1686,21,4,179,6,69,,,,,17363,335
30f86b7fe4624b4fb6d1655632ed5e998d0029ba,2020-05-01,2020-05-01 15:00:00,TN,47,11891,1156,174241,7350,,5546,204,5,1113,68,,,,,,186132,8506
9d4137ffd48682912ac88604e7a12300d5a5c3f6,2020-05-01,2020-05-01 13:00:00,TX,48,29229,1142,322546,20333,,14122,816,34,,0,1778,,,,,351775,21475
bb5b755afa5b4593aa0b9036210cdce9efb5ce47,2020-05-01,2020-05-01 15:00:00,UT,49,4828,156,107730,3901,,2062,46,0,403,13,,,,,,112558,4057
3d8ea5b67e319106d43dd76df6c3541d70a0c3e2,2020-05-01,2020-04-30 17:00:00,VA,51,16901,1055,89539,13876,468,2196,581,29,3654,0,1431,366,,193,,106440,14931
5a5541e9d938b10b837dcca9320662c2263b13f8,2020-05-01,2020-04-30 20:37:00,VI,78,66,0,811,4,68,51,4,0,,0,,,,,,877,4
5df29c0800a9b07f7573556122522f5340ed9310,2020-05-01,2020-05-01 00:00:00,VT,50,885,6,14930,573,,,50,1,,0,19,,,,,15815,579
0bb88109c534dace690b3ae44a17091a0ac3761c,2020-05-01,2020-05-01 00:00:00,WA,53,16307,345,208210,6434,,,814,13,,0,470,120,,,,224517,6779
13b7457ec5bfd596769192355df63fdcf3ab9f22,2020-05-01,2020-05-01 16:00:00,WI,55,7314,460,72566,3172,218,3352,327,11,1544,32,560,127,391,,,79880,3632
906b75e42fb42faf7481b28705bd8f4e0d31ac74,2020-05-01,2020-05-01 10:00:00,WV,54,1136,18,45708,2285,,555,46,5,,0,81,33,,18,,46844,2303
c2e53cfd886cc859808f7d9f97b489deb965f527,2020-05-01,2020-04-30 00:00:00,WY,56,559,15,9136,234,,373,7,0,56,0,13,,,,,9695,249
bae6d5948d518aeb31a450565c18a0758a8ebc9a,2020-04-30,2020-04-30 15:00:00,AK,02,355,0,18764,0,,252,9,0,,0,19,,,,,19119,0
1f7ad258ff6b1be37913e321f355a027b5fc53dc,2020-04-30,2020-04-30 00:00:00,AL,01,7019,177,80177,6570,,,269,24,978,33,,,335,,195,87196,6747
5d8e43f61f5a6b4ae923dd17e3d83c61a7fdd8a8,2020-04-30,2020-04-30 14:49:00,AR,05,3255,63,45124,2867,,1305,61,2,402,13,95,,,23,85,48379,2930
67e47bfa4ee560756dd43828f646308cd0e170c1,2020-04-30,2020-04-19 00:00:00,AS,60,0,0,3,0,17,,0,0,,0,,,,,,3,0
cdaf65d7f7c3665eb51d4c40ffe7c84ff23e19da,2020-04-30,2020-04-30 00:00:00,AZ,04,7648,446,64138,2527,,1499,320,16,1169,38,755,311,,194,,71786,2973
6bbdfc7aeb006e89579ea0e7e8c1c0f0236e8e9b,2020-04-30,2020-04-29 00:00:00,CA,06,48917,2417,576420,19781,,,1982,95,,0,4981,1473,,,,625337,22198
7a6df94b44fb82efdf183351c4e0535080c220dc,2020-04-30,2020-04-28 00:00:00,CO,08,14758,23,56301,1587,,2415,766,6,2621,11,966,,,,,71059,1610
610642633162e6a3bfec50c72295e3ab0ab24127,2020-04-30,2020-04-30 16:00:00,CT,09,27700,933,69433,1382,,,2257,89,,0,1650,,,,,97133,2315
fdcda649963d9ccbbaed7172bebe4bb64017f2af,2020-04-30,2020-04-30 00:00:00,DC,11,4323,217,15756,633,,660,224,19,,0,,,,,,20079,850
e699154d82f521ef0b127fde39b5accc4bb24592,2020-04-30,2020-04-30 12:10:00,DE,10,4734,79,17086,203,,1275,152,8,,0,296,,,,,21820,282
61987d30a1ba302331cb6b10d3df2fd6767de470,2020-04-30,2020-04-30 09:44:00,FL,12,33690,497,348715,8420,1187,,1290,50,5795,171,,,,,,382405,8917
2b8f0c5db20fcd2550edeeeaee86b0b7752760ca,2020-04-30,2020-04-30 14:25:00,GA,13,26155,583,122889,4522,,,1120,27,5156,100,,,1171,,,149044,5105
6f0f804c112b1b607c0967ad67d409a3f4da6b2f,2020-04-30,2020-04-30 09:15:00,GU,66,146,1,1962,260,,131,5,0,,0,,,,,,2108,261
a7adfbd37da0c34b34f25a09c999508c378d30d8,2020-04-30,2020-04-29 18:00:00,HI,15,613,4,30027,1018,,516,16,0,69,0,,,,,,30640,1022
d07be8d4dba25ffd093d2db2fddf35ba7c837cf1,2020-04-30,2020-04-29 12:00:00,IA,19,7145,302,35522,1028,,2697,162,14,,0,335,121,,86,,42667,1330
2f9a41a35bcbfa097c4f08849d585c1c7a2a3354,2020-04-30,2020-04-29 19:00:00,ID,16,1984,32,26862,432,,1121,60,0,175,2,,,74,,,28846,464
1eafce9308caf8cbab0972b2957cfe204928803f,2020-04-30,2020-04-30 00:00:00,IL,17,52918,2563,216949,10637,,,2355,140,,0,4953,1289,,785,,269867,13200
4d1e9651e10345a6f0dddeefbc89db0e9b217c6f,2020-04-30,2020-04-29 23:59:00,IN,18,17835,653,77163,2795,,,1114,49,,0,1466,549,,275,,94998,3448
d62f01c251defb1babc00c28b5e9a01078c454df,2020-04-30,2020-04-30 10:00:00,KS,20,4238,500,27388,1668,,272,129,4,523,8,,,201,,93,31626,2168
5667747068a85d8a9f188605992c65aaa37859c1,2020-04-30,2020-04-29 17:00:00,KY,21,4539,164,49562,1526,,1668,235,10,1359,28,325,176,636,,,54101,1690
c8bd2be294328d967fe0afdfdfa7025fe74107d4,2020-04-30,2020-04-30 13:00:00,LA,22,28001,341,133308,4400,,17303,1862,60,,0,1601,,,231,,161309,4741
9d2bf8c2c6ce270fe3a42755b8e0545633513483,2020-04-30,2020-04-30 16:00:00,MA,25,62205,1940,213442,8089,,,3562,157,5942,184,3803,1001,,,,275647,10029
302fc5a9a40cb1501b639d36565242812aac3651,2020-04-30,2020-04-30 10:00:00,MD,24,21742,893,92617,2537,,1432,1226,58,4559,157,1711,590,,,,114359,3430
441656e169bde26c2c5052b336164cbbeb955fed,2020-04-30,2020-04-30 11:45:00,ME,23,1095,39,19546,0,,631,53,1,170,4,35,18,,8,,20641,39
5988553244aaa616675454f8a4a025745e6449aa,2020-04-30,2020-04-30 11:00:00,MI,26,41379,980,138888,6935,,8342,3789,119,,0,2319,966,,760,,180267,7915
e5fa23166ba68667e4c46c9778a3b571044857c1,2020-04-30,2020-04-29 17:00:00,MN,27,5136,492,65140,3040,,1829,343,24,1044,94,365,130,358,,,70276,3532
cbebadffc1631874717907d68bf0b85673428c42,2020-04-30,2020-04-30 15:00:00,MO,29,7562,137,73125,3391,,,329,11,,0,853,,,141,,80687,3528
1cde0c860ace9e1ad8e3f70794fd7407cf970802,2020-04-30,2020-04-30 07:00:00,MP,69,14,0,585,375,,12,2,0,,0,,,,,,599,375
a5f8d0403b51200aac6a7bc27149e4e7cd275242,2020-04-30,2020-04-29 19:00:00,MS,28,6815,246,59525,0,,3413,261,11,1175,49,639,146,,72,,66340,246
b0277567ff8c3d00337a96aa04bb7f27193e4052,2020-04-30,2020-04-30 00:00:00,MT,30,453,2,13461,384,,392,16,0,61,0,5,,,,,13914,386
7087679b4eab51e80edd2b167c77dd36433b7e5d,2020-04-30,2020-04-30 11:00:00,NC,37,10509,561,117527,9035,,,378,24,,0,546,,,,,128036,9596
d98dd05193bb33d826594e8d98c36f90ea5eb695,2020-04-30,2020-04-30 13:00:00,ND,38,1067,34,26393,1890,,458,19,0,85,3,30,,,,,27460,1924
d239a4795e07311704ae522ce4becaeb8c7db96b,2020-04-30,2020-04-29 19:45:00,NE,31,3784,410,21537,1280,,,68,13,,0,,,,,,25321,1690
0d8f3886c87ccc7cc6d948cfd3221fb0598b5d46,2020-04-30,2020-04-29 09:00:00,NH,33,2054,44,19867,1131,272,980,66,6,259,10,107,,,,,21921,1175
0ce0b9741255ad7d1f1f8d82b5214fc96d3e2d4c,2020-04-30,2020-04-30 13:00:00,NJ,34,118652,2388,129266,4212,478,15642,7228,458,,0,6137,1765,,1271,,247918,6600
bfcfc8a9f0d4ead090c1a69bdad2b70952d09a44,2020-04-30,2020-04-29 20:02:00,NM,35,3213,239,61872,3101,,734,112,2,536,27,163,,,,,65085,3340
463f0f9df45c5443e2b04ec7be1a12abd0f5699f,2020-04-30,2020-04-30 10:00:00,NV,32,4998,100,36988,858,,158,237,7,,0,,,,,,41986,958
cc88ab47da8779ed5957ab9c4c44c2baf1d1fbe6,2020-04-30,2020-04-30 00:00:00,NY,36,304372,4681,596264,23474,,54771,18321,306,77400,950,11598,,,,,900636,28155
e1ddd326508f3b4fa915da05531e9f787ca0e0bb,2020-04-30,2020-04-30 14:00:00,OH,39,18027,724,115863,4258,,,975,38,3533,112,,,1035,,,133890,4982
e587e68adf4860c77b83a19eee8437f805798c4d,2020-04-30,2020-04-29 00:00:00,OK,40,3618,145,59804,2010,,2401,222,8,703,10,291,127,,,,63422,2155
e1daecdbfd5b1e041c804d72c10cfb53b4f0004d,2020-04-30,2020-04-30 11:00:00,OR,41,2510,64,53522,1496,,,103,2,578,9,243,65,,28,,56032,1560
9868591fff2893c1a88a1405d4a162e543727c1c,2020-04-30,2020-04-30 00:00:00,PA,42,45763,1397,175602,5085,,,2292,97,,0,2707,,,556,,221365,6482
338f4b95b979959af428131648dcaac3b1865cbd,2020-04-30,2020-04-30 06:00:00,PR,72,1539,106,9313,0,,,92,6,,0,,,,,,10852,106
321a6e8e2bca460f09f4ad7762563d7351d3e56c,2020-04-30,2020-04-30 00:00:00,RI,44,8621,374,55089,3171,,461,266,15,896,146,339,85,,54,,63710,3545
1bd05a51a12084c06f652233f8a0b99468970a5b,2020-04-30,2020-04-30 16:04:00,SC,45,6095,214,50417,2081,,3252,244,41,1000,0,,,,,,56512,2295
5d05ed5d6b990535a0b90c6593e39e66399e751e,2020-04-30,2020-04-30 11:31:00,SD,46,2449,76,14579,119,,1573,17,4,173,8,76,,,,,17028,195
6286ddad105c18f7b9b1ff70cd78c8087c1f65d9,2020-04-30,2020-04-28 15:00:00,TN,47,10735,369,166891,8708,,5338,199,4,1045,32,,,,,,177626,9077
c22c09d5808b0f8c67afb045cde292f8db76c337,2020-04-30,2020-04-29 13:00:00,TX,48,28087,1033,302213,14477,,13353,782,50,,0,1686,,,,,330300,15510
fd1400a7d87a8132e65e09c5e6cff7a9150dcfb2,2020-04-30,2020-04-30 15:00:00,UT,49,4672,177,103829,2546,,1939,46,1,390,7,,,,,,108501,2723
61c54ec0eeff1f922985966a2bb24ebbd6b59c87,2020-04-30,2020-04-30 00:00:00,VA,51,15846,885,75663,4684,583,2104,552,30,3654,46,1550,372,,208,,91509,5569
16c9cca079bc04e07627c6f359ca739293af8340,2020-04-30,2020-04-29 18:12:00,VI,78,66,4,807,75,43,51,4,0,,0,,,,,,873,79
e4e44b7bb6b8ccb6a47fd1137b8439ed3f732b0d,2020-04-30,2020-04-30 00:00:00,VT,50,879,13,14357,202,,,49,2,,0,23,,,,,15236,215
16133c55fa4fd1e1a25e25c892735f9745c59c81,2020-04-30,2020-04-30 00:00:00,WA,53,15962,261,201776,6235,,,801,15,,0,474,145,,,,217738,6496
ad5aa6ede17322f55f28daf6bd5dd002fe1eb28f,2020-04-30,2020-04-30 16:00:00,WI,55,6854,334,69394,2764,195,3352,316,8,1512,23,554,119,382,,,76248,3098
ef097079df570f2e6c6cbf1f970d533b72f282c9,2020-04-30,2020-04-30 10:00:00,WV,54,1118,23,43423,1447,,545,41,3,,0,84,38,,20,,44541,1470
199d931a82e1d6de271ffb0bd5331355961c967d,2020-04-30,2020-04-29 00:00:00,WY,56,544,8,8902,221,,371,7,0,56,0,13,,,,,9446,229
3cf393e3216f927bcb3c0a7e7457c254f3ac51a4,2020-04-29,2020-04-28 14:50:00,AK,02,355,4,18764,2026,,240,9,0,,0,14,,,,,19119,2030
eff869fb934b11b6e267000fb81ef5c028a67635,2020-04-29,2020-04-29 00:00:00,AL,01,6842,155,73607,4467,,,245,3,945,34,,,335,,195,80449,4622
4d5c3657e272b90a65d2fe6f81a0d1913266780e,2020-04-29,2020-04-29 09:00:00,AR,05,3192,81,42257,4697,,1249,59,7,389,389,93,,,18,82,45449,4778
81688f65127d183bcc6a3952ac849fe18b5ab669,2020-04-29,2020-04-19 00:00:00,AS,60,0,0,3,0,17,,0,0,,0,,,,,,3,0
b49f316ae6aa7dc140150fdca9c4da0d6e0ec170,2020-04-29,2020-04-29 00:00:00,AZ,04,7202,254,61611,1121,,1475,304,11,1131,36,756,312,,191,,68813,1375
11d1985e1c2ae816d587e3f813b8de043d27e271,2020-04-29,2020-04-29 00:00:00,CA,06,46500,1469,556639,24062,,,1887,78,,0,5011,1512,,,,603139,25531
f0236dbe2c16086842ecd7e382a865c891f2ff8f,2020-04-29,2020-04-27 00:00:00,CO,08,14735,856,54714,2252,,2275,760,54,2610,125,964,,,,,69449,3108
72b2ca38e4bc8ef90fec3f8cfc0dd00914029d71,2020-04-29,2020-04-29 16:00:00,CT,09,26767,455,68051,1618,,,2168,79,,0,1691,,,,,94818,2073
f6a71e5c5089f17320288008cc99bda4aaee222a,2020-04-29,2020-04-29 00:00:00,DC,11,4106,112,15123,232,,660,205,15,,0,,,,,,19229,344
276bac92369fc33a2da72813fd71c2777d4f84df,2020-04-29,2020-04-28 18:00:00,DE,10,4655,80,16883,278,,1173,144,7,,0,326,,,,,21538,358
69c0d8c9a4bf53df2e32cad93f0b84fa8fd0e639,2020-04-29,2020-04-29 09:51:00,FL,12,33193,347,340295,6266,1252,,1240,86,5624,358,,,,,,373488,6613
eff38b56e17a3d801801de4c19fdb48d1edaec77,2020-04-29,2020-04-29 14:25:00,GA,13,25572,957,118367,2962,,,1093,67,5056,242,,,1148,,,143939,3919
9da11705bc0f6477ccd1f4607c6be86b34431fa4,2020-04-29,2020-04-29 09:35:00,GU,66,145,0,1702,164,,130,5,0,,0,,,,,,1847,164
7f2bf3e3a139e8db9e9dd989860cc9a1038ca89d,2020-04-29,2020-04-28 18:00:00,HI,15,609,2,29009,433,,505,16,0,69,1,,,,,,29618,435
c08e9c775fc48466b4ce53db96058a7af57f226d,2020-04-29,2020-04-28 12:00:00,IA,19,6843,467,34494,1047,,2428,148,12,,0,323,100,,74,,41337,1514
977e2ec6ef78bc228d5ebe0c30758924824bbffd,2020-04-29,2020-04-28 19:00:00,ID,16,1952,35,26430,8295,,1087,60,2,173,1,,,73,,,28382,8330
d5bb9a24e042d29c03d7772ed16ba0766294d6ac,2020-04-29,2020-04-29 00:00:00,IL,17,50355,2253,206312,12225,,,2215,90,,0,5036,1290,,777,,256667,14478
7d71fd9c5a0e2c2850a93de0abc2bf616f9d2008,2020-04-29,2020-04-28 23:59:00,IN,18,17182,594,74368,3775,,,1065,164,,0,1484,570,,262,,91550,4369
61b29bed0727eda070c00a0c72954091f34d3011,2020-04-29,2020-04-29 10:00:00,KS,20,3738,247,25720,1121,,266,125,1,515,11,,,198,,88,29458,1368
c8300e73a4f4e8b21a6e110148a3568eb78ef012,2020-04-29,2020-04-28 17:00:00,KY,21,4375,229,48036,3383,,1617,225,12,1331,50,320,170,625,,,52411,3612
b506c0b8fcd48b691d3f482428b68eba249308ea,2020-04-29,2020-04-29 13:00:00,LA,22,27660,374,128908,5086,,17303,1802,44,,0,1629,,,244,,156568,5460
7cb29d5a371741939075866b0e24a673c7065f1e,2020-04-29,2020-04-29 16:00:00,MA,25,60265,1963,205353,9155,,,3405,252,5758,243,3856,1011,,,,265618,11118
ebe0a9c51d020ffcf76615b0ce2ee0e6ca9904e0,2020-04-29,2020-04-29 10:00:00,MD,24,20849,736,90080,2408,,1361,1168,69,4402,134,1610,586,,,,110929,3144
03fa7a2706af5839b8917fcf51ea0cdf1b494556,2020-04-29,2020-04-29 12:00:00,ME,23,1056,16,19546,2762,,615,52,1,166,3,32,17,,7,,20602,2778
d8abd99660c2f9ef6556b5d3ac9f4469c833660e,2020-04-29,2020-04-29 11:00:00,MI,26,40399,1137,131953,6410,,8342,3670,103,,0,2498,997,,778,,172352,7547
b3b2267e0caad974e7ae0fd912664a9c17f6cf81,2020-04-29,2020-04-28 17:00:00,MN,27,4644,463,62100,2452,,1724,319,18,950,38,320,119,337,,,66744,2915
ab59932f6df44b3c85663784c39bf15db0cb8bf2,2020-04-29,2020-04-29 15:00:00,MO,29,7425,122,69734,3534,,,318,4,,0,891,,,125,,77159,3656
2801b45b6ef5eed89ff1eb1fd84e41e18b79058b,2020-04-29,2020-04-29 02:30:00,MP,69,14,0,210,159,,12,2,0,,0,,,,,,224,159
e9ecc1f582039140a450c7337ed1c4058cdda3e3,2020-04-29,2020-04-28 19:00:00,MS,28,6569,227,59525,1455,,3413,250,11,1126,38,677,151,,69,,66094,1682
73062d65ba624d1842f5a86f129203930f08b41b,2020-04-29,2020-04-29 00:00:00,MT,30,451,0,13077,337,,382,16,1,61,0,5,,,,,13528,337
94636c39e79a4eba7fb1072bcf4bdd917faa5ed7,2020-04-29,2020-04-29 11:00:00,NC,37,9948,380,108492,5308,,,354,12,,0,551,,,,,118440,5688
0e4d43ad9b29a3eec39712ffa130f61c0a192c33,2020-04-29,2020-04-29 13:00:00,ND,38,1033,42,24503,1771,,437,19,0,82,3,28,,,,,25536,1813
0a80358e289927ee7f0c04f37414e1f3728dc9e1,2020-04-29,2020-04-28 19:45:00,NE,31,3374,16,20257,10,,,55,0,,0,,,,,,23631,26
d0011acae453ed7d70c2f144808ee3e44cffd33e,2020-04-29,2020-04-28 09:00:00,NH,33,2010,72,18736,529,81,936,60,0,249,3,106,,,,,20746,601
7a167d9ed3c9c9c3d3d27f11fbfd48609fa214d2,2020-04-29,2020-04-29 13:00:00,NJ,34,116264,2408,125054,4551,617,15642,6770,328,,0,6289,1811,,1327,,241318,6959
a9ae704e172b4a4be659f5c2f152ccc2b2547cf6,2020-04-29,2020-04-28 18:00:00,NM,35,2974,151,58771,2791,,705,110,6,509,28,157,,,,,61745,2942
98765399895d03598a684a99e8989bae03d5c3e4,2020-04-29,2020-04-29 10:00:00,NV,32,4898,93,36130,816,,100,230,11,,0,,,,,,41028,909
e141a28cb22f486cacf12e5f3e8577005d4e8c7b,2020-04-29,2020-04-29 00:00:00,NY,36,299691,4585,572790,22902,,53238,18015,377,76450,1088,12159,,,,,872481,27487
0f399ee92e6856e7cafe58d4a7016f20721dd32f,2020-04-29,2020-04-29 14:00:00,OH,39,17303,1175,111605,5027,,,937,138,3421,81,,,1014,,,128908,6202
9f9b58266562dbd3720a82e9143ddd3291fb3ce3,2020-04-29,2020-04-29 00:00:00,OK,40,3473,63,57794,1505,,2319,214,7,693,37,283,126,,,,61267,1568
82c6827fa513cc329eba88660a3b122a4cdeb826,2020-04-29,2020-04-29 11:00:00,OR,41,2446,92,52026,3182,,,101,9,569,15,227,56,,24,,54472,3274
991949f5a6342effe31b6e9e6fbf950a07e57859,2020-04-29,2020-04-29 00:00:00,PA,42,44366,1102,170517,4693,,,2195,479,,0,2781,,,602,,214883,5795
8fff690c78457e20252e7ed7b5544438df1e0f95,2020-04-29,2020-04-29 06:00:00,PR,72,1433,33,9313,0,1940,,86,0,,0,,,,,,10746,33
c3ec3299eb01df624ff8cfe5ad988f3af3af72fe,2020-04-29,2020-04-29 00:00:00,RI,44,8247,321,51918,2151,,391,251,12,750,18,269,80,,55,,60165,2472
dd13e90c3f87608738c3308b27aeb82f47d76e55,2020-04-29,2020-04-29 15:30:00,SC,45,5881,268,48336,1804,,3252,203,26,1000,56,,,,,,54217,2072
492cb90e64e3263758a5357027c94b5341a90c4c,2020-04-29,2020-04-28 18:00:00,SD,46,2373,60,14460,161,,1492,13,2,165,8,69,,,,,16833,221
bfd3bcee3a7b3a1b714f2522527636351a85c41f,2020-04-29,2020-04-28 15:00:00,TN,47,10366,314,158183,6307,,5140,195,7,1013,119,,,,,,168549,6621
dbdac16afe1f3ceeab15fa5ad34713a994d72427,2020-04-29,2020-04-29 13:00:00,TX,48,27054,883,287736,13523,,12507,732,42,,0,1702,,,,,314790,14406
25351c43007754dd70e89e7005804871a930ec8d,2020-04-29,2020-04-29 15:00:00,UT,49,4495,152,101283,3187,,1790,45,0,383,13,,,,,,105778,3339
593552976d2d53d5f1284debfb670017ab7c310f,2020-04-29,2020-04-29 00:00:00,VA,51,14961,622,70979,2020,620,2042,522,30,3608,186,1566,387,,222,,85940,2642
9a03c2d52c07b2aa9092e0eda982a932aa30a1fb,2020-04-29,2020-04-28 20:30:00,VI,78,62,3,732,13,78,51,4,0,,0,,,,,,794,16
116903c240cba2318983889e01cf9d2bda54f745,2020-04-29,2020-04-29 00:00:00,VT,50,866,4,14155,208,,,47,0,,0,26,,,,,15021,212
f6cbdb71578f6707e5054b0ea84c3eb360cd4548,2020-04-29,2020-04-29 00:00:00,WA,53,15701,242,195541,6568,,,786,21,,0,490,156,,,,211242,6810
debbd096058b37a2ad2b902e7db175f1e3594969,2020-04-29,2020-04-29 00:00:00,WI,55,6520,231,66630,3095,227,,308,8,1489,33,577,121,363,,,73150,3326
5f3d4481d938df5f3d641f81bd6420e9b07bf2a0,2020-04-29,2020-04-29 10:00:00,WV,54,1095,16,41976,0,,504,38,1,,0,102,40,,21,,43071,16
927153e5df89c4ba021a7b53040039b6a43f898c,2020-04-29,2020-04-29 00:00:00,WY,56,536,147,8681,455,,362,7,0,56,0,12,,,,,9217,602
59373967d0db4140233203277efddaf5cc06ac26,2020-04-28,2020-04-28 14:50:00,AK,02,351,6,16738,827,,228,9,0,,0,16,,,,,17089,833
3a42e38dee12ed42675ae826e0bf1a7299157c71,2020-04-28,2020-04-28 00:00:00,AL,01,6687,188,69140,1642,,,242,20,911,39,,,335,,195,75827,1830
f8e499c0d2e9629cea225353c4f3716f506bb05d,2020-04-28,2020-04-28 09:00:00,AR,05,3111,94,37560,120,,1146,52,2,,0,104,,,20,,40671,214
fdc9811bad94f0c6cfb506f1becc7b79ff1f73d6,2020-04-28,2020-04-19 00:00:00,AS,60,0,0,3,0,17,,0,0,,0,,,,,,3,0
5194d69e4c8c9d45568169fb54a629995fdc4a04,2020-04-28,2020-04-27 00:00:00,AZ,04,6948,232,60490,663,,1450,293,18,1095,44,737,303,,193,,67438,895
9435148c7ecbe6d1a3f3cf634f572362332c405f,2020-04-28,2020-04-27 00:00:00,CA,06,45031,1567,532577,22632,,,1809,54,,0,4983,1485,,,,577608,24199
25feb5d7c8bbddd24297aa400105e11405a532e8,2020-04-28,2020-04-26 00:00:00,CO,08,13879,438,52462,2629,,2275,706,26,2485,47,994,,,,,66341,3067
e83c3ddc21ee8831ff507f7eb01801860062d50d,2020-04-28,2020-04-28 16:00:00,CT,09,26312,1043,66433,11891,,,2089,91,,0,1732,,,,,92745,12934
dd26e67f7a8425840f78ff61b8848955ad68f78a,2020-04-28,2020-04-27 00:00:00,DC,11,3994,102,14891,367,,660,190,5,,0,,,,,,18885,469
e4162f719db9c42a0a439a348720de4e3cc988ed,2020-04-28,2020-04-27 18:00:00,DE,10,4575,413,16605,1151,,1096,137,12,,0,337,,,,,21180,1564
44430b41d9159ec9767f92473418e995e671279f,2020-04-28,2020-04-28 09:36:00,FL,12,32846,708,334029,9704,1216,,1154,53,5266,55,,,,,,366875,10412
9c5247f7f7df42aaf042c53bee78da76f6d9ea6d,2020-04-28,2020-04-28 13:25:00,GA,13,24615,702,115405,12149,,,1026,55,4814,133,,,1087,,,140020,12851
894222c192abb93c70f0421fb5fd31eac9f8ea22,2020-04-28,2020-04-28 09:15:00,GU,66,145,1,1538,114,,129,5,0,,0,3,,,,,1683,115
6501bff7d038fe800b3621072217af1fc5970137,2020-04-28,2020-04-27 18:00:00,HI,15,607,1,28576,172,,493,16,2,68,0,,,,,,29183,173
19738461c049c68eea262bb027a1ce2423684b47,2020-04-28,2020-04-27 12:00:00,IA,19,6376,508,33447,1165,,2164,136,9,,0,304,98,,64,,39823,1673
005c3498de00e44a2643ec193619365e2665c20c,2020-04-28,2020-04-27 19:00:00,ID,16,1917,20,18135,8,,1039,58,2,172,3,,,73,,,20052,28
1e027b751638f20e1e18e7ce175809ee16772436,2020-04-28,2020-04-28 00:00:00,IL,17,48102,2219,194087,12342,,,2125,142,,0,4738,1245,,778,,242189,14561
6643885c39f841062a32e695d1a779c138f3e15e,2020-04-28,2020-04-27 23:59:00,IN,18,16588,627,70593,2078,,,901,57,,0,1518,546,,275,,87181,2705
ee03dfd9422a6181fb157680a94d2404f3ab9004,2020-04-28,2020-04-28 10:00:00,KS,20,3491,163,24599,760,,,124,4,504,8,,,,,,28090,923
f9ab12fad9c014f819df16db4826afc4a7cff521,2020-04-28,2020-04-27 17:00:00,KY,21,4146,72,44653,253,,1521,213,5,1281,7,313,165,612,,,48799,325
3b5973ab7708a0885182b5f19f0f95a7846ed89b,2020-04-28,2020-04-28 13:00:00,LA,22,27286,218,123822,3901,,17303,1758,61,,0,1666,,,244,,151108,4119
251f940ba404610d4206453e4492d89b9e2f8e57,2020-04-28,2020-04-28 16:00:00,MA,25,58302,1840,196198,7773,,,3153,150,5515,278,3875,1005,,,,254500,9613
b60ea047026eb378aae14373eb1b067c7df9e72f,2020-04-28,2020-04-28 10:00:00,MD,24,20113,626,87672,2183,,1295,1099,54,4268,167,1528,551,,,,107785,2809
86dc3f8bd627fe479f340068d049666253f11aaf,2020-04-28,2020-04-28 11:45:00,ME,23,1040,17,16784,0,,585,51,0,163,2,33,17,,7,,17824,17
c3ea4caf4e801329b6989b666ae86095ce44cb1e,2020-04-28,2020-04-28 11:00:00,MI,26,39262,1052,125543,5993,,8342,3567,160,,0,2623,1027,,801,,164805,7045
933030e38680e4479c1df436c5455d564ba69295,2020-04-28,2020-04-27 17:00:00,MN,27,4181,365,59648,2196,,1611,301,15,912,51,314,120,324,,,63829,2561
5ec2fb96518c38fabb89616aba05da46947fa1d6,2020-04-28,2020-04-28 15:00:00,MO,29,7303,132,66200,2265,,,314,26,,0,655,,,105,,73503,2397
27af88fe70b3c49e26bff61d9fb81659a96b97df,2020-04-28,2020-04-28 00:00:00,MP,69,14,0,51,0,,12,2,0,,0,,,,,,65,0
286249e7fcf5a26e03172267359bfec7eae20faf,2020-04-28,2020-04-27 19:00:00,MS,28,6342,248,58070,702,,,239,10,1088,28,639,162,,77,,64412,950
2edadd52ff8a38c1537c9b0022b5fa8cf02bc000,2020-04-28,2020-04-28 00:00:00,MT,30,451,2,12740,156,,356,15,1,61,0,10,,,,,13191,158
5e2960ab4ffbea971d7bd1df0bafa5d3d8de8994,2020-04-28,2020-04-28 11:00:00,NC,37,9568,426,103184,2406,,,342,36,,0,463,,,,,112752,2832
c8b691b977f8d7976cf036b5cf820a25ecb518c4,2020-04-28,2020-04-28 13:00:00,ND,38,991,49,22732,1240,,409,19,0,79,2,25,,,,,23723,1289
6f9142e3c5fed74e10a5d80532d74abf1f4a6dc7,2020-04-28,2020-04-27 19:45:00,NE,31,3358,330,20247,912,,,55,-1,,0,,,,,,23605,1242
95d2a8374d86d3d53f7dec779b08e9f72f90a7fa,2020-04-28,2020-04-27 09:00:00,NH,33,1938,74,18207,347,223,798,60,0,246,4,99,,,,,20145,421
709022c61f49971284a6535f330d331e49aea860,2020-04-28,2020-04-28 13:00:00,NJ,34,113856,2668,120503,3916,,15642,6442,398,,0,6476,1809,,1262,,234359,6584
8b61c4e5663767d2a8a82f1726acb576363daca4,2020-04-28,2020-04-27 18:04:00,NM,35,2823,97,55980,2091,,666,104,5,481,69,155,,,,,58803,2188
e2814e248813e1b13117011a8fed27997b328798,2020-04-28,2020-04-28 10:00:00,NV,32,4805,115,35314,1191,,,219,13,,0,,,,,,40119,1306
2c943c03d21f37f3dfa5c54a710daecccd60a635,2020-04-28,2020-04-28 00:00:00,NY,36,295106,3110,549888,15789,,51673,17638,335,75362,760,12645,,,,,844994,18899
060c4df07ebc5c337a433f2ad200396331e17037,2020-04-28,2020-04-28 14:00:00,OH,39,16128,429,106578,2886,,,799,46,3340,108,,,1004,,,122706,3315
6b30cd2f25a982e81805989dfdb1f670342d8696,2020-04-28,2020-04-28 00:00:00,OK,40,3410,130,56289,6398,,2260,207,10,656,0,288,118,,,,59699,6528
4e0f13ca889f49e5381d794378c615bfbc0c8223,2020-04-28,2020-04-27 11:00:00,OR,41,2354,0,48844,0,,,92,0,554,0,249,71,,31,,51198,0
055f8e1730bd998f65e0ca412e162c1ade6fa418,2020-04-28,2020-04-28 00:00:00,PA,42,43264,1214,165824,4452,,,1716,119,,0,2781,,,616,,209088,5666
0b5fc5e114a808ecd3cd9ef233130c13c8a84b92,2020-04-28,2020-04-28 06:30:00,PR,72,1400,11,9313,0,1940,,86,2,,0,,,,,,10713,11
9eaf6fe0195d628f321a4716db6da6d123db823b,2020-04-28,2020-04-28 00:00:00,RI,44,7926,218,49767,1590,,466,239,6,732,14,266,84,,55,,57693,1808
acdac7935881d82f7f56fe5cadd77f515b11eb5e,2020-04-28,2020-04-27 16:30:00,SC,45,5613,123,46532,1261,,2830,177,3,944,0,,,,,,52145,1384
a97f0133a1f12648ca78e565071ca2a4aa38618f,2020-04-28,2020-04-27 18:00:00,SD,46,2313,68,14299,169,,1392,11,0,157,7,69,,,,,16612,237
05e15eaf2f28e4ecfb327c23ec02e0a4e9de6e1a,2020-04-28,2020-04-28 15:00:00,TN,47,10052,134,151876,7392,,4921,188,4,894,57,,,,,,161928,7526
095814a9c2520c74185c63a42224a11988241e28,2020-04-28,2020-04-28 13:00:00,TX,48,26171,874,274213,8993,,11786,690,27,,0,1682,,,,,300384,9867
2b4c4083764bda19af3bd453faa78b94360ec9e7,2020-04-28,2020-04-28 15:00:00,UT,49,4343,110,98096,2134,,1704,45,4,370,21,,,,,,102439,2244
b2601d7cda280066c4cf286aff15fe34f40132dc,2020-04-28,2020-04-27 17:00:00,VA,51,14339,804,68959,1815,560,1914,492,34,3422,124,1508,376,,217,,83298,2619
924b2e78485d4534243eb3521a37894211315649,2020-04-28,2020-04-27 00:00:00,VI,78,59,0,719,3,57,51,4,0,,0,,,,,,778,3
b524bfc54f9a1eb925bfa322c6761886bc90e26d,2020-04-28,2020-04-28 00:00:00,VT,50,862,0,13947,128,,,47,0,,0,29,,,,,14809,128
f6e57feadcdaba5fccc1a7792b9bbcb58f92fef5,2020-04-28,2020-04-28 00:00:00,WA,53,15459,234,188973,6695,,,765,16,,0,436,158,,,,204432,6929
9e99840ea9f85f13a454f01eccaef2d2a3a7a12c,2020-04-28,2020-04-28 16:00:00,WI,55,6289,208,63535,2224,193,,300,19,1456,41,544,123,363,,,69824,2432
12a313e9bd16e6c5e2bcb07ce790836977cc9169,2020-04-28,2020-04-28 10:00:00,WV,54,1079,16,41976,0,,481,37,1,,0,87,28,,15,,43055,16
ba66a1c52787eb89f29b86ca3da761d5b18e2ecd,2020-04-28,2020-04-27 17:05:00,WY,56,389,19,8226,429,,343,7,0,56,2,16,,,,,8615,448
75df68b6fa7735fb327631297c4c1af15fcdf11e,2020-04-27,2020-04-27 14:00:00,AK,02,345,4,15911,75,,218,9,0,,0,10,,,,,16256,79
d8e9c2db0c36951d9f04e4c66d8507d0aefecca7,2020-04-27,2020-04-27 00:00:00,AL,01,6499,229,67498,217,,,222,6,872,27,,,335,,195,73997,446
3824bedb55b5202c0da10a64838984126dff78cd,2020-04-27,2020-04-27 15:00:00,AR,05,3017,76,37440,912,,987,50,1,,-291,109,,,25,,40457,988
c1514ef6b7e4a34262e04973b36107379fc85e3b,2020-04-27,2020-04-19 00:00:00,AS,60,0,0,3,0,17,,0,0,,0,,,,,,3,0
b9d335f910641a905c0e0d9f710320edef21b0fe,2020-04-27,2020-04-27 00:00:00,AZ,04,6716,190,59827,1542,,1418,275,0,1051,14,647,328,,200,,66543,1732
14d11255ae52943273ae8da6a73bccc2cb86bd5a,2020-04-27,2020-04-27 00:00:00,CA,06,43464,1300,509945,26025,,,1755,45,,0,4878,1499,,,,553409,27325
442b440b396daaa28e6e0b4383f4e68b14b86810,2020-04-27,2020-04-25 00:00:00,CO,08,13441,473,49833,3010,,2150,680,8,2438,28,1007,,,,,63274,3483
cbe5372122cb2c991e4a964823ddb48fc12579a5,2020-04-27,2020-04-27 16:27:00,CT,09,25269,0,54542,0,,,1998,74,,0,1758,,,,,79811,0
b1c45150e0915e714f10612bb9806b5880a789a3,2020-04-27,2020-04-26 00:00:00,DC,11,3892,51,14524,297,,659,185,7,,0,402,,,,,18416,348
37a4e38c563fe943f2f2037eae658857663e8cd8,2020-04-27,2020-04-26 18:00:00,DE,10,4162,128,15454,239,,996,125,5,,0,325,,,,,19616,367
b79e501d6e0c89ec7f249dfb9ebc320411ee4d4d,2020-04-27,2020-04-27 09:24:00,FL,12,32138,610,324325,11240,1099,,1101,7,5211,56,,,,,,356463,11850
a4541ea9878486c252f8c7982b472871cfabff6b,2020-04-27,2020-04-27 11:27:00,GA,13,23913,512,103256,3434,,,971,59,4681,322,,,1057,,,127169,3946
421413836b6fec4e7fab0040f9cf3a108a77175a,2020-04-27,2020-04-27 07:20:00,GU,66,144,3,1424,37,,128,5,0,,0,3,,,,,1568,40
75686bd6e1292dd986e0d3dd6f936d05afae0162,2020-04-27,2020-04-26 18:00:00,HI,15,606,3,28404,524,,488,14,0,68,0,,,,,,29010,527
9b2ce49917b12100148d98318deb433402620e0e,2020-04-27,2020-04-25 12:00:00,IA,19,5868,392,32282,1668,,2021,127,9,,0,300,100,,58,,38150,2060
c16d87727a3fbff5a271efde1bfde797a64bb825,2020-04-27,2020-04-26 19:00:00,ID,16,1897,10,18127,516,,983,56,0,169,0,,,71,,,20024,526
6764b948b3deb66dfc590c52b00a0ce5624713e9,2020-04-27,2020-04-27 00:00:00,IL,17,45883,1980,181745,10696,,,1983,50,,0,4672,1249,,763,,227628,12676
ed7a45dff04454db8e0248aa221e92a3f584147a,2020-04-27,2020-04-26 23:59:00,IN,18,15961,949,68515,1819,,,844,31,,0,1493,581,,284,,84476,2768
6f5beb47a0010239a59980aa7ef605c2fe79291c,2020-04-27,2020-04-26 11:00:00,KS,20,3328,154,23839,786,,,120,2,496,11,,,,,,27167,940
b1e1acdf3e7aaaa4ab456311d528c431046bd0b0,2020-04-27,2020-04-26 17:00:00,KY,21,4074,169,44400,1747,,1511,208,3,1274,8,308,166,608,,,48474,1916
a1f732178ab80e867fabd7b530c308f7d02dea14,2020-04-27,2020-04-27 13:00:00,LA,22,27068,295,119921,3658,,17303,1697,27,,0,1683,,,262,,146989,3953
7d05db1f9b62481df76da5f4caea361d179f9fc5,2020-04-27,2020-04-27 16:00:00,MA,25,56462,1524,188425,7263,,,3003,104,5237,133,3892,1089,,,,244887,8787
c31f1711167cb6420a920a767662fc870c49ede4,2020-04-27,2020-04-27 10:00:00,MD,24,19487,906,85489,7405,,1263,1045,44,4101,139,1513,535,,,,104976,8311
9ab2163155b81e44c9656d72f739cd9f1c73ca4b,2020-04-27,2020-04-27 11:15:00,ME,23,1023,8,16784,0,,549,51,1,161,2,39,16,,7,,17807,8
9b0590886b2573efe23d4247de0042f418a20530,2020-04-27,2020-04-27 11:00:00,MI,26,38210,432,119550,6322,,8342,3407,92,,0,2667,1059,,832,,157760,6754
84cc5a7097961a410c220e0eae84b08706670b8b,2020-04-27,2020-04-26 17:00:00,MN,27,3816,214,57452,2067,,1556,286,14,861,32,292,122,316,,,61268,2281
8eef2d116b69c8637fba2f52ce58bdd40ade6076,2020-04-27,2020-04-27 15:00:00,MO,29,7171,174,63935,1184,,,288,14,,0,679,,,109,,71106,1358
996aaf95f3a3275816782bccc5c48ede961882df,2020-04-27,2020-04-27 00:00:00,MP,69,14,0,51,0,,11,2,0,,0,,,,,,65,0
e08de97725e6ceb91e54e585f6cb30a53c3937b8,2020-04-27,2020-04-26 19:00:00,MS,28,6094,183,57368,2491,,,229,2,1060,59,590,142,,71,,63462,2674
60d710d52bd2425d8ba6a742bb6e90ff5ae698fe,2020-04-27,2020-04-27 00:00:00,MT,30,449,1,12584,170,,352,14,0,61,0,11,,,,,13033,171
dd388c75d774cb976370c5ca6b73b8403a39c1c7,2020-04-27,2020-04-27 10:20:00,NC,37,9142,312,100778,1714,,,306,7,,0,473,,,,,109920,2026
6464fcfed44323d8504a9f62eab3f115bf5e3414,2020-04-27,2020-04-27 13:00:00,ND,38,942,75,21492,1642,,350,19,2,77,6,23,,,,,22434,1717
bc60cff7a053b7cb41cc4ff815f89b634e2ba4fb,2020-04-27,2020-04-26 19:45:00,NE,31,3028,296,19335,839,,,56,3,,0,,,,,,22363,1135
6336aae6c04ac4c98c1c9b284d1217428fe8fa57,2020-04-27,2020-04-26 09:00:00,NH,33,1864,77,17860,896,270,779,60,0,242,4,101,,,,,19724,973
e430afe43cfdf9821d05952d4a763ef49f952457,2020-04-27,2020-04-26 11:00:00,NJ,34,111188,2150,116587,2481,,,6044,106,,0,6407,1801,,1303,,227775,4631
f82bbc0c69be0de7e6cdd242fb1bc0810cdc068d,2020-04-27,2020-04-26 18:01:00,NM,35,2726,66,53889,2814,,650,99,6,412,0,148,,,,,56615,2880
ffa7b707e68142b5802e088f2c0c7113cf389314,2020-04-27,2020-04-27 10:00:00,NV,32,4690,88,34123,539,,,206,0,,0,,,,,,38813,627
b1d94120eb44d0fa754af66d3b19733044cdada2,2020-04-27,2020-04-27 00:00:00,NY,36,291996,3951,534099,16794,,50751,17303,337,74602,1062,12819,,,,,826095,20745
69efe43c800abbca9bf74c10099b82ed988813c4,2020-04-27,2020-04-27 14:00:00,OH,39,15699,-264,103692,3269,,,753,25,3232,54,,,978,,,119391,3005
fb1cb04b44d3ebc39ee0ca26b4b847735a68be83,2020-04-27,2020-04-27 00:00:00,OK,40,3280,27,49891,0,,2167,197,2,656,3,306,150,,,,53171,27
22daa607fd38663989763779fa0cc21724494e92,2020-04-27,2020-04-27 11:00:00,OR,41,2354,43,48844,2191,,,92,1,554,8,249,71,,31,,51198,2234
e073965b8e4f4038ca63e18abc7ee474704996d6,2020-04-27,2020-04-27 12:00:00,PA,42,42050,885,161372,3944,,,1597,47,,0,2800,,,629,,203422,4829
31faa1ab85190805c15634fb4786aa1abad87047,2020-04-27,2020-04-27 06:00:00,PR,72,1389,18,9313,0,1940,,84,0,,0,,,,,,10702,18
9db01610f372573d9df102ed1fc911f987a24b02,2020-04-27,2020-04-27 00:00:00,RI,44,7708,269,48177,2213,,452,233,7,718,27,266,81,,56,,55885,2482
b11ea7dc82178600f8c03fab2b1da6e17a5b1903,2020-04-27,2020-04-26 15:30:00,SC,45,5490,0,45271,0,,3701,174,0,944,0,,,,,,50761,0
976bc0bc4a0cd7574ce45c443910b6f9d33073dd,2020-04-27,2020-04-26 18:00:00,SD,46,2245,33,14130,68,,1316,11,0,150,15,61,,,,,16375,101
1e22fef36232775932a9791c36d975f1bbe2e288,2020-04-27,2020-04-27 15:00:00,TN,47,9918,251,144484,6677,,4720,184,3,837,9,,,,,,154402,6928
dd3e1b7b5860323b4a5c60f94ec20b96df25c02e,2020-04-27,2020-04-27 13:10:00,TX,48,25297,666,265220,13830,,11170,663,15,,0,1563,,,,,290517,14496
90ec11ffbd9a9466dee84b60d034adf593c8c8da,2020-04-27,2020-04-27 15:00:00,UT,49,4233,110,95962,4383,,1641,41,0,349,4,,,,,,100195,4493
15670b0dfa1a7724c11efdf62e4dd0db74861526,2020-04-27,2020-04-27 00:00:00,VA,51,13535,565,67144,3514,542,1843,458,10,3298,1284,1455,389,,217,,80679,4079
986c84de345d3ab8fd4eed86a37802dfa93997c2,2020-04-27,2020-04-26 00:00:00,VI,78,59,2,716,16,5,51,4,0,,0,,,,,,775,18
1c82812d1fe89630538917c81bcbf0f13806904a,2020-04-27,2020-04-27 00:00:00,VT,50,862,7,13819,301,,,47,1,,0,33,,,,,14681,308
4d0db7a7f0d9829e41f89f33ce0866da28be3ab6,2020-04-27,2020-04-27 00:00:00,WA,53,15225,273,182278,7022,,,749,11,,0,536,115,,,,197503,7295
060a79e72105561a57a9033f32eb1d4387467306,2020-04-27,2020-04-27 16:00:00,WI,55,6081,170,61311,2076,204,,281,9,1415,18,337,124,355,,,67392,2246
95c240ee6144747bd051a52e060021799199ef17,2020-04-27,2020-04-27 10:00:00,WV,54,1063,19,41976,3957,,455,36,2,,0,100,38,,20,,43039,3976
9a103a96ee16738d2ad64c0d2ec7940310aad50c,2020-04-27,2020-04-26 13:58:00,WY,56,370,8,7797,0,,342,7,0,54,0,16,,,,,8167,8
9733117ae32ad84e572655bf8d60290d12d78153,2020-04-26,2020-04-26 14:15:00,AK,02,341,2,15836,443,,217,9,0,,0,14,,,,,16177,445
56ff12d915f4f8af38d67078b717ecef958ca90f,2020-04-26,2020-04-26 00:00:00,AL,01,6270,133,67281,2074,,,216,4,845,6,,,288,,170,73551,2207
9968f44fcc2a6b969a249e498bc0ebaaada9cce4,2020-04-26,2020-04-26 10:00:00,AR,05,2941,112,36528,1304,,985,49,2,291,0,104,,,25,57,39469,1416
7fa9a35a5529107fd92b1789b173399124e30d8f,2020-04-26,2020-04-19 00:00:00,AS,60,0,0,3,0,17,,0,0,,0,,,,,,3,0
ed0ddf411047aaa63ebd5d4c9c1ba04620701d61,2020-04-26,2020-04-26 00:00:00,AZ,04,6526,246,58285,2057,,1383,275,9,1037,15,671,308,,200,,64811,2303
15f9d8b97b5a951b5d7d095967d792920092ed1a,2020-04-26,2020-04-25 00:00:00,CA,06,42164,1027,483920,19022,,,1710,59,,0,4928,1473,,,,526084,20049
deecfed72e655c3e65e2d3a7a868a87f073b6068,2020-04-26,2020-04-24 00:00:00,CO,08,12968,712,46823,2290,,2150,672,-2,2410,44,1046,,,,,59791,3002
7846b9d445b7ce5dc93dacebc6869c9068b28e44,2020-04-26,2020-04-26 16:00:00,CT,09,25269,687,54542,1522,,,1924,62,,0,1766,,,,,79811,2209
2b5b5ed404f553dea7c02a9c44b77885c2a65529,2020-04-26,2020-04-25 00:00:00,DC,11,3841,142,14227,624,,657,178,13,,0,402,120,,69,,18068,766
773961f9220d81bfd9188e478207efe7d9d1846a,2020-04-26,2020-04-25 18:00:00,DE,10,4034,458,15215,1093,,911,120,8,,0,317,,,,,19249,1551
0908d58c61a31f54fcd864d25ccb8ec27e4be8ae,2020-04-26,2020-04-26 09:32:00,FL,12,31528,689,313085,10825,1183,,1094,19,5155,110,,,,,,344613,11514
fbe2831113afddb1c5e57b7122d8d7a868dddb8e,2020-04-26,2020-04-26 11:28:00,GA,13,23401,706,99822,3503,,,912,8,4359,33,,,,,,123223,4209
9b0e81ca22f024e013b2d542c5d4d06c57e4ec69,2020-04-26,2020-04-26 07:30:00,GU,66,141,0,1387,79,,128,5,0,,0,2,,,,,1528,79
29c8932b09a88dc23c97e1aa9a8e24f0ec8f95d1,2020-04-26,2020-04-25 18:00:00,HI,15,603,2,27880,441,,482,14,1,68,1,,,,,,28483,443
cf1793d06bbe3b7008a37b5dff9f35f3885f7f88,2020-04-26,2020-04-25 12:00:00,IA,19,5476,384,30614,1356,,1900,118,6,,0,286,99,,55,,36090,1740
ed012a661ae154d9dc7900b224bbad9cf6a42ef8,2020-04-26,2020-04-25 19:00:00,ID,16,1887,17,17611,0,,938,56,2,169,1,,,72,,,19498,17
674f7ff2198265b86c426ea8cc65778752bb9901,2020-04-26,2020-04-26 00:00:00,IL,17,43903,2126,171049,11209,,,1933,59,,0,4595,1267,,772,,214952,13335
c864dcd857011e670019c8fea2263097ee63ed09,2020-04-26,2020-04-25 23:59:00,IN,18,15012,617,66696,1317,,,813,28,,0,1446,589,,310,,81708,1934
421e74c30fa2325f387e71c98fc5e9ab2b99340e,2020-04-26,2020-04-26 11:00:00,KS,20,3174,118,23053,910,,,118,1,485,11,,,,,,26227,1028
c5a36d4703619c9f828dcdee167551cd0834f255,2020-04-26,2020-04-25 17:00:00,KY,21,3905,126,42653,1470,,1501,205,5,1266,123,301,164,605,,,46558,1596
770cdf1a4d25c68889738b2fbbc26084b6dab3ef,2020-04-26,2020-04-26 13:00:00,LA,22,26773,261,116263,3773,,14927,1670,26,,0,1701,,,265,,143036,4034
19b6be6e3f4ce38ff9d5e6f73d190daafcc7a8e3,2020-04-26,2020-04-26 16:00:00,MA,25,54938,1590,181162,7665,,,2899,22,5104,139,3879,1077,,,,236100,9255
3e3c5e35cd3fd45a797720193cbdb46506466282,2020-04-26,2020-04-26 10:00:00,MD,24,18581,815,78084,6727,,1177,1001,53,3962,202,1463,530,,,,96665,7542
d37d3135fae66eefb43904bc3495bee0be49c6d9,2020-04-26,2020-04-26 10:30:00,ME,23,1015,25,16784,0,,532,50,0,159,3,39,19,,7,,17799,25
13517ab5ad886e02f31d7967552e8373d0d9a706,2020-04-26,2020-04-26 11:00:00,MI,26,37778,575,113228,6387,,8342,3315,41,,0,2757,1099,,871,,151006,6962
994c70cf24a965e216943ff6884babce64590e7b,2020-04-26,2020-04-26 12:00:00,MN,27,3602,156,55385,2234,,1502,272,28,829,32,285,115,301,,,58987,2390
80b44f7363f5ef9c689cae2f175754331a4bf873,2020-04-26,2020-04-26 15:00:00,MO,29,6997,171,62751,2359,,,274,1,,0,679,,,109,,69748,2530
9aeafd60a17af9a2449129df58ea804a3373e41e,2020-04-26,2020-04-26 00:00:00,MP,69,14,0,51,0,,11,2,0,,0,,,,,,65,0
fa6973cd9d02f7edc2d62e98c02e4641ef1d00c3,2020-04-26,2020-04-25 00:00:00,MS,28,5911,193,54877,1638,,,227,6,1001,5,644,146,,67,,60788,1831
0295808b481a51ca24bdfc3e24e332258e7f9aa1,2020-04-26,2020-04-26 00:00:00,MT,30,448,3,12414,362,,339,14,0,61,0,11,,,,,12862,365
781707fead6343c085aecbbf05ce6e248bee36f4,2020-04-26,2020-04-26 11:00:00,NC,37,8830,207,99064,2422,,,299,10,,0,451,,,,,107894,2629
431438426fdf7276da0646686c84f3994de53f0e,2020-04-26,2020-04-26 13:00:00,ND,38,867,64,19850,1303,,326,17,1,71,1,18,,,,,20717,1367
fc5700944d547a8284091e54956235b7653d7c70,2020-04-26,2020-04-25 19:45:00,NE,31,2732,311,18496,944,,,53,3,,0,,,,,,21228,1255
5de3b3d37c84f178cb1a80bb9447c57bdd50516a,2020-04-26,2020-04-25 09:00:00,NH,33,1787,67,16964,957,550,777,60,7,238,14,95,,,,,18751,1024
913e23923c08cc3d5639bab25e01c864a5569b93,2020-04-26,2020-04-26 11:00:00,NJ,34,109038,3515,114106,5943,,,5938,75,,0,6573,1804,,1418,,223144,9458
95a023598d8491c83f10121149fe5e8e50ea99e2,2020-04-26,2020-04-25 20:24:00,NM,35,2660,139,51075,2086,,614,93,9,412,0,152,,,,,53735,2225
95e8c36c3a82f8f62abd3f04e67faa2da8f25da3,2020-04-26,2020-04-26 12:00:00,NV,32,4602,63,33584,915,,,206,2,,0,,,,,,38186,978
976d2d62d09245871081c3689a314e9be3f6ff4c,2020-04-26,2020-04-26 00:00:00,NY,36,288045,5902,517305,21880,,49687,16966,367,73540,1096,12839,5016,,,,805350,27782
f6bd4072777a256337491720bdda4709b7c43b89,2020-04-26,2020-04-26 14:00:00,OH,39,15963,376,100423,4027,,,728,17,3178,63,,,952,,,116386,4403
d88b8c68a9cb5d67a1cc52290e23661d0980383f,2020-04-26,2020-04-26 00:00:00,OK,40,3253,60,49891,0,,2139,195,1,653,16,306,150,,,,53144,60
30b08ae4a663aa2c4c8d37f4a2afa7360573b6ad,2020-04-26,2020-04-26 11:00:00,OR,41,2311,58,46653,1529,,,91,4,546,10,249,71,,31,,48964,1587
8f7da4323a7d39ed9e97ad7512479d355863921a,2020-04-26,2020-04-26 12:00:00,PA,42,41165,1116,157428,4542,,,1550,13,,0,2736,,,632,,198593,5658
3a5af0199642ad4bf202350f1941184a828b5640,2020-04-26,2020-04-26 06:00:00,PR,72,1371,64,9313,0,1940,,84,1,,0,,,,,,10684,64
eb1ccdc2f5f0d6bd81d3e61ca83b0df0f06025bb,2020-04-26,2020-04-26 00:00:00,RI,44,7439,310,45964,2202,,433,226,11,691,115,258,78,,53,,53403,2512
6cb694af097ac6fef536b001fd793d3291a0e78b,2020-04-26,2020-04-26 15:30:00,SC,45,5490,237,45271,1510,,3701,174,8,944,0,,,,,,50761,1747
14805553608f5c9409999724dd6857f38b7c95d9,2020-04-26,2020-04-25 18:00:00,SD,46,2212,65,14062,613,,1257,11,1,135,7,64,,,,,16274,678
d11d0b1e6b868b4cf6fddada6a12fd0111bdba47,2020-04-26,2020-04-26 15:00:00,TN,47,9667,478,137807,5590,,4527,181,3,828,7,,,,,,147474,6068
ea3d1b4440ec457ec80598784e31c533b00f353d,2020-04-26,2020-04-26 12:40:00,TX,48,24631,858,251390,12347,,10763,648,25,,0,1542,,,,,276021,13205
e8085288a0db2a088b84fe582c488171fdad68dd,2020-04-26,2020-04-26 15:00:00,UT,49,4123,175,91579,5321,,1568,41,0,345,16,,,,,,95702,5496
49a0ed7271d7aa6f8858fcdd4b3a246da9bc2580,2020-04-26,2020-04-26 00:00:00,VA,51,12970,604,63630,3354,539,1815,448,12,2014,72,1436,387,,217,,76600,3958
16cbefd5c3e4271578bfebbc7d0e8a0996b4f076,2020-04-26,2020-04-26 00:00:00,VI,78,57,2,700,7,19,51,4,1,,0,,,,,,757,9
f9c89792d8f774d0108f115ae6d61228dd72b21d,2020-04-26,2020-04-26 00:00:00,VT,50,855,3,13518,248,,,46,0,,0,34,,,,,14373,251
197aed34cbe4f19fac3796864118cc50ba6fff88,2020-04-26,2020-04-26 00:00:00,WA,53,14952,179,175256,1577,,,738,73,,0,508,145,,,,190208,1756
1ff5292b5b3e73b17fbb9f9954feb3015999868e,2020-04-26,2020-04-26 16:00:00,WI,55,5911,224,59235,2097,197,,272,6,1397,21,337,136,353,,,65146,2321
d9cbdc1cb997e25da3d285aa4f3ae64c2c10f7e7,2020-04-26,2020-04-26 10:00:00,WV,54,1044,24,38019,6073,,455,34,2,,0,100,38,,20,,39063,6097
422b254974c4b013f634863a1983136287d1a3fc,2020-04-26,2020-04-25 17:20:00,WY,56,362,13,7797,0,,334,7,0,54,0,16,,,,,8159,13
b568dd8c1157d38da2f5488b2176e184e857be4a,2020-04-25,2020-04-25 16:00:00,AK,02,339,0,15393,3451,,217,9,0,,0,32,,,,,15732,3451
68295b765ac39191d32d8d39f91901f803a9cb02,2020-04-25,2020-04-25 00:00:00,AL,01,6137,305,65207,18344,,,212,15,839,71,,,288,,170,71344,18649
944234ca446fade6517dfefae1024ddfe3fe5c3c,2020-04-25,2020-04-25 10:47:00,AR,05,2829,88,35224,2387,,964,47,2,291,0,104,,,25,57,38053,2475
9051fe6bd471f01b05cc7741166d88002222e916,2020-04-25,2020-04-19 00:00:00,AS,60,0,0,3,0,17,,0,0,,0,,,,,,3,0
df88025698798f1c726dbb6d3f52e056995bc357,2020-04-25,2020-04-25 00:00:00,AZ,04,6280,235,56228,1559,,1345,266,0,1022,38,697,313,,191,,62508,1794
0bc28a7d00eec7515fbf9c3d226e6709ae5d3a7b,2020-04-25,2020-04-23 00:00:00,CA,06,41137,1883,464898,9979,,,1651,89,,0,4847,1458,,,,506035,11862
58479182348a4da510e5cda9a6ec7fcfc9913359,2020-04-25,2020-04-23 00:00:00,CO,08,12256,994,44533,3471,,2086,674,122,2366,129,1084,,,,,56789,4465
fe0a690e07044cb155444e2d67e110472f68234d,2020-04-25,2020-04-25 16:00:00,CT,09,24582,661,53020,2903,,,1862,98,,0,1810,,,,,77602,3564
3fc573dec60690db717e7e4e22babcb921825903,2020-04-25,2020-04-24 00:00:00,DC,11,3699,171,13603,598,,652,165,12,,0,402,120,,69,,17302,769
f8c1c50debd3ee5f9e2af557ca7b9731071cef7c,2020-04-25,2020-04-24 18:00:00,DE,10,3576,134,14122,185,,809,112,12,,0,300,,,,,17698,319
5809cfa0e0812086f54f823e8f006ba153c105cb,2020-04-25,2020-04-25 09:36:00,FL,12,30839,665,302260,15475,1292,,1075,44,5045,157,,,,,,333099,16140
c3e2138e8298da4a2678c487171968e82d437d81,2020-04-25,2020-04-25 11:28:00,GA,13,22695,548,96319,11290,,,904,12,4326,105,,,,,,119014,11838
630d28cfae54c922e13fd44e4943c797aa0f2f46,2020-04-25,2020-04-25 07:30:00,GU,66,141,0,1308,75,,128,5,0,,0,2,,,,,1449,75
e6c5b3486274394909ee3a1c367eda9ae98cfdb2,2020-04-25,2020-04-24 18:00:00,HI,15,601,5,27439,1148,,463,13,1,67,4,,,,,,28040,1153
3f3c7c8fa13ca1fb42b8c9f5394334f228149d09,2020-04-25,2020-04-24 12:00:00,IA,19,5092,647,29258,1730,,1723,112,5,,0,293,108,,60,,34350,2377
138f1b48b50fa6028a0c44edf237bb8d0b93bffe,2020-04-25,2020-04-24 19:00:00,ID,16,1870,34,17611,0,,867,54,0,168,2,,,71,,,19481,34
82c5fa4bcc171ed8d229ada2a670d87f0c2b3bc9,2020-04-25,2020-04-25 00:00:00,IL,17,41777,2119,159840,9866,,,1874,79,,0,4699,1244,,763,,201617,11985
42de1326d45648f8b35c8a99c04f7ca3ffb8e4fe,2020-04-25,2020-04-24 23:59:00,IN,18,14395,715,65379,3506,,,785,44,,0,1515,598,,324,,79774,4221
685f2dcbcab1f38479aac77c7fa323af086bad54,2020-04-25,2020-04-25 11:00:00,KS,20,3056,279,22143,1332,,,117,6,474,17,,,,,,25199,1611
a938f2c08b16e6b3ca16cd9dad6273ec5a670428,2020-04-25,2020-04-24 17:00:00,KY,21,3779,298,41183,1820,,1341,200,9,1143,28,303,164,575,,,44962,2118
5964545d2ed083319d1d89170b28ce4ffd51cbf6,2020-04-25,2020-04-25 13:00:00,LA,22,26512,372,112490,518,,14927,1644,43,,0,1700,,,268,,139002,890
55c43b08643a08f2d6c37b92defe317a3f4ac854,2020-04-25,2020-04-25 16:00:00,MA,25,53348,2379,173497,9253,,,2877,0,4965,213,3879,1058,,,,226845,11632
38135eb95712c9e39efbe09ae0e3563bbd90bca8,2020-04-25,2020-04-25 10:00:00,MD,24,17766,1150,71357,3257,,1165,948,49,3760,142,1408,538,,,,89123,4407
a9afdd07e48c97f2ff58c8060299b1fbb1d1cc58,2020-04-25,2020-04-25 12:00:00,ME,23,990,25,16784,0,,519,50,3,156,4,39,17,,7,,17774,25
4508e85bbc9566db096abb7ea1404b78c36d567b,2020-04-25,2020-04-25 11:00:00,MI,26,37203,562,106841,7186,,8342,3274,189,,0,2889,1164,,934,,144044,7748
32bbf8964a882f94672d2ee438918be83debbb45,2020-04-25,2020-04-24 17:00:00,MN,27,3446,261,53151,2549,,1410,244,23,797,41,288,109,291,,,56597,2810
77000bb8cd28db86d06e6de94bfe4dfe972020f1,2020-04-25,2020-04-25 15:00:00,MO,29,6826,201,60392,1810,,,273,11,,0,850,,,142,,67218,2011
1eab1e4a2571ae21d5c61319946773c238fab99c,2020-04-25,2020-04-25 00:00:00,MP,69,14,0,51,0,,11,2,0,,0,,,,,,65,0
a6b818bebbae30b5abed902f3132e745813bbcb7,2020-04-25,2020-04-24 19:00:00,MS,28,5718,284,53239,3003,,,221,12,996,26,649,152,,78,,58957,3287
c3424ebb366fcba9757084a89ab6f44bd4fc6d91,2020-04-25,2020-04-25 00:00:00,MT,30,445,1,12052,369,,339,14,0,61,2,11,,,,,12497,370
930c28dd2fdadd032a0ee640f2065e5d82c2d9d5,2020-04-25,2020-04-25 11:00:00,NC,37,8623,571,96642,4110,,,289,20,,0,456,,,,,105265,4681
d6e8cbf0a853955f2c651b05811cc5508d7dd977,2020-04-25,2020-04-25 13:00:00,ND,38,803,55,18547,1846,,310,16,1,70,3,17,,,,,19350,1901
af8fb85033eae158dcfb8d3d4a96c71eb6021615,2020-04-25,2020-04-24 19:45:00,NE,31,2421,297,17552,1064,,,50,3,,0,,,,,,19973,1361
23af4021894bb79fdfe5882f8c16b63df988d5df,2020-04-25,2020-04-24 09:00:00,NH,33,1720,50,16007,868,398,578,53,2,224,6,89,,,,,17727,918
e42265b57d6b736223135003bd73af038abc81a5,2020-04-25,2020-04-25 13:00:00,NJ,34,105523,3327,108163,4397,,,5863,246,,0,6722,1971,,1442,,213686,7724
6f7720ad29aebefa61b5837f829b9f4e20fd6230,2020-04-25,2020-04-25 13:59:00,NM,35,2521,142,48989,4805,,614,84,6,412,45,152,,,,,51510,4947
f2dcd03800ee048d67154c3e4bf36d8d638f1142,2020-04-25,2020-04-25 10:00:00,NV,32,4539,141,32669,875,,,204,7,,0,,,,,,37208,1016
e226bcb42d2fd99a6f62524ecf7115a524705fbc,2020-04-25,2020-04-25 00:00:00,NY,36,282143,10553,495425,36359,,47935,16599,437,72444,1071,13524,5016,,,,777568,46912
f5a99e4627784b7465684c654d321364ec7cce01,2020-04-25,2020-04-25 14:00:00,OH,39,15587,418,96396,3868,,,711,21,3115,62,,,938,,,111983,4286
9328760ae3e751e97ac09c363fffb4c6c303f140,2020-04-25,2020-04-25 00:00:00,OK,40,3193,72,49891,6872,,2080,194,6,637,0,306,150,,,,53084,6944
20869c26f1d8361f7c0f1a0dae85a9143c82e9ac,2020-04-25,2020-04-25 11:00:00,OR,41,2253,76,45124,1809,,,87,1,536,16,261,60,,29,,47377,1885
fa7197fb0922852bda157d424a5bf0891afe597e,2020-04-25,2020-04-25 00:00:00,PA,42,40049,1397,152886,5395,,,1537,45,,0,2748,,,640,,192935,6792
10a594c5486c409f8f4927a407ccffca054411ca,2020-04-25,2020-04-25 06:30:00,PR,72,1307,31,9313,0,1940,,83,6,,0,,,,,,10620,31
01483b59bf070287921e32eccdfa8b7ae2198c8d,2020-04-25,2020-04-25 00:00:00,RI,44,7129,430,43762,3204,,410,215,13,576,0,263,77,,52,,50891,3634
caad5fb781e7061483abb1aba9d9d12a8c07ec1c,2020-04-25,2020-04-25 15:39:00,SC,45,5253,336,43761,4215,,3701,166,16,944,107,,,,,,49014,4551
cce3e41bcf56ce15868f2e3d683d217c6841f272,2020-04-25,2020-04-24 18:00:00,SD,46,2147,107,13449,665,,1223,10,0,128,4,61,,,,,15596,772
abe2917303f5dca6f159130913014cd3b469eab1,2020-04-25,2020-04-25 15:00:00,TN,47,9189,463,132217,9615,,4467,178,10,821,13,,,,,,141406,10078
9a14d4e82f91859e0ba9f9897dcb7c46d9162676,2020-04-25,2020-04-25 13:00:00,TX,48,23773,967,239043,19302,,9986,623,30,,0,1597,,,,,262816,20269
c9aceb269e8e879f80049f93b147658688efb727,2020-04-25,2020-04-25 15:00:00,UT,49,3948,166,86258,5343,,1399,41,2,329,14,,,,,,90206,5509
df38e4ff305aa3aaa4679f1b08fa4785ea3a2d75,2020-04-25,2020-04-25 00:00:00,VA,51,12366,772,60276,2430,1405,1717,436,26,1942,105,1405,357,,223,,72642,3202
b63d7339306dd472f7960c6c2dad1c4b0b552a37,2020-04-25,2020-04-25 00:00:00,VI,78,55,1,693,51,22,51,3,0,,0,,,,,,748,52
12d8309c8cadca88c1e412dbf9d0735cf54796a9,2020-04-25,2020-04-25 00:00:00,VT,50,852,9,13270,462,,,46,2,,0,37,,,,,14122,471
a140716d84ad4c3809788a296f48b9c2b8884921,2020-04-25,2020-04-25 00:00:00,WA,53,14773,192,173679,3258,,,665,6,,0,455,174,,,,188452,3450
daa1ed3896b461b9105baa0f2776a3e72b48a0a7,2020-04-25,2020-04-25 16:00:00,WI,55,5687,331,57138,2565,241,,266,4,1376,23,337,136,353,,,62825,2896
22b7d34e7b842154379b329de38b8ae757216fb5,2020-04-25,2020-04-25 10:00:00,WV,54,1020,32,31946,3123,,439,32,0,,0,97,36,,19,,32966,3155
66763d6bfa8ea2b4af3e51461e71623b247c6837,2020-04-25,2020-04-24 16:02:00,WY,56,349,0,7797,101,,321,7,0,54,0,16,,,,,8146,101
46e0c530d7e47b146000c452ed640ae97208c975,2020-04-24,2020-04-24 15:00:00,AK,02,339,2,11942,118,,208,9,0,,0,36,,,,,12281,120
a978fc97fe97971ed6102accc0682cb65a19bc61,2020-04-24,2020-04-24 00:00:00,AL,01,5832,54,46863,0,,,197,0,768,0,,,288,,170,52695,54
efa65dc05888e4c04ff9322f2470b2962351da93,2020-04-24,2020-04-24 10:47:00,AR,05,2741,276,32837,3712,,929,45,0,291,0,101,,,24,57,35578,3988
3da1e23d635e204f16157cb5ed4b0315cb8973ce,2020-04-24,2020-04-19 00:00:00,AS,60,0,0,3,0,17,,,0,,0,,,,,,3,0
a700109a48a4b5d7f116d26569bd3f74b920bf19,2020-04-24,2020-04-24 00:00:00,AZ,04,6045,276,54669,1741,,1313,266,17,984,984,639,332,,186,,60714,2017
9cd02166b3ff9f22a2e8958b564022b1a351bece,2020-04-24,2020-04-23 00:00:00,CA,06,39254,1885,454919,10191,,,1562,93,,0,4880,1521,,,,494173,12076
b98e551bc2f7f60fdacfdc83546490bf6048dc46,2020-04-24,2020-04-22 00:00:00,CO,08,11262,384,41062,1295,,,552,44,2237,114,1084,,,,,52324,1679
bfdc4531713f1b5e8632f66cdacc9848776060ed,2020-04-24,2020-04-24 16:00:00,CT,09,23921,821,50117,1720,,,1764,125,,0,1877,,,,,74038,2541
34e4be14a02263a390ba3f8ca618577d7d13348f,2020-04-24,2020-04-23 00:00:00,DC,11,3528,167,13005,436,,651,153,14,,0,402,120,,69,,16533,603
5586eddc1f4e0b8172bdfc518dc3489b0509090f,2020-04-24,2020-04-23 18:00:00,DE,10,3442,134,13937,333,,703,100,8,,0,277,,,,,17379,467
b5c9c1250ed6e5bf93874d012c3a7d9e41af0fd0,2020-04-24,2020-04-24 16:39:00,FL,12,30174,1342,286785,18909,1287,,1031,52,4888,195,,,,,,316959,20251
03ef9fe0215d38209848cc895b1a92c54ea7df45,2020-04-24,2020-04-24 18:28:00,GA,13,22147,635,85029,5479,,,892,20,4221,152,,,,,,107176,6114
1accf04c75ced16f2b5c8e27f3bae6763e30d8d8,2020-04-24,2020-04-24 07:40:00,GU,66,141,6,1233,53,,126,5,0,,0,2,,,,,1374,59
36b8912cfd8d4e791d19fffb87aae4764f7a707e,2020-04-24,2020-04-24 18:00:00,HI,15,596,4,26291,755,,455,12,0,63,0,,,,,,26887,759
439bc13b9742904837ddc5b6643d7910ab4c31d1,2020-04-24,2020-04-23 12:00:00,IA,19,4445,521,27528,2190,,1604,107,11,,0,278,104,,60,,31973,2711
6b8fade4dfd2b10c745633c2bdbc16b96bd89069,2020-04-24,2020-04-24 19:00:00,ID,16,1836,34,17611,241,,822,54,0,166,4,,,63,,,19447,275
c273ad975f6fb54141d2c7441846e9b34ff10e8f,2020-04-24,2020-04-24 00:00:00,IL,17,39658,2724,149974,13592,,,1795,107,,0,4828,1225,,709,,189632,16316
fdd3f3cdab9ff55c657312ac822590a958cfcc12,2020-04-24,2020-04-23 23:59:00,IN,18,13680,641,61873,2872,,,741,35,,0,,621,,325,,75553,3513
0a109852c221fb13dfd89ec43bde721168a7493e,2020-04-24,2020-04-24 10:00:00,KS,20,2777,295,20811,1975,,,111,-1,457,15,,,,,,23588,2270
5aa9be248f1fe44ead812bd46ecc65e719939d00,2020-04-24,2020-04-24 17:00:00,KY,21,3481,108,39363,6661,,1335,191,6,1115,10,302,163,570,,,42844,6769
37c978698dbedfafb47f2e926c588d386192fbb0,2020-04-24,2020-04-24 13:00:00,LA,22,26140,401,111972,198,,14927,1601,61,,0,1697,,,286,,138112,599
44c62f77fcc8e2ef675af7530ec0e99bf2ca9882,2020-04-24,2020-04-24 12:00:00,MA,25,50969,2977,164244,7920,,,2877,108,4752,259,3847,1034,,,,215213,10897
074a3f7ab2fe670268218adba5a5ed8cb13dee8d,2020-04-24,2020-04-24 10:00:00,MD,24,16616,879,68100,3737,,1108,899,68,3618,141,1425,547,,,,84716,4616
cb07689ffb642e1a670388ebf56a5b0290d360fb,2020-04-24,2020-04-24 12:00:00,ME,23,965,28,16784,0,,499,47,3,152,2,39,17,,7,,17749,28
19137d9077d1588a07bb32a31c2799af75947bf2,2020-04-24,2020-04-24 11:00:00,MI,26,36641,1350,99655,6625,,3237,3085,108,,0,3022,1176,,965,,136296,7975
405f7c2c317c39593d91727d6efee7883645d9e8,2020-04-24,2020-04-23 17:00:00,MN,27,3185,243,50602,1996,,1373,221,21,756,44,278,111,281,,,53787,2239
62a022da7c3b549afb3bc634e310eec8c5de8e21,2020-04-24,2020-04-24 00:00:00,MO,29,6625,304,58582,5453,,,262,44,,0,877,,,,,65207,5757
1bc45c1de80a4a794fdebc3945e3cdd374011881,2020-04-24,2020-04-24 00:00:00,MP,69,14,0,51,0,,11,2,0,,0,,,,,,65,0
8f7c0ab91516dceddfdb14b37ca81214c93c13ef,2020-04-24,2020-04-23 19:00:00,MS,28,5434,281,50236,0,,,209,8,970,24,586,148,,74,,55670,281
b91b773484e1e849d556ae5a6a11579ac43ac46e,2020-04-24,2020-04-24 00:00:00,MT,30,444,2,11683,250,,325,14,0,59,0,12,,,,,12127,252
6ec0979a86259ff7b4fa68f9d854de2fc0900ffa,2020-04-24,2020-04-24 11:00:00,NC,37,8052,444,92532,3955,,,269,16,,0,477,,,,,100584,4399
ccca848c8a7dccf76e38b2b4ef694fb9429206dd,2020-04-24,2020-04-24 13:00:00,ND,38,748,39,16701,1080,,285,15,0,67,2,17,,,,,17449,1119
d261644eda3d28c149682a2ec4833de22e0e6192,2020-04-24,2020-04-24 19:45:00,NE,31,2124,311,16488,941,,,47,2,,0,,,,,,18612,1252
7c6b9280da9af40a42cdd4944e505143a12be531,2020-04-24,2020-04-23 09:00:00,NH,33,1670,82,15139,715,424,551,51,3,218,5,92,,,,,16809,797
e677343e3bdd62ddfa821bb9137ecba110e524a4,2020-04-24,2020-04-24 13:00:00,NJ,34,102196,2207,103766,3607,,,5617,249,,0,6847,1933,,1487,,205962,5814
0c00303a33021f4d16233cccc3ffb7186c7d9463,2020-04-24,2020-04-24 20:17:00,NM,35,2379,169,44184,5162,,573,78,7,367,36,123,,,,,46563,5331
d49f8dd49337cfad620bda2d7037f5fdf3637369,2020-04-24,2020-04-24 10:00:00,NV,32,4398,190,31794,1253,,,197,8,,0,,,,,,36192,1443
d5785b12aadbe05fa47b06518c1a7b5b0b94012f,2020-04-24,2020-04-24 00:00:00,NY,36,271590,8130,459066,26606,,46156,16162,422,71373,1191,14258,5016,,,,730656,34736
4e6f8e53a7cd16bdb872997519e0fef327506f10,2020-04-24,2020-04-24 14:00:00,OH,39,15169,475,92528,4345,,,690,34,3053,93,,,920,,,107697,4820
752cd76ccb8a8d5d197d6d9a657da0e1bfd5a1d8,2020-04-24,2020-04-24 00:00:00,OK,40,3121,104,43019,0,,1961,188,9,637,15,310,155,,,,46140,104
2da78107e157c8ef6b845fe4ab4386677b184907,2020-04-24,2020-04-24 11:00:00,OR,41,2177,50,43315,1466,,,86,3,520,8,258,56,,29,,45492,1516
2ab069f2542f3b226a2ff71b55d01f91e61f400d,2020-04-24,2020-04-24 00:00:00,PA,42,38652,1599,147491,5430,,,1492,71,,0,2746,,,679,,186143,7029
5744c683175f54c2026ba1b4b3c3946f069a07a9,2020-04-24,2020-04-24 06:30:00,PR,72,1276,361,9313,0,1940,,77,8,,0,,,,,,10589,361
b8737f7a4e15788626e3ebfc447509c24d2d7825,2020-04-24,2020-04-24 00:00:00,RI,44,6699,437,40558,2395,,377,202,-11,576,-181,267,77,,48,,47257,2832
390401ecbb2238b7aedd95d1023f0dbb4c771d1c,2020-04-24,2020-04-24 17:24:00,SC,45,4917,0,39546,0,,3317,150,0,837,0,,,,,,44463,0
fcba5d89eb2d2e5d66b39936e442303dd6dd2dfc,2020-04-24,2020-04-23 18:00:00,SD,46,2040,84,12784,675,,1190,10,1,124,5,61,,,,,14824,759
9cec4674e948f4d3cc77de8349f8595bcb2ba393,2020-04-24,2020-04-23 15:00:00,TN,47,8726,460,122602,7768,,4370,168,-2,808,15,,,,,,131328,8228
d54acb9b6eb6485211bddac3261dec899863dbe6,2020-04-24,2020-04-24 12:30:00,TX,48,22806,862,219741,16607,,9156,593,32,,0,1674,,,,,242547,17469
a9b2399fcc02e8eda98c8b3894c64be429a374b6,2020-04-24,2020-04-24 15:00:00,UT,49,3782,170,80915,3900,,1252,39,4,315,14,,,,,,84697,4070
83c31325a709d0b8069f879cee19e9d2c0ffe5d0,2020-04-24,2020-04-24 00:00:00,VA,51,11594,596,57846,3955,487,1672,410,38,1837,84,1399,379,,220,,69440,4551
585521a3416488a16728ff94c5ab73a94b5cad2b,2020-04-24,2020-04-23 00:00:00,VI,78,54,0,642,59,35,50,3,0,,0,,,,,,696,59
6d5b7d9c2a304cf6584fdaca34e30d90cc008bde,2020-04-24,2020-04-24 00:00:00,VT,50,843,9,12808,388,,,44,1,,0,32,,,,,13651,397
78af596660c71d40eb8b3592a948758a0ff374dd,2020-04-24,2020-04-24 00:00:00,WA,53,14581,287,170421,6715,,,659,5,,0,551,164,,,,185002,7002
12b8459f68c5e9c5f290b4497a6c5c1896beb03f,2020-04-24,2020-04-24 16:00:00,WI,55,5356,304,54573,3117,206,,262,5,1353,35,361,143,346,,,59929,3421
e82f6e628768f673edc84d0ac5cf41faafff673d,2020-04-24,2020-04-24 10:00:00,WV,54,988,21,28823,1885,,439,32,3,,0,97,36,,19,,29811,1906
5e5a62032b22c0002ffad344f73cc32d13e01c55,2020-04-24,2020-04-24 00:00:00,WY,56,349,23,7696,455,,321,7,0,54,2,16,,,,,8045,478
239ada4bd4f3ee65f7d72c47ff247df91a96327b,2020-04-23,2020-04-23 14:00:00,AK,02,337,2,11824,0,,209,9,0,,-36,42,,,,,12161,2
1a2654745410c993b282f71e2b72b2b22cd524ad,2020-04-23,2020-04-23 00:00:00,AL,01,5778,313,46863,3568,,,197,3,768,38,,,288,,170,52641,3881
dafb3dfaa45e42317dc8163cd17aafc3c679655b,2020-04-23,2020-04-23 14:48:00,AR,05,2465,189,29125,1688,,902,45,3,291,0,101,,,24,57,31590,1877
97140d0c4af288a867fc7588549f1ca28ebaf44d,2020-04-23,2020-04-06 00:00:00,AS,60,0,0,3,0,17,,,0,,0,,,,,,3,0
ac67353c8774641434646e64dc415d8ba71e9ae3,2020-04-23,2020-04-23 00:00:00,AZ,04,5769,310,52928,1786,,1282,249,20,,0,699,305,,201,,58697,2096
bfa5d898fb31917e640f2bdbe2d125fc46bd09c2,2020-04-23,2020-04-22 00:00:00,CA,06,37369,1973,444728,14797,,,1469,115,,0,4929,1531,,,,482097,16770
a4caa001ab172e74d0d22f6a98be17c038a5a0a6,2020-04-23,2020-04-21 00:00:00,CO,08,10878,431,39767,1510,,,508,22,2123,120,859,,,,,50645,1941
96b730fe366df02bbe37fcb9e0a568dbb90e0882,2020-04-23,2020-04-23 16:00:00,CT,09,23100,631,48397,948,,,1639,95,,0,1947,,,,,71497,1579
8d07bd6491a8b2cbbcf8a68ec8e4c5a3b92640f7,2020-04-23,2020-04-22 00:00:00,DC,11,3361,155,12569,273,,648,139,12,,0,402,120,,200,,15930,428
1a02a5a3371766fbac287c02225f406408140726,2020-04-23,2020-04-22 18:00:00,DE,10,3308,108,13604,251,,643,92,3,,0,290,,,,,16912,359
2cea61e4f28f97333bd8f89d96500d09b39ffd79,2020-04-23,2020-04-23 18:27:00,FL,12,28832,523,267876,7558,1301,,979,69,4693,224,,,,,,296708,8081
fa2481e8c549064f711f1fb615fea9ba70ee79dc,2020-04-23,2020-04-23 18:28:00,GA,13,21512,772,79550,6218,,,872,36,4069,110,,,,,,101062,6990
ac2fb798409d3f339c81798e9beb4a7cefaf9424,2020-04-23,2020-04-23 07:45:00,GU,66,135,1,1180,94,,126,5,0,,0,2,,,,,1315,95
243800389fea7c84eca0e6f72100c23f268e40ab,2020-04-23,2020-04-22 18:00:00,HI,15,592,10,25536,776,,444,12,0,63,7,,,,,,26128,786
9133c74d3048299f96fa721951953f2dd812c952,2020-04-23,2020-04-22 12:00:00,IA,19,3924,176,25338,842,,1492,96,6,,0,282,102,,55,,29262,1018
16ca9423ee3127cc2051644401abe79d2c6cdf69,2020-04-23,2020-04-23 19:00:00,ID,16,1802,36,17370,966,,767,54,3,162,4,,,60,,,19172,1002
8ab1282d338f33c556c1eb48e5ffe23ebbe8f47c,2020-04-23,2020-04-23 00:00:00,IL,17,36934,1826,136382,7144,,,1688,123,,0,4877,1268,,766,,173316,8970
fc228b972aca4e361b9eb96babb6adea3bbd5b16,2020-04-23,2020-04-22 23:59:00,IN,18,13039,601,59001,1969,,,706,45,,0,,652,,333,,72040,2570
5c994a4ab7b4aa376a33115dea5384eea7aae693,2020-04-23,2020-04-23 10:45:00,KS,20,2482,271,18836,844,,,112,2,442,10,,,,,,21318,1115
aeca0d61bf0d428fa96d77d3c78a50efcd79dd77,2020-04-23,2020-04-23 17:00:00,KY,21,3373,181,32702,2566,,1311,185,14,1105,29,301,161,564,,,36075,2747
f14856b055e092b63b7cd831d1751bd409435767,2020-04-23,2020-04-23 13:00:00,LA,22,25739,481,111774,186,,14927,1540,67,,0,1727,,,274,,137513,667
42d3def9c1a57699a939466434f85b42b2c9010c,2020-04-23,2020-04-22 16:00:00,MA,25,47992,3079,156324,11535,,,2769,172,4493,237,3851,1034,,,,204316,14614
cd234e7e81f2256b3ca9792af114ab931b4b7432,2020-04-23,2020-04-23 10:00:00,MD,24,15737,962,64363,2609,,1040,831,52,3477,152,1405,515,,,,80100,3571
e9e64c0a5b8a77452ee1c258143cca6ce600d889,2020-04-23,2020-04-23 11:45:00,ME,23,937,30,16784,0,,485,44,5,150,6,42,18,,11,,17721,30
eeedc880c3279c37d1a6679b5d79ddd53efcecbd,2020-04-23,2020-04-23 16:00:00,MI,26,35291,1325,93030,8771,,3237,2977,164,,0,3611,1148,,1027,,128321,10096
46e0c74e8d1965537fa45f03612e45e77080aad8,2020-04-23,2020-04-22 17:00:00,MN,27,2942,221,48606,1983,,1336,200,21,712,52,268,104,274,,,51548,2204
160d71843141efd5075a35f3a7b24672009fa697,2020-04-23,2020-04-23 15:00:00,MO,29,6321,184,53129,1110,,,218,10,,0,884,,,,,59450,1294
d7a6fb6859c84719426cc3006edb14098d36c86d,2020-04-23,2020-04-23 22:35:00,MP,69,14,0,51,0,,11,2,0,,0,,,,,,65,0
a6d478d32a0bcbb9017c8010c023873a9e800b5b,2020-04-23,2020-04-22 19:00:00,MS,28,5153,259,50236,1295,,,201,8,946,36,595,156,,78,,55389,1554
239cc49332dcfb6cd3f212777ad67241f8ed917c,2020-04-23,2020-04-23 00:00:00,MT,30,442,3,11433,289,,306,14,0,59,0,13,,,,,11875,292
ca22318e7c176546f1bfacf7fb9f5c2bde9974f6,2020-04-23,2020-04-23 11:00:00,NC,37,7608,388,88577,5461,,,253,11,,0,486,,,,,96185,5849
3b9c3038e966012a3ed8d712f8c27f9ee88d5366,2020-04-23,2020-04-23 13:02:00,ND,38,709,30,15621,711,,269,15,1,65,3,18,,,,,16330,741
f48d99d86355aee6d3647810fcca719a34b96bbb,2020-04-23,2020-04-23 19:45:00,NE,31,1813,91,15547,590,,,45,7,,0,,,,,,17360,681
7bc65246c134f1172f593c18a88cacd8951629f7,2020-04-23,2020-04-23 09:00:00,NH,33,1588,97,14424,874,265,550,48,6,213,7,91,,,,,16012,971
2838f016232e284edcd0499ed91da5ff40da72f3,2020-04-23,2020-04-23 13:00:00,NJ,34,99989,4124,100159,4365,,,5368,305,,0,7240,1990,,1462,,200148,8489
ebea620ae806c7dc423c2abbf864a7b51d802acd,2020-04-23,2020-04-23 09:11:00,NM,35,2210,138,39022,217,,547,71,6,331,25,121,,,,,41232,355
446b1baa46e6abf6f6821b9b4f729015133fcb70,2020-04-23,2020-04-23 20:00:00,NV,32,4208,127,30541,734,,,189,17,,0,,,,,,34749,861
b25ee79bd549311d72858fa9e2081793d1879d5e,2020-04-23,2020-04-23 00:00:00,NY,36,263460,6244,432460,19694,,44244,15740,438,70182,1409,15021,5016,,,,695920,25938
f82b02f49d850b85dcff8379568b3241182ec3c1,2020-04-23,2020-04-23 14:00:00,OH,39,14694,577,88183,3794,,,656,46,2960,78,,,900,,,102877,4371
61c1dd8c638e7b10f6407b2a44eb34fe70545b20,2020-04-23,2020-04-23 00:00:00,OK,40,3017,123,43019,0,,1884,179,9,622,34,284,156,,,,46036,123
5f3d600c543568956784c3668e7994ce15961df7,2020-04-23,2020-04-23 11:00:00,OR,41,2127,68,41849,2723,,,83,5,512,24,304,74,,36,,43976,2791
bb905b0b7db9d67437c1966f6e2f21d0ae38dae0,2020-04-23,2020-04-23 00:00:00,PA,42,37053,1369,142061,5789,,,1421,-201,,0,2750,,,679,,179114,7158
e3917815ca501b494630ea8eae3e3682646cbe30,2020-04-23,2020-04-23 06:20:00,PR,72,915,0,9313,471,1951,,69,2,,0,,,,,,10228,471
336783729aee9f9047859a44602262d94f70363e,2020-04-23,2020-04-23 00:00:00,RI,44,6262,417,38163,2282,,342,213,12,757,40,316,72,,45,,44425,2699
3766b8a7f5b102ebae0167d4d73716ba52651977,2020-04-23,2020-04-22 23:59:00,SC,45,4917,156,39546,1196,,3317,150,10,837,0,,,,,,44463,1352
921316e73ecc350f85e3dec5513aedafbfd26ad2,2020-04-23,2020-04-22 18:00:00,SD,46,1956,98,12109,521,,1064,9,1,119,8,58,,,,,14065,619
a3d3fc25a46983a55599815329c291400ff80811,2020-04-23,2020-04-23 15:00:00,TN,47,8266,424,114834,7696,,4193,170,4,793,18,,,,,,123100,8120
b2bd51a14373c2943ef64993ae5704219cbd32f5,2020-04-23,2020-04-23 12:30:00,TX,48,21944,875,203134,7420,,8025,561,18,,0,1649,,,,,225078,8295
914186306197189b45c4de694e9178f4b22f94c9,2020-04-23,2020-04-23 15:00:00,UT,49,3612,167,77015,4000,,1050,35,1,301,13,,,,,,80627,4167
3f821317dc5fb2af34dc76378d9888a00a26a63d,2020-04-23,2020-04-23 00:00:00,VA,51,10998,732,53891,3379,492,1567,372,23,1753,94,1379,400,,249,,64889,4111
4010af889209f512f15e3c5f46bcaf51e50f9d7c,2020-04-23,2020-04-23 20:30:00,VI,78,54,0,583,0,31,48,3,0,,0,,,,,,637,0
ec0dd047310257e59d7822c72a9133a9f2a293a5,2020-04-23,2020-04-23 00:00:00,VT,50,834,3,12420,323,,,43,3,,0,44,,,,,13254,326
9b27662132b8c18fc3187182fb741620d71d4ea2,2020-04-23,2020-04-23 00:00:00,WA,53,14294,254,163706,5269,,,654,7,,0,544,151,,,,178000,5523
9225efabfca4b2da7e72c03586ff8505f8cb696b,2020-04-23,2020-04-23 16:00:00,WI,55,5052,207,51456,1954,201,,257,11,1318,16,349,146,342,,,56508,2161
5592943236bbfe0f81c39674ea506fbae89749a2,2020-04-23,2020-04-23 17:00:00,WV,54,967,28,26938,2041,,380,29,3,,0,108,44,,24,,27905,2069
1539190e845f180c8d374ec96d14d856d3cc695d,2020-04-23,2020-04-23 16:27:00,WY,56,326,4,7241,-60,,275,7,1,52,0,,,,,,7567,-56
e39989eff4ce619bb39294ef2ae795e9d32c99c7,2020-04-22,2020-04-22 14:00:00,AK,02,335,6,11824,1034,,196,9,0,36,0,39,,,,,12159,1040
c1930e11afc12222fb44ac5e6679b316ee2d1f31,2020-04-22,2020-04-22 00:00:00,AL,01,5465,234,43295,0,,,194,17,730,31,,,288,,170,48760,234
880e05d4f5ab1e48e49eeb44f9cc81c88e1e6cbf,2020-04-22,2020-04-22 16:01:00,AR,05,2276,49,27437,2223,,863,42,-1,291,0,97,,,23,57,29713,2272
4d771eb7aaa6562aa2fb288a7e24127f06da39b9,2020-04-22,2020-04-06 00:00:00,AS,60,0,0,3,0,17,,,0,,0,,,,,,3,0
f9e676b22d578f12707b7d32be7436f7562b918f,2020-04-22,2020-04-22 00:00:00,AZ,04,5459,208,51142,1241,,1265,229,21,,0,664,300,,195,,56601,1449
d3547af7c588125f5fb919399ff813d7bbc049d3,2020-04-22,2020-04-21 00:00:00,CA,06,35396,2135,429931,163092,,,1354,86,,0,4984,1551,,,,465327,165227
f645782fd86a74947cc6ca172f6672ce7dcbee8a,2020-04-22,2020-04-20 00:00:00,CO,08,10447,341,38257,897,,,486,37,2003,123,851,,,,,48704,1238
c67fc406951bf9db9560b8935d730724dc32a92b,2020-04-22,2020-04-22 16:00:00,CT,09,22469,2109,47449,3617,,,1544,121,,0,1972,,,,,69918,5726
2509db60d4d63fdbcae7a27e79bd1491d629510b,2020-04-22,2020-04-21 00:00:00,DC,11,3206,108,12296,455,,645,127,15,,0,402,120,,69,,15502,563
8ed93cb3777bd98375a4110f2d8ab731de7db53f,2020-04-22,2020-04-21 18:00:00,DE,10,3200,269,13353,418,,599,89,7,,0,269,,,,,16553,687
00000a55e4293432b4d1f00cc57109b32604c02e,2020-04-22,2020-04-22 11:17:00,FL,12,28309,814,260318,10754,1258,,910,54,4469,234,,,,,,288627,11568
4c066e54e3a9fae73db61f2261104109a648b759,2020-04-22,2020-04-22 18:28:00,GA,13,20740,859,73332,5073,,,836,37,3959,180,,,,,,94072,5932
a172e2c436b557507d3e1c0d46cab36e9e5c6745,2020-04-22,2020-04-22 07:45:00,GU,66,134,1,1086,53,,119,5,0,,0,3,2,,,,1220,54
15020e1b20739d7543b28483fc40408c407db1c3,2020-04-22,2020-04-22 18:00:00,HI,15,582,-2,24760,648,,437,12,2,56,1,,,,,,25342,646
390e6393930c611e9731309976550e77dddd4341,2020-04-22,2020-04-21 12:00:00,IA,19,3748,107,24496,522,,1428,90,7,,0,272,92,,57,,28244,629
b316d52c3561b00e840b6e3dcdbca46cd76a6828,2020-04-22,2020-04-22 19:00:00,ID,16,1766,30,16404,333,,710,51,3,158,1,,,58,,,18170,363
e3faae8946b142a278f980ce7e58b366da501f30,2020-04-22,2020-04-22 00:00:00,IL,17,35108,2049,129238,7300,,,1565,97,,0,4665,1220,,747,,164346,9349
775ecb4a13ce29548b7c4b13aaefb156bb5ae8ae,2020-04-22,2020-04-21 23:59:00,IN,18,12438,341,57032,1865,,,661,31,,0,,633,,334,,69470,2206
a2f9f7e0310cc0f0e121ca2f2ba5fd8636171488,2020-04-22,2020-04-22 12:00:00,KS,20,2211,186,17992,916,,,110,3,432,13,,,,,,20203,1102
985f328e345c8476f90512b2b41d64da8bb4a1b4,2020-04-22,2020-04-22 17:00:00,KY,21,3192,142,30136,366,,1266,171,17,1076,17,286,165,558,,,33328,508
7abcd1556ae044c6448ffc09686024a9e8f930e5,2020-04-22,2020-04-22 13:00:00,LA,22,25258,404,111588,0,,14927,1473,68,,0,1747,,,287,,136846,404
22109cdeee852089d20349807fbc81b97e0641c6,2020-04-22,2020-04-22 16:00:00,MA,25,44913,1745,144789,3345,,,2597,148,4256,247,3890,1050,,,,189702,5090
f3b833b72f6980b7922724c921906aabbf1d9a45,2020-04-22,2020-04-21 10:00:00,MD,24,14775,582,61754,2312,,981,779,47,3325,167,1432,527,,,,76529,2894
aadc90910e5380bb072dc688c7ab3027863bc44f,2020-04-22,2020-04-22 11:45:00,ME,23,907,19,16784,2708,,455,39,3,144,5,42,18,,10,,17691,2727
e46cd40f5c7ef47bcdff8c720edfc7f698839355,2020-04-22,2020-04-22 11:00:00,MI,26,33966,999,84259,0,,3237,2813,113,,0,3305,1350,,1065,,118225,999
3b7333f19178eeb408780c208b0c8d74843156a2,2020-04-22,2020-04-21 17:00:00,MN,27,2721,154,46623,1493,,1138,179,19,660,31,240,107,262,,,49344,1647
27925d9133ae3242d4520443cc075ebef06ce692,2020-04-22,2020-04-22 15:00:00,MO,29,6137,196,52019,840,,,208,19,,0,1001,,,,,58156,1036
79170f76420d9255f0cf7791085ee21affe91d31,2020-04-22,2020-04-23 00:00:00,MP,69,14,0,51,0,,11,2,0,,0,,,,,,65,0
8e2ad23e96708ca9da4561753b6781ee0964f3fa,2020-04-22,2020-04-21 19:00:00,MS,28,4894,178,48941,1293,,,193,10,910,52,628,162,,86,,53835,1471
528ce27d38c6538b1820ee48346cdb913b2bd903,2020-04-22,2020-04-22 00:00:00,MT,30,439,2,11144,340,,296,14,2,59,0,13,,,,,11583,342
1ed8f08ae5c102d1551336350744f95f928c5405,2020-04-22,2020-04-22 11:00:00,NC,37,7220,269,83116,6736,,,242,29,,0,434,,,,,90336,7005
982f235840e31bc15e8ff0f7aa54d0fe001c3378,2020-04-22,2020-04-22 13:10:00,ND,38,679,35,14910,567,,229,14,1,62,8,23,,,,,15589,602
ab2b61fddcfbd5bb2bd0632c7b9db4113429de35,2020-04-22,2020-04-22 19:45:00,NE,31,1722,74,14957,233,,,38,5,,0,,,,,,16679,307
f076aa2e704c0550a7952f42755ad12291e56a33,2020-04-22,2020-04-22 09:00:00,NH,33,1491,0,13550,702,225,546,42,0,206,0,94,,,,,15041,702
e8510231179cd385b79b8370f4c3fba58d8df141,2020-04-22,2020-04-22 13:00:00,NJ,34,95865,3478,95794,3355,,,5063,310,,0,7210,1983,,1570,,191659,6833
010400ef314cc1e059f1e1a834b1b143cc84122c,2020-04-22,2020-04-22 19:11:00,NM,35,2072,101,38805,2021,,529,65,7,306,15,119,,,,,40877,2122
8da37367784b306d50d4148a2d86bf884c9e795e,2020-04-22,2020-04-22 10:00:00,NV,32,4081,144,29807,689,,,172,9,,0,,,,,,33888,833
1311f333c61425f7d1d42a1832eec0f8c3075dd1,2020-04-22,2020-04-22 00:00:00,NY,36,257216,5526,412766,15131,,42308,15302,474,68773,1502,15599,5016,,,,669982,20657
a8fca21e852a5315f252f9c67e861aab1bc4fe64,2020-04-22,2020-04-22 14:00:00,OH,39,14117,392,84389,3400,,,610,53,2882,103,,,880,,,98506,3792
5c3cb6da051a6ae61ff3aef9fd7c2e7ed13a3e05,2020-04-22,2020-04-22 00:00:00,OK,40,2894,87,43019,1482,,1772,170,6,588,27,298,147,,,,45913,1569
800f4b7e73ad483ab3a1d837295a9473ed04b52e,2020-04-22,2020-04-22 11:00:00,OR,41,2059,57,39126,0,,,78,0,488,17,302,67,,35,,41185,57
e2a56f3dd08b875d21a64a365e5460accc234662,2020-04-22,2020-04-22 00:00:00,PA,42,35684,1156,136272,3949,,,1622,58,,0,2764,,,685,,171956,5105
c5641e8d7cd73691c11a9b0f1ed2022dbbfa94be,2020-04-22,2020-04-22 06:05:00,PR,72,915,-383,8842,53,1954,,67,3,,0,,,,,,9757,-330
d837397a8f7ef0b406033194893fa7b3239db187,2020-04-22,2020-04-22 00:00:00,RI,44,5845,378,35881,2048,,315,201,15,717,43,314,71,,44,,41726,2426
d3d3e98fdaa35854ac3bbe1f5e75cecee1ff081b,2020-04-22,2020-04-21 23:59:00,SC,45,4761,322,38350,1512,,3317,140,16,837,61,,,,,,43111,1834
64e58d02283ae48f68ae9d5a873e4e47949af002,2020-04-22,2020-04-22 11:40:00,SD,46,1858,103,11588,528,,937,8,0,111,11,62,,,,,13446,631
4959192553bbefe4ddee5bf061a11be9a3b62e53,2020-04-22,2020-04-22 15:00:00,TN,47,7842,448,107138,6350,,4012,166,9,775,15,,,,,,114980,6798
0188749f962fa22ebd05964d3fde56d2281c8c86,2020-04-22,2020-04-22 13:15:00,TX,48,21069,873,195714,10511,,7341,543,26,,0,1678,,,,,216783,11384
9f3cea210b7d3519089fa8eae243b91bc470dffd,2020-04-22,2020-04-22 15:00:00,UT,49,3445,149,73015,3953,,970,34,2,288,11,,,,,,76460,4102
02c756932c0c27e93762695f040635345f3f3059,2020-04-22,2020-04-22 00:00:00,VA,51,10266,636,50512,1788,477,1497,349,25,1659,78,1374,419,,244,,60778,2424
6aef1245b5d8768bcc7abf22a72d93fc4ff5e153,2020-04-22,2020-04-22 20:30:00,VI,78,54,0,583,9,31,48,3,0,,0,,,,,,637,9
cb8c4a0e19322ab788bd99ddd30059767da55f6a,2020-04-22,2020-04-22 00:00:00,VT,50,831,3,12097,330,,,40,0,,0,37,,,,,12928,333
1a259c687886276a14f73fc93ba4224d14ffdd76,2020-04-22,2020-04-22 00:00:00,WA,53,14040,238,158437,5109,,,647,7,,0,543,161,,,,172477,5347
72dbbfa4bd4dbcb5fb00e4fafc7d4288797592b5,2020-04-22,2020-04-22 16:00:00,WI,55,4845,225,49502,1661,229,,246,4,1302,50,355,139,324,,,54347,1886
950191ad63ceff6005b1af8aa9cf1c6a39785412,2020-04-22,2020-04-22 17:00:00,WV,54,939,25,24897,3048,,330,26,0,,0,103,41,,23,,25836,3073
f92bc0d6c110f92434961695bfff8a4b4e35e06d,2020-04-22,2020-04-22 23:00:00,WY,56,322,2,7301,0,,254,6,0,52,0,19,,,,,7623,2
cc4a63fc0d194ea4cd966438f74a060e53288a34,2020-04-21,2020-04-21 15:15:00,AK,02,329,8,10790,987,,168,9,0,36,0,42,,,,,11119,995
0d5c7d7b014331c88466001a9c9341df9e05f299,2020-04-21,2020-04-21 00:00:00,AL,01,5231,206,43295,2420,,,177,10,699,58,,,260,,157,48526,2626
34eb4d24f2861b20630173c0ddaaf2eeffa32d11,2020-04-21,2020-04-21 00:00:00,AR,05,2227,304,25214,584,,809,43,1,291,0,86,,,27,57,27441,888
54610dbf67cf3fafc3e3442f3ad05ab47555dfe2,2020-04-21,2020-04-06 00:00:00,AS,60,0,0,3,0,17,,,0,,0,,,,,,3,0
f98b70b8be37e856ea95d1d516cca6fc9c31a59a,2020-04-21,2020-04-21 00:00:00,AZ,04,5251,187,49901,465,,1155,208,21,,0,637,285,,181,,55152,652
34da0ea3e0c258c933838706ecfa89c79944a3fe,2020-04-21,2020-04-21 00:00:00,CA,06,33261,2283,266839,7317,,,1268,60,,0,4886,1502,,,,300100,9600
3c42a63994dabe1abb7a840cd71e56d17114396b,2020-04-21,2020-04-19 00:00:00,CO,08,10106,376,37360,895,,,449,27,1880,67,861,,,,,47466,1271
c1ef4c717ccafa3d8f3edf16707a4f0b81d63fd5,2020-04-21,2020-04-21 00:00:00,CT,09,20360,545,43832,841,,,1423,92,,0,1949,,,,,64192,1386
ed23e06a47255f2d5c195b14db2c32fe86435436,2020-04-21,2020-04-20 00:00:00,DC,11,3098,171,11841,655,,636,112,7,,0,402,120,,69,,14939,826
7bf75eb700f7042dd61e5f153d6ae700e5cb8c82,2020-04-21,2020-04-20 18:00:00,DE,10,2931,186,12935,427,,565,82,10,,0,263,,,,,15866,613
be2dec193c12fe096db572b3796805640aeb2108,2020-04-21,2020-04-21 16:19:00,FL,12,27495,835,249564,9999,1203,,856,50,4235,225,,,,,,277059,10834
f5a3347cb04fb2522061fab067d27a8436d3d012,2020-04-21,2020-04-21 18:28:00,GA,13,19881,934,68259,2878,,,799,66,3779,229,,,,,,88140,3812
33a8ed9f015ef19f38e77ec5f078b85a52a40ee0,2020-04-21,2020-04-21 08:05:00,GU,66,133,0,1033,42,,114,5,0,,0,3,2,,,,1166,42
357807a25686e96ae73aed1ef84a4a8bffcc2344,2020-04-21,2020-04-21 19:30:00,HI,15,584,4,24112,517,,423,10,0,55,3,,,,,,24696,521
1ea37be6ccfedfbe48adaf0b1572e65d85c5445e,2020-04-21,2020-04-20 12:00:00,IA,19,3641,482,23974,1313,,1293,83,4,,0,214,89,,60,,27615,1795
0d391fe75c46c7209ea930355298fa77cfb54b4a,2020-04-21,2020-04-21 19:00:00,ID,16,1736,64,16071,298,,660,48,3,157,6,,,58,,,17807,362
15fcc0a68a28ecc135c82070bc8e29e3cc0468e8,2020-04-21,2020-04-21 00:00:00,IL,17,33059,1551,121938,5088,,,1468,119,,0,4776,1226,,781,,154997,6639
c3182eaac9cbc4ce6ea5604f849f56a5bb5d587d,2020-04-21,2020-04-20 23:59:00,IN,18,12097,411,55167,2214,,,630,61,,0,,676,,368,,67264,2625
584ef3f674b5b84060f261fe2c3a006cad1cf31c,2020-04-21,2020-04-21 12:00:00,KS,20,2025,39,17076,301,,,107,7,419,14,,,,,,19101,340
0377b0ddecedf22d44633fa600aa91e86c21f842,2020-04-21,2020-04-21 17:00:00,KY,21,3050,90,29770,158,,1174,154,6,1059,0,263,147,582,,,32820,248
d0ef8d16b13a43c6ae372410db6d225e3ab1198e,2020-04-21,2020-04-21 13:00:00,LA,22,24854,331,111588,0,,,1405,77,,0,1798,,,297,,136442,331
d917c75f499b532ae87d1431d76f8dcf7a85d97d,2020-04-21,2020-04-21 16:00:00,MA,25,43168,1752,141444,5398,,,2449,146,4009,137,3977,1040,,,,184612,7150
eca35cae28b8f7a7afdff79f67f311e0831e3581,2020-04-21,2020-04-21 10:00:00,MD,24,14193,509,59442,1729,,930,732,49,3158,144,1433,526,,,,73635,2238
09e3d897a096b33a81cf5f02bff6e1d27bcdeddb,2020-04-21,2020-04-21 11:45:00,ME,23,888,13,14076,0,,443,36,1,139,1,40,16,,8,,14964,13
6946c73acd9496b4fb8aef6af14c7744cd90959b,2020-04-21,2020-04-21 11:00:00,MI,26,32967,967,84259,2461,,3237,2700,232,,0,3357,1346,,1107,,117226,3428
e5fb2ae45a03fe95a668f8b2a2be47e9ced777dc,2020-04-21,2020-04-20 17:00:00,MN,27,2567,97,45130,750,,1094,160,17,629,27,237,117,253,,,47697,847
3024f380bdbfe7000e8c9fa14165483a03a75563,2020-04-21,2020-04-21 15:00:00,MO,29,5941,134,51179,973,,,189,12,,0,1001,,,,,57120,1107
15f4924e6a9057821237372711c0f14c752cd1ba,2020-04-21,2020-04-21 19:25:00,MP,69,14,0,51,0,,11,2,0,,0,,,,,,65,0
17cd983d8b6e1940f478fd36a2a4a744e00315db,2020-04-21,2020-04-20 19:00:00,MS,28,4716,204,47648,726,,,183,14,858,39,548,146,,89,,52364,930
5289396dbb7b4abde36fbff3c2e4ec75ca65cf84,2020-04-21,2020-04-21 11:56:00,MT,30,437,4,10804,186,,273,12,2,59,2,14,,,,,11241,190
138f90b921125383bcd88718824872cad8f8f2a1,2020-04-21,2020-04-21 10:35:00,NC,37,6951,187,76380,3660,,,213,34,,0,427,,,,,83331,3847
e32098a75b40ad3c3494fc66ca0b1445ab1d4858,2020-04-21,2020-04-20 13:17:00,ND,38,644,17,14343,223,,214,13,0,54,1,17,,,,,14987,240
593eb4d148fd9dc187f9e82da3e64689eb6a7b26,2020-04-21,2020-04-21 19:45:00,NE,31,1648,174,14724,518,,,33,5,,0,,,,,,16372,692
28c8aad3305311cae50a39f0d8123b7b94066fe9,2020-04-21,2020-04-21 09:00:00,NH,33,1491,99,12848,122,244,521,42,1,206,8,78,,,,,14339,221
2c692a7ceab0c953a176084a04aee6292742fa7b,2020-04-21,2020-04-21 13:00:00,NJ,34,92387,3581,92439,3188,,,4753,376,,0,7594,1930,,1501,,184826,6769
5f8ca4445cfbe9eac2c80082587fa3d6f1e5fd4c,2020-04-21,2020-04-21 10:22:00,NM,35,1971,126,36784,1587,,501,58,3,291,17,116,,,,,38755,1713
914a0f86ea4c645cca8667c480bf97f918cb08b9,2020-04-21,2020-04-21 10:00:00,NV,32,3937,107,29118,601,,,163,5,,0,,,,,,33055,708
19ab7aabf602b4d1dcb7a83a0bddb540f1c2077b,2020-04-21,2020-04-21 00:00:00,NY,36,251690,4178,397635,11286,,40482,14828,481,67271,1302,16044,5016,,,,649325,15464
050904e0ad9721b886c47707cbb7b73360e67f3d,2020-04-21,2020-04-21 14:00:00,OH,39,13725,806,80989,3069,,,557,48,2779,126,,,838,,,94714,3875
716b30f530317367817a44104ad70aa4202ba09b,2020-04-21,2020-04-21 00:00:00,OK,40,2807,127,41537,8571,,1702,164,21,561,20,346,164,,,,44344,8698
c7d283767615f8e4fb0987c5a49440b55b230ab2,2020-04-21,2020-04-21 11:00:00,OR,41,2002,46,39126,1037,,,78,3,471,6,297,70,,35,,41128,1083
35ef531e99d4004b143b4564f79a8cf81dffb0c4,2020-04-21,2020-04-21 14:00:00,PA,42,34528,1296,132323,2603,,,1564,360,,0,2743,,,673,,166851,3899
a84e1713bd9c7270b550fe90b0f9667e01ca1c38,2020-04-21,2020-04-21 06:30:00,PR,72,1298,46,8789,303,1761,,64,1,,0,,,,,,10087,349
6cd0ba1ec8d5d4c5800a86daee9bf332535d2abd,2020-04-21,2020-04-21 00:00:00,RI,44,5467,369,33833,1843,,315,186,11,674,45,309,67,,43,,39300,2212
353877ece946b21396d1f9d9541f10d1439eb543,2020-04-21,2020-04-21 16:30:00,SC,45,4439,62,36838,735,,2063,124,4,776,0,,,,,,41277,797
59c6fbbeaabe95ed3d9de05017f8af6ae3e9d4be,2020-04-21,2020-04-20 18:00:00,SD,46,1755,70,11060,419,,824,8,1,100,13,65,,,,,12815,489
8757c96de8d1aa6b7509eae0b8d71595ffaa8d92,2020-04-21,2020-04-21 15:00:00,TN,47,7394,156,100788,7337,,3828,157,5,760,30,,,,,,108182,7493
df7d441a15d1c2f6443f9c09eda819d32a83c576,2020-04-21,2020-04-21 13:00:00,TX,48,20196,738,185203,14267,,6486,517,22,,0,1419,,,,,205399,15005
d5d74948599df1a2ee15264ecfc58c742b4d217d,2020-04-21,2020-04-21 15:00:00,UT,49,3296,83,69062,3964,,888,32,4,277,9,,,,,,72358,4047
78f6b2058b06b8f2c0230aa6645b68a17936ed03,2020-04-21,2020-04-21 00:00:00,VA,51,9630,640,48724,979,477,1418,324,24,1581,81,1331,403,,251,,58354,1619
538798cde6ec1283c97621d15519d52bb544d276,2020-04-21,2020-04-21 20:30:00,VI,78,54,1,574,20,35,48,3,0,,0,,,,,,628,21
65ba33db28924ee447d9bfba36163a3d5e615368,2020-04-21,2020-04-21 00:00:00,VT,50,828,8,11767,96,,,40,2,,0,41,,,,,12595,104
7d9bf8141ac97a172f3ebc77fad59969244ab627,2020-04-21,2020-04-21 00:00:00,WA,53,13802,241,153328,4920,,,640,11,,0,503,161,,,,167130,5161
bc02ff8fe165bc94b1ce95f3cb98cf25c9c5b89c,2020-04-21,2020-04-21 16:00:00,WI,55,4620,121,47841,1238,219,,242,12,1252,41,358,137,324,,,52461,1359
cbec0980afce28a19eaff70e8e2b6ad056a9616b,2020-04-21,2020-04-21 17:00:00,WV,54,914,12,21849,596,,330,26,2,,0,85,42,,24,,22763,608
9327e4b0ea7723251736fdafce775737b8981531,2020-04-21,2020-04-21 16:20:00,WY,56,320,7,7301,228,,237,6,4,52,1,19,,,,,7621,235
41beec58b9863f7c8cb53395d888d0d6ab515ec5,2020-04-20,2020-04-20 14:00:00,AK,02,321,2,9803,227,,161,9,0,36,0,46,,,,,10124,229
d297d70df2344b3b8b284535e394c3577511bed1,2020-04-20,2020-04-20 00:00:00,AL,01,5025,188,40875,0,,,167,13,641,0,,,260,,157,45900,188
336664e72153672df05ac5978b4b44a54a6d6046,2020-04-20,2020-04-20 14:30:00,AR,05,1923,142,24630,2202,,749,42,2,291,0,93,,,24,57,26553,2344
aad48ffd87f3aff9f0437d60aa0ea54592a5f7e7,2020-04-20,2020-04-06 00:00:00,AS,60,0,0,3,0,17,,,0,,0,,,,,,3,0
5b5617675292ea380eca8f8d0ff9af89f1f84186,2020-04-20,2020-04-20 00:00:00,AZ,04,5064,135,49436,1375,,1155,187,3,,0,637,285,,181,,54500,1510
f1e9b673be246a978ad58b0816a80a1753303fe8,2020-04-20,2020-04-19 00:00:00,CA,06,30978,645,259522,8955,,,1208,42,,0,4674,1480,,,,290500,9600
eee8f22e9b637a0d3c2620518f5f84cb4f9875cb,2020-04-20,2020-04-18 00:00:00,CO,08,9730,297,36465,1292,,,422,11,1813,16,874,,,,,46195,1589
c90bc365ea111a0f52c71dbc86dcbdc3fdf3445e,2020-04-20,2020-04-20 16:00:00,CT,09,19815,2265,42991,2328,,,1331,245,,0,1919,,,,,62806,4593
c1881bdf5ef0a18f7ff8993112527e7a98d3bf57,2020-04-20,2020-04-19 00:00:00,DC,11,2927,134,11186,280,,630,105,9,,0,402,120,,69,,14113,414
912b950536d8bc23ed9fd2898bbee37e5afa2270,2020-04-20,2020-04-20 12:00:00,DE,10,2745,207,12508,252,,495,72,5,,0,256,,,,,15253,459
f613bc84bee52d8cc89142bfa642cf11a787d5e0,2020-04-20,2020-04-20 09:28:00,FL,12,26660,664,239565,9482,1104,,806,25,4010,80,,,,,,266225,10146
58dd07e279d6828cb5892cef9a702f29949aea3a,2020-04-20,2020-04-20 11:27:00,GA,13,18947,646,65381,3749,,,733,46,3550,86,,,,,,84328,4395
30569453a5aaf9a17b97522cba340918175c3bdb,2020-04-20,2020-04-20 06:50:00,GU,66,133,0,991,48,,112,5,0,,0,3,2,,,,1124,48
2fc56a1c53040a6d71c94c47cd1b701c77e0ad1c,2020-04-20,2020-04-19 18:00:00,HI,15,580,6,23595,699,,414,10,1,52,1,,,,,,24175,705
5a182bb9e12e0f9b11fd7cfa0f354b79296e73e4,2020-04-20,2020-04-19 12:00:00,IA,19,3159,257,22661,1013,,1235,79,4,,0,214,91,,58,,25820,1270
e3834bbe62baed10a6f7b3b6f61ada27ab6e3efb,2020-04-20,2020-04-19 19:00:00,ID,16,1672,4,15773,0,,585,45,1,151,0,,,53,,,17445,4
7e6d5bb67ccc8f8b6740f2b36825e7e93c9ab42e,2020-04-20,2020-04-20 00:00:00,IL,17,31508,1151,116850,3889,,,1349,59,,0,4599,1239,,757,,148358,5040
fb3a8b970e50c290ab4b8923e39eb5a9ea9b82d5,2020-04-20,2020-04-19 23:59:00,IN,18,11686,476,52953,3021,,,569,7,,0,,669,,353,,64639,3497
87af0eeeb9558c43ee7de8762b80d9b4250f5953,2020-04-20,2020-04-20 12:00:00,KS,20,1986,137,16775,494,,,100,8,405,15,,,,,,18761,631
39fba555442a5b39fdfae06353e55ab06793a9f6,2020-04-20,2020-04-19 17:00:00,KY,21,2960,253,29612,94,,1174,148,4,1059,0,274,155,534,,,32572,347
6d6faff2b3e93cd37125ae10af6c03fb92aaaaeb,2020-04-20,2020-04-20 13:00:00,LA,22,24523,595,111588,168,,,1328,32,,0,1794,,,332,,136111,763
d9780a0cf5f6a09db9a6469e7a2ded68fc63f4d7,2020-04-20,2020-04-19 16:00:00,MA,25,41416,1596,136046,6751,,,2303,157,3872,83,3872,987,,,,177462,8347
ac96a5ed4560ca4aad6b1b9e9d1f4a26f997e0c3,2020-04-20,2020-04-20 10:00:00,MD,24,13684,854,57713,2652,,917,683,57,3014,128,,,,,,71397,3506
d5bcf0138e0ee1d36491f352509166257062e770,2020-04-20,2020-04-20 11:15:00,ME,23,875,8,14076,0,,414,35,1,138,2,39,16,,9,,14951,8
91a07f0668a78b79d7a33d29f541e7fbe101b10b,2020-04-20,2020-04-20 11:00:00,MI,26,32000,576,81798,3561,,3237,2468,77,,0,3374,1346,,1102,,113798,4137
0714baf1191db161056700a2814fdd93200546ae,2020-04-20,2020-04-20 12:00:00,MN,27,2470,114,44380,1020,,1059,143,9,602,28,237,126,241,,,46850,1134
42149a4d5639e32550f19fde788de0050eef9f63,2020-04-20,2020-04-20 15:00:00,MO,29,5807,140,50206,1964,,,177,1,,0,873,,,,,56013,2104
7d08a2dc15a6ebe313aab6f8f4f3d8f76fe8e1ea,2020-04-20,2020-04-20 00:00:00,MP,69,14,0,51,9,,11,2,0,,0,,,,,,65,9
f856308b1420595393996582ac1ee13fa7edde1a,2020-04-20,2020-04-19 19:00:00,MS,28,4512,238,46922,12131,,,169,10,819,11,548,146,,89,,51434,12369
d81a8125adb4fa06638b3933f2bc10d90f80016b,2020-04-20,2020-04-20 11:00:00,MT,30,433,0,10618,153,,243,10,0,57,2,19,,,,,11051,153
b9eaa77e171893bddb87c31abcc2641c30612556,2020-04-20,2020-04-20 10:35:00,NC,37,6764,271,72720,441,,,179,7,,0,373,,,,,79484,712
545bffc057cbf374ab22e863a1d83e87d8278917,2020-04-20,2020-04-20 13:00:00,ND,38,627,42,14120,1075,,189,13,3,53,2,17,,,,,14747,1117
d11e3214db1131acf3934da371b0be87bdc0af93,2020-04-20,2020-04-19 19:45:00,NE,31,1474,187,14206,918,,,28,0,,0,,,,,,15680,1105
b7f290a7ec66d2629e194f5e8f455a021e7b7277,2020-04-20,2020-04-19 09:00:00,NH,33,1392,50,12726,644,298,521,41,3,198,6,79,,,,,14118,694
3ae0edc446fd6b269f64751b1e9f28d3937f45c8,2020-04-20,2020-04-20 13:00:00,NJ,34,88806,3505,89251,3864,,,4377,175,,0,6986,2018,,1594,,178057,7369
5931b4db4186ebdfb586b716855ac1bd32c47e65,2020-04-20,2020-04-19 18:46:00,NM,35,1845,47,35197,363,,487,55,2,274,16,103,,,,,37042,410
31dc71d0b6f072610d860ee24ead071bf6afa83c,2020-04-20,2020-04-20 10:00:00,NV,32,3830,102,28517,647,,,158,3,,0,,,,,,32347,749
ea7090bd7e64b110935e85127bb19a8fc7c74e93,2020-04-20,2020-04-20 00:00:00,NY,36,247512,4726,386349,11580,,39085,14347,478,65969,1419,16103,5016,,,,633861,16306
059d24473d8cb14cba142a1d51f32af47a01d274,2020-04-20,2020-04-20 14:00:00,OH,39,12919,1317,77920,2223,,,509,38,2653,88,,,798,,,90839,3540
8777d90b617942651ac604bd0a47d0228b167d18,2020-04-20,2020-04-20 00:00:00,OK,40,2680,81,32966,0,,1614,143,3,541,0,307,136,,,,35646,81
9dafa4cfa8477abb694be1dfbddfbfd2e25e0139,2020-04-20,2020-04-20 11:00:00,OR,41,1956,46,38089,961,,,75,1,465,9,303,74,,35,,40045,1007
3941dde8fc95e1e9dda53ee7d0157327f4969b26,2020-04-20,2020-04-20 12:00:00,PA,42,33232,948,129720,3150,,,1204,92,,0,2701,,,659,,162952,4098
7b40d41f51cba5498fb86970921725b9541b31dd,2020-04-20,2020-04-20 06:30:00,PR,72,1252,39,8486,206,1895,,63,1,,0,,,,,,9738,245
a1bddd67821aabce87b6a4af5696222e68ab0c95,2020-04-20,2020-04-20 00:00:00,RI,44,5098,343,31990,1997,,267,175,11,629,24,297,62,,45,,37088,2340
92f1d67615794222d2f4df90c77857174085272e,2020-04-20,2020-04-19 15:30:00,SC,45,4377,0,36103,0,,2063,120,0,776,0,,,,,,40480,0
76ac56f0362c0c9c37461e7d5f92f06bbbfd6d13,2020-04-20,2020-04-19 18:00:00,SD,46,1685,50,10641,214,0,709,7,0,87,13,,,,,,12326,264
7e73454a0b0f34124a9406b9d84f9b79e633ced6,2020-04-20,2020-04-20 15:00:00,TN,47,7238,168,93451,3423,,3575,152,4,730,6,,,,,,100689,3591
4ee791f40badceb725849f956626298768ab25a4,2020-04-20,2020-04-20 12:45:00,TX,48,19458,535,170936,7149,,5706,495,18,,0,1411,,,,,190394,7684
461babcfdb8e52adbcfa6fec3c0239593b38fb64,2020-04-20,2020-04-20 15:00:00,UT,49,3213,144,65098,4612,,776,28,1,268,9,,,,,,68311,4756
a2bac4b48b25839acbbf8b6b5d703a8e153547f9,2020-04-20,2020-04-20 00:00:00,VA,51,8990,453,47745,1549,468,1324,300,23,1500,78,1296,396,,237,,56735,2002
cc92b1297cb86270c5b1c9b06a85b9e7979a4964,2020-04-20,2020-04-19 20:30:00,VI,78,53,0,554,6,18,48,3,0,,0,,,,,,607,6
fe530c2cab61b2e218a0bf0c2c1c9f3085d275e2,2020-04-20,2020-04-20 00:00:00,VT,50,820,3,11671,221,,15,38,0,,0,49,,,,,12491,224
124d8aaa542535627a82c9773e2fd06fa07e9e4c,2020-04-20,2020-04-20 00:00:00,WA,53,13561,305,148408,4545,,,629,14,,0,403,122,,,,161969,4850
e3e2e803f7ef602f7fdbd657d1bab0d0f78f2f5d,2020-04-20,2020-04-20 16:00:00,WI,55,4499,153,46603,1280,237,,230,10,1211,21,406,168,307,,,51102,1433
44c85ff2aab773bc3f55c99834c5957c06f28ecc,2020-04-20,2020-04-20 10:00:00,WV,54,902,39,21253,2085,,290,24,6,,0,77,37,,23,,22155,2124
c275ae20ee1b4ca99d48f23165c15d290d20348d,2020-04-20,2020-04-19 00:00:00,WY,56,313,4,7073,101,,233,2,0,51,1,19,,,,,7386,105
138dafbee4f7f15e8101516ec1e9826ce4d2acc6,2020-04-19,2020-04-18 17:45:00,AK,02,319,5,9576,235,,153,9,0,36,0,37,,,,,9895,240
04e7dc9ead896642b581e21eacc2410930135157,2020-04-19,2020-04-19 00:00:00,AL,01,4837,182,40875,2992,,,154,8,641,21,,,260,,157,45712,3174
ddde250cb6d0ee4ce5f283fdc67bf60965b35515,2020-04-19,2020-04-19 18:47:00,AR,05,1781,42,22428,26,,721,40,2,291,0,88,,,25,57,24209,68
0a30783f0e8b76de02be73b49e2ba248517b8e28,2020-04-19,2020-04-06 00:00:00,AS,60,0,0,3,0,17,,,0,,0,,,,,,3,0
f61bdbfafdc2f77f22c0db30c71a182171d5a318,2020-04-19,2020-04-19 00:00:00,AZ,04,4929,210,48061,1735,,994,184,7,,0,631,283,,187,,52990,1945
e6d5924b388629674798c751c855b91e0b4d42a4,2020-04-19,2020-04-18 00:00:00,CA,06,30333,1370,250567,19864,7200,,1166,94,,0,4731,1457,,,,280900,21234
63cda286953da1d6e3e8ffac2230f5d21c20addb,2020-04-19,2020-04-17 00:00:00,CO,08,9433,386,35173,913,,,411,20,1797,42,874,,,,,44606,1299
a6c4f4f66583028454d7ab530ee110f923db0526,2020-04-19,2020-04-19 17:00:00,CT,09,17550,741,40663,2010,,,1086,50,,0,1938,,,,,58213,2751
1a0c1ba0be2b35eb6cc530bda16b16739f1236e3,2020-04-19,2020-04-18 00:00:00,DC,11,2793,127,10906,304,,622,96,5,,0,313,105,,79,,13699,431
633c3de8ddc16b3d29d10f12c328e6c9d43b94bc,2020-04-19,2020-04-18 17:00:00,DE,10,2538,215,12256,562,,466,67,6,,0,249,,,,,14794,777
00007d781d2b7c85e47d5f14efeaad98a4d66b4f,2020-04-19,2020-04-19 16:12:00,FL,12,25996,727,230083,8825,1179,,781,27,3930,88,,,,,,256079,9552
86c7aa860fbb59c8fc99e7c9b2335aaef618a631,2020-04-19,2020-04-19 21:34:00,GA,13,18301,632,61632,5093,,,687,14,3464,44,,,,,,79933,5725
4c59215b64a28d742eec853d0243d0531221eb49,2020-04-19,2020-04-19 05:00:00,GU,66,133,0,943,0,,112,5,0,,0,6,2,,,,1076,0
0501ef9f7caacd2955bc1484868f82f0c99339c0,2020-04-19,2020-04-19 18:00:00,HI,15,574,21,22896,1106,,410,9,0,51,3,,,,,,23470,1127
8a7c791085e47caed8994d8524680d2ec4cf48c8,2020-04-19,2020-04-18 12:00:00,IA,19,2902,389,21648,1214,,1171,75,1,,0,198,86,,54,,24550,1603
cb6b78861e2e98013005736ac4bb3873882201ae,2020-04-19,2020-04-19 19:00:00,ID,16,1668,13,15773,481,,520,44,1,151,0,,,53,,,17441,494
c9ffa0847bcde02895f4cb238c29189d4ea50b55,2020-04-19,2020-04-19 00:00:00,IL,17,30357,1197,112961,4717,,,1290,31,,0,4314,1196,,749,,143318,5914
d704621b5a677aac04efce5f878bad07aa5a527b,2020-04-19,2020-04-18 23:59:00,IN,18,11210,569,49932,3700,,,562,17,,0,,649,,342,,61142,4269
dee0a03a10f5b2a0fa578e7a1802b33c9177e2f7,2020-04-19,2020-04-19 12:00:00,KS,20,1849,59,16281,395,,,92,6,390,7,,,,,,18130,454
f75be97bfb1e68119de39a8ae34a66c30c76db4e,2020-04-19,2020-04-19 17:00:00,KY,21,2707,185,29518,1444,,1174,144,7,1059,51,274,155,534,,,32225,1629
416b340712852fbd92f1350bf85730f224ec89d5,2020-04-19,2020-04-19 13:00:00,LA,22,23928,348,111420,-2999,,,1296,29,,0,1748,,,349,,135348,-2651
e189e96d024d46073b1a0e8b35d6323518e4f9a9,2020-04-19,2020-04-19 16:00:00,MA,25,39820,2293,129295,4691,,,2146,163,3789,61,3789,987,,,,169115,6984
b90023975a150428d9c4ff108f97906f481f369e,2020-04-19,2020-04-19 10:00:00,MD,24,12830,522,55061,1999,,914,626,44,2886,129,,,,,,67891,2521
dd5adbf31c4076ebf28b20a80b5a871a592ae0e3,2020-04-19,2020-04-19 11:15:00,ME,23,867,20,14076,0,,393,34,2,136,0,46,18,,9,,14943,20
c8ea16198d5ed1685b8ad188170baa97600c96e9,2020-04-19,2020-04-19 11:00:00,MI,26,31424,633,78237,9301,,3237,2391,83,,0,3403,1344,,1115,,109661,9934
4550da6e3b8d61aeba8eb8c973df0cf8a9863772,2020-04-19,2020-04-19 12:00:00,MN,27,2356,143,43360,1305,,1026,134,13,574,13,228,116,226,,,45716,1448
9730077abd80a7980ba37c0feeccd3e01f587e3a,2020-04-19,2020-04-19 15:00:00,MO,29,5667,150,48242,0,,,176,1,,0,875,,,,,53909,150
8dbf79781a3592498d296164d2e82d196dfc806e,2020-04-19,2020-04-19 00:00:00,MP,69,14,0,42,0,4,9,2,0,,0,,,,,,56,0
a14b3c6e72fb888e4a392ba3ef1a0a42c8599dbc,2020-04-19,2020-04-18 19:00:00,MS,28,4274,300,34791,0,,,159,7,808,26,,138,,79,,39065,300
b2243f1d7200fd83e139d8808b54d15e3fe65b46,2020-04-19,2020-04-19 11:40:00,MT,30,433,7,10465,322,,243,10,0,55,0,18,,,,,10898,329
cf30587dd2440f17fe8636e4e7b2148a1df1fd4e,2020-04-19,2020-04-19 11:00:00,NC,37,6493,353,72279,2208,,,172,8,,0,465,,,,,78772,2561
ab7785765a25f3b6fc56bb18ab641a9d40ef1399,2020-04-19,2020-04-19 13:00:00,ND,38,585,57,13045,610,,189,10,1,51,4,15,,,,,13630,667
fd293241686a924a3b0ed9e13d8f93e46c650aae,2020-04-19,2020-04-19 19:45:00,NE,31,1287,149,13288,749,,,28,4,,0,,,,,,14575,898
cc91d9da744188ee7958e01e49f44449369ae612,2020-04-19,2020-04-19 09:00:00,NH,33,1342,55,12082,517,316,513,38,1,192,2,85,,,,,13424,572
1d20c124ffa32f6fd2e0710a72b729a794325a5d,2020-04-19,2020-04-19 13:00:00,NJ,34,85301,3881,85387,4271,,,4202,132,,0,7494,1940,,1628,,170688,8152
8970758389900d7b34efe9dde20dd41b6825a862,2020-04-19,2020-04-19 19:46:00,NM,35,1798,87,34834,932,,465,53,2,258,16,92,,,,,36632,1019
1abe1a8209df75cc820b22cc4ceb04bf670a53af,2020-04-19,2020-04-19 11:00:00,NV,32,3728,102,27870,745,,,155,4,,0,,,,,,31598,847
022ad6b09210f10f64213718b87b05fb07641678,2020-04-19,2020-04-19 00:00:00,NY,36,242786,6054,374769,14969,,37596,13869,507,64550,1447,16213,5016,,,,617555,21023
fa0bd2f3042aae759507bfe04b64cf3bdff0608b,2020-04-19,2020-04-19 14:00:00,OH,39,11602,1380,75697,6878,,,471,20,2565,46,,,765,,,87299,8258
5130c69ba499210ebcaea7c9c51f00c34a293444,2020-04-19,2020-04-19 00:00:00,OK,40,2599,29,32966,0,,1575,140,1,541,0,307,136,,,,35565,29
70c8f60dba9217b939cc2f7f9d1d58c36b2baf3c,2020-04-19,2020-04-19 11:00:00,OR,41,1910,66,37128,1389,,,74,2,456,7,290,74,,37,,39038,1455
a092bb15fd6554593b1f79483de8d4113c050f8f,2020-04-19,2020-04-19 13:00:00,PA,42,32284,1215,126570,3674,,,1112,276,,0,2634,,,657,,158854,4889
26b2c2329c5eceb77588a2344a718d2e317de4ba,2020-04-19,2020-04-19 07:00:00,PR,72,1213,95,8280,225,1839,,62,2,,0,,,,,,9493,320
a834d5aabd3fc54f366dbc739fe5aec2628f1532,2020-04-19,2020-04-19 00:00:00,RI,44,4755,276,29993,1658,,244,164,14,605,27,298,66,,37,,34748,1934
4280fc480e1dca0dcdc95f29638e19378ea59f81,2020-04-19,2020-04-19 15:30:00,SC,45,4377,131,36103,1516,,2633,120,1,776,0,,,,,,40480,1647
2b610b082197b0c3e669d610d1d48ce8c53b931a,2020-04-19,2020-04-19 12:30:00,SD,46,1635,93,10427,309,0,646,7,0,74,6,,,,,,12062,402
5f3fa09536909043a4f51c73f82d3b69e52844d0,2020-04-19,2020-04-19 15:00:00,TN,47,7070,308,90028,6204,,3344,148,3,724,5,,,,,,97098,6512
1e1ebccda8af509eb7079fee6b2d7c146d38b47b,2020-04-19,2020-04-19 13:00:00,TX,48,18923,663,163787,5808,,5334,477,24,,0,1471,,,,,182710,6471
a76d4135619f3261e280cab1fa52337228a12438,2020-04-19,2020-04-19 15:00:00,UT,49,3069,138,60486,3473,,679,27,2,259,8,,,,,,63555,3611
6abe69fa67e7f8dcff4b51a101b12f5ebf104c86,2020-04-19,2020-04-19 00:00:00,VA,51,8537,484,46196,2318,499,1267,277,19,1422,126,1319,388,,231,,54733,2802
425dc99b3c6127eb0e564987fa8b8fc3c319a8f2,2020-04-19,2020-04-19 20:30:00,VI,78,53,0,548,158,22,48,3,0,,0,,,,,,601,158
b423dd7446d6a1efe16f3d21643480a8757f8a6e,2020-04-19,2020-04-19 00:00:00,VT,50,817,4,11450,238,,15,38,0,,0,53,,,,,12267,242
90d3e6a69a605812ba611c8e49640a689239e816,2020-04-19,2020-04-19 00:00:00,WA,53,13256,174,143863,1443,,,615,17,,0,586,193,,,,157119,1617
d30037d4ec256f8e3844e918f4f26d81c4121320,2020-04-19,2020-04-19 12:57:00,WI,55,4346,147,45323,1361,248,,220,9,1190,14,397,162,307,,,49669,1508
ac6b728895130594e6ed2567acfa9749c2dee2ae,2020-04-19,2020-04-19 17:00:00,WV,54,863,78,19168,513,,265,18,2,,0,72,37,,25,,20031,591
eecb6500d411cc888fa5654a238e07f94d584ecc,2020-04-19,2020-04-19 00:00:00,WY,56,309,4,6972,755,,227,2,0,50,0,19,,,,,7281,759
c199216aea425aa3d3e36a1d2c2b8aec4c1b9e00,2020-04-18,2020-04-18 14:15:00,AK,02,314,5,9341,200,,147,9,0,36,0,39,,,,,9655,205
cd9840a8bcafb2ef4ea3b1f1275a1db5640c8bd6,2020-04-18,2020-04-18 00:00:00,AL,01,4655,125,37883,4565,,,146,2,620,26,,,247,,148,42538,4690
e357278632e6b616a093101a89f62b2fdbf07f07,2020-04-18,2020-04-17 19:00:00,AR,05,1739,44,22402,603,,703,38,1,291,291,86,,,22,57,24141,647
bafa493efdead0e98f2525b6e3139584ac85b61d,2020-04-18,2020-04-06 00:00:00,AS,60,0,0,3,0,17,,,0,,0,,,,,,3,0
a518f1fccbf815eef6f26bf914c6db9940baa0f4,2020-04-18,2020-04-18 00:00:00,AZ,04,4719,212,46326,1603,,539,177,8,,0,566,285,,178,,51045,1815
2ed4e49da3840a197a3b01fc3ede2af189f51d75,2020-04-18,2020-04-17 00:00:00,CA,06,28963,1435,230703,6617,7200,,1072,87,,0,4936,1490,,,,259666,8052
44e98c9d4c40cc72f4904c3977d615b8ebe679fb,2020-04-18,2020-04-16 00:00:00,CO,08,9047,372,34260,1105,,,391,17,1755,62,843,,,,,43307,1477
e50af22b22905cb0bbdf8be0cdd8f9cb81efc462,2020-04-18,2020-04-17 16:00:00,CT,09,16809,0,38653,0,,,1036,0,,0,1946,,,,,55462,0
d08a59e78cb1bbb92e510dbc88a877f45a699cb8,2020-04-18,2020-04-17 00:00:00,DC,11,2666,190,10602,435,,608,91,5,,0,313,105,,79,,13268,625
f438ea941ea86828d88826068a149ad20bd5d8f4,2020-04-18,2020-04-17 17:00:00,DE,10,2323,0,11694,0,,423,61,0,,0,224,,,,,14017,0
79dfbdf782bdddb4b016554029ba2ed961796b61,2020-04-18,2020-04-18 09:24:00,FL,12,25269,1150,221258,10540,0,,754,55,3842,177,,,,,,246527,11690
cef0f257747bafa124e153a1087ef14e2d6b12cf,2020-04-18,2020-04-18 11:28:00,GA,13,17669,475,56539,2049,,,673,23,3420,96,,,,,,74208,2524
19069d3a41f6ea2c703f1827d9180aa0ae573c01,2020-04-18,2020-04-18 06:50:00,GU,66,133,0,943,3,,110,5,0,,0,6,2,,,,1076,3
13d35e8699ea95900e36c6408b3609e91eeb27ee,2020-04-18,2020-04-17 18:30:00,HI,15,553,12,21790,474,,390,9,0,48,3,,,,,,22343,486
d876cb7665a4cf6bab6afa6c79d7644b80d4a8cc,2020-04-18,2020-04-17 12:00:00,IA,19,2513,181,20434,974,,1095,74,10,,0,193,84,,51,,22947,1155
a558d4e43e9b35294c33b62b80a03fee25520cfb,2020-04-18,2020-04-17 19:00:00,ID,16,1655,46,15292,249,,453,43,2,151,3,,,53,,,16947,295
ee43bc34f4636b1fa07a46a90526ec5d540e51b4,2020-04-18,2020-04-18 00:00:00,IL,17,29160,1585,108244,5656,,,1259,125,,0,4340,1192,,740,,137404,7241
c70621dbdc710482502dae4bb38b5151cfb116bd,2020-04-18,2020-04-17 23:59:00,IN,18,10641,487,46232,1601,,,545,26,,0,,663,,360,,56873,2088
7f67af5de86c85b2a67a034dcc0f50766279c85e,2020-04-18,2020-04-18 12:00:00,KS,20,1790,85,15886,690,,,86,2,383,8,,,,,,17676,775
7f59188961aa00b2f7f3442ea931722741b4e553,2020-04-18,2020-04-17 17:00:00,KY,21,2522,93,28074,756,,979,137,8,1008,37,360,227,514,,,30596,849
4e4afaae2f3bbf05e5649ddf237b37560ab0c744,2020-04-18,2020-04-18 13:00:00,LA,22,23580,462,114419,5550,,,1267,54,,0,1761,,,347,,137999,6012
8b29dc1db4928a2a0807a5a9bcbfc08d86ede1f8,2020-04-18,2020-04-17 16:00:00,MA,25,37527,2402,124604,7409,,,1983,161,3728,-28,3728,987,,,,162131,9811
c75bb00ce45d14b30e53f6214bf53e2adbab09d1,2020-04-18,2020-04-18 10:00:00,MD,24,12308,736,53062,2625,,771,582,41,2757,145,,,,,,65370,3361
dd56c87d2a6fd2743f3eaf333000f537273ca491,2020-04-18,2020-04-18 15:00:00,ME,23,847,20,14076,0,,382,32,3,136,3,49,20,,12,,14923,20
84683eb0d8f49a47cdf33e8f194d9b8f104f6035,2020-04-18,2020-04-18 11:00:00,MI,26,30791,768,68936,0,,3237,2308,81,,0,3634,1423,,1203,,99727,768
3d1d0ae7f89e4ea3d7dd58fe689764987993e468,2020-04-18,2020-04-17 17:00:00,MN,27,2213,142,42055,1073,,997,121,10,561,43,239,111,215,,,44268,1215
bc7cfd0a5ea883ebea6b84589b67c7a6c1e6b183,2020-04-18,2020-04-18 15:00:00,MO,29,5517,234,48242,1808,,,175,10,,0,875,,,,,53759,2042
6cc5fd6c0672eeebe2d18b7558de80b6f7655723,2020-04-18,2020-04-17 19:15:00,MP,69,14,1,42,0,4,9,2,0,,0,,,,,,56,1
a2ba31ed673f0f06ab8aa93d6f0dae615ddeb49d,2020-04-18,2020-04-17 19:00:00,MS,28,3974,181,34791,0,,,152,12,782,46,,154,,99,,38765,181
2432c5bb496866e015296219343f2101aa5cdd3b,2020-04-18,2020-04-18 10:18:00,MT,30,426,4,10143,321,,234,10,2,55,1,17,,,,,10569,325
3d3ce9f9fab77184ffea971295f87f2a24d0352f,2020-04-18,2020-04-18 11:00:00,NC,37,6140,281,70071,2949,,,164,12,,0,388,,,,,76211,3230
0fa48cccaa998e7e87dd71b2c4f57b6b359f4230,2020-04-18,2020-04-18 13:08:00,ND,38,528,89,12435,532,,183,9,0,47,0,13,,,,,12963,621
5b625e64a52ba9a4e3bce0cf719dda653aaabfb0,2020-04-18,2020-04-17 19:42:00,NE,31,1138,72,12539,501,,,24,0,,0,,,,,,13677,573
d07a99f444eef6c5f6de811a10138e957831d901,2020-04-18,2020-04-17 09:00:00,NH,33,1287,0,11565,144,174,468,37,0,190,0,86,,,,,12852,144
a977624788d10c7566af19cc6beb9bfa88ff3e1b,2020-04-18,2020-04-18 12:49:00,NJ,34,81420,2953,81116,2134,,,4070,230,,0,7718,2024,,1641,,162536,5087
1313b26d224180938cf1a971e55fbcbaf7a0cfc9,2020-04-18,2020-04-17 21:53:00,NM,35,1711,114,33902,1011,,382,51,7,242,12,96,,,,,35613,1125
2af76862c7bd7b6d7febe787a50e2c5b009ce578,2020-04-18,2020-04-18 10:00:00,NV,32,3626,102,27125,887,,,151,9,,0,,,,,,30751,989
16894aeb76a39990d347d05262134482dd152209,2020-04-18,2020-04-18 00:00:00,NY,36,236732,7090,359800,16219,,35458,13362,540,63103,1983,16967,5016,,,,596532,23309
988861b3580b385229852a46bd6fe830ce193917,2020-04-18,2020-04-18 14:00:00,OH,39,10222,1115,68819,0,,,451,33,2519,95,,,760,,,79041,1115
fa9e379cf1419950d37a68638ba579852138b48e,2020-04-18,2020-04-18 00:00:00,OK,40,2570,105,32966,1811,,1515,139,3,541,13,307,136,,,,35536,1916
1622fde567324d888f9624fc982c4506144efcff,2020-04-18,2020-04-18 11:00:00,OR,41,1844,59,35739,1203,,,72,2,449,22,290,74,,37,,37583,1262
b23f47faf8cb14f3562b23666c7c6af07901ba88,2020-04-18,2020-04-18 12:00:00,PA,42,31069,1628,122896,4964,,,836,80,,0,2613,,,660,,153965,6592
2ee0b3b23cbc89ec714b11e4626e5d452f365a3c,2020-04-18,2020-04-18 07:00:00,PR,72,1118,50,8055,191,1760,,60,2,,0,,,,,,9173,241
0b5d9ac8a91df46a55b3985332ee59cc13df09e9,2020-04-18,2020-04-18 00:00:00,RI,44,4479,302,28335,1751,,217,150,32,578,247,293,67,,43,,32814,2053
0de62bd859c8543531ca4822252851e44055000f,2020-04-18,2020-04-18 15:25:00,SC,45,4246,315,34587,2234,,2633,119,10,776,101,,,,,,38833,2549
e6dd5403b7dfcab302b84f3f2db8e73d30b6806c,2020-04-18,2020-04-17 18:00:00,SD,46,1542,131,10118,467,1,552,7,0,68,5,,,,,,11660,598
04d99f40f381d65598ac3b150115c403583a049b,2020-04-18,2020-04-18 15:00:00,TN,47,6762,173,83824,3140,,3234,145,3,719,8,,,,,,90586,3313
25613d8439e55dc31454f90e56c3edadf8daad8a,2020-04-18,2020-04-18 13:45:00,TX,48,18260,889,157979,5814,,4806,453,25,,0,1321,,,,,176239,6703
c4d98dac16fb6019cd4484b83f6bc93e8a083df1,2020-04-18,2020-04-18 15:00:00,UT,49,2931,126,57013,4047,,565,25,2,251,7,,,,,,59944,4173
e3096b5c0fe4211422d97ab47ecab69e5cf5ed3d,2020-04-18,2020-04-17 17:00:00,VA,51,8053,562,43878,2372,486,1228,258,27,1296,75,1307,398,,230,,51931,2934
e238c40e3935f576bad6fb8741dbc08b8339d658,2020-04-18,2020-04-18 08:30:00,VI,78,53,2,390,17,35,46,3,1,,0,,,,,,443,19
db0f75e68e4b80edcd66bb5b057f0411d34666c2,2020-04-18,2020-04-18 00:00:00,VT,50,813,11,11212,399,,15,38,3,,0,56,,,,,12025,410
7391269fc0196211d71ba83eb311aa203159a2f4,2020-04-18,2020-04-18 00:00:00,WA,53,13082,233,142420,2011,,,598,13,,0,518,155,,,,155502,2244
0210b5487463e2f009fc6cb14940a34b64fbece2,2020-04-18,2020-04-18 12:45:00,WI,55,4199,154,43962,1597,229,,211,6,1176,23,361,135,307,,,48161,1751
a60f6234ad95057b344dfc771fe41d5862265d3e,2020-04-18,2020-04-17 17:00:00,WV,54,785,31,18655,728,,255,16,3,,0,83,40,,27,,19440,759
1e6ccce9030abf3080ec4d430977ac67c27c470a,2020-04-18,2020-04-17 16:02:00,WY,56,305,9,6217,86,,206,2,0,50,7,19,,,,,6522,95
32952f9b07bb7b95de5fd2a4731df0854adff7b1,2020-04-17,2020-04-16 00:00:00,AK,02,309,9,9141,706,,128,9,0,36,1,,,,,,9450,715
9b96b137f346ac5f0c2876f27dab99ff7379e744,2020-04-17,2020-04-17 00:00:00,AL,01,4530,185,33318,1272,,,144,11,594,41,,,247,,148,37848,1457
3aaf8c02f8ec3b7ad950aea00f843b4b6c61c220,2020-04-17,2020-04-17 19:00:00,AR,05,1695,75,21799,744,,593,37,0,,0,83,,,21,,23494,819
9e1ebb9e4f45212692650ec54afaa94e8ebbf43c,2020-04-17,2020-04-06 00:00:00,AS,60,0,0,3,0,17,,,0,,0,,,,,,3,0
041b776b5b729d6e37f55fc21c6603e27bde4d9a,2020-04-17,2020-04-17 00:00:00,AZ,04,4507,273,44723,1559,,539,169,19,,0,566,285,,178,,49230,1832
36f8ba7db7468b08d0a26f27276e9c96089d28a9,2020-04-17,2020-04-17 00:00:00,CA,06,27528,1346,224086,3868,7200,,985,95,,0,4892,1484,,,,251614,5214
766ccf5ad71db47b9676c43a90f03650bdf30d2d,2020-04-17,2020-04-15 00:00:00,CO,08,8675,395,33155,902,,,374,17,1693,57,858,,,,,41830,1297
a5c94f355d4971d65d5a61ac4e46c9448befed48,2020-04-17,2020-04-17 16:00:00,CT,09,16809,925,38653,1415,,,1036,65,,0,1946,,,,,55462,2340
dae142f9efec8c1d7087b3f597ab406e696d2a35,2020-04-17,2020-04-16 00:00:00,DC,11,2476,126,10167,367,,573,86,5,,0,313,105,,79,,12643,493
df4809fdf1bc2cbe93b16ade7bec3e86574e013a,2020-04-17,2020-04-17 17:00:00,DE,10,2323,248,11694,419,,423,61,9,,0,224,,,,,14017,667
600be1bd3c45d1eb5f2f70af67ed3ff5f3547f49,2020-04-17,2020-04-17 16:21:00,FL,12,24119,1222,210718,14367,1285,,699,53,3665,205,,,,,,234837,15589
b7d360441b4d2997bb03db9a52d44d07b570f315,2020-04-17,2020-04-17 18:28:00,GA,13,17194,1525,54490,2220,,,650,63,3324,216,,,,,,71684,3745
3a89cfaa3217ead9cb15d9b9e2f0d8f78c68cfa3,2020-04-17,2020-04-17 07:00:00,GU,66,133,0,940,70,,97,5,0,,0,6,2,,,,1073,70
47d1ac05fd9bbcb6ea6550a1b22c03ed6664615e,2020-04-17,2020-04-17 18:30:00,HI,15,541,11,21316,1146,,374,9,0,45,0,,,,,,21857,1157
4ecb2f1baef50ecc3814625096be75897b506be5,2020-04-17,2020-04-16 12:00:00,IA,19,2332,191,19460,926,,1007,64,4,,0,183,88,,52,,21792,1117
8aceb425d18cfa4ec0661a6a7f95f67436cf2e57,2020-04-17,2020-04-17 19:00:00,ID,16,1609,22,15043,388,,390,41,0,148,5,,,51,,,16652,410
f733bfd6e8a20d25097379e3f20f437a809dc75c,2020-04-17,2020-04-17 00:00:00,IL,17,27575,1842,102588,5732,,,1134,62,,0,4454,1196,,777,,130163,7574
e2ff8279586d149bff579b6870f28b773a388ad4,2020-04-17,2020-04-16 23:59:00,IN,18,10154,612,44631,3058,,,519,42,,0,,638,,417,,54785,3670
fffb22edd8dc21cbb02d9a30d242077dae16731e,2020-04-17,2020-04-17 12:00:00,KS,20,1705,117,15196,662,,,84,4,375,16,,,,,,16901,779
59e5ba4534c0e8b29e2a99c73ed478cf929b9f5a,2020-04-17,2020-04-17 17:00:00,KY,21,2429,138,27318,1285,,956,129,7,971,164,477,333,506,,,29747,1423
ce0a550af78576d2b3ed29946442d4b2a6e5cf4f,2020-04-17,2020-04-17 13:00:00,LA,22,23118,586,108869,4815,,,1213,57,,0,1868,,,363,,131987,5401
b23cfd503f5aefd36107282146b9dc2938a986ce,2020-04-17,2020-04-16 10:00:00,MA,25,35125,2633,117195,7097,,,1822,155,3756,30,3756,987,,,,152320,9730
0f5126053d51fa0efa102c34888c01300ed27864,2020-04-17,2020-04-17 10:00:00,MD,24,11572,788,50437,2378,,736,541,42,2612,161,,,,,,62009,3166
304d0b01b764d96da4285db5a9c82302d74c962f,2020-04-17,2020-04-17 11:45:00,ME,23,827,31,14076,0,,352,29,2,133,3,55,28,,8,,14903,31
c445af9cf7d9db3456471384b7b2a63140012fca,2020-04-17,2020-04-17 11:00:00,MI,26,30023,760,68936,3913,,629,2227,134,,0,3674,1428,,1167,,98959,4673
4c2ab8b547db50b049e7c0d2bb4f772de6016719,2020-04-17,2020-04-16 17:00:00,MN,27,2071,159,40982,1219,,955,111,17,518,43,223,106,202,,,43053,1378
13669a30f2fb7551d4605c54f0477edb78a69d0f,2020-04-17,2020-04-17 15:00:00,MO,29,5283,172,46434,897,,,165,13,,0,1043,,,,,51717,1069
050d7f7798c28b7326e09438ef07e222ffa29621,2020-04-17,2020-04-17 19:15:00,MP,69,13,0,42,15,4,,2,0,,0,,,,,,55,15
24cfbe57631470754565a4d31fe5f6323b54def5,2020-04-17,2020-04-16 19:00:00,MS,28,3793,169,34791,0,,,140,11,736,54,,154,,99,,38584,169
ac8a6fe02d38c47db4752d9c4f47ff54c49e9063,2020-04-17,2020-04-17 10:44:00,MT,30,422,7,9822,301,,233,8,1,54,2,21,,,,,10244,308
9fc3fca1b8d8ca2400f106b7b8270a9b2d817645,2020-04-17,2020-04-17 11:00:00,NC,37,5859,394,67122,1670,,,152,21,,0,429,,,,,72981,2064
73984cacd28fdb10fbe334370acfb1df7d0d89a0,2020-04-17,2020-04-17 13:00:00,ND,38,439,46,11903,592,,172,9,0,47,2,16,,,,,12342,638
fb6c93eda81115ac371a080f6b1a201eb88b03bb,2020-04-17,2020-04-17 19:42:00,NE,31,1066,114,12038,696,,,24,3,,0,,,,,,13104,810
d426b8f3b8ee1772fdec166bc72f4716136dcb19,2020-04-17,2020-04-17 09:00:00,NH,33,1287,148,11421,394,174,455,37,5,190,12,74,,,,,12708,542
4a18e9016fd97c9fa489145a459e7897dbc96d4d,2020-04-17,2020-04-17 13:00:00,NJ,34,78467,3150,78982,2469,,,3840,322,,0,8011,1961,,1594,,157449,5619
6d210b6a68541688a106b48f8e6c1272dfc13162,2020-04-17,2020-04-17 20:53:00,NM,35,1597,113,32891,981,,353,44,8,230,15,90,,,,,34488,1094
9d3faad632ba33dc3dcbaed875c2f89a4b060fd4,2020-04-17,2020-04-17 10:00:00,NV,32,3524,203,26238,1108,,,142,5,,0,,,,,,29762,1311
52bcde6d6bcdea9456dd9162a117470dc1a029b7,2020-04-17,2020-04-17 14:00:00,NY,36,229642,7358,343581,15286,,33392,12822,630,61120,2068,17116,5059,,,,573223,22644
ed8ab01c4aac1bf5d6c749e1d8ac8517a3f75cd6,2020-04-17,2020-04-17 14:00:00,OH,39,9107,693,68819,2393,,,418,29,2424,93,,,740,,,77926,3086
2fca2e2d8fcb394bbfe8dde404e069ac5c92b9ed,2020-04-17,2020-04-17 11:35:00,OK,40,2465,108,31155,2613,,1331,136,5,528,0,325,155,,,,33620,2721
4dc2eb2d285a2f1098f80940694385aec3bf46a6,2020-04-17,2020-04-17 11:00:00,OR,41,1785,49,34536,1334,,,70,6,427,13,301,69,,41,,36321,1383
337ce5a00cc7a1aa9e56a1ca73e4061a5ce856ba,2020-04-17,2020-04-17 12:00:00,PA,42,29441,1706,117932,4197,,,756,49,,0,2603,,,661,,147373,5903
efcc7f36fefb7463966b704e307195862124b92c,2020-04-17,2020-04-17 06:00:00,PR,72,1068,25,7864,549,1478,,58,2,,0,,,,,,8932,574
bfd6f630b058ed925bba64eec07930d228d286a2,2020-04-17,2020-04-17 00:00:00,RI,44,4177,339,26584,2358,,196,118,13,331,0,252,62,,43,,30761,2697
06cc8ef6528464fa319a2cb295fa8210468f1ff8,2020-04-17,2020-04-17 16:48:00,SC,45,3931,275,32353,1276,,,109,2,675,0,,,,,,36284,1551
fb8aaabc3d6f3a1dbaf445e6926157835854b9ef,2020-04-17,2020-04-16 18:00:00,SD,46,1411,100,9651,412,0,457,7,0,63,8,,,,,,11062,512
fbaf65ea9250c83e4cd045ee1270ecbe3053f0d9,2020-04-17,2020-04-17 15:00:00,TN,47,6589,327,80684,1897,,3017,142,1,711,20,,,,,,87273,2224
65348a7f3ae5ae4684b8cfb65ee0e7cacd5d9d23,2020-04-17,2020-04-17 12:45:00,TX,48,17371,916,152165,10073,,4190,428,35,,0,1522,,,,,169536,10989
7f7db58ae20d268a318c9fe1ccb53b517e650cbc,2020-04-17,2020-04-17 15:00:00,UT,49,2805,122,52966,5971,,443,23,2,244,6,,,,,,55771,6093
8a88c874cd6fabc172e745bd20025790d04c20ff,2020-04-17,2020-04-16 17:00:00,VA,51,7491,602,41506,1951,499,1110,231,23,1221,107,1308,400,,224,,48997,2553
2e8fd7f52b54fd6f6b4940f61d2760a8fcac576a,2020-04-17,2020-04-17 08:30:00,VI,78,51,0,373,16,34,46,2,1,,0,,,,,,424,16
40face5d0302560a334de1436e2fcb4dbff2f3eb,2020-04-17,2020-04-17 00:00:00,VT,50,802,10,10813,554,,15,35,0,,0,32,,,,,11615,564
577893397868193b2820de9c809a9e4858a2ff28,2020-04-17,2020-04-17 00:00:00,WA,53,12849,301,140409,4147,,,585,14,,0,622,195,,,,153258,4448
7bacb8264ebf57390479696957f9e09f23b51ba8,2020-04-17,2020-04-17 14:24:00,WI,55,4045,170,42365,1391,198,,205,8,1153,32,361,141,306,348,,46410,1561
6c3ba7094a7370a848b7c4ea49fd6eb451c61ba2,2020-04-17,2020-04-17 17:00:00,WV,54,754,15,17927,360,,223,13,0,,0,85,34,,24,,18681,375
a58beb73b1d0b5ec0fa93edbb1012d36f698f8c4,2020-04-17,2020-04-17 16:02:00,WY,56,296,0,6131,0,,148,2,0,43,0,19,,,,,6427,0
d646bb3e0ceeb485ff98412bbdfbedf1719e17fc,2020-04-16,2020-04-16 15:30:00,AK,02,300,7,8435,64,,110,9,0,35,1,,,,,,8735,71
5ac24e43bed814abd102467f1280cb0893cbc258,2020-04-16,2020-04-16 00:00:00,AL,01,4345,232,32046,2082,,,133,12,553,28,,,227,,137,36391,2314
7783c21d896c62183cbf919e3d06e79124d7572f,2020-04-16,2020-04-16 14:45:00,AR,05,1620,51,21055,790,,548,37,4,,-130,85,,,21,,22675,841
81d0eb99bfcb1a0cd3c96e0fb5a48d38032e0a03,2020-04-16,2020-04-06 00:00:00,AS,60,0,0,3,0,17,,,0,,0,,,,,,3,0
c2792af147947cc42edafa42adacf010ef572237,2020-04-16,2020-04-16 00:00:00,AZ,04,4234,272,43164,1816,,460,150,8,,0,578,278,,188,,47398,2088
197f799633c1759c979af09749dcedc646fd7f1f,2020-04-16,2020-04-15 00:00:00,CA,06,26182,1758,220218,28156,13200,,890,69,,0,5031,1568,,,,246400,29914
c4eda56d00c1132e72513953bb16227bcfe8a51e,2020-04-16,2020-04-14 00:00:00,CO,08,8280,339,32253,614,,,357,28,1636,80,859,,,,,40533,953
b1906cd2b49e38300ed7ce49487ea03718afc653,2020-04-16,2020-04-16 16:30:00,CT,09,15884,1129,37238,1850,,,971,103,,0,1926,,,,,53122,2979
75357da411b3795bc2120f84132cca38fa7662bc,2020-04-16,2020-04-15 00:00:00,DC,11,2350,153,9800,472,,552,81,9,,0,313,105,,79,,12150,625
b3dc59e1a217e5673564c1a45370dd8d7d5ce2df,2020-04-16,2020-04-16 16:00:00,DE,10,2075,61,11275,187,,378,52,6,,0,209,,,,,13350,248
64851258f5ff7dafffa38dc361aa1e0ec88541c2,2020-04-16,2020-04-16 16:39:00,FL,12,22897,386,196351,5353,1325,,646,37,3460,116,,,,,,219248,5739
3b153bf3e8cbea63009991748806ec5367ad6c9c,2020-04-16,2020-04-16 18:28:00,GA,13,15669,682,52270,3167,,,587,35,3108,186,,,,,,67939,3849
41166572797bcdabe7e03ea755099c6bcfc4735e,2020-04-16,2020-04-16 07:45:00,GU,66,133,0,870,27,,86,5,0,,0,9,,,,,1003,27
b7098ba1189fe94e4f37b20a658364711cb68c33,2020-04-16,2020-04-16 18:00:00,HI,15,530,13,20170,884,,359,9,0,45,0,,,,,,20700,897
c9f44eab243d1885006b88011e6d7f03f2dd6d4b,2020-04-16,2020-04-15 12:00:00,IA,19,2141,146,18534,660,,987,60,7,,0,175,84,,48,,20675,806
12501535456041d557c68229b6829308e80e9337,2020-04-16,2020-04-16 19:00:00,ID,16,1587,123,14655,721,,,41,2,143,2,,,46,,,16242,844
90b3374ebfcdfb412792910651f955d3151cb34b,2020-04-16,2020-04-16 00:00:00,IL,17,25733,1140,96856,4520,,,1072,124,,0,4423,1248,,797,,122589,5660
c130c83ace335ed66028e6bd5a54861d70d1bcf8,2020-04-16,2020-04-15 23:59:00,IN,18,9542,587,41573,2132,,,477,41,,0,,696,,426,,51115,2719
c1db07280dc83418638d53df87755064d0489bab,2020-04-16,2020-04-16 12:00:00,KS,20,1588,94,14534,1360,,,80,4,359,17,,,,,,16122,1454
a8aa819988d566ba85560eee4586154e3d440b79,2020-04-16,2020-04-16 17:00:00,KY,21,2291,81,26033,546,,862,122,7,807,120,412,252,367,,,28324,627
ba3043552682c599935279de49e226916bfa28b3,2020-04-16,2020-04-16 13:00:00,LA,22,22532,581,104054,4077,,,1156,53,,0,1914,,,396,,126586,4658
d56ce4c78732278b6d439d7e9d9f8c933bd890e2,2020-04-16,2020-04-16 10:00:00,MA,25,32492,2522,110098,7308,,,1667,165,3726,89,3726,973,,,,142590,9830
65af7d2d05327dbc5f6e5255d73b83d1c8eaa3e8,2020-04-16,2020-04-16 10:00:00,MD,24,10784,752,48059,2328,,736,499,30,2451,220,,,,,,58843,3080
2bb5b3cea720fa3ef89508f7badfd193192c6e30,2020-04-16,2020-04-16 11:45:00,ME,23,796,26,14076,0,,333,27,3,130,4,47,20,,7,,14872,26
50a704ef46aabb39d9cb07db38e10476012dc166,2020-04-16,2020-04-16 11:00:00,MI,26,29263,1204,65023,3385,,617,2093,172,,0,3809,1447,,1211,,94286,4589
f234c02f7aafaf54e1b979ad644b0c4649d28d4a,2020-04-16,2020-04-15 17:00:00,MN,27,1912,103,39763,1330,,926,94,7,475,30,213,103,188,,,41675,1433
6a2c7b66c0fc08d4a55643d7099005340c8ad26e,2020-04-16,2020-04-16 15:00:00,MO,29,5111,216,45537,1420,,,152,5,,0,1043,,,,,50648,1636
0f1611bef231b8ea3416033d4fe8631997ea6926,2020-04-16,2020-04-15 00:00:00,MP,69,13,0,27,0,7,,2,0,,0,,,,,,40,0
7a88f1ec972066b7b67948285cbcc43b39df6ef3,2020-04-16,2020-04-15 19:00:00,MS,28,3624,264,34791,0,,,129,7,682,37,,154,,99,,38415,264
1c8379d3ddd9e36e340e698da5085dbb185efe9a,2020-04-16,2020-04-16 11:44:00,MT,30,415,11,9521,342,,218,7,0,52,1,21,,,,,9936,353
8ef1daba51c30bebeb5314244abceac015f846fe,2020-04-16,2020-04-16 10:45:00,NC,37,5465,342,65452,2748,,,131,14,,0,452,,,,,70917,3090
1aa0030527e72bca27e8052a02a05bb124cfa066,2020-04-16,2020-04-16 13:00:00,ND,38,393,28,11311,359,,163,9,0,45,1,14,,,,,11704,387
a5023da9fc9b1a54b6bc6dcda82b2e797f010358,2020-04-16,2020-04-16 19:40:00,NE,31,952,51,11342,514,,,21,1,,0,,,,,,12294,565
07da6c78625d8d20fd45b7c62332bc5b37bec5cf,2020-04-16,2020-04-15 09:00:00,NH,33,1139,0,11027,0,121,365,32,0,178,0,70,,,,,12166,0
364482f8c661ae5a4e257e447a8c8ef3b9eb0055,2020-04-16,2020-04-16 13:00:00,NJ,34,75317,4287,76513,3522,,,3518,362,,0,8224,2014,,1645,,151830,7809
e46bb4927ae2fca9af983c0b77404740ce40a419,2020-04-16,2020-04-16 19:09:00,NM,35,1484,77,31910,467,,353,36,0,215,34,90,,,,,33394,544
681e1eea36dc719d5aed13a40cbf862ed63fdb94,2020-04-16,2020-04-16 19:00:00,NV,32,3321,110,25130,686,,,137,6,,0,,,,,,28451,796
5be15e6c3b8903ded596fabdf13a05cc1bad0386,2020-04-16,2020-04-16 00:00:00,NY,36,222284,8505,328295,16062,,30800,12192,606,59052,2084,17735,5091,,,,550579,24567
166506ea01bb3b08c6bba0a5369dd9966b6ebebb,2020-04-16,2020-04-16 14:00:00,OH,39,8414,623,66426,2665,,,389,28,2331,94,,,707,,,74840,3288
9de016649048f5bb194af96a3a13c3b7f32d62dd,2020-04-16,2020-04-16 08:00:00,OK,40,2357,94,28542,1586,,1240,131,8,528,18,236,163,,,,30899,1680
b420ebcb0464f5b1d59e8a7705fbb806fc0f107a,2020-04-16,2020-04-16 11:00:00,OR,41,1736,73,33202,1514,,,64,6,414,13,307,89,,43,,34938,1587
5b349c8862ef3b541600f22d6f002e633706f210,2020-04-16,2020-04-16 12:00:00,PA,42,27735,1245,113735,2641,,,707,60,,0,2512,,,675,,141470,3886
30556d92115befa06b3359af2b4f206478203abc,2020-04-16,2020-04-16 07:00:00,PR,72,1043,69,7315,490,1465,,56,5,,0,,,,,,8358,559
26276f213b0c95ae546900347c2842171fbe01e6,2020-04-16,2020-04-16 00:00:00,RI,44,3838,309,24226,1858,,182,105,18,331,0,245,61,,43,,28064,2167
28ec3ef31629b2b9d2a54259d4594e02f241338a,2020-04-16,2020-04-16 17:06:00,SC,45,3656,0,31077,0,,,107,0,675,0,,,,,,34733,0
76e777ec6b9440c904e0eea40410c4dad16448d3,2020-04-16,2020-04-15 18:00:00,SD,46,1311,143,9239,548,2,373,7,1,55,4,,,,,,10550,691
3f8897e37f7b9750e13a445c60954766b704cc5d,2020-04-16,2020-04-16 15:00:00,TN,47,6262,183,78787,3970,,2786,141,6,691,28,,,,,,85049,4153
a49d35801c3db303a54650ffec2960f3d5056de2,2020-04-16,2020-04-16 13:00:00,TX,48,16455,963,142092,5774,,3677,393,29,,0,1459,,,,,158547,6737
171939b66919675ed8bc6db6cf5a6831a3c66209,2020-04-16,2020-04-16 15:00:00,UT,49,2683,141,46995,1923,,357,21,1,238,17,,,,,,49678,2064
c334515489327e28bccc743028dde68dd14eee72,2020-04-16,2020-04-16 00:00:00,VA,51,6889,389,39555,1886,537,951,208,13,1114,66,1337,427,,238,,46444,2275
0eaf950a3dc2f92e4dbfb477702f2a56016a740f,2020-04-16,2020-04-16 08:30:00,VI,78,51,0,357,26,35,46,1,0,,0,,,,,,408,26
8975c960c3767af6955df8d75a482218ca1af9a3,2020-04-16,2020-04-16 00:00:00,VT,50,792,13,10259,346,,15,35,5,,0,58,,,,,11051,359
d989fd52f14fe594a2e6a2f1e07a618c735e4957,2020-04-16,2020-04-16 00:00:00,WA,53,12548,255,136262,4092,,,571,20,,0,595,196,,,,148810,4347
b38a667831814903680a300437441e4e6fc30485,2020-04-16,2020-04-16 00:00:00,WI,55,3875,154,40974,1648,218,,197,15,1121,30,394,147,299,,,44849,1802
a8ae5fdf042155fa8f898477e0f9ecbb35bb9988,2020-04-16,2020-04-16 16:30:00,WV,54,739,37,17567,613,,223,13,3,,-164,85,34,,24,,18306,650
c79789e6b8776b25928d8bfd498839bad774bebf,2020-04-16,2020-04-16 20:15:00,WY,56,296,9,6131,89,,148,2,0,43,0,19,,,,,6427,98
bcc161205aa767022c02acef41157a393689c1ce,2020-04-15,2020-04-15 15:15:00,AK,02,293,8,8371,308,,106,9,0,34,2,,,,,,8664,316
237376a7d100320f7045d0f83076d239d0c0fd47,2020-04-15,2020-04-15 00:00:00,AL,01,4113,237,29964,723,,,121,11,525,32,,,219,,134,34077,960
e769f3ffe8e3171590926a681f1a39e6ae64c83b,2020-04-15,2020-04-15 14:45:00,AR,05,1569,89,20265,614,,489,33,3,130,0,83,,43,26,39,21834,703
0ff96ba5fd9820b03e1741529786ca1517459898,2020-04-15,2020-04-06 00:00:00,AS,60,0,0,3,0,17,,,0,,0,,,,,,3,0
1836b5a8345660242449334fd67f685b8e3b8d84,2020-04-15,2020-04-15 00:00:00,AZ,04,3962,156,41348,1058,,385,142,11,,0,590,286,,202,,45310,1214
7e8eb22e145333501ca7796190d56c00a9d427cd,2020-04-15,2020-04-14 00:00:00,CA,06,24424,1086,192062,13192,13200,,821,63,,0,5163,1175,,,,216486,14278
fe1a3f5e2eebe084bb1e64f529077a542ea0bcd9,2020-04-15,2020-04-13 00:00:00,CO,08,7941,250,31639,588,,,329,21,1556,63,878,,,,,39580,838
4674a7d388122b0b15efbcad770dee462b9962f0,2020-04-15,2020-04-15 16:00:00,CT,09,14755,766,35388,3536,,,868,197,,0,1908,,,,,50143,4302
ff5b9c4689bf6bd9910e028c6af2ec96279b7928,2020-04-15,2020-04-15 00:00:00,DC,11,2197,139,9328,102,,530,72,5,,0,313,105,,79,,11525,241
ff12d87f6833a84fccc9b3b72227eac8e668dc39,2020-04-15,2020-04-15 16:15:00,DE,10,2014,253,11088,545,,354,46,5,,0,208,,,,,13102,798
5f8306a740e80686f9197220f6b41c10e563c97c,2020-04-15,2020-04-15 13:50:00,FL,12,22511,1144,190998,9185,1335,,609,72,3344,284,,,,,,213509,10329
3f4adb9fdda77326137a6cd1d62758ca85059159,2020-04-15,2020-04-15 11:28:00,GA,13,14987,764,49103,1531,,,552,51,2922,153,,,,,,64090,2295
ad8bf1518fe8443b918b3d36d42e65b456cbd07e,2020-04-15,2020-04-15 07:45:00,GU,66,133,0,843,32,,73,5,0,,0,9,2,,2,,976,32
a411f6f6c7e0659df92d529f4f7e14c73b5cfede,2020-04-15,2020-04-14 18:00:00,HI,15,517,13,19286,370,,333,9,0,45,1,,,,,,19803,383
cc9f77dc3b63808d030b01b91812c580199f2538,2020-04-15,2020-04-14 12:00:00,IA,19,1995,96,17874,888,,908,53,4,,0,171,78,,43,,19869,984
6325ab1540bb5743e31e245b5690ca601cd91b3c,2020-04-15,2020-04-14 19:00:00,ID,16,1464,11,13934,273,,,39,6,141,6,,,43,,,15398,284
63eb399277cc6e60df1bf9ca3b9ffd0fd7f71fad,2020-04-15,2020-04-15 00:00:00,IL,17,24593,1346,92336,4967,,,948,80,,0,4283,1189,,796,,116929,6313
753ccb4c5c3984066a37291dffa46437ce0a419d,2020-04-15,2020-04-14 11:59:00,IN,18,8955,428,39441,1951,,,436,48,,0,,737,,422,,48396,2379
3752f927a778415555d2ecd9b96c6910d28edad0,2020-04-15,2020-04-15 11:30:00,KS,20,1494,68,13174,453,,,76,7,342,15,,,,,,14668,521
039d1e3f542e4e8967a074068314b09b0e2fe5ea,2020-04-15,2020-04-14 17:00:00,KY,21,2210,162,25487,852,,653,115,11,687,14,305,137,263,,,27697,1014
2d2a8ec910e153043bc366ba61d74b8f073f8db0,2020-04-15,2020-04-15 13:00:00,LA,22,21951,433,99977,3073,,,1103,90,,0,1943,,,425,,121928,3506
600b3a9e404bb9f3627336bd0f38ff2a0d445a82,2020-04-15,2020-04-15 10:00:00,MA,25,29970,1861,102790,3970,,,1502,173,3637,21,3637,973,,,,132760,5831
8529decdd1c9c7dd7fa147d0e2055f92fd308560,2020-04-15,2020-04-15 10:00:00,MD,24,10032,560,45731,1470,,607,469,48,2231,109,,,,,,55763,2030
aacec8598f2cabfb133aac0a8f6be465d31601f9,2020-04-15,2020-04-15 12:00:00,ME,23,770,36,14076,2468,,305,24,4,126,2,48,22,,9,,14846,2504
96dce96687614cefc10ce5aafb029148bc89ef39,2020-04-15,2020-04-15 11:00:00,MI,26,28059,1058,61638,2413,,452,1921,153,,0,3918,1468,,1212,,89697,3471
6a34977e382b03a8703313ad58d8839a88862dea,2020-04-15,2020-04-14 17:00:00,MN,27,1809,114,38433,887,,853,87,8,445,40,197,93,175,,,40242,1001
6ad5a92cd53a1977eb30248306159068ba67a962,2020-04-15,2020-04-15 15:00:00,MO,29,4895,209,44117,825,,,147,14,,0,1024,,,,,49012,1034
b312a147d97fc115c52d6c575e8a387978448892,2020-04-15,2020-04-14 00:00:00,MP,69,13,0,27,0,7,,2,0,,0,,,,,,40,0
e2ccb6faf3083da2a90c76db184a4a544b31c293,2020-04-15,2020-04-14 19:00:00,MS,28,3360,273,34791,0,,,122,11,645,49,,154,,99,,38151,273
8a1bd14af51e1ec93d06ba3c1b24906ac2b43203,2020-04-15,2020-04-15 11:59:00,MT,30,404,5,9179,344,,209,7,0,51,1,21,,,,,9583,349
4069603a61ac682c9832b5df8d121f5da56ad33b,2020-04-15,2020-04-15 11:00:00,NC,37,5123,99,62704,2689,,,117,9,,0,431,,,,,67827,2788
48a59d0843087e61048fc5dd54c8f5035c3ad3d1,2020-04-15,2020-04-15 13:00:00,ND,38,365,24,10952,377,,142,9,0,44,2,13,,,,,11317,401
88d8da2f77d6602ff6a84c0a66da942acce6696b,2020-04-15,2020-04-14 19:45:00,NE,31,901,30,10828,342,,,20,2,,0,,,,,,11729,372
a0356b6e16abcc7d32d3ad8f2023528533218ca4,2020-04-15,2020-04-15 09:00:00,NH,33,1139,119,11027,437,121,365,32,9,178,26,70,,,,,12166,556
6b38417bf3f453739089b6de556bacbb1762f6ee,2020-04-15,2020-04-15 13:00:00,NJ,34,71030,2206,72991,2041,,,3156,351,,0,8270,1980,,1705,,144021,4247
77a7be10866a0ed17a4a63bb6475cc6781de555e,2020-04-15,2020-04-14 18:56:00,NM,35,1407,62,31443,818,,340,36,5,181,0,87,,,,,32850,880
830b3f23dc9ace63231be7276d82f3d4d6c9883e,2020-04-15,2020-04-15 12:00:00,NV,32,3211,123,24444,871,,,131,11,,0,,,,,,27655,994
4215f9d89688cff167dc8d2ed024c0fe636e2ba0,2020-04-15,2020-04-15 00:00:00,NY,36,213779,11571,312233,15298,,28004,11586,752,56968,2315,18535,5225,,,,526012,26869
1ea609960a27ecde6d620feb6023c6e456ece0eb,2020-04-15,2020-04-15 14:00:00,OH,39,7791,511,63761,3040,,,361,37,2237,81,,,677,,,71552,3551
8f51dc170f9c471cbac3ff4f9cf6f0f27da239bd,2020-04-15,2020-04-15 08:00:00,OK,40,2263,79,26956,871,,1115,123,15,510,22,194,107,,,,29219,950
34d4268d3faf78eab7da043372aa03dcc37dcdff,2020-04-15,2020-04-15 11:00:00,OR,41,1663,30,31688,958,,,58,3,401,20,305,95,,43,,33351,988
2a099ccfd5e9cb1280db5169b8b2a75c266541a8,2020-04-15,2020-04-15 12:00:00,PA,42,26490,1145,111094,2808,,,647,63,,0,2395,,,668,,137584,3953
64c0452086f0fda11e1c050493283784b1ff3bbe,2020-04-15,2020-04-15 07:00:00,PR,72,974,51,6825,541,1410,,51,6,,0,,,,,,7799,592
3082def7aeac1fd6d9bdb19fe37a4653d6eb33b4,2020-04-15,2020-04-15 00:00:00,RI,44,3529,278,22368,2719,,168,87,7,331,0,229,54,,44,,25897,2997
cc563c16c4ff356d1673ceb2995e541e31562335,2020-04-15,2020-04-15 14:55:00,SC,45,3656,103,31077,758,,,107,10,675,0,,,,,,34733,861
704af3e841a1fe19151e7dcf86b653f81e301f81,2020-04-15,2020-04-15 12:30:00,SD,46,1168,180,8691,383,0,329,6,0,51,6,,,,,,9859,563
bd43745fe85e4bc0de71b838ff4b9d0470176161,2020-04-15,2020-04-15 15:00:00,TN,47,6079,256,74817,1809,,2196,135,11,663,30,,,,,,80896,2065
2613c81683c68bad096ed56ee22ddc5b8cbb1932,2020-04-15,2020-04-15 13:00:00,TX,48,15492,868,136318,4475,,3150,364,46,,0,1538,,,,,151810,5343
7c362b2c61befd2b1f9ad4c8b67e4e5e5c88c82e,2020-04-15,2020-04-15 15:00:00,UT,49,2542,130,45072,1008,,218,20,1,221,8,,,,,,47614,1138
28814e8a32710e0b24836fe8feaabe5deb5cae8d,2020-04-15,2020-04-15 00:00:00,VA,51,6500,329,37669,1077,496,752,195,41,1048,1048,1298,394,,234,,44169,1406
0a718f479553413bf0047e14c5ec68d06aa10685,2020-04-15,2020-04-14 17:30:00,VI,78,51,0,331,5,35,44,1,0,,0,,,,,,382,5
a1718bf04e37ee773d7b572892ecf5da15bc27f7,2020-04-15,2020-04-15 00:00:00,VT,50,779,9,9913,422,,15,30,1,,0,63,,,,,10692,431
37cab82b188e400828c6c860323fff186c2e576d,2020-04-15,2020-04-15 00:00:00,WA,53,12293,312,132170,3832,,,551,9,,0,645,194,,,,144463,4144
599d5440ec5765fea2c6772259499fdecccb1f88,2020-04-15,2020-04-15 11:01:00,WI,55,3721,166,39326,1329,280,,182,12,1091,42,406,163,290,,,43047,1495
993ef582d2f4c3bae34ec92dfcf59be67ee42ac5,2020-04-15,2020-04-15 10:00:00,WV,54,702,62,16954,556,,211,10,1,164,0,82,36,73,23,50,17656,618
542394b4c79df5b7ae586d69361f48bf05789775,2020-04-15,2020-04-15 12:30:00,WY,56,287,12,6042,353,,129,2,1,43,0,,,,,,6329,365
5beefb9a5a90a43b3df16142ac3a3e6ff22e5abd,2020-04-14,2020-04-14 14:15:00,AK,02,285,8,8063,510,,98,9,1,32,0,,,,,,8348,518
8c30d9cb0ba5bcb0c7db0c285bb1aff15a2bfbd8,2020-04-14,2020-04-14 00:00:00,AL,01,3876,142,29241,3793,,,110,11,493,36,,,210,,132,33117,3935
77726cd49f90d3f3fd5a9dd2d6a0b9c9045a0bef,2020-04-14,2020-04-14 14:46:00,AR,05,1480,70,19651,257,,427,30,0,130,0,81,,43,29,39,21131,327
a2bf79870ea45b9b8dd923da9c626eb51e89d910,2020-04-14,2020-04-06 00:00:00,AS,60,0,0,3,0,17,,,0,,0,,,,,,3,0
c7e35cff045b5a93637a5fc5f2e28ce07396bc91,2020-04-14,2020-04-14 00:00:00,AZ,04,3806,104,40290,645,,249,131,9,,0,580,286,,216,,44096,749
e26b7130f7b4af50f1b5ef2306b90e274765e0b7,2020-04-14,2020-04-13 00:00:00,CA,06,23338,990,178870,10336,13200,,758,71,,0,5163,1552,,,,202208,11326
28f29dee423e05634a5e3ba1a623a72682905439,2020-04-14,2020-04-12 00:00:00,CO,08,7691,7,31051,1201,,,308,4,1493,21,888,,,,,38742,1208
3bd08e9df29ecadd9311f4e99b460f5b9c119d46,2020-04-14,2020-04-14 16:00:00,CT,09,13989,608,31852,924,,,671,69,,0,1779,,,,,45841,1532
e8d3a33dcda0c0a6b273ec066b49b040c7fc7d36,2020-04-14,2020-04-14 00:00:00,DC,11,2058,103,9226,247,,518,67,14,,0,295,95,,31,,11284,350
cff31f1f58b15a7b9f7bec7ac9e6c5f8950fc57a,2020-04-14,2020-04-14 17:45:00,DE,10,1761,136,10543,348,,277,41,6,,0,204,,,,,12304,484
bb60aaabf3c4fb4c0c7d38a5b430cb411037f5e6,2020-04-14,2020-04-14 16:59:00,FL,12,21367,766,181813,6207,1275,,537,54,3060,227,,,,,,203180,6973
9e982b91c2fa36d7c41db3773f8f9a64850efe8b,2020-04-14,2020-04-14 18:28:00,GA,13,14223,908,47572,3866,,,501,37,2769,180,,,,,,61795,4774
cbd7aa1d5ffc1c26b5a73da132b6012351fdda7d,2020-04-14,2020-04-14 08:15:00,GU,66,133,0,811,41,,66,5,0,,0,13,2,,2,,944,41
b21b45efacec8f2a464bde536ad6059f1dc4bb7e,2020-04-14,2020-04-14 18:00:00,HI,15,504,5,18916,571,,315,9,0,44,0,,,,,,19420,576
f06f739ea72e3b646dcf6c6ea6c82b9939db460d,2020-04-14,2020-04-14 00:00:00,IA,19,1899,189,16986,0,,741,49,6,,0,163,73,,41,,18885,189
59fa09dd09ccb5e02d0c70f64e28e19f824fec4d,2020-04-14,2020-04-14 19:00:00,ID,16,1453,27,13661,206,,,33,6,135,3,,,38,,,15114,233
df802a858666e3198c5a3be50e9387df930dbbdc,2020-04-14,2020-04-14 00:00:00,IL,17,23247,1222,87369,3626,,,868,74,,0,4283,1189,,796,,110616,4848
590ef918be20ceac374694aa7478747282a311b9,2020-04-14,2020-04-14 13:00:00,IN,18,8527,291,37490,1187,,,388,38,,0,,721,,435,,46017,1478
53afb8ba6e6ae49dc273b43146ac5507935add4b,2020-04-14,2020-04-14 12:00:00,KS,20,1426,50,12721,233,,,69,7,327,18,,,,,,14147,283
47f400748951cb6012586de84b3b9b61e35e2716,2020-04-14,2020-04-14 17:00:00,KY,21,2048,85,24635,732,,629,104,7,673,6,299,136,259,,,26683,817
49c62dc172db8ae8a0520ecb66c5ebf6557aa2b0,2020-04-14,2020-04-13 13:00:00,LA,22,21518,502,96904,9829,,,1013,129,,0,1977,,,436,,118422,10331
2c5294cf16b253fa61da6fd23ea5ed24e9117689,2020-04-14,2020-04-14 10:00:00,MA,25,28109,1315,98820,3320,,,1329,118,3616,131,3616,,,,,126929,4635
eda61d660a821518f897aac2e07825dc033a924e,2020-04-14,2020-04-14 10:00:00,MD,24,9472,536,44261,1446,,607,421,37,2122,147,,,,,,53733,1982
0b4c4b603b517be75a18965ed9d3540b97a6bda8,2020-04-14,2020-04-14 11:45:00,ME,23,734,36,11608,0,,292,20,1,124,0,58,21,,9,,12342,36
34b112b754aba2ed7ad049aef5912aa8e17ac02b,2020-04-14,2020-04-14 11:00:00,MI,26,27001,1366,59225,2216,,452,1768,166,,0,3910,1497,,1235,,86226,3582
d60eb3c47abd3fb69eee85691fa545cea4ce210e,2020-04-14,2020-04-13 17:00:00,MN,27,1695,45,37546,769,,830,79,9,405,44,177,75,155,,,39241,814
056f04f1fc3c8d38eacbb79e4ef74c9d4322d91d,2020-04-14,2020-04-14 15:00:00,MO,29,4686,298,43292,2252,,,133,19,,0,1041,,,,,47978,2550
c3262948ea1e8dda2a9e269c10f86fc154c7e8d6,2020-04-14,2020-04-14 00:00:00,MP,69,13,2,27,0,7,,2,0,,0,,,,,,40,2
62a7af9395aa20d767821635cb0cd35add59cc27,2020-04-14,2020-04-13 19:00:00,MS,28,3087,145,34791,6749,,,111,13,596,47,,154,,99,,37878,6894
f4ab53f68f55407b2f6a4c5cae6ba89e98342c9d,2020-04-14,2020-04-14 11:56:00,MT,30,399,5,8835,131,,197,7,0,50,3,24,,,,,9234,136
597b83d71844ea78579cc440a6dd97a36974c957,2020-04-14,2020-04-14 11:00:00,NC,37,5024,208,60015,1443,,,108,22,,0,418,,,,,65039,1651
e592326d6538460881e27a9d35f9fba705b915d0,2020-04-14,2020-04-14 13:00:00,ND,38,341,10,10575,125,,138,9,1,42,2,13,,,,,10916,135
1203da394d6fe0b1faaa39c3625e18530193ab12,2020-04-14,2020-04-14 19:45:00,NE,31,871,57,10486,328,,,18,1,,0,,,,,,11357,385
7ae9202bb0ccadcf1374df20fccbf3f398fbf8f4,2020-04-14,2020-04-14 09:00:00,NH,33,1020,35,10590,368,25,249,23,0,152,0,72,,,,,11610,403
b92bbb4938379d2192485e010c5f50154dfc1886,2020-04-14,2020-04-14 13:00:00,NJ,34,68824,4240,70950,6065,,,2805,362,,0,8185,2051,,1626,,139774,10305
fcdc5fb65b3f215c0327474c2b4c487f42bbd09d,2020-04-14,2020-04-14 20:56:00,NM,35,1345,100,30625,1355,,304,31,5,181,181,87,,,,,31970,1455
321bf72ac6da0221cb4e7d8a160716561cbce597,2020-04-14,2020-04-14 18:00:00,NV,32,3088,117,23573,1080,,,120,6,,0,,,,,,26661,1197
ae256768f2a4054d432bcd55a4c05d6dcdff1f7f,2020-04-14,2020-04-14 00:00:00,NY,36,202208,7177,296935,13609,,25589,10834,778,54653,1717,18697,5225,,,,499143,20786
c2119596f8d258b0797cedd23da0bc673a2b77cd,2020-04-14,2020-04-14 14:00:00,OH,39,7280,305,60721,2584,,,324,50,2156,123,,,654,,,68001,2889
7dcd609c1486d13af5d918532d6987e1d073299f,2020-04-14,2020-04-14 08:00:00,OK,40,2184,115,26085,5295,,1060,108,9,488,31,194,107,,,,28269,5410
093352db5316527c8ca29ee597faaa2ac9f5ef74,2020-04-14,2020-04-14 11:00:00,OR,41,1633,49,30730,1193,,,55,2,381,12,311,88,,44,,32363,1242
5b173f2532aed2e0a4f617e75225473004d936d1,2020-04-14,2020-04-14 12:00:00,PA,42,25345,1146,108286,2693,,,584,60,,0,2317,,,675,,133631,3839
0df45b78dfdbde97030aea55ecdff1a46fbebdf1,2020-04-14,2020-04-14 07:00:00,PR,72,923,20,6284,324,1322,,45,0,,0,,,,,,7207,344
c1d4f4e1094087fcd90cc0d859d0de46f3a33e4c,2020-04-14,2020-04-14 00:00:00,RI,44,3251,275,19649,1964,,135,80,7,331,0,213,48,,,,22900,2239
11abcf8b2d84b4bd5101387e7a86cfed129d06df,2020-04-14,2020-04-14 15:55:00,SC,45,3553,234,30319,2213,,,97,15,675,179,,,,,,33872,2447
e53fa51ba3e6fbcf3903c0fe090a0a21aa0e0d5e,2020-04-14,2020-04-13 18:00:00,SD,46,988,120,8308,174,0,261,6,0,45,1,,,,,,9296,294
d2364fbec87051cbe64d7ac5b47abc3e8f854917,2020-04-14,2020-04-14 15:00:00,TN,47,5823,213,73008,2423,,1969,124,15,633,54,,,,,,78831,2636
d4346bbd4b365b49b37bf16e7d434caa965fc8a5,2020-04-14,2020-04-14 12:45:00,TX,48,14624,718,131843,12523,,2580,318,31,,0,1409,,,,,146467,13241
1bf0cd67cbbd6e80df02220d187cb3a99c6c46c9,2020-04-14,2020-04-14 15:00:00,UT,49,2412,49,44064,640,,218,19,1,213,12,,,,,,46476,689
ff6d02ef1428fd9b00da977a1d53aaba2ab750ce,2020-04-14,2020-04-13 17:00:00,VA,51,6171,424,36592,938,469,721,154,5,,0,1282,422,,276,,42763,1362
1bc465ba2c3b4454bee0de425f843eb724cc0003,2020-04-14,2020-04-14 17:30:00,VI,78,51,0,326,4,23,44,1,0,,0,,,,,,377,4
baecf6efa57f84bb680619ea0e86b4df754000cf,2020-04-14,2020-04-14 00:00:00,VT,50,770,9,9491,216,,15,29,1,,0,64,,,,,10261,225
a60e8201ce9493ef62f7d6f6e687eb0bf86a1585,2020-04-14,2020-04-14 00:00:00,WA,53,11981,224,128338,4066,,,542,16,,0,387,98,,,,140319,4290
f05144390b53cb8e041f5a5e3a35fa017a42b3a4,2020-04-14,2020-04-14 16:00:00,WI,55,3555,127,37997,1228,277,,170,16,1049,56,432,161,283,,,41552,1355
9f654ca5b9202b40c3337a07635be97a48cd4821,2020-04-14,2020-04-14 17:00:00,WV,54,640,14,16398,369,,147,9,0,164,0,87,38,73,25,50,17038,383
4cc4ba5646a6bbbe43fffa85c000a23160c217f3,2020-04-14,2020-04-14 16:05:00,WY,56,275,0,5689,0,,140,1,0,43,2,,,,,,5964,0
d81f3d1fdc0e4f4bec1e6ff8f76f25cbe32b7c78,2020-04-13,2020-04-13 00:00:00,AK,02,277,5,7553,-213,,85,8,0,32,1,,,,,,7830,-208
f01ba64509f72e18e0d89a283e6d34464fbbc7f4,2020-04-13,2020-04-13 00:00:00,AL,01,3734,209,25448,7390,,,99,6,457,20,,,189,,119,29182,7599
0addb14233e8d34272c576ccb50a9273e0dbc5cf,2020-04-13,2020-04-13 13:33:00,AR,05,1410,130,19394,952,,391,30,3,130,0,74,,43,28,39,20804,1082
aeb1e0bbf0165e835d0e1190cbe044c3a7f1304b,2020-04-13,2020-04-06 00:00:00,AS,60,0,0,3,0,,,,0,,0,,,,,,3,0
27857e1061b237004e010521521ce23743346b8c,2020-04-13,2020-04-13 00:00:00,AZ,04,3702,163,39645,1075,,,122,7,,0,525,286,,195,,43347,1238
89e8e31feaa09d57d4a9a4fcb0a0d3ee8fc328b1,2020-04-13,2020-04-12 00:00:00,CA,06,22348,554,168534,0,13200,,687,36,,0,3015,1178,,,,190882,554
87062577f2977910c21af3138f98ef1462ae13e3,2020-04-13,2020-04-11 00:00:00,CO,08,7684,791,29850,1870,,,304,30,1472,96,842,,,,,37534,2661
e4199bf89a68e02afe634224eaa659013c9c295b,2020-04-13,2020-04-13 16:00:00,CT,09,13381,1346,30928,1743,,,602,48,,0,1760,,,,,44309,3089
74fbb8debc04d225f7a6c391cc284a7624f8c263,2020-04-13,2020-04-13 00:00:00,DC,11,1955,80,8979,214,,507,53,3,,0,295,95,,31,,10934,294
464e67fbe25606e8d3d128fb4109ce273ca2a400,2020-04-13,2020-04-13 17:00:00,DE,10,1625,146,10195,571,,213,35,2,,0,201,,,,,11820,717
779ae181b191f7d3398fb77d27f63c7fec0668ee,2020-04-13,2020-04-13 17:27:00,FL,12,20601,1246,175606,12208,1789,,483,18,2833,61,,,,,,196207,13454
7e5401a52c452397f1b182e1b626baf9ca9dd355,2020-04-13,2020-04-13 18:27:00,GA,13,13315,863,43706,1705,,,464,31,2589,84,,,,,,57021,2568
c15c2a4236edc5ff8824ea1a1654cdbaf110cac5,2020-04-13,2020-04-13 08:00:00,GU,66,133,0,770,77,,58,5,0,,0,12,2,,2,,903,77
33309ace74a9ddc7a3582136a543b66346e03d0a,2020-04-13,2020-04-13 18:00:00,HI,15,499,13,18345,863,,310,9,1,44,0,,,6,,2,18844,876
31057e5cdc0acc236302ac5ec3ad446b9d512183,2020-04-13,2020-04-12 00:00:00,IA,19,1710,123,16986,981,,741,43,2,,0,142,70,,41,,18696,1104
3f402cfdae3a595f3050007b8e4d9724d5cf8e3d,2020-04-13,2020-04-13 19:00:00,ID,16,1426,19,13455,554,,,27,0,132,1,,,38,,,14881,573
11c218801da14841f49c5393c8361e0913c3ba0d,2020-04-13,2020-04-13 00:00:00,IL,17,22025,1173,83743,3860,,,794,74,,0,3680,1166,,821,,105768,5033
34608d97b2a367871f6f41913cf9a8a28761b5ba,2020-04-13,2020-04-12 23:59:00,IN,18,8236,308,36303,1742,,,350,7,,0,,740,,459,,44539,2050
6e8ebe9c5c4152ab3c9397f8eadada2e959ef0b8,2020-04-13,2020-04-13 11:30:00,KS,20,1376,39,12488,572,,,62,6,309,11,,,,,,13864,611
6c3b2b7a200e1cd5ae6b14288a1917d85f0e356d,2020-04-13,2020-04-13 17:00:00,KY,21,1963,123,23903,1176,,607,97,3,667,208,289,136,256,,,25866,1299
def68487f48f574cf963c28f45602385e0ab6cbc,2020-04-13,2020-04-13 13:00:00,LA,22,21016,421,87075,3625,,,884,44,,0,2134,,,461,,108091,4046
f8ab4d2efb1ef203f3baa78ed0661a8d202dbc16,2020-04-13,2020-04-13 10:00:00,MA,25,26794,1413,95500,4037,,,1211,155,3485,971,3485,,,,,122294,5450
9921ec4cdec7f10f5b84e5f902dc198d62928719,2020-04-13,2020-04-13 10:00:00,MD,24,8936,711,42815,1276,,603,384,49,1975,115,,,,,,51751,1987
38f36732059807834421f56be681e685431d9d21,2020-04-13,2020-04-13 11:45:00,ME,23,698,65,11608,5520,,273,19,0,124,4,22,,,,,12306,5585
a7507f0f635fd653fd0a5c3b9516c18265b67116,2020-04-13,2020-04-13 11:00:00,MI,26,25635,997,57009,2210,,447,1602,115,,0,3986,1570,,1365,,82644,3207
b94f69a7d965536f72d4ac6267eb852d2a521c41,2020-04-13,2020-04-12 17:00:00,MN,27,1650,29,36777,977,,772,70,0,361,0,157,74,146,,,38427,1006
d6b6b8e75d02360e7b83ff301511384f4b21b8bf,2020-04-13,2020-04-13 15:00:00,MO,29,4388,228,41040,0,,,114,4,,0,988,,,,,45428,228
bea78c55a90d15a530095d534efd54837fc40f62,2020-04-13,2020-04-12 00:00:00,MP,69,11,0,27,0,9,,2,0,,0,,,,,,38,0
8deffd64f3d14dfaa0b1c5ea21542b1cf72f5985,2020-04-13,2020-04-13 00:00:00,MS,28,2942,161,28042,9410,,,98,2,549,1,,124,,84,,30984,9571
559f808c6bfc64e456edb89ea43a7a5f7d0e1f8e,2020-04-13,2020-04-13 13:11:00,MT,30,394,7,8704,178,,171,7,1,47,0,21,,,,,9098,185
3433eae2293c433ab8020dc54ad3897a4b08d8e9,2020-04-13,2020-04-13 11:00:00,NC,37,4816,296,58572,953,,,86,5,,0,313,,,,,63388,1249
f364e29b2d515405952884f648bd1f89535cb521,2020-04-13,2020-04-13 13:00:00,ND,38,331,23,10450,408,,127,8,0,40,1,13,,,,,10781,431
121c44e6457783fd3979372296e4e4d4c95fb1a5,2020-04-13,2020-04-13 20:03:00,NE,31,814,23,10158,258,,,17,0,,0,,,,,,10972,281
7261952358a3c576b7ea77e6d1553de2a1136edf,2020-04-13,2020-04-13 09:00:00,NH,33,985,56,10222,226,125,239,23,0,152,6,,,,,,11207,282
b837f34543130203524e237f4df44787dcc665c6,2020-04-13,2020-04-13 14:00:00,NJ,34,64584,2734,64885,0,,,2443,93,,0,7781,1886,,1611,,129469,2734
102c0634ceb6dbcd6fdc25924853d91898e6b9a5,2020-04-13,2020-04-13 00:00:00,NM,35,1245,71,29270,1752,,295,26,6,,0,80,,,,,30515,1823
d418dc8572c082674f79b3c3e39ec2bdd5c7edf5,2020-04-13,2020-04-13 10:00:00,NV,32,2971,135,22493,718,,,114,2,,0,,,,,,25464,853
9ab73abc2f63dc2f514d85e29ea5be4ed54b46c5,2020-04-13,2020-04-13 00:00:00,NY,36,195031,6337,283326,10419,,23887,10056,671,52936,2017,18825,5156,,,,478357,16756
d3d1eeeec78fec83d9f5570568c8a6a76b08aae5,2020-04-13,2020-04-13 14:00:00,OH,39,6975,371,58137,1498,,,274,21,2033,85,,,613,,,65112,1869
d688a980aa0068257be50b9dc86ddb765aabb04f,2020-04-13,2020-04-13 08:00:00,OK,40,2069,99,20790,0,,865,99,3,457,11,383,191,,,,22859,99
571802fbfd05d6ec6d11b997e05d9c20e93572b5,2020-04-13,2020-04-13 11:00:00,OR,41,1584,57,29537,1306,,,53,1,369,10,321,96,,50,,31121,1363
077ea8c7a0d1779848b74aeef16546bed6873a7f,2020-04-13,2020-04-13 12:00:00,PA,42,24199,1366,105593,3536,,,524,17,,0,2243,,,669,,129792,4902
5f62e894831256083bad90cd9943bac6b4530707,2020-04-13,2020-04-13 06:00:00,PR,72,903,6,5960,141,1288,,45,1,,0,,,,,,6863,147
9e2a1f363a0e7ff09442f102ec37ed211baecc1b,2020-04-13,2020-04-13 00:00:00,RI,44,2976,311,17685,0,,135,73,10,331,331,197,50,,26,,20661,311
3d5224ea2ef44a1c903678346dc849602f4d0668,2020-04-13,2020-04-13 17:26:00,SC,45,3319,0,28106,0,,,82,0,496,0,,,,,,31425,0
f988f44376ee7d72b9d6f434dad39b1ad8bbe013,2020-04-13,2020-04-12 18:00:00,SD,46,868,138,8134,311,0,207,6,0,44,1,,,,,,9002,449
627e9772b2f14047ac576cdadbae584dda04af4e,2020-04-13,2020-04-13 15:00:00,TN,47,5610,302,70585,5216,,1671,109,8,579,12,,,,,,76195,5518
a3090da01a2fac74dac11584b0d57e996f77989f,2020-04-13,2020-04-13 12:45:00,TX,48,13906,422,119320,8271,,2269,287,16,,0,1176,,,,,133226,8693
2578ec4612b4b2c5aa6708b666910913b14ca0b2,2020-04-13,2020-04-13 15:00:00,UT,49,2363,60,43424,1493,,218,18,0,201,6,,,,,,45787,1553
d248a1cdb38670c771666089b9c6957f5282714b,2020-04-13,2020-04-13 09:00:00,VA,51,5747,473,35654,943,473,,149,8,,0,1238,428,,302,,41401,1416
af5b510ab55e3bbf805f6af62e1468be37b55f67,2020-04-13,2020-04-13 18:30:00,VI,78,51,0,322,23,2,43,1,0,,0,,,,,,373,23
64a08541d1dae3b44afcd15736cb3274f114c561,2020-04-13,2020-04-13 00:00:00,VT,50,761,7,9275,551,,15,28,1,,0,33,,,,,10036,558
d8dfd228bbae619d2a84f35930692b712be7260b,2020-04-13,2020-04-13 00:00:00,WA,53,11757,300,124272,3900,,,526,17,,0,527,166,,,,136029,4200
ac3c80357a53b87faf5de677fb13aee6e0f20cf3,2020-04-13,2020-04-13 00:00:00,WI,55,3428,87,36769,853,273,,154,10,993,19,442,175,264,,,40197,940
3acf08f5b12380b89b5e63fa3e8a6326386d980f,2020-04-13,2020-04-13 17:00:00,WV,54,626,15,16029,383,,85,9,1,164,164,95,43,73,23,50,16655,398
71cdb1f0f7881800edb2bd826bc686ff7b7844fb,2020-04-13,2020-04-13 15:19:00,WY,56,275,14,5689,491,,138,1,1,41,1,,,,,,5964,505
28dd4416375d45e631e82f3bc8f1c6a4b606ae7e,2020-04-12,2020-04-12 14:50:00,AK,02,272,15,7766,291,,66,8,0,31,0,,,,,,8038,306
dc911df91077d70cd8cfc8d75f8574236347023f,2020-04-12,2020-04-12 00:00:00,AL,01,3525,334,18058,0,,,93,2,437,35,,,189,,119,21583,334
8369488ae7377dfa11a55c3ea2f1a76be80b7847,2020-04-12,2020-04-12 11:33:00,AR,05,1280,54,18442,1090,,367,27,3,130,0,74,,43,30,39,19722,1144
ff56b02a529d586413b5a3f7e7edb43bbe40cf62,2020-04-12,2020-03-31 19:16:00,AS,60,0,0,3,0,2,,,0,,0,,,,,,3,0
01e2905ca7e2b4a378580390047854807a289612,2020-04-12,2020-04-12 00:00:00,AZ,04,3539,146,38570,1433,,,115,7,,0,,,,,,42109,1579
dd06e5903939f34fe1b754d22305972062c6e442,2020-04-12,2020-04-11 00:00:00,CA,06,21794,1179,168534,15930,13200,,651,42,,0,5234,1539,,,,190328,17109
6a38f4eac764b02561845ce3c89f2afa25cb83f4,2020-04-12,2020-04-10 00:00:00,CO,08,6893,383,27980,1837,,,274,24,1376,64,822,,,,,34873,2220
7f0f6133cba63b5be3750dcef373d67c56b2575e,2020-04-12,2020-04-12 16:00:00,CT,09,12035,525,29185,864,,,554,60,,0,1654,,,,,41220,1389
9383384f96f8310181ef2294061779b5ea9c4aca,2020-04-12,2020-04-11 00:00:00,DC,11,1875,97,8765,504,,493,50,3,,0,,,,,,10640,601
bf7f2c181bd3dacb8c98a4adb8a5acf8f4418cc2,2020-04-12,2020-04-11 13:30:00,DE,10,1479,0,9624,0,,191,33,0,,0,190,,,,,11103,0
c552820b27a63539a064071a23a2d29f0ddbffbe,2020-04-12,2020-04-12 11:23:00,FL,12,19355,861,163398,8959,1297,,465,27,2772,111,,,,,,182753,9820
0a3120087f8d32dd9a0299ab28512b1237ead437,2020-04-12,2020-04-12 11:27:00,GA,13,12452,293,42001,2445,,,433,5,2505,26,,,,,,54453,2738
990cd6b281cd198e2f14bc074939ed1b95682722,2020-04-12,2020-04-11 07:40:00,GU,66,133,0,693,0,,58,5,0,,0,13,2,,2,,826,0
c18fb4bff03aaef49b6fed7b3dfe09cb9a60a67e,2020-04-12,2020-04-11 18:00:00,HI,15,486,21,17482,416,,300,8,0,44,1,,,6,,2,17968,437
28c18931f71da2e94d0f0e2a035c9c8739ca178e,2020-04-12,2020-04-12 00:00:00,IA,19,1587,77,16005,383,,674,41,7,,0,129,55,,30,,17592,460
09e94b380a10dc45bcd5e99e4e038715a9447c96,2020-04-12,2020-04-11 19:00:00,ID,16,1407,11,12901,533,,,27,2,131,3,,,38,,,14308,544
ae542540b49ca3aeb0e659f073af9b864a3b4d0b,2020-04-12,2020-04-12 00:00:00,IL,17,20852,1672,79883,6914,,,720,43,,0,3680,1166,,821,,100735,8586
b92cf35886c999d6de138057badf704de50e5064,2020-04-12,2020-04-11 11:59:00,IN,18,7928,493,34561,2781,,,343,13,,0,,820,,497,,42489,3274
38bb230e3c406bb9442332ccc411f8d22ea5e0df,2020-04-12,2020-04-12 12:00:00,KS,20,1337,69,11916,841,,,56,1,298,5,,,,,,13253,910
a426fc1143fac465342705bf74b15001695725f7,2020-04-12,2020-04-11 17:00:00,KY,21,1840,147,22727,132,,464,94,4,459,0,271,105,177,,,24567,279
90595fd16407625b48cad6297fc97bac2fbcf98d,2020-04-12,2020-04-12 13:00:00,LA,22,20595,581,83450,6549,,,840,34,,0,2084,,,458,,104045,7130
09f578d23e435e0fd6b6b8d7657cf08a9aa935fe,2020-04-12,2020-04-12 16:00:00,MA,25,25381,2615,91463,5348,,,1056,110,2514,7,2514,,,,,116844,7963
96f6859550aac05de843b44e9bf6516e30b9cd85,2020-04-12,2020-04-12 10:00:00,MD,24,8225,531,41539,1995,,456,335,37,1860,151,,,,,,49764,2526
3563d8fac8212474f5f540aa5188c895c7094d94,2020-04-12,2020-04-12 10:30:00,ME,23,633,17,6088,0,,266,19,0,120,6,,,,,,6721,17
40d8c50a3aea9cc1b39862db7cf4d16929ebd64d,2020-04-12,2020-04-12 11:00:00,MI,26,24638,645,54799,2778,,433,1487,95,,0,3636,1582,,1441,,79437,3423
34f4ccd5f422df897a034f0a43c5659e78c9f9fd,2020-04-12,2020-04-11 21:00:00,MN,27,1621,194,35800,1823,,772,70,6,361,21,157,74,146,,,37421,2017
e8241d76539cfecbb9e750f2beca9c4b5660ac16,2020-04-12,2020-04-12 15:00:00,MO,29,4160,136,41040,1892,,,110,1,,0,988,,,,,45200,2028
d843c5e7c68a5a0cd36fd817acebb8528bbf42fe,2020-04-12,2020-04-11 00:00:00,MP,69,11,0,27,0,9,,2,0,,0,,,,,,38,0
3351b28f98ff054edadeb1e873c799eb491a0b86,2020-04-12,2020-04-11 19:00:00,MS,28,2781,139,18632,0,,,96,3,548,20,,,,,,21413,139
0657047d4e95e80b5b2bd102165a2989a6948070,2020-04-12,2020-04-12 10:21:00,MT,30,387,10,8526,322,,169,6,0,47,1,22,,,,,8913,332
aa6d5b81754149c08f3e957c3e406163867972d3,2020-04-12,2020-04-12 10:45:00,NC,37,4520,208,57619,1538,,,81,1,,0,331,,,,,62139,1746
4eb9a330b02565c681f4601d758f96c81e52e40c,2020-04-12,2020-04-12 12:58:00,ND,38,308,15,10042,255,,121,8,1,39,3,12,,,,,10350,270
bfb440d25572109b6e9d5aed0fb269f0610e9dff,2020-04-12,2020-04-12 13:40:00,NE,31,791,91,9900,615,,,17,0,,0,,,,,,10691,706
aaf41f7b0d73b2f352c89689bf8223e76ee4269c,2020-04-12,2020-04-11 09:00:00,NH,33,929,44,9996,388,119,236,23,1,146,12,,,,,,10925,432
249685f33766a5e29cb5e7fc114fbc2495c4fcee,2020-04-12,2020-04-12 13:00:00,NJ,34,61850,3699,64885,2843,,,2350,167,,0,7604,1914,,1644,,126735,6542
9d92a6250897a04b82bc7206c473052012305f19,2020-04-12,2020-04-11 00:00:00,NM,35,1174,83,27518,1511,,235,20,1,,0,78,,,18,,28692,1594
2ecaf627faba1a5d0b3acff2bb1e13cd0efe5d91,2020-04-12,2020-04-12 10:30:00,NV,32,2836,136,21775,888,,,112,10,,0,282,,,,,24611,1024
466038bd1be4036182a9f1f73540f81731cfc312,2020-04-12,2020-04-12 00:00:00,NY,36,188694,8236,272907,12385,,23887,9385,758,50919,2622,18707,5198,,,,461601,20621
3cae6be884b9214293a56eb8ee7988661c0b6be2,2020-04-12,2020-04-12 14:00:00,OH,39,6604,354,56639,2418,,,253,6,1948,89,,,595,,,63243,2772
7a188fc85d2cb213fbb491a38a70b9fe446f9c99,2020-04-12,2020-04-12 08:00:00,OK,40,1970,102,20790,0,,865,96,2,446,0,383,191,,,,22760,102
ad2e33751f58b2c072de07cd7342d8c93bd450bd,2020-04-12,2020-04-12 11:00:00,OR,41,1527,156,28231,2378,,,52,4,359,21,295,81,,52,,29758,2534
8235f3e9209f1d61e59e72b85ac17df82423d544,2020-04-12,2020-04-12 12:00:00,PA,42,22833,1178,102057,3559,,,507,13,,0,2097,,,649,,124890,4737
1209b54c7cdef521d870455b05bdd8c156596ca7,2020-04-12,2020-04-12 07:00:00,PR,72,897,109,5819,236,1251,,44,2,,0,,,,,,6716,345
061d754ef33052e892386fe360016d8fd7d1d569,2020-04-12,2020-04-12 00:00:00,RI,44,2665,316,17685,1827,,35,63,7,,0,201,50,,26,,20350,2143
328c2b011d4685bab7052d886978058c3e1ce2bf,2020-04-12,2020-04-12 15:30:00,SC,45,3319,112,28106,1220,,,82,2,496,0,,,,,,31425,1332
315e5ce6a41fbb28548ddb4a7e4abedffe633f99,2020-04-12,2020-04-11 18:00:00,SD,46,730,104,7823,445,0,197,6,0,43,10,,,,,,8553,549
0d025df29e172f6e13b79ea140d59beee8da938b,2020-04-12,2020-04-11 15:00:00,TN,47,5308,194,65369,3655,,1504,101,0,567,11,,,,,,70677,3849
29c9c5df9d87d613a40900778f9f13bb6c497e99,2020-04-12,2020-04-11 21:00:00,TX,48,13484,923,111049,3077,,2014,271,17,,0,1338,,,,,124533,4000
538de9432cd9505a3ad73e8a70bc5c47c7fdf142,2020-04-12,2020-04-12 15:00:00,UT,49,2303,97,41931,1591,,,18,0,195,5,,,,,,44234,1688
2a871c099b0ec8541118145e15deebb1eb60952b,2020-04-12,2020-04-11 17:00:00,VA,51,5274,197,34711,1789,521,,141,11,,0,751,440,,294,,39985,1986
b484391234f5b28519a39e7d6f024b05be3d75f0,2020-04-12,2020-04-10 00:00:00,VI,78,51,0,299,0,20,43,1,0,,0,3,,,,,350,0
7d858c5a2f989fab75b717d31edee43cc61f3d0b,2020-04-12,2020-04-12 00:00:00,VT,50,754,21,8724,661,,15,27,2,,0,34,,,,,9478,682
47912ab9a59bcf2d8f42808aa8f5423edd18bc0b,2020-04-12,2020-04-12 00:00:00,WA,53,11457,167,120372,1264,,,509,15,,0,642,191,,,,131829,1431
eaef4b343d856ecac1b62bf3301f508527b5997f,2020-04-12,2020-04-12 09:46:00,WI,55,3341,128,35916,1236,,,144,7,974,24,442,179,261,,,39257,1364
773e44830daeb31c5c1f1100e3ddebb1c7957417,2020-04-12,2020-04-12 17:00:00,WV,54,611,34,15646,771,,83,8,3,,0,81,36,,24,,16257,805
896c22c65cc896db85dcdb808c43c392d0d6a044,2020-04-12,2020-04-11 18:00:00,WY,56,261,0,5198,0,,137,0,0,40,3,,,,,,5459,0
c10f4f8f3151b80864a343451a4516b2f73c7c9a,2020-04-11,2020-04-11 14:45:00,AK,02,257,11,7475,289,,63,8,1,31,3,,,,,,7732,300
db1c6a156ae1ed8b69eae113580a581509bcb25b,2020-04-11,2020-04-11 00:00:00,AL,01,3191,223,18058,0,,,91,11,402,34,,,177,,113,21249,223
baad70bf4ae84671b14d6e7807bc12b37ecf7c33,2020-04-11,2020-04-11 13:20:00,AR,05,1226,55,17352,1403,,340,24,1,130,0,86,,43,33,39,18578,1458
d19bbf6ddfb9eece2cd550e9adb8ac3f7aa314fe,2020-04-11,2020-03-31 19:16:00,AS,60,0,0,3,0,2,,,0,,0,,,,,,3,0
d4b7ccc22c3825ab85635332397634afb45d4115,2020-04-11,2020-04-11 00:00:00,AZ,04,3393,281,37137,2515,,,108,11,,0,,,,,,40530,2796
22a6fb9837a1f5d82003306bb12d5d8300299cbd,2020-04-11,2020-04-09 00:00:00,CA,06,20615,1143,152604,7213,13200,,609,68,,0,5236,1591,,,,173219,8356
57a7919a3f455c9fbd300826903eb048bc3958de,2020-04-11,2020-04-09 00:00:00,CO,08,6510,0,26143,0,,,250,0,1312,0,841,,,,,32653,0
733074cb554dcb302eaf121704d68ac8365f253c,2020-04-11,2020-04-11 15:30:00,CT,09,11510,972,28321,2571,,,494,46,,0,1593,,,,,39831,3543
559b255a31804c6020730d4a64c2358af451c7cc,2020-04-11,2020-04-10 10:00:00,DC,11,1778,118,8261,566,,447,47,9,,0,,,,,,10039,684
c913fd0c916bfc4f91d5093dad959846a7690dda,2020-04-11,2020-04-11 13:30:00,DE,10,1479,153,9624,-791,,191,33,10,,0,190,,,,,11103,-638
95f06656b6ddc34ff957fe13b08d30911362b975,2020-04-11,2020-04-11 11:30:00,FL,12,18494,963,154439,9140,1418,,438,48,2661,174,,,,,,172933,10103
60af5ad4ccf1781cd84ebcddd6498c9fba862782,2020-04-11,2020-04-11 11:28:00,GA,13,12159,676,39556,4892,,,428,12,2479,128,,,,,,51715,5568
01db768fa3dadd31bbc628f75c1ecdd828eac643,2020-04-11,2020-04-11 07:40:00,GU,66,133,3,693,31,,58,5,1,,0,14,2,,2,,826,34
f30e61c8af1fb4438f28e3b6c85460477cfe9264,2020-04-11,2020-04-10 18:00:00,HI,15,465,23,17066,1359,,284,8,2,43,1,,,6,,2,17531,1382
30a3c57723a85de3a86096c830d9d59052b1c1d2,2020-04-11,2020-04-11 00:00:00,IA,19,1510,122,15622,1057,,585,34,3,,0,118,55,,30,,17132,1179
1da4f7981ad453f68377667831ab90c801be02b4,2020-04-11,2020-04-10 19:00:00,ID,16,1396,43,12368,627,,,25,1,128,1,,,35,,,13764,670
3c04c0b258b8adc2c1ef0cfb28e4f27e456c0ad4,2020-04-11,2020-04-11 00:00:00,IL,17,19180,1293,72969,3329,,,677,81,,0,3680,1166,,821,,92149,4622
167dfa96767e7894f019a447d835209f0390010a,2020-04-11,2020-04-10 23:59:00,IN,18,7435,528,31780,3647,,,330,30,,0,,820,,497,,39215,4175
ad27eb0a8c5061dc6130a66a67c09f9253cef61e,2020-04-11,2020-04-11 11:00:00,KS,20,1268,102,11075,827,,,55,5,293,19,,,,,,12343,929
ad4c0a5400d85cdaad32fbdd01eb59402ce642e5,2020-04-11,2020-04-10 17:00:00,KY,21,1693,0,22595,0,,464,90,0,459,0,271,105,177,,,24288,0
6059b6f5f2d1f60e6a7643c8d534dcf0b57d9293,2020-04-11,2020-04-11 13:00:00,LA,22,20014,761,76901,3874,,,806,51,,0,2067,,,470,,96915,4635
0659a5b9f5789be5ef1dec7facc98376810cffff,2020-04-11,2020-04-11 12:30:00,MA,25,22766,1888,86115,4551,,,946,114,2507,72,2507,,,,,108881,6439
1298f21993047d35928e55dcb3a932845c2412ff,2020-04-11,2020-04-11 10:00:00,MD,24,7694,726,39544,2064,,431,298,43,1709,296,,,,,,47238,2790
60630e142038f9000742ee96ca1b45439d3a9921,2020-04-11,2020-04-11 11:00:00,ME,23,616,30,6088,0,,256,19,2,114,3,,,,,,6704,30
eba98cae830a11113da9efc4188cdf8ce17aa28d,2020-04-11,2020-04-11 11:00:00,MI,26,23993,1210,52021,2760,,595,1392,111,,0,3636,1582,,1441,,76014,3970
3b0dbd58bd8730966bcd884216f9b576c933aa0a,2020-04-11,2020-04-10 17:00:00,MN,27,1427,91,33977,1419,,729,64,7,340,23,145,69,138,,,35404,1510
434fa60a14da74d3c5f723ddee98b6a60bb76c15,2020-04-11,2020-04-11 15:00:00,MO,29,4024,225,39148,2207,,,109,13,,0,506,,,,,43172,2432
96c87d9826410bab16605d2b5576bf3cd605577f,2020-04-11,2020-04-11 00:00:00,MP,69,11,0,27,0,9,,2,0,,0,,,,,,38,0
38d962e9d247fb82bc953209bf4ebbb3bfb84f7c,2020-04-11,2020-04-10 19:00:00,MS,28,2642,173,18632,0,,,93,11,528,46,,,,,,21274,173
aa149732f21d0cd7d6ac2acceebe0304ac60b22f,2020-04-11,2020-04-10 00:00:00,MT,30,377,12,8204,272,,169,6,0,46,5,21,,,,,8581,284
6e37b4177faa6e924312c7b4e8c830995c30967c,2020-04-11,2020-04-11 11:00:00,NC,37,4312,404,56081,2344,,,80,6,,0,362,,,,,60393,2748
84f7f491460867b747ce15d11ee04d7ec0f51c3f,2020-04-11,2020-04-11 13:00:00,ND,38,293,15,9787,457,,119,7,1,36,0,10,,,,,10080,472
886b6f644fb647bf88c59d555deec5d2796d7ea0,2020-04-11,2020-04-11 14:00:00,NE,31,700,65,9285,566,,,17,2,,0,,,,,,9985,631
258e5556b1d27a9f75f4bbe96d7b9adbc5f15947,2020-04-11,2020-04-09 09:00:00,NH,33,885,66,9608,469,93,234,22,1,134,10,,,,,,10493,535
2074362cfdd911100272108ec487c6b221e3df16,2020-04-11,2020-04-11 13:00:00,NJ,34,58151,3563,62042,3107,,,2183,251,,0,7618,1746,,1650,,120193,6670
349706d0c8c46ef0932f1c72da3da40fa317ea1a,2020-04-11,2020-04-10 00:00:00,NM,35,1091,0,26007,0,,235,19,0,,0,75,,,18,,27098,0
dab1bd882d3c5fa21bb7761a41c025eb922cdd32,2020-04-11,2020-04-11 10:30:00,NV,32,2700,116,20887,722,,,102,16,,0,282,,,,,23587,838
925335dc6e3a25fe88b42c4203424784e346eb5c,2020-04-11,2020-04-11 00:00:00,NY,36,180458,9946,260522,13149,,22025,8627,783,48297,2529,18654,5009,,,,440980,23095
3e001246e79a020ece67b53cbf2aaba42beaf75c,2020-04-11,2020-04-11 14:00:00,OH,39,6250,372,54221,1526,,,247,16,1859,104,,,572,,,60471,1898
649e76e8f2a13f7b8968eeec9eb83f3a182ca6c1,2020-04-11,2020-04-11 08:00:00,OK,40,1868,74,20790,420,,865,94,6,446,18,383,191,,,,22658,494
9218b37a57f1d1e05031d87c4ac7d56ea0f17848,2020-04-11,2020-04-10 11:00:00,OR,41,1371,50,25853,1547,,,48,4,338,12,140,58,,46,,27224,1597
78cf5c62e2335f87d010a9742f9ee1a4293c897c,2020-04-11,2020-04-11 12:00:00,PA,42,21655,1676,98498,5458,,,494,78,,0,2115,,,639,,120153,7134
d78fda800efa5649996e3bad6ad1a9c5c43a85fa,2020-04-11,2020-04-11 07:00:00,PR,72,788,63,5583,462,1332,,42,3,,0,,,,,,6371,525
d210df426b2d111616ba4028cf6394a74d74d4da,2020-04-11,2020-04-11 00:00:00,RI,44,2349,334,15858,3577,,35,56,7,,0,183,50,,26,,18207,3911
1e5043ee38422a708d98707abbef2daf5e3b1405,2020-04-11,2020-04-11 15:31:00,SC,45,3207,142,26886,1768,,,80,8,496,0,,,,,,30093,1910
736e0a7fe811db20bcfdecd32cfe5eac8fc473ea,2020-04-11,2020-04-10 18:00:00,SD,46,626,90,7378,267,2,189,6,0,33,4,,,,,,8004,357
ff4dea6da4690cc33aeb52fe0bf25d82f039400e,2020-04-11,2020-04-11 15:00:00,TN,47,5114,252,61714,3777,,1386,101,3,556,20,,,,,,66828,4029
d51550107e54d96cb769dbd3ac33028289226340,2020-04-11,2020-04-11 12:40:00,TX,48,12561,890,107972,3925,,1617,254,28,,0,1514,,,,,120533,4815
d19dd80670a79c58aa8c24f8df978332c8c4c9fa,2020-04-11,2020-04-11 15:00:00,UT,49,2206,104,40340,1680,,,18,1,190,7,,,,,,42546,1784
229b2862e79ebbe3ec78ddc157d2668a03c76e57,2020-04-11,2020-04-10 17:00:00,VA,51,5077,568,32922,1972,517,,130,9,,-772,1252,426,,283,,37999,2540
8933a9c48ff7797cbc8b30e1bb39777028ea1a5d,2020-04-11,2020-04-11 09:30:00,VI,78,51,1,299,26,20,43,1,0,,0,3,,,,,350,27
afb6e6009eec437010ee0a1936d49b2444f36ea2,2020-04-11,2020-04-11 00:00:00,VT,50,733,20,8063,561,,15,25,1,,0,77,,,,,8796,581
bc49fb810823ffd6f4aad7f1c61b9fe948ca41cf,2020-04-11,2020-04-11 00:00:00,WA,53,11290,210,119108,1867,,,494,18,,0,649,191,,,,130398,2077
da59552a43d9e8d9d799c06b392353dabcc037b7,2020-04-11,2020-04-11 01:00:00,WI,55,3213,145,34680,1455,,,137,9,950,46,444,179,257,,,37893,1600
55e317ffb75071142f63ae9688041d8b59825f6d,2020-04-11,2020-04-11 10:00:00,WV,54,577,23,14875,874,,63,5,0,,0,85,40,,22,,15452,897
488a52195f5459452edbb2a9be497794af23a06d,2020-04-11,2020-04-11 18:00:00,WY,56,261,8,5198,462,,129,0,0,37,0,,,,,,5459,470
47563ec269c35f48e614f99edba15d5bef1195b4,2020-04-10,2020-04-10 15:30:00,AK,02,246,11,7186,198,,55,7,0,28,1,,,,,,7432,209
e14df43ee8eb8b7355608c8f15067ea4afe38109,2020-04-10,2020-04-10 00:00:00,AL,01,2968,199,18058,0,,,80,6,368,35,,,,,,21026,199
260cd76a2221565556d46eae4b4ae0f57e247524,2020-04-10,2020-04-10 14:36:00,AR,05,1171,52,15949,2117,,312,23,2,130,0,86,,43,33,39,17120,2169
5e67aa44646132116c594448eef046cd3ad709ce,2020-04-10,2020-04-06 16:00:00,AS,60,0,0,3,0,2,,0,0,,0,,,,,,3,0
b779566a23032b96782853e71b92ac9e15c83a5f,2020-04-10,2020-04-10 00:00:00,AZ,04,3112,94,34622,462,,,97,8,,0,,,,,,37734,556
694ee1a3c47d223786df40d381a11a1e060f7ba6,2020-04-10,2020-04-09 00:00:00,CA,06,19472,1163,145391,200,13900,,541,49,,0,2897,1145,,,,164863,1363
b46d3395001f5043e93033e9bd88b3e5a83fb191,2020-04-10,2020-04-08 00:00:00,CO,08,6510,855,26143,2599,,,250,57,1312,150,842,,,,,32653,3454
9d0ef7e4c9ceac8c13714533930005b7a32df402,2020-04-10,2020-04-10 17:00:00,CT,09,10538,754,25750,2032,,,448,68,,0,1562,,,,,36288,2786
a761f0e4702d98b1b1c4524adff7c53876a53c0f,2020-04-10,2020-04-10 10:00:00,DC,11,1660,137,7695,494,,426,38,6,,0,,,,,,9355,631
650c2e189c999988d7587b867c7889591ada0435,2020-04-10,2020-04-10 14:00:00,DE,10,1326,119,10415,1732,,177,23,0,,0,181,,,,,11741,1851
cd2bdd4ed05b0402857b56298e421133fc46449c,2020-04-10,2020-04-10 11:30:00,FL,12,17531,1167,145299,9114,1411,,390,36,2487,219,,,,,,162830,10281
65a041692cdf941c147608f421fa6c3758eeea41,2020-04-10,2020-04-10 11:28:00,GA,13,11483,917,34664,4145,,,416,37,2351,192,,,,,,46147,5062
f3bedebaca39bc8270f3bac2e0b2be6903f00bd2,2020-04-10,2020-04-09 20:45:00,GU,66,130,2,662,69,,41,4,0,,0,14,2,,2,,792,71
74c4e5a3ab6bfd5516d1846ab546681b9ab6b10e,2020-04-10,2020-04-09 18:00:00,HI,15,442,7,15707,391,,251,6,1,42,0,,,6,,2,16149,398
efa3bf3bfddbfd43d3ef2c4ea6c7b60139d7ac33,2020-04-10,2020-04-10 00:00:00,IA,19,1388,118,14565,862,,506,31,2,,0,125,55,,30,,15953,980
f96e50010970d163b9db61db3cd8ca5321e5d04a,2020-04-10,2020-04-09 19:00:00,ID,16,1353,121,11741,442,,,24,6,127,14,,,33,,,13094,563
dab6e7a5ab3f980dfbf7fb0630b1de8f2837e13b,2020-04-10,2020-04-10 00:00:00,IL,17,17887,1465,69640,5205,,,596,68,,0,3680,1166,,821,,87527,6670
5d9879fa13c68a81565f6de41cd8a35fed82904d,2020-04-10,2020-04-10 10:00:00,IN,18,6907,556,28133,2351,,,300,55,,0,,820,,497,,35040,2907
42e8e26a5939ac94bd58c95a3407ae205e1deeac,2020-04-10,2020-04-10 09:30:00,KS,20,1166,60,10248,579,,,50,8,274,11,,,,,,11414,639
b635ca76075db0920fadc8e7e5253f59db97b360,2020-04-10,2020-04-10 17:00:00,KY,21,1693,347,22595,2140,,464,90,17,459,459,271,105,177,,,24288,2487
6bc129fbb1fa4b8eaa2fcbc50f7ffc409044d68d,2020-04-10,2020-04-10 13:00:00,LA,22,19253,970,73027,4391,,,755,53,,0,2054,,,479,,92280,5361
760036a63caf9cc243d3a2332537f00fcf3cbe12,2020-04-10,2020-04-10 12:30:00,MA,25,20878,2035,81564,5418,,,832,107,2435,133,2435,,,,,102442,7453
51357f3f271832582ff23362f88b3defad355068,2020-04-10,2020-04-10 10:00:00,MD,24,6968,783,37480,2136,,397,255,34,1413,65,,,,,,44448,2919
7fe497510fbc233c244f3090a56dc9a707bd1677,2020-04-10,2020-04-10 12:00:00,ME,23,586,26,6088,0,,246,17,1,111,6,,,,,,6674,26
7fa9cdac2097b6836a2fa1458683be7ef43766e2,2020-04-10,2020-04-10 11:00:00,MI,26,22783,1279,49261,3711,,56,1281,205,,0,3823,1663,,1394,,72044,4990
0cace6e43fff2b947af2ff3141dfdd28597b5517,2020-04-10,2020-04-09 17:00:00,MN,27,1336,94,32558,1506,,675,57,7,317,24,143,64,131,,,33894,1600
e16ef2bf3f584c70f834eeb5a00920bb94aa1fc7,2020-04-10,2020-04-10 15:00:00,MO,29,3799,260,36941,1986,,,96,19,,0,568,,,,,40740,2246
d07cc636370cef4da4eebaa0e7f9167b3b33a7a6,2020-04-10,2020-04-10 00:00:00,MP,69,11,0,27,0,9,,2,0,,0,,,,,,38,0
ae764a35c3d56a8d13f932b6f04ccb7d7755a24d,2020-04-10,2020-04-09 19:00:00,MS,28,2469,209,18632,0,,,82,6,482,41,,,,,,21101,209
979ba5cffc76a94ea78d2cf4f7f86aacbc77c0fe,2020-04-10,2020-04-10 11:25:00,MT,30,365,11,7932,426,,165,6,0,41,5,29,,,,,8297,437
f25b93a056d5bb40b5aa4315441e7ce93b2109f7,2020-04-10,2020-04-10 11:00:00,NC,37,3908,257,53737,9579,,,74,9,,0,423,,,,,57645,9836
24412f912a50e56d7c16061d30d4cf00a064fbb3,2020-04-10,2020-04-10 13:00:00,ND,38,278,9,9330,609,,105,6,1,36,2,13,,,,,9608,618
521f0863b367534ecb5aba7d3a1364fdc6f68795,2020-04-10,2020-04-10 13:50:00,NE,31,635,68,8719,603,,,15,1,,0,,,,,,9354,671
d880067707f0fed7c9e55767ad06de82c643ad78,2020-04-10,2020-04-09 09:00:00,NH,33,819,31,9139,376,155,234,21,3,124,6,,,,,,9958,407
f5bce2f2ebd2ba03fc54f23cdb5d501950871ac6,2020-04-10,2020-04-10 13:00:00,NJ,34,54588,3561,58935,2770,,682,1932,232,,0,7570,1679,,1663,,113523,6331
ccc55632677f7eb765f3c83043bcfb4de9538660,2020-04-10,2020-04-10 00:00:00,NM,35,1091,226,26007,3065,,217,19,3,,0,73,,,18,,27098,3291
19c403a62830144127daf45c5d76f17521b2d91c,2020-04-10,2020-04-10 10:30:00,NV,32,2584,128,20165,850,,,86,6,,0,282,,,,,22749,978
e1dc9fd1658acc1116f0cf4cf2172a2bd108439a,2020-04-10,2020-04-10 00:00:00,NY,36,170512,10575,247373,15761,,20249,7844,777,45768,2916,18569,4908,,,,417885,26336
1f2bd8e6dc14176a754d18f1e4ebfdc4312804b7,2020-04-10,2020-04-10 14:00:00,OH,39,5878,366,52695,2222,,,231,18,1755,143,,,548,,,58573,2588
1dbbf12bbce37d8aeef6396d187aa1510343c9e8,2020-04-10,2020-04-10 08:00:00,OK,40,1794,110,20370,1775,,790,88,8,428,13,186,122,,,,22164,1885
6599c1931bf5132a8a428d950a204fbb42a9e28b,2020-04-10,2020-04-09 11:00:00,OR,41,1321,0,24306,0,,,44,0,326,0,146,66,,54,,25627,0
a80bdf6feaaca9b61c001b93215875e6596d0e19,2020-04-10,2020-04-10 12:00:00,PA,42,19979,1751,93040,5666,,,416,78,,0,2072,,,611,,113019,7417
cf1dfc19c5ef499ee8253abf55bcf3eb12b7cfdc,2020-04-10,2020-04-10 06:00:00,PR,72,725,42,5121,418,1392,,39,6,,0,,,,,,5846,460
01191471263507249dd21164214e6fe20bc9d56d,2020-04-10,2020-04-10 00:00:00,RI,44,2015,288,12281,1599,,35,49,6,,0,169,45,,26,,14296,1887
81c1e1d85f10658385f8e823c75a1022ddc8d800,2020-04-10,2020-04-10 15:49:00,SC,45,3065,273,25118,543,,,72,5,496,255,,,,,,28183,816
559f6b3c558918fa6cf4af99d7176544a7d04c3e,2020-04-10,2020-04-09 18:00:00,SD,46,536,89,7111,411,,177,6,0,29,2,,,,,,7647,500
464e23ca275b8b9e12cf104c8d0a0799c3c32e6d,2020-04-10,2020-04-10 15:00:00,TN,47,4862,228,57937,2722,,1145,98,4,536,31,,,,,,62799,2950
a4c931f4724aa638aafe82cea3ebdff984bac925,2020-04-10,2020-04-10 13:00:00,TX,48,11671,1441,104047,8143,,1366,226,27,,0,1532,,,,,115718,9584
458b1187a5017399b1e2e6f9c649dd75cd18d8ed,2020-04-10,2020-04-10 15:00:00,UT,49,2102,126,38660,2263,,,17,4,183,15,,,,,,40762,2389
7ef143f4ea7fde42ca69ae72151393a268145108,2020-04-10,2020-04-10 09:00:00,VA,51,4509,467,30950,1966,521,,121,12,772,87,1238,457,,287,,35459,2433
5025408f43bad0b3e5cfaef1fdb9bcff8050a552,2020-04-10,2020-04-09 21:30:00,VI,78,50,4,273,22,45,43,1,0,,0,3,,,,,323,26
78c0a17398c1dfaedfde682cadf7c48cba23f1c1,2020-04-10,2020-04-10 00:00:00,VT,50,713,33,7502,284,,15,24,1,,0,32,,,,,8215,317
941f7be8dcfa467b3bf9c49c66383fbd1f622285,2020-04-10,2020-04-10 00:00:00,WA,53,11080,275,117241,4028,,,476,17,,0,642,191,,,,128321,4303
8e0ea7d7e775e3d664d85dfc1201543bd016bd9a,2020-04-10,2020-04-10 16:00:00,WI,55,3068,183,33225,1801,,,128,17,904,61,,190,247,,,36293,1984
42eff3dbf7a75ef4e98bfbb9c5aebd7adcfea0e9,2020-04-10,2020-04-10 10:00:00,WV,54,554,31,14001,661,,63,5,0,,0,85,20,,22,,14555,692
195adb2e394ef0109da50507c3f56a96866c3638,2020-04-10,2020-04-09 18:00:00,WY,56,253,23,4736,816,,105,0,0,37,3,,,,,,4989,839
661d8fdafefa5b93444de36fdd35386766aca6a6,2020-04-09,2020-04-09 16:00:00,AK,02,235,9,6988,146,,49,7,0,27,0,,,,,,7223,155
28d44a8a54a38b82c197da6a5722e0726c127744,2020-04-09,2020-04-09 00:00:00,AL,01,2769,400,18058,1305,,,74,8,333,19,,,,,,20827,1705
d4806021c433a90d0364fe87e52a900c0ece6984,2020-04-09,2020-04-09 14:35:00,AR,05,1119,119,13832,302,,288,21,3,130,0,73,,43,31,39,14951,421
1017ea6d9bc6069baa3fe14b1eb493e0124eab5e,2020-04-09,2020-04-06 16:00:00,AS,60,0,0,3,0,2,,0,0,,0,,,,,,3,0
b35b39ccd65ea28758979b4e86d447c3436b72b0,2020-04-09,2020-04-09 00:00:00,AZ,04,3018,292,34160,2322,,,89,9,,0,,,,,,37178,2614
46d17f09fce17926ba033b5fbb44fad547296c72,2020-04-09,2020-04-08 19:00:00,CA,06,18309,1352,145191,17884,14100,,492,50,,0,2825,1132,,,,163500,19236
0e009d92161b071dcce4a5e207a53cb0cf4eb81e,2020-04-09,2020-04-07 00:00:00,CO,08,5655,226,23544,879,,,193,14,1162,83,848,,,,,29199,1105
8f202e508b4cadc33406b402816463f6045bf494,2020-04-09,2020-04-09 16:00:00,CT,09,9784,2003,23718,2463,,,380,103,,0,1464,,,,,33502,4466
2dae0a71afae8648bfb7fea96aeeac734f4f914c,2020-04-09,2020-04-08 00:00:00,DC,11,1523,83,7201,358,,393,32,5,,0,,,,,,8724,441
554e6291985bbab090e29b6c2693f3c141c8b8bc,2020-04-09,2020-04-09 17:00:00,DE,10,1207,279,8683,1055,,173,23,7,,0,201,,,,,9890,1334
5bfb249e87a63e30e335926c6e33c11c73932c0c,2020-04-09,2020-04-09 10:00:00,FL,12,16364,909,136185,8506,1395,,354,45,2268,206,,,,,,152549,9415
d15b3828c2d41423f40158dd18782c3e2ef12009,2020-04-09,2020-04-09 11:54:00,GA,13,10566,665,30519,1633,,,379,17,2159,166,,,,,,41085,2298
f6173f21a6fca409d3eaeb9d70374530cf55bf74,2020-04-09,2020-04-09 08:00:00,GU,66,128,3,593,31,,33,4,0,,0,14,2,,2,,721,34
e8b6c9871be652c02b197f596ba417fc013ef6dd,2020-04-09,2020-04-08 18:00:00,HI,15,435,25,15316,577,,113,5,0,42,0,,,6,,,15751,602
9ae95f7db7f2bc169220393057e6ebc56ea80651,2020-04-09,2020-04-09 00:00:00,IA,19,1270,125,13703,882,,476,29,2,,-193,122,,,,,14973,1007
d9bf3150c03cd39d2eef32db85788d453b42f1ac,2020-04-09,2020-04-08 19:00:00,ID,16,1232,22,11299,611,,,18,3,113,20,,,29,,,12531,633
98af909b9880d548c4ecc708596910ee220148ef,2020-04-09,2020-04-09 00:00:00,IL,17,16422,1344,64435,4447,,,528,66,,0,3680,1166,,821,,80857,5791
a144574d6dc27fc118d1bb6425a5e520bc99b031,2020-04-09,2020-04-08 23:59:00,IN,18,6351,408,25782,856,,,245,42,,0,,924,,507,,32133,1264
3704cd9406394532f73f933b9aa11ec253bdf501,2020-04-09,2020-04-09 12:00:00,KS,20,1106,60,9669,532,,,42,4,263,40,,,,,,10775,592
6858ec9bc5592bc145d00c43c04ff4a69bfb7217,2020-04-09,2020-04-08 17:00:00,KY,21,1346,197,20455,0,,,73,8,,0,,,,,,21801,197
d4adc080a901d198f378fdaaf5e432f75bed3971,2020-04-09,2020-04-09 13:00:00,LA,22,18283,1253,68636,4260,,,702,50,,0,2014,,,473,,86919,5513
828fab98bfea065750a4a616e2f43fcb9882c89e,2020-04-09,2020-04-09 12:30:00,MA,25,18843,2151,76146,5297,,,725,110,2302,183,2302,,,,,94989,7448
fa480e78eb1caefee8bc0103964a97c5d06d555c,2020-04-09,2020-04-09 10:00:00,MD,24,6185,656,35344,2411,,376,221,30,1348,138,,,,,,41529,3067
aa2448f72235d0708027c0d95f93f4fccb8adde5,2020-04-09,2020-04-09 11:00:00,ME,23,560,23,6088,0,,202,16,2,105,4,,,,,,6648,23
f51eb3258b3c58d363924ba348150f9a0fc796e8,2020-04-09,2020-04-09 11:00:00,MI,26,21504,915,45550,0,,56,1076,117,,0,3826,1628,,1434,,67054,915
980751cb26c238d994be96ed2c18eeef9fff65c9,2020-04-09,2020-04-09 12:00:00,MN,27,1242,88,31052,1453,,625,50,11,293,22,145,63,119,,,32294,1541
deffd074666857b6e95f5648571115b7197a8717,2020-04-09,2020-04-09 15:00:00,MO,29,3539,212,34955,4172,,,77,19,,0,568,,,,,38494,4384
d1351a8f55af9b0f954056bd8bd7138255ff273d,2020-04-09,2020-04-08 00:00:00,MP,69,11,0,27,0,9,,2,0,,0,,,,,,38,0
124f27147f542a9824d85cdf6c31a875ed665f96,2020-04-09,2020-04-08 00:00:00,MS,28,2260,257,18632,0,,,76,9,441,31,,,,,,20892,257
2e866ce5142aef341edb490296f62c2b3e028c73,2020-04-09,2020-04-09 13:33:00,MT,30,354,22,7506,440,,157,6,0,36,5,13,,,,,7860,462
6e4ed1a5fd214719e2356dc9c742b54e52393526,2020-04-09,2020-04-09 11:00:00,NC,37,3651,225,44158,4597,,,65,12,,0,398,,,,,47809,4822
f80bc15caf6420e3e74aa266cee06e0559de20a2,2020-04-09,2020-04-09 13:00:00,ND,38,269,18,8721,420,,101,5,1,34,0,14,,,,,8990,438
e823b32960b26ff58efed2f7885a041a13638ce8,2020-04-09,2020-04-09 13:36:00,NE,31,567,48,8116,674,,,14,2,,0,,,,,,8683,722
9f2077e28bb2e5899435b23cc67f75094ffdc994,2020-04-09,2020-04-08 09:00:00,NH,33,788,0,8763,374,143,227,18,0,118,0,,,,,,9551,374
9b6a8b3c79ae485e98708637c6636d3e49f07751,2020-04-09,2020-04-09 08:00:00,NJ,34,51027,3590,56165,3186,,,1700,196,,0,7363,1523,,1551,,107192,6776
a5b24036dcdcf83d7c79a66cdebf6f7e8c5a8287,2020-04-09,2020-04-08 00:00:00,NM,35,865,71,22942,1491,,201,16,3,,0,59,,,18,,23807,1562
1feb88d27aec0f45a24bbcf9f6fcd1a5b9280bcc,2020-04-09,2020-04-09 09:30:00,NV,32,2456,138,19315,1067,,,80,9,,0,282,,,,,21771,1205
ddfc5924b1e7f4b6592fa41a34bc3918403237fd,2020-04-09,2020-04-09 00:00:00,NY,36,159937,10621,231612,15775,,18297,7067,799,42852,2870,18279,4925,,,,391549,26396
859537b310e3fb653420475fdb69634be417e7e4,2020-04-09,2020-04-09 14:00:00,OH,39,5512,364,50473,2280,,,213,20,1612,117,,,497,,,55985,2644
f9470e8068a2a050dc694ba1ff5fa2b72d5bec4d,2020-04-09,2020-04-09 08:00:00,OK,40,1684,160,18595,6774,,686,80,1,415,25,188,120,,,,20279,6934
b54861ca711509aa6a6c2924cebc82f1b5efc230,2020-04-09,2020-04-09 11:00:00,OR,41,1321,82,24306,981,,,44,11,326,2,146,66,,54,,25627,1063
21fbb6bbb3297743dc77ffa9b630ba9f70e3ed2b,2020-04-09,2020-04-09 12:00:00,PA,42,18228,1989,87374,5075,,,338,29,,0,2051,,,592,,105602,7064
c60a2d486774fcae5608d3c8c6e00d34e903d743,2020-04-09,2020-04-09 07:00:00,PR,72,683,63,4703,437,1304,,33,9,,0,,,,,,5386,500
275966bd361815c5f8f3a3746cb9fe26f11cdeb7,2020-04-09,2020-04-09 00:00:00,RI,44,1727,277,10682,0,,35,43,8,,0,160,45,,26,,12409,277
f119eb35c7b673cd43d756a4dec8a8115663981c,2020-04-09,2020-04-09 16:08:00,SC,45,2792,240,24575,2493,,,67,4,241,0,,,,,,27367,2733
303d436d66323a08dbb0914039d9d94ad4c31d0a,2020-04-09,2020-04-08 18:00:00,SD,46,447,54,6700,345,,161,6,0,27,1,,,,,,7147,399
2df5d291e7a1293b1867ec412bd754a39e5ba43e,2020-04-09,2020-04-09 15:00:00,TN,47,4634,272,55215,2959,,921,94,15,505,56,,,,,,59849,3231
cf1d8d88c07a126a31490a8f5bb0683f09fc0a99,2020-04-09,2020-04-09 13:15:00,TX,48,10230,877,95904,8999,,1101,199,22,,0,1439,,,,,106134,9876
a3543052458e2a01afadf1a118745a2d58b4dea9,2020-04-09,2020-04-09 15:00:00,UT,49,1976,130,36397,2127,,,13,0,168,10,,,,,,38373,2257
94f2ff0ca7b196d8b7a6ba7e9ed9decc700ab186,2020-04-09,2020-04-09 00:00:00,VA,51,4042,397,28984,1984,627,,109,34,685,70,669,469,,285,,33026,2381
a2926cbe5eccc70b7e08a111159bb9b1f6183847,2020-04-09,2020-04-08 22:00:00,VI,78,46,1,251,9,42,39,1,0,,0,,,,,,297,10
a6dcb2f78eae80ae54588d0e48b1b9da07301de2,2020-04-09,2020-04-09 00:00:00,VT,50,680,49,7218,217,,15,23,0,,-50,33,,,,,7898,266
1e07d61b697c19817c748c8474fc1d564af3e10b,2020-04-09,2020-04-09 00:00:00,WA,53,10805,287,113213,4033,,,459,16,,0,650,191,,,,124018,4320
50f4b4300790240658a0bbeb82a819a3e2e87a0a,2020-04-09,2020-04-09 16:00:00,WI,55,2885,129,31424,1309,,,111,12,843,53,,,230,,,34309,1438
b8b7974ce358064786e9792ffc89e7a772f46722,2020-04-09,2020-04-09 17:00:00,WV,54,523,61,13340,1257,,,5,1,,0,,,,,,13863,1318
ba805a1f5fe91df0451268e5dbd068b42c8ea1db,2020-04-09,2020-04-08 16:59:00,WY,56,230,9,3920,77,,94,0,0,34,1,,,,,,4150,86
5e32f8ce034d76d4bfe2c85b609ca2f1666463bd,2020-04-08,2020-04-08 15:00:00,AK,02,226,13,6842,142,,32,7,1,27,4,,,,,,7068,155
4f9d16217aa48d86800c2488a76433663f07edea,2020-04-08,2020-04-08 00:00:00,AL,01,2369,250,16753,3956,,,66,10,314,43,,,,,,19122,4206
652c4f029115ed913392f4625b7034c66fb15458,2020-04-08,2020-04-08 14:35:00,AR,05,1000,54,13530,838,,208,18,2,130,-18,76,,43,30,39,14530,892
5c46568c44dcd9805a1ab85b6b25fda59f1c86cf,2020-04-08,2020-04-06 16:00:00,AS,60,0,0,3,0,2,,0,0,,0,,,,,,3,0
6d6b45a8a502753b02ccd3d890ffb42e97cac9b3,2020-04-08,2020-04-08 00:00:00,AZ,04,2726,151,31838,1038,,,80,7,,0,,,,,,34564,1189
0abf5ec3bae4b7a07172b10ebde9cbeca523ccb1,2020-04-08,2020-04-07 18:00:00,CA,06,16957,1092,127307,11943,14600,,442,68,,0,2714,1154,,,,144264,13035
6a26b4edd36fbae8f6cc07eb45eae8631708fd6d,2020-04-08,2020-04-06 00:00:00,CO,08,5429,257,22665,962,,,179,29,1079,85,833,,,,,28094,1219
b6b2a2e439a0d8279a96c529f17b35b50d087666,2020-04-08,2020-04-07 22:00:00,CT,09,7781,0,21255,0,,,277,0,,0,1308,,,,,29036,0
08d295fb9b755a7fbfe5e5cad8798d11480ef084,2020-04-08,2020-04-07 00:00:00,DC,11,1440,229,6843,231,,361,27,5,,0,,,,,,8283,460
50ecc977886a4fac8fa210ea108e628cef637075,2020-04-08,2020-04-07 16:30:00,DE,10,928,0,7628,0,,144,16,0,,0,147,,,,,8556,0
96adfead7119376f79e62ad58c7b011ce70cb6ae,2020-04-08,2020-04-08 14:00:00,FL,12,15455,708,127679,4264,1324,,309,13,2062,63,,,,,,143134,4972
5e93ca5f43a5148922d52068813e63b6d4feeceb,2020-04-08,2020-04-08 12:29:00,GA,13,9901,1083,28886,3991,,,362,33,1993,219,,,,,,38787,5074
754ab152923d2dfe4512b3844d87d01c36ad3129,2020-04-08,2020-04-08 07:30:00,GU,66,125,4,562,33,,31,4,0,,0,21,2,,2,,687,37
ec4332802fff9129d027f84389dcaec072a76517,2020-04-08,2020-04-07 18:00:00,HI,15,410,23,14739,1584,,113,5,0,42,16,,,6,,,15149,1607
6bd80f7ec45af0be50883a62b943a4fcdb00b58d,2020-04-08,2020-04-08 13:00:00,IA,19,1145,97,12821,1151,,431,27,1,193,0,122,,,,,13966,1248
fada952baae84679707846fe7a1ee64361e85520,2020-04-08,2020-04-07 19:00:00,ID,16,1210,40,10688,612,,,15,2,93,10,,,24,,,11898,652
01777bb0c64026042bb5663fff8b972ff5d25c46,2020-04-08,2020-04-08 00:00:00,IL,17,15078,1529,59988,4805,,,462,82,,0,3680,1166,,821,,75066,6334
fc16a1a42d9fbce16b6593d6bc1b17e20fbfd4fe,2020-04-08,2020-04-08 02:45:00,IN,18,5943,436,24926,1669,,,203,30,,0,,924,,507,,30869,2105
5f7d69354b63731f49a87e705b409e8d22433173,2020-04-08,2020-04-07 12:00:00,KS,20,1046,146,9137,523,,,38,11,223,0,,,,,,10183,669
4ad2f2796891b1b8c998a192b9a7519fc836a01f,2020-04-08,2020-04-07 17:00:00,KY,21,1149,141,20455,1508,,,65,6,,0,,,,,,21604,1649
98a17f3de234e62608d28198af3c7ef403434404,2020-04-08,2020-04-08 13:00:00,LA,22,17030,746,64376,6005,,,652,70,,0,1983,,,490,,81406,6751
5fea1e7a5a13c612ed7b0b4e4a45847c6b225a5d,2020-04-08,2020-04-08 12:30:00,MA,25,16692,1588,70849,4579,,,615,100,2119,288,2119,,,,,87541,6167
fac2e32e02bc3837d760a5d40f78d8bfe3121421,2020-04-08,2020-04-08 10:00:00,MD,24,5529,1158,32933,5677,,365,191,31,1210,104,,,,,,38462,6835
3b352479879cf922a8400b61052ee5789426033e,2020-04-08,2020-04-08 11:00:00,ME,23,537,18,6088,0,,187,14,2,101,2,,,,,,6625,18
cc708ee32293bffda250d0208b1df4c0be2e0db7,2020-04-08,2020-04-08 11:00:00,MI,26,20589,766,45550,0,,56,959,114,,0,,,,,,66139,766
8883172b3b5f55627cd87a15c6f2c4d9963864ad,2020-04-08,2020-04-08 17:00:00,MN,27,1154,85,29599,1408,,593,39,5,271,29,135,64,105,,,30753,1493
16f265031a614ca83b902b11381241be3a52bffe,2020-04-08,2020-04-08 15:00:00,MO,29,3327,290,30783,1851,,,58,5,,0,519,,,,,34110,2141
f05feda34564d4a0c14d640c9dd111c2ea872d92,2020-04-08,2020-04-08 00:00:00,MP,69,11,3,27,12,9,,2,0,,0,,,,,,38,15
a3b3d2c3ae98e596c1ea7542d375cbb1b10dbe83,2020-04-08,2020-04-07 19:00:00,MS,28,2003,88,18632,0,,,67,8,410,33,,,,,,20635,88
0fc376a4b9bd2d32085847709ff17b0b2baaf616,2020-04-08,2020-04-08 13:45:00,MT,30,332,13,7066,400,,135,6,0,31,3,,,,,,7398,413
0a01935d9c6cbbf5b79fae5585e716ad235103ef,2020-04-08,2020-04-08 11:00:00,NC,37,3426,205,39561,1700,,,53,7,,0,386,,,,,42987,1905
ad25e7c11f332ca150ed65fbb279100bae15609a,2020-04-08,2020-04-08 13:54:00,ND,38,251,14,8301,835,,98,4,0,34,1,16,,,,,8552,849
9a883084a759e1f6f90002915dc4a684ed0fd517,2020-04-08,2020-04-08 13:45:00,NE,31,519,72,7442,631,,,12,2,,0,,,,,,7961,703
e6743a738e4a981d54fc9550df9169704d086ebf,2020-04-08,2020-04-08 15:11:00,NH,33,788,73,8389,370,89,211,18,9,118,15,,,,,,9177,443
37fd438cc195cd7c229d329f604d7f78fb1fd41c,2020-04-08,2020-04-08 14:08:00,NJ,34,47437,3021,52979,2421,,,1504,272,,0,7026,1617,,1576,,100416,5442
7fc34ae4c0753868973aab660df8bf75695c89e2,2020-04-08,2020-04-07 00:00:00,NM,35,794,108,21451,312,,171,13,1,,0,51,,,18,,22245,420
a95ee1f7e47aea68d8d51b557ff5b3c7ae27dd15,2020-04-08,2020-04-08 15:00:00,NV,32,2318,231,18248,1696,,,71,13,,0,282,,,,,20566,1927
f6407fbd5409b92e512fd0ede3653df17876053d,2020-04-08,2020-04-07 00:00:00,NY,36,149316,10453,215837,14642,,16353,6268,779,39982,3050,18079,4593,,,,365153,25095
265c91b63714508c7e3db19782e39cb343a8271f,2020-04-08,2020-04-08 14:00:00,OH,39,5148,366,48193,2137,,,193,26,1495,141,,,472,,,53341,2503
13b2a154a96a1901690ceed71f367391fa9965ff,2020-04-08,2020-04-08 08:00:00,OK,40,1524,52,11821,0,,686,79,12,390,14,188,120,,,,13345,52
0b565cecc954a5e8ce32cd9b20387f174285a015,2020-04-08,2020-04-07 11:00:00,OR,41,1239,58,23325,1499,,,33,0,324,0,156,61,,58,69,24564,1557
b62d3d7d1e489065d0f04b7e533bc7cbaf9987e2,2020-04-08,2020-04-08 14:45:00,PA,42,16239,1680,82299,5580,,,309,69,,0,1898,,,603,,98538,7260
b76801a21d9cd122e0deb48d915c540004315f04,2020-04-08,2020-04-08 09:00:00,PR,72,620,47,4266,300,1160,,24,1,,0,,,,,,4886,347
a2694854677c13143f589a4161120c3668cc2f8c,2020-04-08,2020-04-08 00:00:00,RI,44,1450,220,10682,1605,,35,35,5,,0,143,45,,26,,12132,1825
a23ae5e77e8acec8a87d745d3f2bb3d8fd48e44b,2020-04-08,2020-04-08 15:30:00,SC,45,2552,135,22082,819,,,63,12,241,0,,,,,,24634,954
27f579a223c0fe2cda3fd419597c6e656df852dd,2020-04-08,2020-04-08 12:30:00,SD,46,393,73,6355,407,0,146,6,0,26,3,,,,,,6748,480
96958844022e2fe292919f46eda63a1761d76568,2020-04-08,2020-04-08 15:00:00,TN,47,4362,224,52256,3520,,592,79,7,449,41,,,,,,56618,3744
504cab7743353885afee317c04931cb937748ead,2020-04-08,2020-04-08 14:21:00,TX,48,9353,1091,86905,6518,,38,177,23,,0,1491,,,,,96258,7609
fb74c54c0316546ed64dc8435a38772d6c538bc7,2020-04-08,2020-04-08 15:00:00,UT,49,1846,108,34270,1361,,,13,0,158,10,,,,,,36116,1469
570865862ff15c9a54779df2da9d516ce99d3743,2020-04-08,2020-04-07 17:00:00,VA,51,3645,312,27000,1688,,,75,12,615,52,,,145,,108,30645,2000
d2ccc0ff7c3cc628204af3a5e583060454d38aae,2020-04-08,2020-04-07 19:00:00,VI,78,45,2,242,20,35,39,1,0,,0,,,,,,287,22
f4ead9ebefad491ead94da5c69b661c01088bf07,2020-04-08,2020-04-08 00:00:00,VT,50,631,23,7001,356,,15,23,0,50,5,35,,,,,7632,379
ec5605f98af8f28aa2fd07692576162024908675,2020-04-08,2020-04-08 00:00:00,WA,53,10518,282,109180,4525,,,443,14,,0,655,186,,,,119698,4807
d0e0fd6ddf57f16590f17b60c3c193b4743c9331,2020-04-08,2020-04-08 16:00:00,WI,55,2756,178,30115,1603,,,99,7,790,45,,,218,,,32871,1781
062dc526c57a3b31280e70a44b7535dc597acd1c,2020-04-08,2020-04-08 10:00:00,WV,54,462,50,12083,436,,,4,0,,0,,,,,,12545,486
22ba0eb8dd99bdb30e7258f6656b00ce48db411e,2020-04-08,2020-04-07 18:21:00,WY,56,221,5,3843,54,,62,0,0,33,0,,,,,,4064,59
7fb2adf0db7c9370bc56ee3031f97f54d53a148c,2020-04-07,2020-04-07 15:15:00,AK,02,213,22,6700,8,,29,6,0,23,0,,,,,,6913,30
beccc3aaf9c681562e09ea563b11414c90bf418b,2020-04-07,2020-04-07 00:00:00,AL,01,2119,151,12797,0,,,56,6,271,31,,,,,,14916,151
65086e7c0bc0f473ea161d182259a193e7e8a40f,2020-04-07,2020-04-07 14:41:00,AR,05,946,71,12692,722,,142,16,0,148,11,74,,,26,43,13638,793
4cc2a2b70bbad0414b0ce835b4d4d4803d0e48ac,2020-04-07,2020-04-06 16:00:00,AS,60,0,0,3,0,2,,0,0,,0,,,,,,3,0
799757d9947df825367bcf047875fd6956310dbe,2020-04-07,2020-04-07 00:00:00,AZ,04,2575,119,30800,722,,,73,8,,0,,,,,,33375,841
902fc0e121deb95404a47b4da4b5c941f3ccd83d,2020-04-07,2020-04-07 18:00:00,CA,06,15865,1529,115364,12269,14100,,374,31,,0,2611,1108,,,,131229,13798
4a0ee3ae18f9da1dc2ba880e121e4c6157a4a5ab,2020-04-07,2020-04-05 00:00:00,CO,08,5172,222,21703,880,,,150,10,994,70,786,,,,,26875,1102
958a48eceb13dc5e6ac0de3fbe3f5d5e40b01b1c,2020-04-07,2020-04-07 04:00:00,CT,09,7781,875,21255,1475,,,277,71,,0,1308,,,,,29036,2350
f94ac859013d53377d15a3c537d942a8c0b8147e,2020-04-07,2020-04-06 00:00:00,DC,11,1211,114,6612,256,,318,22,-2,,0,,,,,,7823,370
7ec69a5a7ebb3ae3c81204b2b13715c5f0cc22ed,2020-04-07,2020-04-07 16:30:00,DE,10,928,255,7628,1307,,144,16,2,,0,147,,,,,8556,1562
e306ee8136b5b09373fe1d3de32471a4c60ba172,2020-04-07,2020-04-07 16:36:00,FL,12,14747,1423,123415,13465,1407,,296,60,1999,317,,,,,,138162,14888
c0ce924ac33e03b8ba325c0e7dba717d89c51a7e,2020-04-07,2020-04-07 11:28:00,GA,13,8818,1504,24895,935,,,329,100,1774,442,,,,,,33713,2439
8177da0098bd2b61a922b0b695c3050e1676ad41,2020-04-07,2020-04-07 07:00:00,GU,66,121,8,529,24,,27,4,0,,0,21,2,,2,,650,32
94704aecd4d00806be283908315b2b0c967a3bb1,2020-04-07,2020-04-06 18:00:00,HI,15,387,16,13155,0,,89,5,1,26,5,,,6,,,13542,16
c6d836bbd7d78fdc898a84639a5fc0346641149b,2020-04-07,2020-04-07 00:00:00,IA,19,1048,102,11670,1017,,341,26,1,193,14,104,,,,,12718,1119
91b23105a530230fcbccfdea85efc79a975cd264,2020-04-07,2020-04-06 19:00:00,ID,16,1170,69,10076,182,,,13,3,83,6,,,21,,,11246,251
0dea31bba47483d28ac5875e643e5beb3f98a267,2020-04-07,2020-04-07 00:00:00,IL,17,13549,1287,55183,4503,,,380,73,,0,3680,1166,,821,,68732,5790
6997845b586b5437411f7a522e9291595cb16517,2020-04-07,2020-04-06 23:59:00,IN,18,5507,563,23257,2010,,,173,34,,0,,924,,507,,28764,2573
8a056f165db62f1b6b46a855393b6e94d8e42970,2020-04-07,2020-04-07 12:00:00,KS,20,900,55,8614,375,,,27,2,223,25,,,,,,9514,430
3a7ef6b84dc16cf569d16461cdc0cc1bdfc24540,2020-04-07,2020-04-06 17:00:00,KY,21,1008,53,18947,1135,,,59,14,,0,,,,,,19955,1188
412098462f0992c19fedc36bd8730120a644a5a0,2020-04-07,2020-04-07 13:00:00,LA,22,16284,1417,58371,4072,,,582,70,,0,1996,,,519,,74655,5489
964e6e27f47b75f6853ecb1f267d004a6cf6c020,2020-04-07,2020-04-07 12:30:00,MA,25,15104,1365,66270,3550,,,515,67,1831,164,1831,,,,,81374,4915
159c1882542433ded57963cd47bfa276b7bb5395,2020-04-07,2020-04-07 10:00:00,MD,24,4371,326,27256,1684,,288,160,22,1106,47,,,,,,31627,2010
6ab413e5aa710df1aadee5f26bb791b424fcd2e1,2020-04-07,2020-04-07 11:45:00,ME,23,519,20,6088,0,,176,12,2,99,7,,,,,,6607,20
c6ef417622020d947b5b074a027c87307d6cd645,2020-04-07,2020-04-07 11:00:00,MI,26,19823,973,45550,2430,,56,845,118,,0,,,,,,65373,3403
4b9e774bc4f3cee448f06794240b1fef91625f5a,2020-04-07,2020-04-06 17:00:00,MN,27,1069,83,28191,1049,,515,34,4,242,19,120,64,100,,,29260,1132
6c8889f793d8f73315dca05f4a259f49197b5894,2020-04-07,2020-04-07 15:00:00,MO,29,3037,315,28932,1819,,,53,14,,0,508,,,,,31969,2134
33f7befd0efb59f564b2dcc796284346516edbbb,2020-04-07,2020-04-07 05:39:00,MP,69,8,0,15,2,,,2,1,,0,,,,,,23,2
2b1bf007362dfc0a874465ef1db9abdaa8536ac6,2020-04-07,2020-04-07 19:00:00,MS,28,1915,177,18632,0,,,59,8,377,-98,,,,,,20547,177
a832ee91fa6a5998cfa4958fdd09ab270592603f,2020-04-07,2020-04-07 13:28:00,MT,30,319,20,6666,175,,,6,0,28,4,,,,,,6985,195
550d13ccd2c4f049721f4866592014368dd5f821,2020-04-07,2020-04-07 10:15:00,NC,37,3221,351,37861,5,,,46,13,,0,354,,,,,41082,356
19550357339f0dbadf21680276492478d76963b6,2020-04-07,2020-04-07 13:00:00,ND,38,237,12,7466,478,,82,4,1,33,1,18,,,,,7703,490
842dd7c8446f40ec89015bba72a5866ed44c43e6,2020-04-07,2020-04-07 14:38:00,NE,31,447,38,6811,433,,,10,2,,0,,,,,,7258,471
e9a5b639bcde4eed0ebf983cbe3d99aeed2e7230,2020-04-07,2020-04-06 09:00:00,NH,33,715,46,8019,318,49,151,9,0,103,11,,,,,,8734,364
5b2819ad328b8ff97716d3f8895af5966a3f7b15,2020-04-07,2020-04-07 13:00:00,NJ,34,44416,3326,50558,2616,,,1232,229,,0,7017,1651,,1540,,94974,5942
667c77847ccdd29cbb7b47c38654bc759ca42696,2020-04-07,2020-04-06 00:00:00,NM,35,686,62,21139,2627,,133,12,0,,0,48,,,18,,21825,2689
a63d2588801dcd273391bffe187a6cd580fd62e1,2020-04-07,2020-04-07 10:00:00,NV,32,2087,134,16552,876,,,58,12,,0,282,,,,,18639,1010
6829396fad5b9213903fce64fb9903616508f7f0,2020-04-07,2020-04-06 00:00:00,NY,36,138863,8174,201195,11073,,14590,5489,731,36932,2555,17493,4593,,,,340058,19247
3c2c3067da76d3edeee58913b2699ca3bbb4a434,2020-04-07,2020-04-07 14:00:00,OH,39,4782,332,46056,2128,,,167,25,1354,140,,,417,,,50838,2460
3f0031c4b15d2f9b14f024b0b9cda88ccd17ee2e,2020-04-07,2020-04-07 08:00:00,OK,40,1472,145,11821,10399,,612,67,16,376,36,186,137,,,,13293,10544
31bf49c8305f0b5ad74219a43cc36ef8d52d7a10,2020-04-07,2020-04-06 11:00:00,OR,41,1181,49,21826,1157,,,33,6,324,66,,,,69,,23007,1206
f16f753bcd3ad1e3e4b4d68a8a9c0fd38fb4823b,2020-04-07,2020-04-07 13:00:00,PA,42,14559,1579,76719,5845,,,240,78,,-1145,1665,,,548,,91278,7424
9918229ad828828f3d98974ad430ba4ebb5ab792,2020-04-07,2020-04-07 07:00:00,PR,72,573,60,3966,534,968,,23,2,,0,,,,,,4539,594
191d1fd602889aa63a5ecb7ce10bdf66432347d3,2020-04-07,2020-04-07 00:00:00,RI,44,1230,148,9077,1678,,35,30,3,,0,123,40,,26,,10307,1826
f994eade2fba36d89953bb18be67f917c0cc4268,2020-04-07,2020-04-07 16:02:00,SC,45,2417,368,21263,4336,,,51,7,241,0,,,,,,23680,4704
340e31f2fb12c79266e9546bc4655f895a58ca91,2020-04-07,2020-04-06 18:00:00,SD,46,320,32,5948,216,2,98,6,2,23,0,,,,,,6268,248
fd7e7894b701c8af0f10a4e03868a211f1ebb2d2,2020-04-07,2020-04-07 15:00:00,TN,47,4138,336,48736,5188,,466,72,7,408,56,,,,,,52874,5524
5bdca7c5869605790150357f9d7701e8a12fee6a,2020-04-07,2020-04-06 21:00:00,TX,48,8262,986,80387,2306,,38,154,14,,0,1252,,,,,88649,3292
e1196cac7b3f8875be77a427a0469ddcb6b4a354,2020-04-07,2020-04-07 15:00:00,UT,49,1738,63,32909,1190,,,13,0,148,10,,,,,,34647,1253
7d48dc76d174abf3aff2f7e7e72e40a10988f2cf,2020-04-07,2020-04-06 17:00:00,VA,51,3333,455,25312,3669,,,63,9,563,66,,,145,,108,28645,4124
10297c0e0c51b56cc821ba1dfcbed4c2b2067998,2020-04-07,2020-04-06 21:50:00,VI,78,43,0,222,0,20,36,1,0,,0,,,,,,265,0
2ccffa49db7edc8f06741fce7b8f7b93eae32339,2020-04-07,2020-04-07 00:00:00,VT,50,608,33,6645,484,,15,23,0,45,0,29,,,,,7253,517
d459d8a13935655cd2a3d677a1cefd7434795f62,2020-04-07,2020-04-07 00:00:00,WA,53,10236,263,104655,4978,,,429,22,,0,641,190,,,,114891,5241
49e1283257e5eae0124a2d43ecc9e3d7872ed545,2020-04-07,2020-04-07 16:00:00,WI,55,2578,138,28512,1938,,,92,15,745,77,,,200,,,31090,2076
afcdacbb09f1861e55ab41015be9f6a787ea35a6,2020-04-07,2020-04-07 10:00:00,WV,54,412,67,11647,2052,,,4,0,,0,,,,,,12059,2119
b14ad71ecb4bacf9c0468f1a0d6edc15758e1e21,2020-04-07,2020-04-07 10:57:00,WY,56,216,6,3789,70,,62,0,0,33,10,,,,,,4005,76
6211c5e967b7ce1bd8b53f7ccbdf88d03971a54a,2020-04-06,2020-04-06 14:45:00,AK,02,191,6,6692,593,,,6,0,23,3,,,,,,6883,599
6471a12f24b7f57ac8b7a0ec03209efedf661731,2020-04-06,2020-04-06 00:00:00,AL,01,1968,172,12797,1515,,,50,5,240,9,,,,,,14765,1687
cffac3b423b588cdc63fd8f6e936050201d5741d,2020-04-06,2020-04-06 14:35:00,AR,05,875,45,11970,1558,,102,16,0,137,7,74,,,22,39,12845,1603
b0b34838b7fdc04b7a0d03dcd091ebc5cfe3398e,2020-04-06,2020-04-06 16:00:00,AS,60,0,0,3,0,2,,0,0,,0,,,,,,3,0
b5688ea843399f4acab9140230587bae9167fc00,2020-04-06,2020-04-06 00:00:00,AZ,04,2456,187,30078,4937,,,65,1,,0,,,,,,32534,5124
406b7747eb25c82b91461eeca170219d05a42eac,2020-04-06,2020-04-06 00:00:00,CA,06,14336,898,103095,0,15000,,343,24,,0,2509,1085,,,,117431,898
833f54506be21a6caf2fd5d9558c20f041994530,2020-04-06,2020-04-04 00:00:00,CO,08,4950,385,20823,1488,,,140,14,924,49,786,,,,,25773,1873
60025a345edb87ab853ac08f10cb3527ff984113,2020-04-06,2020-04-06 15:15:00,CT,09,6906,1231,19780,2185,,,206,17,,0,1221,,,,,26686,3416
e1bc92da2fca307c8c5a2ae0b7182315b29a8601,2020-04-06,2020-04-05 00:00:00,DC,11,1097,99,6356,520,,287,24,2,,0,,,,,,7453,619
1f506333103173ab3b15380fa6f8a205b1db003b,2020-04-06,2020-04-05 03:30:00,DE,10,673,0,6321,0,,71,14,0,,0,101,,,,,6994,0
65ccce19a1fe489999a06250956a59f2f6b0d2d5,2020-04-06,2020-04-06 12:17:00,FL,12,13324,1173,109950,8697,1142,,236,18,1682,110,,,,,,123274,9870
fa2c7615d2bce179e498ef3d9809d1f2f7af44ee,2020-04-06,2020-04-06 11:28:00,GA,13,7314,667,23960,2775,,,229,18,1332,49,,,,,,31274,3442
5e19d127ef6503b8c3d2280dea5292a5cce90913,2020-04-06,2020-04-06 06:00:00,GU,66,113,1,505,12,,25,4,0,,0,21,2,,,,618,13
ba95157cfe94aa4bcf3e67f5ae24136e80562f1c,2020-04-06,2020-04-05 18:00:00,HI,15,371,20,13155,551,,85,4,0,21,2,,,6,,,13526,571
4193c0db445547081c5a1b0af1a5a1ce628cece9,2020-04-06,2020-04-06 00:00:00,IA,19,946,78,10653,680,,284,25,3,179,14,99,,,,,11599,758
b8b85537be23d57f5c6886616c09c78e009cffac,2020-04-06,2020-04-05 19:00:00,ID,16,1101,24,9894,710,,,10,0,77,11,,,16,,,10995,734
81253b3cee3c086e30f1de076e1c459b9f377b13,2020-04-06,2020-04-06 00:00:00,IL,17,12262,1006,50680,2953,,,307,33,,0,,,,,,62942,3959
7e4cae7159bc9078c9342e5c6bcd52c9d589edd1,2020-04-06,2020-04-06 14:00:00,IN,18,4944,533,21247,3006,,,139,12,,0,,924,,507,,26191,3539
518a901dbb5b766a3165006ec6dc8932322cd0b0,2020-04-06,2020-04-06 12:00:00,KS,20,845,98,8239,763,,,25,3,198,15,,,,,,9084,861
f29412e58b998378409d4dec3baf2cdda6c69659,2020-04-06,2020-04-05 17:00:00,KY,21,955,38,17812,2066,,,45,5,,0,,,,,,18767,2104
0332a2d9e34f79104bc19b3f36a06f99dc9778ee,2020-04-06,2020-04-06 13:00:00,LA,22,14867,1857,54299,6984,,,512,35,,0,1981,,,552,,69166,8841
613c56fe42dc228e3b907caf7f72f7fe83f0914b,2020-04-06,2020-04-06 12:30:00,MA,25,13739,1337,62720,3155,,,448,78,1667,35,1667,,,,,76459,4492
dc1cf41bbc3b749434737cb3453c60884fe00cfc,2020-04-06,2020-04-06 10:00:00,MD,24,4045,436,25572,844,,184,138,16,1059,123,,,,,,29617,1280
b21e7c492232058f03d24b076c3b556c1fc97bdc,2020-04-06,2020-04-06 11:00:00,ME,23,499,29,6088,0,,158,10,0,92,6,,,,,,6587,29
7e03550724f3a2521efc435c7c6dc5a4210c6385,2020-04-06,2020-04-06 11:00:00,MI,26,18850,1283,43120,2789,,56,727,110,,0,,,,,,61970,4072
544384871a5154984ab3f3c4a4a53e4cfa863ed1,2020-04-06,2020-04-06 17:11:00,MN,27,986,51,27142,1300,,440,30,1,223,21,115,57,90,,,28128,1351
220bb41fcadb311a66d1f1b14e52cb0c900119a5,2020-04-06,2020-04-06 16:28:00,MO,29,2722,355,27113,2231,,,39,5,,0,439,,,,,29835,2586
3f7200719a20c3ab3235a3b6209b126f9bd60757,2020-04-06,2020-04-06 02:57:00,MP,69,8,0,13,0,10,,1,0,,0,,,,,,21,0
0d552490a242a090da7a5a3241f9ac09367cb6c3,2020-04-06,2020-04-06 16:33:00,MS,28,1738,100,18632,13052,,,51,8,475,0,,,,,,20370,13152
10ef004802658b9a19841bfc3b1e6c839224cc1b,2020-04-06,2020-04-06 10:00:00,MT,30,299,13,6491,174,,,6,0,24,0,,,,,,6790,187
6872ca18b8ed3cdc626abd9de310e31e64ce5641,2020-04-06,2020-04-06 11:00:00,NC,37,2870,285,37856,396,,,33,2,,0,270,,,,,40726,681
783a21d2076e88ee3a174a8dcebdebb9c52a7579,2020-04-06,2020-04-06 13:05:00,ND,38,225,18,6988,408,,74,3,0,32,1,19,,,,,7213,426
d6d3e67bef41cdcfb8279829b9e8d08a11246c06,2020-04-06,2020-04-06 13:38:00,NE,31,409,46,6378,820,8,,8,0,,0,,,,,,6787,866
85123a8a85e9e0797192f28949dbc61fb1bc49c6,2020-04-06,2020-04-05 09:00:00,NH,33,669,48,7701,290,101,147,9,0,92,6,,,,,,8370,338
bf9790a27f55c900e4219edf725e17d5db948a9e,2020-04-06,2020-04-06 13:00:00,NJ,34,41090,3585,47942,3281,,,1003,86,,0,6390,,,1263,,89032,6866
7c0635e5f9275f6f508270cbc817f8effb4e7205,2020-04-06,2020-04-06 00:00:00,NM,35,624,81,18512,2227,,130,12,1,,0,45,,,18,,19136,2308
5abe380f0d4078cd914e2536d05b45af42812c50,2020-04-06,2020-04-06 10:00:00,NV,32,1953,117,15676,681,,,46,0,,0,,,,,,17629,798
d280614f7b43006fc64cdb23be122381d198e15f,2020-04-06,2020-04-06 00:00:00,NY,36,130689,8658,190122,9873,,13366,4758,599,34377,2084,16837,4504,,,,320811,18531
6cb32b58014fa4c0e260fa4affe67e86ecae2285,2020-04-06,2020-04-06 14:00:00,OH,39,4450,407,43928,4215,,,142,23,1214,110,,,371,,,48378,4622
f340015144aaf7b1bb149eca9a187344e217c55e,2020-04-06,2020-04-06 08:00:00,OK,40,1327,75,1422,21,,522,51,5,340,10,161,143,,,,2749,96
d70e8086ca40831a1c285c8bdb09bc314943eaa6,2020-04-06,2020-04-05 11:00:00,OR,41,1132,64,20669,1113,,,27,0,258,0,,,,40,,21801,1177
a792caa3db6eadf32afca33af8cac6805e2dd34a,2020-04-06,2020-04-06 12:00:00,PA,42,12980,1470,70874,4613,,,162,12,1145,73,,,,533,,83854,6083
6d5b23e27be12d9d00893d129dc8759e07724b02,2020-04-06,2020-04-06 07:00:00,PR,72,513,38,3432,359,1000,,21,1,,0,,,,,,3945,397
9acc6c04f886c4ce903a76bdcdc49a453cc2310d,2020-04-06,2020-04-06 00:00:00,RI,44,1082,160,7399,1140,,35,27,2,,0,109,37,,26,,8481,1300
c4325bc6c0b0facfb2a0a10d41bbc87098ff5a53,2020-04-06,2020-04-05 15:30:00,SC,45,2049,0,16927,0,,,44,0,241,0,,,,,,18976,0
484c31effdc2e4719bb56d153d99b2f5f6da4549,2020-04-06,2020-04-06 12:30:00,SD,46,288,48,5732,379,0,91,4,2,23,1,,,,,,6020,427
71349b4dfb6f61d8f625a2bf4e680bce0d766229,2020-04-06,2020-04-06 15:00:00,TN,47,3802,169,43548,1881,,356,65,21,352,24,,,,,,47350,2050
3ea3349447ba49bb1e7fdcc8c3e663dc189fea4d,2020-04-06,2020-04-05 21:00:00,TX,48,7276,464,78081,13955,,38,140,13,,0,1153,,,,,85357,14419
10cf4e64ec9e051bacebe37678d83f7ec9831bc7,2020-04-06,2020-04-05 15:00:00,UT,49,1675,70,31719,2432,,,13,5,138,14,,,,,,33394,2502
1cf5a5b2037a78638e7b38bf5bfffb410e436806,2020-04-06,2020-04-05 17:00:00,VA,51,2878,241,21643,609,,,54,3,497,66,,,145,,108,24521,850
fa147b0b793c2da4fc5281d5c218a8b3b82f7cc5,2020-04-06,2020-04-05 21:50:00,VI,78,43,1,222,16,20,36,1,0,,0,,,,,,265,17
2f15dc27b4aa912e017ea65ee35f7dfa78b66486,2020-04-06,2020-04-06 00:00:00,VT,50,575,32,6161,331,,15,23,1,45,0,28,,,,,6736,363
82f0063fc1e0e7842ad1271fff109d034bb0b482,2020-04-06,2020-04-06 00:00:00,WA,53,9973,324,99677,4821,,,407,21,,0,638,191,,,,109650,5145
8cbfeffef793493daa4202fe02a2b0c24aebec03,2020-04-06,2020-04-06 16:00:00,WI,55,2440,173,26574,1405,,,77,9,668,44,,,186,,,29014,1578
fc2d15afb33c7a4f2b0798b0688a1ccf79111482,2020-04-06,2020-04-06 10:00:00,WV,54,345,21,9595,1081,,,4,1,,0,,,,,,9940,1102
56f8f74c3bb1e07838a13927bf6d7140ba2a7de0,2020-04-06,2020-04-06 11:32:00,WY,56,210,13,3719,679,,52,0,0,23,0,,,,,,3929,692
6bf9ce9424769403a15e7a74e5a806becce84490,2020-04-05,2020-04-05 00:00:00,AK,02,185,14,6099,230,,,6,1,20,4,,,,,,6284,244
1e8fd364b69ad9384814c8e488935ad69a1e4afa,2020-04-05,2020-04-05 00:00:00,AL,01,1796,216,11282,2009,,,45,2,231,19,,,,,,13078,2225
e0d59c4f3c0fcd47ddee851873e0396f685be654,2020-04-05,2020-04-05 14:34:00,AR,05,830,87,10412,785,,97,16,2,130,24,67,,,27,39,11242,872
d35558687f86ff208bdc0a0b55dcde2b8e9b8f2c,2020-04-05,2020-03-30 23:00:00,AS,60,0,0,3,0,2,,0,0,,0,,,,,,3,0
4f14d87ceae22529610d7033e5f3ec43006734f8,2020-04-05,2020-04-05 00:00:00,AZ,04,2269,250,25141,0,,,64,12,,0,,,,,,27410,250
a955feb7cb3cd90a4a78fa489a43e8cfa95efa49,2020-04-05,2020-04-04 00:00:00,CA,06,13438,1412,103095,1421,15000,,319,43,,0,2398,1040,,,,116533,2833
02c955dcc9e2af7992744c479fac53c031c7c396,2020-04-05,2020-04-03 00:00:00,CO,08,4565,392,19335,1437,,,126,15,875,52,783,,,,,23900,1829
8b0e332a0e385d2997e4c80f523689e5e8a58d7c,2020-04-05,2020-04-05 12:00:00,CT,09,5675,399,17595,842,,,189,24,,0,1142,,,,,23270,1241
7f51e6659e3056eb57faca0b76e10ea1fe40a2a6,2020-04-05,2020-04-04 00:00:00,DC,11,998,96,5836,300,,258,22,1,,0,,,,,,6834,396
679d8d37ce1540d406d0827927142bc099e489bf,2020-04-05,2020-04-05 12:30:00,DE,10,673,80,6321,447,,71,14,0,,0,101,,,,,6994,527
929238f0728adfb0a9fb5afdbe14d244ece75045,2020-04-05,2020-04-05 13:30:00,FL,12,12151,1040,101253,10297,1129,,218,27,1572,110,,,,,,113404,11337
e6ed184dd14ea47ddb6d074b9175997337158db5,2020-04-05,2020-04-05 11:27:00,GA,13,6647,487,21185,1051,,,211,10,1283,44,,,,,,27832,1538
af97fea8324aba4ef9b83bf2630e03fdece7ba35,2020-04-05,2020-04-05 09:05:00,GU,66,112,19,493,21,,23,4,0,,0,21,2,,,,605,40
45b319b6cf1f2f40c287c4d3c9e59bdc4b61f77d,2020-04-05,2020-04-04 18:00:00,HI,15,351,32,12604,645,,82,4,1,19,1,,,6,,,12955,677
db5aa96926b6f0d64e1c7ca62f76e72648e213cc,2020-04-05,2020-04-05 00:00:00,IA,19,868,82,9973,519,,188,22,8,165,12,91,,,,,10841,601
ee53b54e6adbbf193255ebe92ba53ed289815d55,2020-04-05,2020-04-04 19:00:00,ID,16,1077,64,9184,1327,,,10,0,66,4,,,11,,,10261,1391
ca801c417aa68788f96b63b4fe57c8f1d649422f,2020-04-05,2020-04-05 00:00:00,IL,17,11256,899,47727,4503,,,274,31,,0,,,,,,58983,5402
fa9a5cdb84c5798ac6fc074edab38781b67cdb00,2020-04-05,2020-04-04 11:59:00,IN,18,4411,458,18241,2394,,,127,11,,0,,,,,,22652,2852
e8e697493351f88bd183f6694ea4bf3ab75ccadd,2020-04-05,2020-04-05 12:00:00,KS,20,747,49,7476,596,,,22,1,183,11,,,,,,8223,645
b8624b51fb551b8ab4d05b8fba7e822cd6fe5b82,2020-04-05,2020-04-04 17:00:00,KY,21,917,86,15746,1005,,,40,3,,0,,,,,,16663,1091
364b994cd555aa8e7bec2832e3c034a8756d316b,2020-04-05,2020-04-05 13:00:00,LA,22,13010,514,47315,1313,,,477,68,,0,1803,,,561,,60325,1827
87c3870e51a03ac2f0878f125bf5ec0b91d49380,2020-04-05,2020-04-05 12:30:00,MA,25,12402,765,59565,2374,,,370,66,1632,262,1632,,,,,71967,3139
b4e09c89d92825df7a5ba5dd9adfec3f1fccb36d,2020-04-05,2020-04-05 10:00:00,MD,24,3609,484,24728,2243,,159,122,21,936,115,,,,,,28337,2727
df01eed5b29830c7d4998558d11bc7385d8a1837,2020-04-05,2020-04-05 11:00:00,ME,23,470,14,6088,0,,156,10,0,86,3,,,,,,6558,14
a0ced4a4bca41e3700d45c9c60e2e600635d8736,2020-04-05,2020-04-05 11:00:00,MI,26,17567,1172,40331,2926,,56,617,77,,0,,,,,,57898,4098
86563202e0529a9d325f2624ec019c15dbb03f4c,2020-04-05,2020-04-04 17:00:00,MN,27,935,70,25842,1284,,422,29,5,202,22,106,48,77,,,26777,1354
e7132a61899bad6624dd7e9aa99d882e63618901,2020-04-05,2020-04-05 15:00:00,MO,29,2367,76,24882,2268,,,34,10,,0,424,,,,,27249,2344
87d65b0b5c666d89c13aea72d1601cbcdeb34f19,2020-04-05,2020-04-04 18:30:00,MP,69,8,0,13,0,10,,1,0,,0,,,,,,21,0
8bac837d8c46010d25a333afb98c812363466257,2020-04-05,2020-04-04 19:00:00,MS,28,1638,183,5580,447,,,43,8,475,39,,,,,,7218,630
9b03e361ceccd2b7e4298d8204d069db75739e99,2020-04-05,2020-04-05 10:00:00,MT,30,286,21,6317,405,,,6,1,24,0,,,,,,6603,426
f9598148c1394ae4a7bfba8ec24ce70815387643,2020-04-05,2020-04-05 11:00:00,NC,37,2585,183,37460,1089,,,31,7,,0,261,,,,,40045,1272
de09ede8139e30bf62ea72cdba5496a29b70d24a,2020-04-05,2020-04-05 12:51:00,ND,38,207,21,6580,559,,63,3,0,31,1,20,,,,,6787,580
6033863addb89231d8bac0f3bc6dcfd56a45dd9a,2020-04-05,2020-04-05 13:50:00,NE,31,363,42,5558,500,12,,8,2,,0,,,,,,5921,542
ec986b3551a0b82e5150df7aa445853e705be54e,2020-04-05,2020-04-04 09:00:00,NH,33,621,81,7411,446,93,146,9,2,86,6,,,,,,8032,527
3268fe111bfb37f1428cdbe741db198a41679e95,2020-04-05,2020-04-05 13:00:00,NJ,34,37505,3381,44661,3429,,,917,71,,0,4000,,,,,82166,6810
b30e5c17175bbc1c7e4b44ac7d01c5e0d17c47c3,2020-04-05,2020-04-04 00:00:00,NM,35,543,48,16285,1148,,54,11,1,,0,37,,,18,,16828,1196
302afadf765714774553ed2f03d1b38bb620968e,2020-04-05,2020-04-05 09:30:00,NV,32,1836,94,14995,574,,,46,0,,0,,,,,,16831,668
ba0b1b509a329444b55f3a14e6d2881d326888cb,2020-04-05,2020-04-04 00:00:00,NY,36,122031,8327,180249,10332,,12187,4159,594,32293,2822,16479,4376,,,,302280,18659
41d5f198c12df87000f520d0647e588ee38151f3,2020-04-05,2020-04-05 14:00:00,OH,39,4043,304,39713,1581,,,119,17,1104,98,,,346,,,43756,1885
9c49b5c573df071f5e522f52f7c85d950f6bcb7a,2020-04-05,2020-04-05 08:00:00,OK,40,1252,93,1401,39,,,46,4,330,14,,,,,,2653,132
7193d2e06e637a610e515f95048b9bb0a83d784d,2020-04-05,2020-04-04 11:00:00,OR,41,1068,69,19556,3021,,,27,1,258,19,,,,40,,20624,3090
5f9ccbc3a0917067991bce6df4136186f6f5601d,2020-04-05,2020-04-05 12:00:00,PA,42,11510,1493,66261,6248,,,150,14,1072,68,,,,,,77771,7741
dec8d28e9b9b3b84743a2720628752a242c507d0,2020-04-05,2020-04-05 07:00:00,PR,72,475,23,3073,468,1039,,20,2,,0,,,,,,3548,491
725975239f37e117d665427574a62372282b3bec,2020-04-05,2020-04-05 00:00:00,RI,44,922,116,6259,675,,35,25,8,,0,103,33,,6,,7181,791
0deeba559abeae245148d6009a10422cd192835c,2020-04-05,2020-04-05 15:30:00,SC,45,2049,132,16927,530,,,44,4,241,0,,,,,,18976,662
aef4c63293d7207968af806aba74700c28db2262,2020-04-05,2020-04-04 18:00:00,SD,46,240,28,5353,341,,84,2,0,22,3,,,,,,5593,369
47af5d2ae95427feadda1e1c3b7bf49adc9074cd,2020-04-05,2020-04-04 15:00:00,TN,47,3633,312,41667,3597,,295,44,1,328,17,,,,,,45300,3909
df0289bfab8f92e80753c6e0a24dbc4f2198f602,2020-04-05,2020-04-05 13:00:00,TX,48,6812,702,64126,6485,,38,127,22,,0,827,,,,,70938,7187
1e502f2af1c7ba74a8a22a2b388e81a56b17d756,2020-04-05,2020-04-05 15:00:00,UT,49,1605,177,29287,2672,,,8,0,124,7,,,,,,30892,2849
3665c75f339e5f97560dd0b233a7ac8639fdd3be,2020-04-05,2020-04-04 17:00:00,VA,51,2637,230,21034,1889,,,51,-1,431,41,,,145,,108,23671,2119
f4bcaa50bfc070c1c11b66eb289abf7b1c92e740,2020-04-05,2020-04-05 00:00:00,VI,78,42,2,206,22,18,34,1,1,,0,,,,,,248,24
8ace778daf5cc6a59945b8674bd3039ba941954e,2020-04-05,2020-04-05 00:00:00,VT,50,543,31,5830,588,,15,22,2,45,0,29,,,,,6373,619
17758352ccfb88da5c68e6af04aff4c394ac063d,2020-04-05,2020-04-05 00:00:00,WA,53,9649,220,94856,1737,,,386,21,,0,581,178,,,,104505,1957
7d6be9c46ac554073781d78c4038229b3137860f,2020-04-05,2020-04-05 16:00:00,WI,55,2267,155,25169,1310,,,68,12,624,36,,,175,,,27436,1465
a4eb46ec7691ba0f2bf332aeac7976c4e358a3bb,2020-04-05,2020-04-05 10:00:00,WV,54,324,42,8514,1110,,,3,1,,0,,,,,,8838,1152
5d22b9bb56d1c80a8ed48ea22b175ff3c66251e3,2020-04-05,2020-04-05 09:23:00,WY,56,197,10,3040,95,,50,0,0,23,0,,,,,,3237,105
f11878585e63f34f139c0f36cfceb81ff90856af,2020-04-04,2020-04-04 16:00:00,AK,02,171,14,5869,10,,,5,2,16,1,,,,,,6040,24
54263642ad9a802413cc9698aad3ee9582270ad5,2020-04-04,2020-04-04 00:00:00,AL,01,1580,148,9273,1086,,,43,8,212,212,,,,,,10853,1234
3a89bcb09dfad5b13f27cf4219e1e3ed2339ab38,2020-04-04,2020-04-04 00:00:00,AR,05,743,39,9627,632,,79,14,2,106,1,72,,,23,39,10370,671
f943f6a40bf8a9878e5778446a2aee219288fbb1,2020-04-04,2020-03-30 23:00:00,AS,60,0,0,3,0,2,,0,0,,0,,,,,,3,0
ee67bd5cde07aded1c9cc69d3bbe18cd50b51f8e,2020-04-04,2020-04-04 00:00:00,AZ,04,2019,250,25141,2237,,,52,11,,0,,,,,,27160,2487
2fe9b7ab47eb4f4d46b9008ac5e1f29028471ab0,2020-04-04,2020-04-02 00:00:00,CA,06,12026,1325,101674,77075,13000,,276,39,,0,2300,1008,,,,113700,78400
3ca7818d156fb964621f6d22262efd906d05f1b7,2020-04-04,2020-04-02 00:00:00,CO,08,4173,445,17898,1215,,,111,14,823,113,777,,,,,22071,1660
391d567f73d1005c7dc67be848b076d4f97409d5,2020-04-04,2020-04-04 13:00:00,CT,09,5276,362,16753,1652,,,165,34,,0,1033,,,,,22029,2014
21cebef18c6cc89ffb486b62e80b16f37304e88a,2020-04-04,2020-04-03 00:00:00,DC,11,902,145,5536,709,,235,21,6,,0,,,,,,6438,854
f5e4fba56b50cdbb881696fb1560f12880d91a73,2020-04-04,2020-04-04 13:45:00,DE,10,593,143,5874,879,,71,14,0,,0,95,,,,,6467,1022
1ed6ab596be8874cb4841534757861db51426899,2020-04-04,2020-04-04 09:51:00,FL,12,11111,1526,90956,8819,1281,,191,28,1462,175,,,,,,102067,10345
3edd0158c1687589be77eecd7c094b2697565562,2020-04-04,2020-04-04 11:27:00,GA,13,6160,329,20134,700,,,201,17,1239,81,,,,,,26294,1029
a4d4a92fe32192ec3f10fe674928f6805c10055a,2020-04-04,2020-04-04 06:45:00,GU,66,93,9,472,13,,20,4,0,,0,20,2,,,,565,22
1045353a645ef865e7d8fe1e825b85dbc804db7b,2020-04-04,2020-04-03 18:00:00,HI,15,319,34,11959,1753,,78,3,1,18,3,,,6,,,12278,1787
618841b3d9b65f67410aba45040d6bcb78161d9f,2020-04-04,2020-04-04 00:00:00,IA,19,786,87,9454,700,,188,14,3,153,15,85,,,,,10240,787
c43f1370dc04ebdecaae16f8e38199bc960621e1,2020-04-04,2020-04-03 19:00:00,ID,16,1013,122,7857,803,,,10,1,62,6,,,8,,,8870,925
75042e727ac57663be9e26f58cfa81bcd0820b5e,2020-04-04,2020-04-04 00:00:00,IL,17,10357,1453,43224,4080,,,243,33,,0,,,,,,53581,5533
27d7ca2b9b9a5fd53d444407832b9a75664f9038,2020-04-04,2020-04-02 23:59:00,IN,18,3953,516,15847,1449,,,116,14,,0,,,,,,19800,1965
866f16fd4c0feb560665997bcb68de4253d234c1,2020-04-04,2020-04-04 12:00:00,KS,20,698,78,6880,426,,,21,4,172,21,,,,,,7578,504
e1e9bef149909165eacc6cdbc5f19e0af3a21fc9,2020-04-04,2020-04-03 17:00:00,KY,21,831,61,14741,2707,,,37,6,,0,,,,,,15572,2768
1bf1c495f40950ebaa997c42def0e6a734330cd4,2020-04-04,2020-04-04 13:40:00,LA,22,12496,2199,46002,2654,,,409,39,,0,1726,,,571,,58498,4853
a17d620c7acef2b835be9269782f316986c95705,2020-04-04,2020-04-04 12:30:00,MA,25,11637,1334,57191,4506,,,304,39,1370,404,1370,,,,,68828,5840
e642561d8eed91248f9e69d3018d6409abf7d485,2020-04-04,2020-04-04 10:00:00,MD,24,3125,367,22485,1553,,159,101,17,821,157,,,,,,25610,1920
1d4bef9836de92ffb5901da789cc8cad6d9ffff1,2020-04-04,2020-04-04 11:00:00,ME,23,456,24,6088,0,,140,10,1,83,8,,,,,,6544,24
79cffbfdfa8fdec70677b9ef484f1ac93bd0c3b9,2020-04-04,2020-04-04 11:00:00,MI,26,16395,1143,37405,3735,,56,540,61,,0,,,,,,53800,4878
ec70705f79d3affd8dade910000a24aabfacc337,2020-04-04,2020-04-04 12:00:00,MN,27,865,76,24558,1120,,416,24,2,180,24,95,42,69,,,25423,1196
31189ca0b8820c793637ff8e8830d5fa4fa56675,2020-04-04,2020-04-04 15:00:00,MO,29,2291,178,22614,3257,,,24,5,,0,413,,,,,24905,3435
d09a0e932e01b6ae4c392508a2a31683220526b5,2020-04-04,2020-04-03 13:30:00,MP,69,8,0,13,0,10,,1,0,,0,,,,,,21,0
5b873dd6b57555291233dea46b0d093d1f5f3f7d,2020-04-04,2020-04-03 19:00:00,MS,28,1455,97,5133,380,,,35,6,436,16,,,,,,6588,477
267c6fe7ba7ddfc62b9d8d2ff237e22911a52170,2020-04-04,2020-04-04 10:00:00,MT,30,265,22,5912,579,,,5,0,24,0,,,,,,6177,601
46bfa79c8a0cbb31218fd83c70ec063e3f03d9eb,2020-04-04,2020-04-04 11:00:00,NC,37,2402,309,36371,6866,,,24,5,,0,271,,,,,38773,7175
047eb5b5ad2815cba2c6db72fdd12842ebf454e1,2020-04-04,2020-04-04 13:00:00,ND,38,186,13,6021,396,,63,3,0,30,1,,,,,,6207,409
fab7ac9f33966663dd81065539e2130939a914c6,2020-04-04,2020-04-04 14:05:00,NE,31,321,42,5058,571,10,,6,0,,0,,,,,,5379,613
123725f9359ff00030e7dc29b739a65e4f1af778,2020-04-04,2020-04-03 09:00:00,NH,33,540,61,6965,390,94,144,7,2,80,7,,,,,,7505,451
b17ce712064a527a65b5ed7a4bbdf1ce02acb1f5,2020-04-04,2020-04-04 13:00:00,NJ,34,34124,4229,41232,3624,,,846,200,,0,4000,,,,,75356,7853
8d5dc3299b6fe57d26eba4cb57f9ba51abc91932,2020-04-04,2020-04-03 00:00:00,NM,35,495,92,15137,762,,26,10,3,,0,41,,,18,,15632,854
f6b3f7b7279cab2c613422c30080a64c5ff41044,2020-04-04,2020-04-04 09:30:00,NV,32,1742,228,14421,1403,,,46,3,,0,,,,,,16163,1631
dcec1ef76f9ebc811ba907e67aa776673eba54f6,2020-04-04,2020-04-03 11:00:00,NY,36,113704,10841,169917,12260,,10478,3565,630,29471,3261,15905,4126,,,,283621,23101
5b5d64d618e443e461ea22372022d5b10ce8b832,2020-04-04,2020-04-04 14:00:00,OH,39,3739,427,38132,3069,,,102,11,1006,111,,,326,,,41871,3496
981ba3fe67714c908ecef47442172c0b94811c24,2020-04-04,2020-04-04 08:00:00,OK,40,1159,171,1362,47,,,42,4,316,27,,,,,,2521,218
5f7fb692c6f725ba14b837e9ccd3b4e55c1091cc,2020-04-04,2020-04-03 12:00:00,OR,41,999,100,16535,0,,,26,4,239,35,,,,38,,17534,100
ca74db8906b6717078c00d651dcca2824623b9a1,2020-04-04,2020-04-04 12:00:00,PA,42,10017,1597,60013,6318,,,136,34,1004,152,,,,,,70030,7915
136d6eb57524ec98c4645c66aae62593cf35412a,2020-04-04,2020-04-04 07:00:00,PR,72,452,74,2605,556,1129,,18,3,,0,,,,,,3057,630
1c2e5de6d5332b7c4b4d7b8866f380a2ad650067,2020-04-04,2020-04-04 00:00:00,RI,44,806,97,5584,727,,35,17,3,,0,93,31,,6,,6390,824
ccc9552fa0485cea4f6d80e9fb73dbc057a22246,2020-04-04,2020-04-04 15:54:00,SC,45,1917,363,16397,10956,,,40,9,241,0,,,,,,18314,11319
d66911d066719720d5f130055154d8181b8e96a9,2020-04-04,2020-04-03 18:00:00,SD,46,212,25,5012,419,1,76,2,0,19,2,,,,,,5224,444
818363f09ba8d385095c8b985a6ee4e1bdbb0e1c,2020-04-04,2020-04-04 15:00:00,TN,47,3321,254,38070,3298,,416,43,6,311,18,,,,,,41391,3552
ef6df20e7c676fd69c4b3ed77c63c3f909974a4d,2020-04-04,2020-04-03 21:00:00,TX,48,6110,780,57641,7207,,38,105,15,,0,196,,,,,63751,7987
89f0868cc56f8263e027d070c787e8aefd52b92f,2020-04-04,2020-04-04 15:00:00,UT,49,1428,182,26615,3613,,,8,1,117,11,,,,,,28043,3795
4b140af1ed69bd916d90ce7e9f8b110b01affbdc,2020-04-04,2020-04-03 17:00:00,VA,51,2407,395,19145,2152,,,52,6,390,78,,,145,,108,21552,2547
161c47f18c09886fc859a232e2b210865949eeae,2020-04-04,2020-04-03 23:30:00,VI,78,40,2,184,30,42,34,,0,,0,,,,,,224,32
8870a414aa11892b0d88dd26f1e524ac5f817901,2020-04-04,2020-04-04 00:00:00,VT,50,512,52,5242,377,,15,20,3,45,0,29,,,,,5754,429
dd8c829495147c8ae4575867c63b2e5ac0fe12a8,2020-04-04,2020-04-04 00:00:00,WA,53,9429,244,93119,2375,,,365,27,,0,574,174,,,,102548,2619
8b826cad6c77b440172027be3977250e80e2485f,2020-04-04,2020-04-04 04:00:00,WI,55,2112,200,23859,1482,,,56,19,588,101,,,,,,25971,1682
1134bc91f5f403a76d154adb0f151d55a073f044,2020-04-04,2020-04-04 10:00:00,WV,54,282,45,7404,1274,,,2,0,,-1,,,,,,7686,1319
97b1d1844d54343b5c31328166006a90ebca41bc,2020-04-04,2020-04-04 09:49:00,WY,56,187,25,2945,241,,49,0,0,23,2,,,,,,3132,266
111e13441632ff18882e8e14a85ae71d74a87d93,2020-04-03,2020-04-03 16:00:00,AK,02,157,14,5859,980,,,3,0,15,6,,,,,,6016,994
b268a61a71730d667c5d27b35c10e6b76b6f948a,2020-04-03,2020-04-03 00:00:00,AL,01,1432,199,8187,684,,,35,3,,0,,,,,,9619,883
df536aa7208d62d333725d2f25a82c7b500a7bb2,2020-04-03,2020-04-03 16:21:00,AR,05,704,61,8995,1115,,60,12,0,105,5,71,,,26,39,9699,1176
7785af5e1911d762ee3502fdabe4b8c2f67f9700,2020-04-03,2020-03-30 23:00:00,AS,60,0,0,3,0,2,,0,0,,0,,,,,,3,0
86c27b90981ff5a416d250b626ebb1ebaae0a711,2020-04-03,2020-04-03 00:00:00,AZ,04,1769,171,22904,1793,,,41,9,,0,,,,,,24673,1964
85ad3b89fd044ae57b8c6b6119a5ea1bb3466655,2020-04-03,2020-04-02 00:00:00,CA,06,10701,1510,24599,790,59500,,237,34,,0,2188,901,,,,35300,2300
dbb55ed77cfa48302d86e8979e5f91d4b9e58806,2020-04-03,2020-04-01 00:00:00,CO,08,3728,386,16683,1380,,,97,17,710,90,739,,,,,20411,1766
f220de14578a70260f87aa0e7ca4652aefae569f,2020-04-03,2020-04-03 15:30:00,CT,09,4914,1090,15101,625,,,131,19,,0,909,,,,,20015,1715
89d9677ee42ec7fdfa33da15db392a6fb60b66ca,2020-04-03,2020-04-03 00:00:00,DC,11,757,104,4827,410,,206,15,3,,0,,,,,,5584,514
830598ce3f7385a9baad714584feb1911d12f41e,2020-04-03,2020-04-03 00:00:00,DE,10,450,57,4995,429,,71,14,2,,0,63,,,,,5445,486
5a66b494d7bac63152d981544f88861c6f1c46b2,2020-04-03,2020-04-03 11:30:00,FL,12,9585,1575,82137,12851,1225,,163,35,1287,164,,,,,,91722,14426
d59bcd0f7a41e55c9b70276c31853bafd9d3f899,2020-04-03,2020-04-03 11:28:00,GA,13,5831,483,19434,1825,,,184,21,1158,102,,,,,,25265,2308
636f362dec11ff1cecdace2a77724aa7667b88d9,2020-04-03,2020-04-03 09:45:00,GU,66,84,2,459,17,,14,4,1,,0,19,2,,,,543,19
0b063f1c125f16cfe55eb13f13c2324aa7bed5db,2020-04-03,2020-04-02 18:00:00,HI,15,285,27,10206,0,,72,2,1,15,0,,,6,,,10491,27
a7ff4d6c4331f8f80095ea7ba3dc890558c95e29,2020-04-03,2020-04-03 16:30:00,IA,19,699,85,8754,700,,188,11,0,138,18,80,,,,,9453,785
612062c6e29b40dec0002a41b461cad98bf6e02d,2020-04-03,2020-04-02 19:00:00,ID,16,891,222,7054,441,,,9,0,56,7,,,7,,,7945,663
b71c65e17844be1579114404123e0a903f1b560e,2020-04-03,2020-04-03 00:00:00,IL,17,8904,1209,39144,3183,,,210,53,,0,,,,,,48048,4392
88c9ed8a92a672ac90cf56401b4833fc38737915,2020-04-03,2020-04-02 23:59:00,IN,18,3437,398,14398,1152,,,102,24,,0,,,,,,17835,1550
b1913916da11cc55cc457c92b84dba1df3f48c03,2020-04-03,2020-04-03 12:00:00,KS,20,620,68,6454,395,,,17,4,151,13,,,,,,7074,463
0e7a1ab90652ae235849478e62f3583b9ae017fe,2020-04-03,2020-04-02 17:00:00,KY,21,770,90,12034,4814,,,31,11,,0,,,,,,12804,4904
f062c65d38a5cb344bc588e6e6393bfba519cfba,2020-04-03,2020-04-03 13:00:00,LA,22,10297,1147,43348,1412,,,370,60,,0,1707,,,535,,53645,2559
a22838d35ad3919dfb99f77edad890b676bdb085,2020-04-03,2020-04-03 12:30:00,MA,25,10303,1436,52685,4918,,,265,36,966,153,,,,,,62988,6354
1339a4bd563d2fb1b930f4f7937e497705038d66,2020-04-03,2020-04-03 10:00:00,MD,24,2758,427,20932,2042,,159,84,20,664,82,,,,,,23690,2469
122873984f3be18125ba85b75be8757aa76f35e7,2020-04-03,2020-04-03 12:00:00,ME,23,432,56,6088,0,,113,9,2,75,7,,,,,,6520,56
0a0d73cb86e7a74a823d2d2a73d0c9453d8e8a11,2020-04-03,2020-04-03 11:00:00,MI,26,15252,1135,33670,3302,,56,479,62,,0,,,,,,48922,4437
62097bc13ce1592e357034cedc708d78f851eb63,2020-04-03,2020-04-02 17:00:00,MN,27,789,47,23438,1786,,,22,4,156,18,86,40,40,,,24227,1833
87cfd2cd198b848c32cdd3de35a3d2bcb3185421,2020-04-03,2020-04-03 15:00:00,MO,29,2113,279,19357,1508,,,19,0,,0,,,,,,21470,1787
8c9ff2bd40242cbea4096f04fdfbc92b8e781c4c,2020-04-03,2020-04-02 18:30:00,MP,69,8,0,13,0,10,,1,0,,0,,,,,,21,0
03cfe907788a0674b8983ebfd6a0915dee8f4921,2020-04-03,2020-04-02 19:00:00,MS,28,1358,181,4753,0,,,29,3,420,60,,,,,,6111,181
dde6c05845b8b3073abeebf7e9759315a928dfd6,2020-04-03,2020-04-03 10:00:00,MT,30,243,16,5333,240,,,5,0,24,4,,,,,,5576,256
444cfc3da1da6d7e5ba38756900a5b28d7007e9f,2020-04-03,2020-04-03 13:55:00,NC,37,2093,236,29505,2683,,,19,3,,0,184,,,,,31598,2919
573c017827bdb13989b5c66754f2f907c4b0aebf,2020-04-03,2020-04-03 13:50:00,ND,38,173,14,5625,804,,55,3,0,29,1,,,,,,5798,818
e1594b28e33968ba92e1dbe2dab49bd8c954035b,2020-04-03,2020-04-03 13:50:00,NE,31,279,33,4487,509,11,,6,1,,0,,,,,,4766,542
6908b40a7e1b2ff042aec665491a6acc96ade689,2020-04-03,2020-04-02 09:00:00,NH,33,479,64,6575,497,114,101,5,1,73,15,,,,,,7054,561
9149ead5564a496b7326d0ab0da0122fd2874ddb,2020-04-03,2020-04-03 13:00:00,NJ,34,29895,4305,37608,4088,,,646,109,,0,3016,,,,,67503,8393
30242b168a9a80b6d26c599ead23118e0022b989,2020-04-03,2020-04-02 00:00:00,NM,35,403,40,14375,727,,26,7,1,,0,31,,,,,14778,767
68674880145884d395e2d1b451231ec0f36a57f2,2020-04-03,2020-04-03 09:30:00,NV,32,1514,56,13018,430,,,43,5,,0,,,,,,14532,486
a856aa050e6bafc395702e16df25e7ae0e269b92,2020-04-03,2020-04-03 11:00:00,NY,36,102863,10482,157657,11073,,8886,2935,562,26210,3424,14810,3731,,,,260520,21555
b3b77689fbd208776204532e55ac1bb1b08a2d6a,2020-04-03,2020-04-03 14:00:00,OH,39,3312,410,35063,3047,,,91,10,895,93,,,288,,,38375,3457
ca391bd7ab83c3e9d9f8012c4402f2eba4d311d8,2020-04-03,2020-04-03 08:00:00,OK,40,988,109,1315,50,,383,38,4,289,32,171,123,,,,2303,159
2eb57870b608a2ec774f74b38e177eef42e9de1e,2020-04-03,2020-04-02 11:00:00,OR,41,899,73,16535,1276,,,22,1,204,16,188,,,38,,17434,1349
124670ba0049ccba4fcb752ef0140cfa0d7789c6,2020-04-03,2020-04-03 12:00:00,PA,42,8420,1404,53695,5997,,,102,12,852,122,,,,,,62115,7401
05932dc6dc08d51264801207a660ee0b5fca5438,2020-04-03,2020-04-03 07:00:00,PR,72,378,62,2049,445,1055,,15,3,,0,,,,,,2427,507
7ba381fcb0831cee0a377c4d82e5f8d27d2be24e,2020-04-03,2020-04-03 00:00:00,RI,44,709,52,4857,445,,35,14,2,,0,77,14,,6,,5566,497
c3f5044374860851d368d0df3c8cbd480ef02dc8,2020-04-03,2020-04-02 16:04:00,SC,45,1554,0,5441,0,,,31,0,241,0,,,,,,6995,0
a3c74f83c72514f6b29d2a1634700e0bfd1031c1,2020-04-03,2020-04-03 13:21:00,SD,46,187,22,4593,376,3,69,2,0,17,0,,,,,,4780,398
a6eec6fc40ed735d8fa50a690deb8133a175e435,2020-04-03,2020-04-03 15:00:00,TN,47,3067,222,34772,3006,,248,37,5,293,30,,,,,,37839,3228
9d0803b05d6a82250214775b3ffb0201c3a70e88,2020-04-03,2020-04-02 21:00:00,TX,48,5330,661,50434,4424,,38,90,20,,0,196,,,,,55764,5085
35340cf12861db467233437f7ee3ad03d0892cba,2020-04-03,2020-04-03 15:00:00,UT,49,1246,172,23002,2847,,,7,0,106,6,,,,,,24248,3019
6fde81af499479727d11c22e15cd281520368ffc,2020-04-03,2020-04-03 09:00:00,VA,51,2012,306,16993,1110,,,46,5,312,7,,,145,,108,19005,1416
a27722a56e61f294230d41ff79c71ccc0917de0a,2020-04-03,2020-04-03 14:30:00,VI,78,38,5,154,5,56,29,,0,,0,,,,,,192,10
0bb51c8a0672fc42ee93c9522988d590065d39ce,2020-04-03,2020-04-03 00:00:00,VT,50,460,70,4865,481,,15,17,0,45,0,29,,,,,5325,551
771166bdab74bd4b195c4fc0921d46eae8ae835c,2020-04-03,2020-04-03 00:00:00,WA,53,9185,281,90744,4574,,,338,28,,0,,,,,,99929,4855
f1655961011fe744a674b4d430cf3d8008b88247,2020-04-03,2020-04-03 04:00:00,WI,55,1912,182,22377,2060,,,37,6,487,26,,,,,,24289,2242
4d9596440f22d011889306a5858f4bd5fa7edbf8,2020-04-03,2020-04-03 10:00:00,WV,54,237,20,6130,854,,,2,0,1,0,,,,,,6367,874
709d9a492a8d2d9ec3038d9471b6144e5af5ad85,2020-04-03,2020-04-03 10:42:00,WY,56,162,12,2704,265,,37,0,0,21,2,,,,,,2866,277
e2599c4a103820cfc1b1794bdbed01ff7803fba4,2020-04-02,2020-04-01 21:00:00,AK,02,143,10,4879,409,,,3,0,9,0,,,,,,5022,419
0471591cd91f066b47b7f1e910914a661d6cae15,2020-04-02,2020-04-02 00:00:00,AL,01,1233,156,7503,806,,,32,6,,0,,,,,,8736,962
222b55f074955a51fc57afe0e0866f67ef70d530,2020-04-02,2020-04-02 14:45:00,AR,05,643,59,7880,526,,47,12,2,100,10,66,,,23,32,8523,585
92c020ef4854b42f7beb78ce78139eda996c0cef,2020-04-02,2020-03-30 23:00:00,AS,60,0,0,3,0,2,,0,0,,0,,,,,,3,0
4f819487acf02a4d34a1ff03087d68f02602e552,2020-04-02,2020-04-02 00:00:00,AZ,04,1598,185,21111,1466,,,32,3,,0,,,,,,22709,1651
bfd0206c6875a6ae3318105ab51264a1cb78460b,2020-04-02,2020-04-02 00:00:00,CA,06,9191,1036,23809,2037,59500,,203,32,,0,1922,816,,,,33000,3073
e148cb882a185a330be72bf48193742eaf056bd7,2020-04-02,2020-03-31 00:00:00,CO,08,3342,376,15303,1420,,,80,11,620,111,698,,,,,18645,1796
0fcaa49f9eb51a3f09f01489b616b590d3780dca,2020-04-02,2020-04-02 15:30:00,CT,09,3824,267,14476,1433,,,112,27,,0,827,,,,,18300,1700
a85995c6eaad954637d331670b8c59378702f27c,2020-04-02,2020-04-02 09:00:00,DC,11,653,67,4417,1155,,173,12,1,,0,,,,,,5070,1222
4b324593c65d880ba5ace9bda99dbb78432af61a,2020-04-02,2020-04-02 16:45:00,DE,10,393,25,4566,551,,49,12,1,,0,56,,,,,4959,576
7bcac71ee8908975b183d990e9e1bd6881ba7312,2020-04-02,2020-04-02 11:01:00,FL,12,8010,1055,69286,9757,1285,,128,41,1123,174,,,,,,77296,10812
cbf026958634758e060b354404b12caba73fc82e,2020-04-02,2020-04-02 11:28:00,GA,13,5348,710,17609,1921,,,163,24,1056,104,,,,,,22957,2631
5dac689f86dd11719752d5c99588cd07c7df81bc,2020-04-02,2020-04-02 08:30:00,GU,66,82,5,442,36,,12,3,0,,0,19,2,,,,524,41
1ccf98abad5c4473294e90394344c24e85a5ed89,2020-04-02,2020-04-01 18:00:00,HI,15,258,50,10206,1485,,69,1,0,15,2,,,6,,,10464,1535
99841557814ec3f4aaa3b5002c9b109bf3a56817,2020-04-02,2020-04-02 00:00:00,IA,19,614,65,8054,750,,46,11,2,120,21,74,,,,,8668,815
1be1b2d29b3f63b42a118b6f629c9cb136328091,2020-04-02,2020-04-01 19:00:00,ID,16,669,144,6613,537,,,9,0,49,3,,,7,,,7282,681
31d02a2938281d5279874ee956783f29766dd8ad,2020-04-02,2020-04-02 00:00:00,IL,17,7695,715,35961,2557,,,157,16,,0,,,,,,43656,3272
da24a562132124e632697e11e3884d9faeb09e00,2020-04-02,2020-04-01 23:59:00,IN,18,3039,474,13246,1436,,,78,13,,0,,,,,,16285,1910
81ecc84aaa2fba19ba7845f47c28548a61293d66,2020-04-02,2020-04-02 12:00:00,KS,20,552,70,6059,648,,,13,3,138,24,,,,,,6611,718
ce67f5a895008bd7adc9e6298edf66919287af16,2020-04-02,2020-04-01 17:00:00,KY,21,680,89,7220,255,,,20,3,,0,,,,,,7900,344
ccdddc751d88a682cb2b2bc4912c9423f7f43723,2020-04-02,2020-04-02 13:00:00,LA,22,9150,2726,41936,2584,,,310,37,,0,1639,,,507,,51086,5310
04c6fd380f7d1113403fdf787fa1172a582562fc,2020-04-02,2020-04-02 16:00:00,MA,25,8867,1228,47767,3642,,,229,42,813,131,,,,,,56634,4870
16f4ca6d1348e1d05f069bdd2016bff38f7ec0b4,2020-04-02,2020-04-02 10:00:00,MD,24,2331,346,18890,1657,,81,64,12,582,60,,,,,,21221,2003
c1b54957a4e4ce4c26d25da8393c95be99d1f143,2020-04-02,2020-04-02 10:00:00,ME,23,376,32,6088,0,,94,7,0,68,5,,,,,,6464,32
7faf230ed340b002789d82c3c7d58689b22efe5d,2020-04-02,2020-04-02 11:00:00,MI,26,14117,1229,30368,3131,,,417,80,,0,,,,,,44485,4360
991d1dddbcd8beb898b4ac62fe1a17106a600740,2020-04-02,2020-04-02 12:00:00,MN,27,742,53,21652,1150,,,18,1,138,16,75,38,38,,,22394,1203
4801eeef0b70e2553850ee30f34b1fac86879edd,2020-04-02,2020-04-02 15:00:00,MO,29,1834,253,17849,2003,,,19,1,,0,,,,,,19683,2256
2c885e977009b5296e825b192ddeb8866ab74196,2020-04-02,2020-04-02 03:00:00,MP,69,8,2,13,13,12,,1,1,,0,,,,,,21,15
3dfd45e2c9de74708a4a1468f2a3f2000f76ffe8,2020-04-02,2020-04-01 19:00:00,MS,28,1177,104,4753,1041,,,26,4,360,28,,,,,,5930,1145
8c1d83fa0018344974b1da4fdfa5d545995dba2a,2020-04-02,2020-04-02 10:00:00,MT,30,227,19,5093,383,,,5,0,20,3,,,,,,5320,402
4a6459928fcb0dc5865b18310a8677771a82a6a4,2020-04-02,2020-04-02 14:00:00,NC,37,1857,273,26822,2163,,,16,6,,0,184,,,,,28679,2436
b0322ed4edc3dce80f7f8729e512e906ac59d090,2020-04-02,2020-04-02 12:56:00,ND,38,159,17,4821,470,,43,3,0,28,5,,,,,,4980,487
f9d61e8e685b9df23b22c5f83d7dc19aee83e51d,2020-04-02,2020-04-02 14:00:00,NE,31,246,36,3978,503,11,,5,1,,0,,,,,,4224,539
6d486142cb40425636b857f4e3ac9604dbb7a3bd,2020-04-02,2020-04-01 09:00:00,NH,33,415,0,6078,93,126,91,4,0,58,2,,,,,,6493,93
b05eb1b76e09f2f60f4228f437d54b449c4702e3,2020-04-02,2020-04-02 13:00:00,NJ,34,25590,3335,33520,3133,,,537,182,,0,2000,,,,,59110,6468
1e714353981f30c7c399eb26f4496addb6a52e95,2020-04-02,2020-04-01 00:00:00,NM,35,363,48,13648,723,,26,6,1,,0,31,,,,,14011,771
4823763994f89edcd7caac8086d15e40001f3f28,2020-04-02,2020-04-02 09:30:00,NV,32,1458,179,12588,1069,,,38,12,,0,,,,,,14046,1248
fdecd28bd82ae30d4dfec0a0d6323c82eafabde0,2020-04-02,2020-04-02 11:45:00,NY,36,92381,8669,146584,9416,,7434,2373,432,22786,2857,13383,3396,,,,238965,18085
c009f67137f4999f8ad9f2f8f7ab5f25ce04ebf2,2020-04-02,2020-04-02 14:00:00,OH,39,2902,355,32016,5024,,,81,16,802,123,,,260,,,34918,5379
984c621face9b647560eff8896063309591d21ec,2020-04-02,2020-04-01 08:00:00,OK,40,879,160,1265,17,,,34,4,257,38,182,144,,,,2144,177
707eb321344e6946d2595c4db654bc0cc93b8340,2020-04-02,2020-04-01 11:00:00,OR,41,826,90,15259,2123,,,21,3,188,34,134,,,38,,16085,2213
88c18460fd0d792ad33fe1b43ad896ae685279a1,2020-04-02,2020-04-02 12:00:00,PA,42,7016,1211,47698,5271,,,90,16,730,110,,,,,,54714,6482
b5649c9caba0b12fc1517e3af3d6cdb7331c1e73,2020-04-02,2020-04-02 07:00:00,PR,72,316,30,1604,195,1119,,12,1,,0,,,,,,1920,225
df0c7363fd233dc87e9ddbba1563c198ff4c6449,2020-04-02,2020-04-02 00:00:00,RI,44,657,91,4412,581,,35,12,2,,0,72,14,,6,,5069,672
eda702add9134b518a9a5ab7778205b4766ad3b4,2020-04-02,2020-04-02 16:04:00,SC,45,1554,261,5441,408,,,31,5,241,139,,,,,,6995,669
0a6b2dab50ede54ca74bd0d00deff6807f920bd7,2020-04-02,2020-04-01 18:00:00,SD,46,165,36,4217,314,0,57,2,0,17,5,,,,,,4382,350
971da9260921e99824682a1310a48ed25d2811b6,2020-04-02,2020-04-02 15:00:00,TN,47,2845,162,31766,1997,,220,32,8,263,63,,,,,,34611,2159
824106d295856fcd99b3f4c9f7837e06c456cad3,2020-04-02,2020-04-01 21:00:00,TX,48,4669,672,46010,2150,,38,70,12,,0,196,,,,,50679,2822
8f363eb56acb3d6ef49440eec9e665318a349b56,2020-04-02,2020-04-02 15:00:00,UT,49,1074,62,20155,0,,,7,0,100,9,,,,,,21229,62
3a0ab9e7c5be7473d3128089f5bb6f6d77b0862d,2020-04-02,2020-04-02 09:00:00,VA,51,1706,222,15883,2023,,,41,7,305,0,246,,145,,108,17589,2245
86d6a93b88959c44669874f48d12e0f76c462d67,2020-04-02,2020-04-02 09:30:00,VI,78,33,3,149,23,42,25,,0,,0,,,,,,182,26
64098385cbd309ef6e55495b68775ad9f41b45c5,2020-04-02,2020-04-02 00:00:00,VT,50,390,31,4384,222,,15,17,1,45,0,29,,,,,4774,253
5086a3e1ef8e8ef08ffd9f6b8447128b8bfa1f53,2020-04-02,2020-04-02 00:00:00,WA,53,8904,330,86170,4584,,,310,28,,0,,,,,,95074,4914
dfbb8806e67c65b2cb87e2627fdfe9be06984891,2020-04-02,2020-04-02 16:00:00,WI,55,1730,180,20317,1498,,,31,7,461,63,,,,,,22047,1678
ddaafc8ee6ae2e8dbb8bb16ae365926c7a756189,2020-04-02,2020-04-02 00:17:00,WV,54,217,26,5276,892,,,2,1,1,0,,,,,,5493,918
300f04551af5cae856a86e81387de96b5d01db5a,2020-04-02,2020-04-02 10:30:00,WY,56,150,20,2439,221,,31,0,0,19,1,,,,,,2589,241
d898e5994403ef3e198176b80518cf17d8ec9e8d,2020-04-01,2020-03-31 19:00:00,AK,02,133,14,4470,876,,,3,0,9,2,,,,,,4603,890
75ace75256a7501d9baa4aa1bbdb2981c80b14e4,2020-04-01,2020-04-01 00:00:00,AL,01,1077,96,6697,399,,,26,13,,0,,,,,,7774,495
ae6904e0714d467a60c5d054765b9779b4cd4244,2020-04-01,2020-04-01 13:26:00,AR,05,584,61,7354,1395,,42,10,2,90,90,56,,,25,32,7938,1456
8951eca1307c3795e9fa87684986174c95120ac7,2020-04-01,2020-03-30 23:00:00,AS,60,0,0,3,0,2,,0,0,,0,,,,,,3,0
95af2b59c3346c79cd6efc797db7cdbc3945d84a,2020-04-01,2020-04-01 00:00:00,AZ,04,1413,124,19645,1563,,,29,5,,0,,,,,,21058,1687
049e35897c479a43208f51bc9c6c3c604a562d3f,2020-04-01,2020-03-31 00:00:00,CA,06,8155,673,21772,0,57400,,171,18,,0,1855,774,,,,29927,673
d7728d1219cde0a423dc2c3d0cb13cf55d0e71a8,2020-04-01,2020-03-30 00:00:00,CO,08,2966,339,13883,1146,,,69,18,509,95,574,,,,,16849,1485
d2fef515d8f3bdd72390487ddf46fe97181bedd9,2020-04-01,2020-04-01 13:30:00,CT,09,3557,429,13043,14,,,85,16,,0,766,,,,,16600,443
d52cf4f3fbfd08e83574a6fc038e08f0b8dd6399,2020-04-01,2020-03-31 21:24:00,DC,11,586,91,3262,0,2,142,11,2,,0,,,,,,3848,91
5d8742419c8e42f2dc5684baeb2517806141bf94,2020-04-01,2020-04-01 12:30:00,DE,10,368,49,4015,319,,49,11,1,,0,51,,,,,4383,368
348c3f67cecc1cb44066bceceea053f73cf778a7,2020-04-01,2020-04-01 11:30:00,FL,12,6955,617,59529,5244,1235,,87,10,949,126,,,,,,66484,5861
addc9922913cf1b379ae11ca023a96402f1e854c,2020-04-01,2020-04-01 11:28:00,GA,13,4638,709,15688,3436,,,139,28,952,119,,,,,,20326,4145
f79f04a559f8cf48e9f9fcd15e793122214b2c94,2020-04-01,2020-04-01 08:30:00,GU,66,77,8,406,35,,9,3,1,,0,19,2,,,,483,43
19b425b279b4178c7d31754fbecbf76dc0718bc0,2020-04-01,2020-03-31 18:00:00,HI,15,208,4,8721,250,,58,1,1,13,1,,,6,,,8929,254
db21f4f6b6b5a8c63ba0dc775754b6fb5c938c6f,2020-04-01,2020-04-01 14:40:00,IA,19,549,52,7304,416,,118,9,2,99,5,63,,,,,7853,468
3d592147ddd52ec15a85becad5d709884e9dab50,2020-04-01,2020-03-31 19:00:00,ID,16,525,110,6076,779,,,9,2,46,1,,,7,,,6601,889
a95cb3e357f8b7bd45aefb99d10ffa39840f04e8,2020-04-01,2020-04-01 02:00:00,IL,17,6980,986,33404,4173,,,141,42,,0,,,,,,40384,5159
b9d2d2c495c39e026821f568faf947bdaec82c80,2020-04-01,2020-04-01 00:59:00,IN,18,2565,406,11810,596,,,65,16,,0,,,,,,14375,1002
ffb49103a7c904f87b1583bd7725e7e10c2a410c,2020-04-01,2020-04-01 11:00:00,KS,20,482,54,5411,415,,,10,1,114,35,,,,,,5893,469
c508c1c38f60411d14c2285f2958f6598395f377,2020-04-01,2020-03-31 17:00:00,KY,21,591,111,6965,635,,,17,6,,0,,,,,,7556,746
999f706ecd1842db0792b27ecb789ff8731f3258,2020-04-01,2020-04-01 13:00:00,LA,22,6424,1187,39352,5622,,,273,34,,0,1498,,,490,,45776,6809
41cadc011d02f13c192c69ef2e13ed9d089cdb6c,2020-04-01,2020-03-31 12:30:00,MA,25,7639,1118,44125,3685,,,187,34,682,120,,,,,,51764,4803
f0460bdb499d57769a662aeb424757cf77076d61,2020-04-01,2020-04-01 10:00:00,MD,24,1985,325,17233,2365,,,52,9,522,93,,,,,,19218,2690
6418100c568ba7da18a5599f4b78d759dff2a039,2020-04-01,2020-04-01 11:00:00,ME,23,344,41,6088,0,,80,7,2,63,6,,,,,,6432,41
e4465be1de5aa1b2f72e23a304cdc63361a1b5f6,2020-04-01,2020-04-01 16:00:00,MI,26,12888,1013,27237,3258,,,337,78,,0,,,,,,40125,4271
c0a1a16e90494ad92c95681a7500a57cb7903c2b,2020-04-01,2020-04-01 12:00:00,MN,27,689,60,20502,1351,,,17,5,122,10,54,27,27,,,21191,1411
3ce712cce3e88ad725fefc8dc932957e7aa2567a,2020-04-01,2020-04-01 15:00:00,MO,29,1581,254,15846,1232,,,18,4,,0,,,,,,17427,1486
59ad5860fd26878c156d467e2e264b43e8bee999,2020-04-01,2020-03-31 21:50:00,MP,69,6,4,,0,,,,0,,0,,,,,,6,4
0e73542303b583234c85f3d4859bd263ba81f714,2020-04-01,2020-03-31 19:00:00,MS,28,1073,136,3712,175,,,22,2,332,121,,,,,,4785,311
ebfcb6e3cb208190b2b5925811a322c840550294,2020-04-01,2020-04-01 10:00:00,MT,30,208,24,4710,476,,,5,1,17,3,,,,,,4918,500
3e530c6d7c4c08e91b54b708e8efaf9e89a3a94e,2020-04-01,2020-04-01 11:00:00,NC,37,1584,86,24659,3051,,,10,2,,0,204,,,,,26243,3137
ae110f166eaa0eab47983b4f71102011d2468258,2020-04-01,2020-04-01 12:00:00,ND,38,142,16,4351,220,,34,3,0,23,2,,,,,,4493,236
ca966875b49214c6ae2598007ca687937559c9fb,2020-04-01,2020-04-01 14:00:00,NE,31,210,38,3475,544,8,,4,1,,0,,,,,,3685,582
f850afd2d87c738fa4442b3e24e3828b97d682e2,2020-04-01,2020-04-01 09:00:00,NH,33,415,101,5985,572,97,56,4,1,56,11,,,,,,6400,673
97d471b53b02070b3a31871c24d055f1df95683c,2020-04-01,2020-04-01 13:00:00,NJ,34,22255,3559,30387,3310,,,355,88,,0,2000,,,,,52642,6869
9e12f31710192e49138c0be07e9858b8b7f00d4f,2020-04-01,2020-03-31 22:22:00,NM,35,315,34,12925,679,,26,5,1,,0,24,,,,,13240,713
3e935f2c092127f0a2c389be0186059fb13afc9b,2020-04-01,2020-04-01 09:30:00,NV,32,1279,166,11519,838,,,26,9,,0,,,,,,12798,1004
68e331e9342a96a86b3b752a9bf5e8e5563aecd2,2020-04-01,2020-04-01 12:00:00,NY,36,83712,7917,137168,7777,,6142,1941,391,19929,2844,12226,3022,,,,220880,15694
170757be7c64b1e8fe37d38c012fba92cd30ec85,2020-04-01,2020-04-01 14:00:00,OH,39,2547,348,26992,0,,,65,10,679,94,,,222,,,29539,348
ba383e428d52df5df5c49ca01d0603a138a5e85e,2020-04-01,2020-04-01 08:00:00,OK,40,719,154,1248,19,,,30,7,219,42,174,98,,,,1967,173
6774aa316ef8bae6706c8a7a44ee7f19bd712275,2020-04-01,2020-03-31 11:00:00,OR,41,736,46,13136,0,,,18,0,154,0,132,,,40,,13872,46
cbeb3174ad25c4060353e2deef2d7c8e5c4dea0c,2020-04-01,2020-04-01 12:00:00,PA,42,5805,962,42427,4782,,,74,11,620,106,,,,,,48232,5744
afe1825d53d92d7d5cb80b50f0a76f5dac7df487,2020-04-01,2020-04-01 07:00:00,PR,72,286,47,1409,214,897,,11,3,,0,,,,,,1695,261
56b70f6be3a6e3e44b2193a7a33d2b44e5132c14,2020-04-01,2020-04-01 00:00:00,RI,44,566,77,3831,355,,35,10,2,,0,60,14,,6,,4397,432
363121be2fd7006be6f0c2907f13c8a35f9673aa,2020-04-01,2020-04-01 15:55:00,SC,45,1293,210,5033,417,,,26,4,102,0,,,,,,6326,627
1fa5451767bd75c9b60407d84afb59fed677a5a5,2020-04-01,2020-04-01 12:30:00,SD,46,129,21,3903,294,0,51,2,1,12,0,,,,,,4032,315
53cac0f21f7bae6f0f668b1d60fb77f3abf6faa5,2020-04-01,2020-04-01 15:00:00,TN,47,2683,444,29769,4648,,137,24,1,200,25,,,,,,32452,5092
122dfca179062c5c93b94191ff23e67fec8afd32,2020-04-01,2020-03-31 21:00:00,TX,48,3997,731,43860,4134,,38,58,17,,0,196,,,,,47857,4865
4a39ac84253919f3a6e817959482dc91c3b1ea38,2020-04-01,2020-04-01 15:00:00,UT,49,1012,125,20155,2529,,,7,2,91,18,,,,,,21167,2654
5db51d9d0c467fb99226e2a91b895a0b465f87cf,2020-04-01,2020-04-01 13:00:00,VA,51,1484,234,13860,1709,,,34,7,305,140,,,145,,108,15344,1943
de9f53489ac5b1e48726bbf8784dcced8eb61e41,2020-04-01,2020-03-31 17:00:00,VI,78,30,0,126,0,24,21,,0,,0,,,,,,156,0
8850e73104699d58596992750c8b8810dc5dc35e,2020-04-01,2020-04-01 00:00:00,VT,50,359,39,4162,213,,15,16,3,45,9,30,,,,,4521,252
2af98adb61639df9cdc8b371a8e206333dee27df,2020-04-01,2020-04-01 00:00:00,WA,53,8574,436,81586,4266,,,282,20,,0,,,,,,90160,4702
05a3976345bc1a7fc75f55be24b37b35568790ed,2020-04-01,2020-04-01 16:00:00,WI,55,1550,199,18819,1444,,,24,8,398,61,,,,,,20369,1643
82a07191dd3392965709359fba3982a03f6aca18,2020-04-01,2020-04-01 13:11:00,WV,54,191,29,4384,403,,,1,0,1,0,,,,,,4575,432
2c8d9bca2204850c3ee646074764d02656926f54,2020-04-01,2020-03-31 19:44:00,WY,56,130,21,2218,219,,31,0,0,18,1,,,,,,2348,240
efddf943733ed7812e2442cb876ddfadfd0c191e,2020-03-31,2020-03-30 19:00:00,AK,02,119,5,3594,54,,,3,0,7,0,,,,,,3713,59
3a890897de82e642b4afbf5bd932074689c68fcd,2020-03-31,2020-03-31 00:00:00,AL,01,981,122,6298,604,,,13,7,,0,,,,,,7279,726
6471b8d086d5154b860fda9236136002a9b788d0,2020-03-31,2020-03-31 14:59:00,AR,05,523,50,5959,697,,35,8,1,,0,64,,,23,,6482,747
e5d426b44b0d81339b01fdf98ffd8e12aad51821,2020-03-31,2020-03-30 00:00:00,AS,60,0,0,3,3,2,,0,0,,0,,,,,,3,3
f610f7b5da4caffeb1a661823ad554a12b5d7b02,2020-03-31,2020-03-31 00:00:00,AZ,04,1289,132,18082,2480,,,24,4,,0,,,,,,19371,2612
f522616455f059645c5cb6231a8324659d762eaa,2020-03-31,2020-03-31 16:00:00,CA,06,7482,1035,21772,1223,57400,,153,20,,0,1617,657,,,,29254,2258
3c74cc7d99f3b2f4c5f271d4195097c3c829409a,2020-03-31,2020-03-29 00:00:00,CO,08,2627,0,12737,0,,,51,0,414,0,503,,,,,15364,0
25dd4212df9a34625a4fde737a5b13cee0bee90d,2020-03-31,2020-03-31 13:30:00,CT,09,3128,557,13029,1000,,,69,33,,0,608,,,,,16157,1557
1a4c13b763380528e14d4e341f77a5f3d92b1075,2020-03-31,2020-03-30 00:00:00,DC,11,495,94,3262,580,2,121,9,0,,0,,,,,,3757,674
193939c1880ca97549a8585a2f074a1ee14ab078,2020-03-31,2020-03-31 16:00:00,DE,10,319,55,3696,1480,,22,10,4,,0,57,,,,,4015,1535
c81a634a8e137d6c6e60bfe5800ab7191a698c21,2020-03-31,2020-03-31 11:30:00,FL,12,6338,865,54285,6060,1163,,77,14,823,171,,,,,,60623,6925
1080a63a316ae2be3a6492578a44d0a7eb46983c,2020-03-31,2020-03-31 12:57:00,GA,13,3929,1120,12252,2337,,,111,24,833,126,,,,,,16181,3457
a6b14f61949948c14d39727eaa277c07239ed1e0,2020-03-31,2020-03-31 07:55:00,GU,66,69,11,371,19,,7,2,1,,0,19,2,,,,440,30
a1bc66e64d6a062bfba6f473f695b2c1048b0736,2020-03-31,2020-03-30 18:00:00,HI,15,204,29,8471,646,,49,,0,12,0,,,6,,,8675,675
57e4f6090363128dc925cc58eb47e5f9c215c3a8,2020-03-31,2020-03-31 00:00:00,IA,19,497,73,6888,726,,33,7,1,94,20,61,,,,,7385,799
1cec2afd6a21a19b2372b0620e5ace70368cea5e,2020-03-31,2020-03-30 19:00:00,ID,16,415,105,5297,901,,,7,1,45,6,,,6,,,5712,1006
cfe7c5b96cd5ddeec63d7811a70011b86ad74c13,2020-03-31,2020-03-31 00:00:00,IL,17,5994,937,29231,3842,,,99,26,,0,,,,,,35225,4779
19988412c968e92efb07a928ba63a484a3ad22fc,2020-03-31,2020-03-30 12:59:00,IN,18,2159,373,11214,1342,,,49,14,,0,,,,,,13373,1715
358de25c921f5a5c05f5a0d1f7c824cc4d4d27a4,2020-03-31,2020-03-31 11:00:00,KS,20,428,60,4996,442,,,9,1,79,13,,,,,,5424,502
10911b948250055a87f2ef46ecad3027aa26a667,2020-03-31,2020-03-30 17:00:00,KY,21,480,41,6330,751,,,11,2,,0,,,,,,6810,792
b990612ea2b2108799351fc1d8c0de94d4f89b92,2020-03-31,2020-03-31 13:00:00,LA,22,5237,1212,33730,3722,,,239,54,,0,1355,,,438,,38967,4934
bb48c0b630dbc955259fdadd56e74e2ffc4449fa,2020-03-31,2020-03-31 12:30:00,MA,25,6521,868,40440,3274,,,153,29,562,109,,,,,,46961,4142
064624517617290c5b4c6d17480f87f91968731f,2020-03-31,2020-03-31 10:00:00,MD,24,1660,247,14868,1552,,,43,8,429,76,,,,,,16528,1799
d6f54d527eb208eb17dd1d8d0a2f6d9cb78a3b81,2020-03-31,2020-03-31 10:30:00,ME,23,303,28,6088,2694,,68,5,2,57,8,,,,,,6391,2722
1a2bc59a58a42fb60aa880abe307ac8e1c11e294,2020-03-31,2020-03-31 11:00:00,MI,26,11875,974,23979,2796,,,259,75,,0,,,,,,35854,3770
b0280a279de37525fb9d6b0d93ff9a461a02f5d3,2020-03-31,2020-03-31 00:00:00,MN,27,629,53,19151,905,,,12,2,112,20,56,26,26,,,19780,958
e91ff6b137bb8c559345d6ef39cb443bbeb8c0d8,2020-03-31,2020-03-31 15:00:00,MO,29,1327,296,14614,1410,,,14,1,,0,,,,,,15941,1706
f36cf424ec8c581528f1bab403062d53d5f6954d,2020-03-31,2020-03-30 18:30:00,MP,69,2,0,,0,,,,0,,0,,,,,,2,0
73b9b600b74b0ff45e97b457c396701e4451e51a,2020-03-31,2020-03-30 19:00:00,MS,28,937,90,3537,548,,,20,4,211,16,,,,,,4474,638
8c38e8a301a86c25e70f832c2e781b9580fb56eb,2020-03-31,2020-03-31 10:00:00,MT,30,184,13,4234,91,,,4,0,14,4,,,,,,4418,104
9552e9399be40f4aac6d0cf7e4b3e72ed38c8251,2020-03-31,2020-03-31 09:05:00,NC,37,1498,191,21608,2051,,,8,2,,0,157,,,,,23106,2242
659cd310a8473b6516fb73b2f3033e565de6acb8,2020-03-31,2020-03-31 18:00:00,ND,38,126,17,4131,403,,30,3,1,21,2,,,,,,4257,420
9dc016f9000338eab541959f2d30049633ee4be2,2020-03-31,2020-03-31 14:00:00,NE,31,172,27,2931,347,8,,3,1,,0,,,,,,3103,374
9184473aab7c68e87a2e44c702371882afd6dd7b,2020-03-31,2020-03-30 09:00:00,NH,33,314,0,5413,27,65,,3,0,45,0,,,,,,5727,27
5804f1c6b9e0b62883b54d8e96a5fecefb5dd337,2020-03-31,2020-03-31 13:00:00,NJ,34,18696,2060,27077,1853,,,267,69,,0,2000,,,,,45773,3913
faabbcb35029c3d757c287a902a22126754077b2,2020-03-31,2020-03-31 00:00:00,NM,35,281,44,12246,1304,,26,4,2,,0,22,,,,,12527,1348
de1ac5d42fd69200e155291eeccb16884bbfc45c,2020-03-31,2020-03-31 09:30:00,NV,32,1113,105,10681,474,,,17,2,,0,,,,,,11794,579
7f65b13ea90d8efa8ce9ae93c74c8cfe3f0e4e8f,2020-03-31,2020-03-29 09:16:00,NY,36,75795,9298,129391,9420,,4975,1550,332,17085,2507,10929,2710,,,,205186,18718
abc6c1a12ac0e3d1fa6fda2956bd1a65180f724b,2020-03-31,2020-03-31 14:00:00,OH,39,2199,266,26992,1650,,,55,16,585,110,,,198,,,29191,1916
deb12822fc2eb96098700f3fe84df8cbc0edd0a2,2020-03-31,2020-03-31 08:00:00,OK,40,565,84,1229,22,,,23,6,177,24,,83,,,,1794,106
4df1c3e5c462dca4ea48da808b7512e132536ec9,2020-03-31,2020-03-31 11:00:00,OR,41,690,84,13136,859,,,18,2,154,14,132,,,40,,13826,943
92ef04e59381f291f10ee49bc24a616dd7e5ff89,2020-03-31,2020-03-31 12:00:00,PA,42,4843,756,37645,3868,,,63,14,514,128,,,,,,42488,4624
2f3d728831ecd2fa5d862fba9d0f311a395cad2f,2020-03-31,2020-03-30 07:00:00,PR,72,239,65,1195,264,854,,8,2,,0,,,,,,1434,329
00f8bc8240af12f5c61d8867b837823eed99aa5a,2020-03-31,2020-03-31 00:00:00,RI,44,489,87,3476,289,,35,8,4,,0,59,9,,6,,3965,376
bb0d1ee07a0991ec79b7cf20494a3d9bdf65f1b1,2020-03-31,2020-03-31 16:31:00,SC,45,1083,158,4616,456,,,22,4,102,0,,,,,,5699,614
7c8c3f65de3777e494f1a88dd16f121d0a9abfc4,2020-03-31,2020-03-31 12:30:00,SD,46,108,7,3609,131,0,44,1,0,12,12,,,,,,3717,138
959e176e20fbd38d734f0075041a48c0074f2d9e,2020-03-31,2020-03-31 15:00:00,TN,47,2239,405,25121,3651,,121,23,10,175,27,,,,,,27360,4056
5f765ef4df2653d7116f07970a340b43150326ae,2020-03-31,2020-03-31 13:45:00,TX,48,3266,389,39726,6723,,38,41,7,,0,196,,,,,42992,7112
88dfb4a898bcc9dec5fcd053dff0cd3c8200fde5,2020-03-31,2020-03-31 15:00:00,UT,49,887,81,17626,2429,,,5,1,73,73,,,,,,18513,2510
49bd8aa0bd2ac98452db8f6d8396c4dc4ca0cfbc,2020-03-31,2020-03-31 00:00:00,VA,51,1250,230,12151,1133,,,27,2,165,29,,,,,,13401,1363
6d163f226eedec979754b2a8ca62091212120087,2020-03-31,2020-03-30 17:00:00,VI,78,30,0,126,0,24,21,,0,,0,,,,,,156,0
977556c5b22a13f3f21a73dec7b087bbd1f3ec3c,2020-03-31,2020-03-31 00:00:00,VT,50,320,27,3949,231,,15,13,1,36,18,21,,,,,4269,258
b5755c3e288a3cbfdb59322f470d1ce7152af50b,2020-03-31,2020-03-31 00:00:00,WA,53,8138,307,77320,4418,,,262,14,,0,,,,,,85458,4725
e53daba21658f9b9faa1dd46bc4491e41d75d411,2020-03-31,2020-03-31 16:00:00,WI,55,1351,130,17375,1519,,,16,2,337,337,,,,,,18726,1649
bbd8fae129e35379a77e228e261ea31633a53b2b,2020-03-31,2020-03-31 00:00:00,WV,54,162,36,3981,997,,,1,0,1,0,,,,,,4143,1033
a1fcde8d119d9a3bb9ccfb432894ffa594ceeb02,2020-03-31,2020-03-31 10:37:00,WY,56,109,15,1999,159,,26,0,0,17,0,,,,,,2108,174
3060ba0acc7e088cbf69b797429c562c33deff11,2020-03-30,2020-03-29 19:00:00,AK,02,114,12,3540,308,,,3,1,7,1,,,,,,3654,320
141cd8eb6b011654a6ab66256e6c49fbc826f97f,2020-03-30,2020-03-29 00:00:00,AL,01,859,53,5694,1510,,,6,2,,0,,,,,,6553,1563
0a408148e3829da14349b418a6624c93abbd65fe,2020-03-30,2020-03-30 15:42:00,AR,05,473,47,5262,2235,,29,7,1,,0,62,,,21,,5735,2282
e193ded3fad2d7a11b85e98db6f39d8cddc83ce0,2020-03-30,2020-03-30 00:00:00,AS,60,,0,,0,,,0,0,,0,,,,,,0,0
76249a539f7574c3a680c3445d95787aaa7a04a1,2020-03-30,2020-03-30 00:00:00,AZ,04,1157,238,15602,2649,,,20,3,,0,,,,,,16759,2887
3d9b9561cbdb8d379edca7ba92ad53c271cdf2d5,2020-03-30,2020-03-30 00:00:00,CA,06,6447,739,20549,0,64400,,133,10,,0,1432,597,,,,26996,739
8a4b9541a0c0a64151466605f1e8be335dcc8ba8,2020-03-30,2020-03-28 00:00:00,CO,08,2627,566,12737,1522,,,51,7,414,140,358,,,,,15364,2088
d9d00a6fdef7a86c28db8095f6e5c8fd87dfb21f,2020-03-30,2020-03-30 11:30:00,CT,09,2571,578,12029,2122,,,36,2,,0,517,,,,,14600,2700
039d67300d67bce492a0c16b3c5b11781415f8ef,2020-03-30,2020-03-29 20:45:00,DC,11,401,59,2682,213,2,106,9,4,,0,,,,,,3083,272
6871bea155184dc5a38e4662ca9f8ea9a064e2d8,2020-03-30,2020-03-30 00:00:00,DE,10,264,32,2216,2180,,9,6,0,,0,45,,,,,2480,2212
42fb91ce1c2ae7167b2953e946234595c16a3f8a,2020-03-30,2020-03-30 11:30:00,FL,12,5473,1227,48225,9155,,,63,7,652,58,,,,,,53698,10382
b75bbb4cd901e828f3b9c3fb04654e442f864dda,2020-03-30,2020-03-30 11:28:00,GA,13,2809,158,9915,2,,,87,7,707,41,,,,,,12724,160
8464d3938c795bc9e63a57980cfbf309229a645b,2020-03-30,2020-03-30 04:30:00,GU,66,58,2,352,18,,7,1,0,,0,19,2,,,,410,20
fdaebaef0711d9fb121478852e8c43921ad857c1,2020-03-30,2020-03-29 18:00:00,HI,15,175,24,7825,976,,,,0,12,0,,,,,,8000,1000
8c95c93d688e7bec3a6f7941e1124cfadb599935,2020-03-30,2020-03-30 00:00:00,IA,19,424,88,6162,1149,,23,6,2,74,6,51,,,,,6586,1237
68350f0d5187172938fb30723d5bd5d6c2daeecc,2020-03-30,2020-03-29 19:00:00,ID,16,310,49,4396,375,,,6,1,39,3,,,,,,4706,424
e5f6baab6434dedfd0082198e771be9ce8d5b91b,2020-03-30,2020-03-29 00:00:00,IL,17,5057,461,25389,2223,,,73,8,,0,,,,,,30446,2684
36c1d7dacae6db0e6c42d2070da3208da5b56a01,2020-03-30,2020-03-29 12:59:00,IN,18,1786,272,9872,1556,,,35,3,,0,,,,,,11658,1828
ea55d7e201f848d90f792e63c5a64ffa2f8aabf4,2020-03-30,2020-03-30 11:00:00,KS,20,368,49,4554,360,,,8,2,66,11,,,,,,4922,409
3d6672f990332a932f227f0a43f359911a6960c9,2020-03-30,2020-03-29 17:00:00,KY,21,439,45,5579,432,,,9,0,,0,,,,,,6018,477
c7dbcc5233579009648505ef00ce7a1439ece160,2020-03-30,2020-03-30 13:00:00,LA,22,4025,485,30008,5677,,,185,34,,0,1185,,,385,,34033,6162
55e63af0162a315b919dc18c6e6f8be9cf51c794,2020-03-30,2020-03-30 16:15:00,MA,25,5653,797,37166,2932,,,124,25,453,54,,,,,,42819,3729
36d929ab413874db278aca6eac898572e4339b40,2020-03-30,2020-03-30 10:00:00,MD,24,1413,174,13316,962,,,35,11,353,76,,,,,,14729,1136
c2464edaf06fe3613b7f8bf2db18697ea67f8547,2020-03-30,2020-03-30 12:00:00,ME,23,275,22,3394,0,,41,3,0,49,49,,,,,,3669,22
4121f133dc7783fd5bc8b2e0bb55ed9470b5747c,2020-03-30,2020-03-30 16:00:00,MI,26,10901,891,21183,5507,,,184,52,,0,,,,,,32084,6398
50f86f249267344382fa223a811bc21de15a3969,2020-03-30,2020-03-30 00:00:00,MN,27,576,73,18246,1092,,,10,1,92,17,56,24,24,,,18822,1165
6ab33f824ebf2988b8f91098c4868b1acc001bd8,2020-03-30,2020-03-30 16:00:00,MO,29,1031,193,13204,1657,,,13,3,,0,,,,,,14235,1850
cb9105fb5a581b944bc7cf9774c42ce8772a721c,2020-03-30,2020-03-30 01:30:00,MP,69,2,0,,0,,,,0,,0,,,,,,2,0
6a06b0ebb8de9567f66435d33eacab368ca97fe4,2020-03-30,2020-03-29 19:00:00,MS,28,847,89,2989,429,,,16,2,195,-40,,,,,,3836,518
c9bb36b350a0ff8bcb299aa5bd467a389d129319,2020-03-30,2020-03-30 10:00:00,MT,30,171,17,4143,0,,,4,3,10,2,,,,,,4314,17
e38d242f4ddba1be44649d348ff093b5be69c1ae,2020-03-30,2020-03-30 11:00:00,NC,37,1307,267,19557,1652,,,6,2,,0,137,,,,,20864,1919
a6cbbc142bead52a23a2b83316f7ef97746632c1,2020-03-30,2020-03-30 12:00:00,ND,38,109,11,3728,373,,19,2,1,19,2,,,,,,3837,384
4b75e801b86954f9ec787cdaf1cb38d56f4bc1e6,2020-03-30,2020-03-30 14:30:00,NE,31,145,37,2584,616,5,,2,0,,0,,,,,,2729,653
acf1db11d2c1684282d78185f5b47bf599e5aa32,2020-03-30,2020-03-29 09:00:00,NH,33,314,100,5386,862,144,,3,1,45,12,,,,,,5700,962
19188ab53e4e9032967eeab7adb2f32df77fe64c,2020-03-30,2020-03-29 13:30:00,NJ,34,16636,3250,25224,3008,,,198,37,,0,2000,,,,,41860,6258
23d5a557336ef8a6ea5f3fbcddfcd87a353e4ccb,2020-03-30,2020-03-29 00:00:00,NM,35,237,0,10942,173,,26,2,0,,0,22,,,,,11179,173
2090e0730b61c30033d22214659c79f5274503ef,2020-03-30,2020-03-30 12:00:00,NV,32,1008,270,10207,1795,,,15,1,,0,,,,,,11215,2065
2728021b247e5e4bf31b93fad6732c62c21598e3,2020-03-30,2020-03-29 09:16:00,NY,36,66497,6984,119971,7124,,4204,1218,253,14578,1883,9517,2352,,,,186468,14108
fa452e4146bd89c915c58b5a8a2f5f7604170144,2020-03-30,2020-03-30 14:00:00,OH,39,1933,280,25342,6330,,,39,10,475,72,,,163,,,27275,6610
48c7be86c514827ce2011fc611282d15e49c7bc7,2020-03-30,2020-03-30 08:00:00,OK,40,481,52,1207,2,,,17,1,153,13,,103,,,,1688,54
c5c591b4c024f60e13e83eeee79131f53c3c4eaf,2020-03-30,2020-03-30 11:00:00,OR,41,606,58,12277,1399,,,16,3,140,11,132,,,39,,12883,1457
a2fbfc08ffd3d0ed3cfa46c3cba26715b9aef739,2020-03-30,2020-03-30 12:00:00,PA,42,4087,693,33777,3716,,,49,11,386,33,,,,,,37864,4409
0a4ef760e423adc35b4b32e6311c8d455775bd61,2020-03-30,2020-03-30 07:00:00,PR,72,174,47,931,90,794,,6,1,,0,,,,,,1105,137
0eae1018655e9907095748badc925d1d9c609373,2020-03-30,2020-03-30 00:00:00,RI,44,402,108,3187,347,,,4,1,,0,41,9,,6,,3589,455
8c6d261d1ae100f1a631773ddf18fd1c61b58a88,2020-03-30,2020-03-30 16:00:00,SC,45,925,151,4160,1145,,,18,2,102,0,,,,,,5085,1296
c0ad6f63b35b76d76353483fa4b07898f9311c87,2020-03-30,2020-03-30 12:30:00,SD,46,101,11,3478,351,0,34,1,0,,0,,,,,,3579,362
23be5f02a5c0837ca63349e03980a892f90df150,2020-03-30,2020-03-30 15:00:00,TN,47,1834,297,21470,2433,,,13,6,148,15,,,,,,23304,2730
b7fe70aa89b6a4c1252f99e384ab07ccac0674e7,2020-03-30,2020-03-30 12:45:00,TX,48,2877,325,33003,9795,,38,34,0,,0,,,,,,35880,10120
c60d8d27673c9f8bfbc1d5b6d8e26af435c71593,2020-03-30,2020-03-30 15:00:00,UT,49,806,87,15197,1923,,,4,2,,0,,,,,,16003,2010
b6d498abab2faadd8749975b72ba24624a67bf2a,2020-03-30,2020-03-30 00:00:00,VA,51,1020,130,11018,1299,,,25,3,136,24,,,,,,12038,1429
77dc94beacd54409e077419ef080b11231576b97,2020-03-30,2020-03-30 11:00:00,VI,78,30,7,126,3,24,,,0,,0,,,,,,156,10
cbfe08d372cdaf68c49c1bbddb48920035acacaa,2020-03-30,2020-03-30 00:00:00,VT,50,293,37,3718,235,,,12,0,18,0,,,,,,4011,272
a0a80e6cf05c0b69ac2658a1684161074d6d5515,2020-03-30,2020-03-30 00:00:00,WA,53,7831,402,72902,4752,,,248,11,,0,,,,,,80733,5154
66164d4d5722fd6e7d50fa92de9d04ae7d9d142e,2020-03-30,2020-03-30 16:00:00,WI,55,1221,109,15856,-694,,,14,1,,0,,,,,,17077,-585
0a3d6433bd7806d79b0c7a532937579ba106cd37,2020-03-30,2020-03-30 14:10:00,WV,54,126,13,2984,279,0,,1,1,1,0,,,,,,3110,292
304806e2571792361cc986ebf746b49b884dd839,2020-03-30,2020-03-30 00:00:00,WY,56,94,8,1840,286,,24,0,0,17,2,,,,,,1934,294
45611b49aec4f8d89558850b515440fc8ee7809b,2020-03-29,2020-03-28 19:00:00,AK,02,102,17,3232,396,,,2,0,6,1,,,,,,3334,413
abd6fe9dc422d3b36e29eec9aee6c4a5c5102f54,2020-03-29,2020-03-29 00:00:00,AL,01,806,110,4184,0,,,4,1,,0,,,,,,4990,110
a117492420de54f745b78fbab064888087985dd6,2020-03-29,2020-03-29 11:10:00,AR,05,426,22,3027,89,,28,6,1,,0,43,,,16,,3453,111
9e83b6462a82328443823791a2cfaa7331af7b26,2020-03-29,2020-03-27 00:00:00,AS,60,,0,,0,,,0,0,,0,,,,,,0,0
70662d02ba59ebe45ec737af76d19b3ae4057ba7,2020-03-29,2020-03-29 00:00:00,AZ,04,919,46,12953,5498,,,17,2,,0,,,,,,13872,5544
4cb62b4e9e288aa8f80d475e5d7c3be816708ed0,2020-03-29,2020-03-29 14:18:00,CA,06,5708,1065,20549,0,64400,,123,22,,0,1034,410,,,,26257,1065
a99f31e0aa45b0151ae2c1c02da974f9f0e15b19,2020-03-29,2020-03-28 18:00:00,CO,08,2061,327,11215,1273,,,44,13,274,35,332,,,,,13276,1600
9757c3e913375fdbf7c508d1e7032e41d39c81c7,2020-03-29,2020-03-29 12:30:00,CT,09,1993,702,9907,2798,,,34,7,,0,404,,,,,11900,3500
38be12029004d925c1bb270d8d40844d8ff2767b,2020-03-29,2020-03-28 19:45:00,DC,11,342,38,2469,258,1,66,5,1,,0,,,,,,2811,296
9d824cc3c64c10b84c8a0eb830344fd1bbe4158f,2020-03-29,2020-03-29 00:00:00,DE,10,232,18,36,0,,9,6,3,,0,33,,,,,268,18
76eae82837c8174a029c8cd57753e57bfff27114,2020-03-29,2020-03-29 11:30:00,FL,12,4246,483,39070,3704,,,56,2,594,68,,,,,,43316,4187
d9605b8a8f38e328a870779fe603b1c3316b1aa6,2020-03-29,2020-03-28 18:27:00,GA,13,2651,285,9913,1228,,,80,11,666,49,,,,,,12564,1513
2c55ad03a161813e0b3903c2277daa71d320abd3,2020-03-29,2020-03-29 04:00:00,GU,66,56,1,334,35,,7,1,0,,0,15,,,,,390,36
ef25b7581af647f18e4f8befadf1a6e268d6ae16,2020-03-29,2020-03-28 18:00:00,HI,15,151,31,6849,2492,,,,0,12,4,,,,,,7000,2523
84d71ddcce09a2bdee602ae528aa7b53f7d4988a,2020-03-29,2020-03-29 00:00:00,IA,19,336,38,5013,638,,17,4,1,68,7,51,,,,,5349,676
74b92f9419dbde53796e2aa0a94d8bef552b4412,2020-03-29,2020-03-28 18:55:00,ID,16,261,31,4021,679,,,5,1,36,11,,,,,,4282,710
df33976e93efa5ef8064df608288e9442388d30b,2020-03-29,2020-03-29 00:00:00,IL,17,4596,1105,23166,1166,,,65,18,,0,,,,,,27762,2271
d39d1f3d65c0abe519ac98be533921df343de07e,2020-03-29,2020-03-29 11:00:00,IN,18,1514,282,8316,1141,,,32,1,,0,,,,,,9830,1423
9fc6f7e87b7aab6ee6d2c56fc48857a907d88876,2020-03-29,2020-03-29 11:00:00,KS,20,319,58,4194,523,,,6,1,55,28,,,,,,4513,581
e9ad29042c0ee1c076684822ec95a838360873bb,2020-03-29,2020-03-28 17:00:00,KY,21,394,92,5147,326,,,9,1,,0,,,,,,5541,418
583dfcd58bdadba083ab85e21b8052754d9c66e7,2020-03-29,2020-03-29 13:00:00,LA,22,3540,225,24331,2485,,,151,14,,0,1127,,,380,,27871,2710
20ba76cb617863e47c23a74058cbdaa8c48cba3a,2020-03-29,2020-03-28 12:30:00,MA,25,4856,698,34234,3319,,,99,27,399,49,,,,,,39090,4017
91f8bd2d8acbf4892f83cb1a91711f126f3f824e,2020-03-29,2020-03-29 10:00:00,MD,24,1239,247,12354,838,,,24,7,277,51,,,,,,13593,1085
1a2a891cf6d4ad7cce484d05e168dc0c17b50c45,2020-03-29,2020-03-29 14:20:00,ME,23,253,42,3394,0,,41,3,2,,0,,,,,,3647,42
0de8e46f5ebfbc6b996d1891775524c00e84ddd9,2020-03-29,2020-03-28 14:00:00,MI,26,10010,723,15676,1493,,,132,40,,0,,,,,,25686,2216
0047684f3dacbd9183c0609411be2da640204e3f,2020-03-29,2020-03-29 00:00:00,MN,27,503,62,17154,1466,,243,9,4,75,18,39,,17,,,17657,1528
5104064c639fbc9ff4bf4ac40fba7b7ecf553ede,2020-03-29,2020-03-28 15:00:00,MO,29,838,0,11547,1465,,,10,0,,0,,,,,,12385,1465
9fff6ba8752b62a3f63813fa3e1de50e739d02da,2020-03-29,2020-03-29 01:30:00,MP,69,2,0,,0,,,,0,,0,,,,,,2,0
80f3e33c37cea01f94be991f5782e7cf5a8001af,2020-03-29,2020-03-28 19:00:00,MS,28,758,95,2560,0,,,14,1,235,16,,,,,,3318,95
9464bc1795e398cf8e975d2a3b4a5daba686b9c9,2020-03-29,2020-03-29 10:00:00,MT,30,154,25,4143,887,,,1,0,8,1,,,,,,4297,912
e9277ad90be03271080f6179c18434965f00f951,2020-03-29,2020-03-29 10:35:00,NC,37,1040,105,17905,1313,,,4,0,,0,91,,,,,18945,1418
ca2ede0f4d49dc1a3fe928694d406b227faade54,2020-03-29,2020-03-29 12:00:00,ND,38,98,15,3355,546,,18,1,0,17,1,,,,,,3453,561
f5c554e547d83441f1a537a9cf60f63ff02f2dbf,2020-03-29,2020-03-28 20:05:00,NE,31,108,12,1968,64,4,,2,0,,0,,,,,,2076,76
24f1a87ed8017f6dc1fd1aca69a0713da7b17e40,2020-03-29,2020-03-28 09:00:00,NH,33,214,27,4524,868,285,,2,0,33,3,,,,,,4738,895
1c501b0b006c2dc422c5304b849a829c4216fade,2020-03-29,2020-03-29 13:30:00,NJ,34,13386,2262,22216,2830,,,161,21,,0,2000,,,,,35602,5092
e70e91f2adc4e35b6675037ed1686c36dc6a2eff,2020-03-29,2020-03-29 00:00:00,NM,35,237,46,10769,1573,,2,2,1,,0,19,,,,,11006,1619
84f558e5daf3419fd5b37a1de4e8ec398dc24e42,2020-03-29,2020-03-28 21:00:00,NV,32,738,117,8412,511,,,14,4,,0,,,,,,9150,628
347523f5520a1af0148170f880c396f5fb13c8f8,2020-03-29,2020-03-29 09:16:00,NY,36,59513,7195,112847,9231,,3572,965,237,12695,2241,8503,2037,,,,172360,16426
b14f40529ae5567b89fa84fcf5c12e787c8dbe4a,2020-03-29,2020-03-29 14:00:00,OH,39,1653,247,19012,0,,,29,4,403,59,,,139,,,20665,247
07a29ac8bd477f3c39d298148bf4fa1185ff73e2,2020-03-29,2020-03-29 08:00:00,OK,40,429,52,1205,25,,,16,1,140,14,,,,,,1634,77
447b458b9a4573430a55c684d759695d12b3c7c9,2020-03-29,2020-03-29 11:00:00,OR,41,548,69,10878,1185,,,13,0,129,12,107,,,37,,11426,1254
4aa6293d217451a2c195891cfc2d57f3f16b1396,2020-03-29,2020-03-29 12:00:00,PA,42,3394,643,30061,4807,,,38,4,353,37,,,,,,33455,5450
4d7d53101ea386a78db58627c66ec8334cff4e0d,2020-03-29,2020-03-29 07:00:00,PR,72,127,27,841,102,817,,5,2,,0,,,,,,968,129
80f7bdd27dfe03534e74a00975dd121bedc415b8,2020-03-29,2020-03-29 00:00:00,RI,44,294,55,2840,299,,,3,3,,0,35,9,,6,,3134,354
0fa8bb6d113b1c091a27fed164e3af08e9a20755,2020-03-29,2020-03-29 15:30:00,SC,45,774,235,3015,607,,,16,3,102,0,,,,,,3789,842
a39c8a623deef4ff456a2eb04a846b78b04a957f,2020-03-29,2020-03-29 12:30:00,SD,46,90,22,3127,535,1,29,1,0,,0,,,,,,3217,557
c0ed4b02db28c47aa46132b10676baa29970385d,2020-03-29,2020-03-29 15:00:00,TN,47,1537,164,19037,2072,,,7,1,133,15,,,,,,20574,2236
7d825bd57a2fdf81177c9b2413a4afa31bdc34e5,2020-03-29,2020-03-29 13:45:00,TX,48,2552,500,23208,0,,,34,7,,0,,,,,,25760,500
50347011d4419ee3bb6cb6b836cc5da4cd7b3c68,2020-03-29,2020-03-29 15:00:00,UT,49,719,117,13274,2564,,,2,0,,0,,,,,,13993,2681
46c2f7db0844e309ee80ce3e443a24db50beffa6,2020-03-29,2020-03-29 00:00:00,VA,51,890,151,9719,1292,,,22,5,112,13,,,,,,10609,1443
b0b059a4c56f56683f654f3a829575abfc3f7141,2020-03-29,2020-03-28 19:00:00,VI,78,23,1,123,17,37,,,0,,0,,,,,,146,18
c2c5bfd98f643c97ea1cccc84002201732bc7ebb,2020-03-29,2020-03-29 00:00:00,VT,50,256,22,3483,291,,,12,0,18,0,,,,,,3739,313
e306307fcdf7515387cb994cec6cf554a805170f,2020-03-29,2020-03-29 00:00:00,WA,53,7429,317,68150,1519,,,237,17,,0,,,,,,75579,1836
d6af2611c0704372763e35d1ff8bd2a0da271ac9,2020-03-29,2020-03-29 16:00:00,WI,55,1112,123,16550,1318,,,13,0,,0,,,,,,17662,1441
9c4c7ab607c3fa765c3718e5e04b1ff29aae1751,2020-03-29,2020-03-28 00:00:00,WV,54,113,17,2705,374,0,,0,0,1,0,,,,,,2818,391
b8cfff30e04611b0eb3e509922d7c5eccd20a0a8,2020-03-29,2020-03-29 00:00:00,WY,56,86,4,1554,79,,20,0,0,15,1,,,,,,1640,83
99ce52c372c17bb14db3e40c2f4a4356ba957eac,2020-03-28,2020-03-27 19:00:00,AK,02,85,16,2836,517,,,2,1,5,2,,,,,,2921,533
45d5da8581e421cae1720d79c82ba47edee31463,2020-03-28,2020-03-28 00:00:00,AL,01,696,109,4184,0,,,3,0,,0,,,,,,4880,109
c4b73fabedca9c0fbb943ce5df3d8db412d6c1e3,2020-03-28,2020-03-28 00:00:00,AR,05,404,23,2938,1393,,24,5,2,,0,48,,,17,,3342,1416
322f999f49e32af5faf426baf120e8737cdb25e8,2020-03-28,2020-03-27 00:00:00,AS,60,,0,,0,,,0,0,,0,,,,,,0,0
23e9412b3af42706c83e0d9aef07362b3e8bd51b,2020-03-28,2020-03-28 00:00:00,AZ,04,873,137,7455,0,21,,15,2,,0,,,,,,8328,137
12938b27d7773b20e874ca8c2089f5276cb49253,2020-03-28,2020-03-27 17:00:00,CA,06,4643,764,20549,3169,64400,,101,23,,0,1034,410,,,,25192,3933
20211b2a7a7944baab289d7667a3ca916ed029c9,2020-03-28,2020-03-27 18:00:00,CO,08,1734,304,9942,1250,,,31,7,239,55,307,,,,,11676,1554
2a64830c77f111b6c0051b2c755fb59e9d8bdadc,2020-03-28,2020-03-27 13:30:00,CT,09,1291,0,7109,0,,,27,0,,0,173,,,,,8400,0
fbfb108ee2d61df2368cf157e553dec5bc0a6a49,2020-03-28,2020-03-27 20:30:00,DC,11,304,37,2211,314,1,51,4,1,,0,,,,,,2515,351
3b27cfe72a11293b66bc427067bf24c294399143,2020-03-28,2020-03-28 00:00:00,DE,10,214,51,36,0,,9,3,1,,0,31,,,,,250,51
6a556629af3422570c17d371d2e0f0d8fa0969f4,2020-03-28,2020-03-28 12:00:00,FL,12,3763,998,35366,7180,,,54,20,526,70,,,,,,39129,8178
443b6f87873b07e028feede528dfdd33cf4944a2,2020-03-28,2020-03-28 11:27:00,GA,13,2366,365,8685,821,,,69,5,617,51,,,,,,11051,1186
0198204b5347b55f764485f31c9483cadd350745,2020-03-28,2020-03-28 03:00:00,GU,66,55,4,299,0,,7,1,0,,0,15,,,,,354,4
a2db0e550ccd0d20b9f99bc4c304b7024071987b,2020-03-28,2020-03-27 18:00:00,HI,15,120,14,4357,0,,,,0,8,1,,,,,,4477,14
ef24e37bda0f14c9ffb43232d3b5747aaea2bd66,2020-03-28,2020-03-28 00:00:00,IA,19,298,63,4375,635,,15,3,0,61,11,46,,,,,4673,698
8cf61f832ff95f038a3b85915fabba7184be5087,2020-03-28,2020-03-27 19:00:00,ID,16,230,41,3342,674,,,4,1,25,25,,,,,,3572,715
55002bd334076327c9f9ad3466384da6ab900659,2020-03-28,2020-03-28 00:00:00,IL,17,3491,465,22000,3484,,,47,13,,0,,,,,,25491,3949
ab31613cd281d0cea4465498ae1da1377e333a93,2020-03-28,2020-03-28 11:00:00,IN,18,1232,251,7175,1220,,,31,7,,0,,,,,,8407,1471
536036fc97bdd32e5c5a7849ff3b79f2dc009e9a,2020-03-28,2020-03-27 09:00:00,KS,20,261,59,3671,442,,,5,1,27,0,,,,,,3932,501
161aa19a0c4516148fbe1bd15bbd529d30edcf35,2020-03-28,2020-03-27 17:00:00,KY,21,302,54,4821,1053,,,8,2,,0,,,,,,5123,1107
55bbd2b5b44905162dd84a3dd61a2fd51f894a9f,2020-03-28,2020-03-28 13:00:00,LA,22,3315,569,21846,3233,,,137,18,,0,927,,,336,,25161,3802
93dd33f6a772b0e58a52df7c0aaa153ddb1c1680,2020-03-28,2020-03-27 12:30:00,MA,25,4158,1007,30915,4671,,,72,15,350,131,,,,,,35073,5678
e525b0209f1b84c6ca2839e2eec91661ed084e29,2020-03-28,2020-03-28 10:00:00,MD,24,992,218,11516,11422,,,17,7,226,53,,,,,,12508,11640
8049eb40b999917642729733aae3b0a3f5fe4179,2020-03-28,2020-03-28 10:30:00,ME,23,211,43,3394,0,,36,1,0,,0,,,,,,3605,43
e8c2ebc988fe180210d1147414baaf5d175465f2,2020-03-28,2020-03-27 16:00:00,MI,26,9287,628,14183,1544,,,92,0,,0,,,,,,23470,2172
62f994d44adfec664b4b8d2becc87a8b9c7c1fc5,2020-03-28,2020-03-28 00:00:00,MN,27,441,43,15688,2083,,215,5,1,57,6,30,,17,,,16129,2126
28c38e6ef2bce859eaa837f99b6870745d6bd159,2020-03-28,2020-03-28 15:00:00,MO,29,838,169,10082,9713,,,10,2,,0,,,,,,10920,9882
1729a18cfb70393f990a7e5d849a6944d94a4a40,2020-03-28,2020-03-28 04:30:00,MP,69,2,2,,0,,,,0,,0,,,,,,2,2
954451ae40ed8ffcfc5848210d19a89caec0ada1,2020-03-28,2020-03-28 00:00:00,MS,28,663,84,2560,0,,,13,5,219,34,,,,,,3223,84
4a0ecdd403e3dd6e6c650a835f3b2f1bb1e67e42,2020-03-28,2020-03-28 12:30:00,MT,30,129,21,3256,666,,,1,1,7,0,,,,,,3385,687
9f2647f8027f05404165af5b6a46796ab9c089cb,2020-03-28,2020-03-28 10:55:00,NC,37,935,172,16592,2219,,,4,1,,0,87,,,,,17527,2391
d3f8420e3817b6cc9cf661fbe17fad71ad33fb57,2020-03-28,2020-03-28 12:00:00,ND,38,83,18,2809,382,,16,1,1,16,3,,,,,,2892,400
8cd7eca7def1d3feb8e39aec0d091922eb5f4986,2020-03-28,2020-03-28 14:40:00,NE,31,96,11,1904,143,,,2,2,,0,,,,,,2000,154
a71941b651d90ea3b5dcde7d83a126a3372b6db3,2020-03-28,2020-03-27 09:00:00,NH,33,187,29,3656,261,296,,2,1,30,5,,,,,,3843,290
f030c3759d53eba9dbe34f26125e71c0163ee61c,2020-03-28,2020-03-28 13:30:00,NJ,34,11124,2299,19386,2839,,,140,32,,0,2000,,,,,30510,5138
597eeff5c849af730642105c4ae6e276e2545d9b,2020-03-28,2020-03-27 00:00:00,NM,35,191,55,9196,819,,,1,0,,0,17,,,,,9387,874
0a5cc1ac15807ab1191d2a9d2ef6a5d36273428e,2020-03-28,2020-03-27 22:00:00,NV,32,621,86,7901,1740,,,10,0,,0,,,,,,8522,1826
d0bd110189b1d9ab0c188d5dba71b21fdfca41e0,2020-03-28,2020-03-28 13:15:00,NY,36,52318,7683,103616,2498,,2726,728,209,10454,1722,7328,1755,,,,155934,10181
64ca32f9c93970507efe5e2079679cfdd651516e,2020-03-28,2020-03-28 14:00:00,OH,39,1406,269,19012,0,,,25,6,344,68,,,123,,,20418,269
af06835768172950351c26a6e9cbce90cd8432c9,2020-03-28,2020-03-27 08:00:00,OK,40,377,55,1180,96,,,15,7,126,21,,,,,,1557,151
4a09ea3b5bda38eb2e6442cd30824b6ae0477c77,2020-03-28,2020-03-27 12:30:00,OR,41,479,65,9693,1183,,,13,1,117,15,107,,,31,,10172,1248
00ff6440064b4ccbb8e00ecf7221d74c7d03687b,2020-03-28,2020-03-28 12:00:00,PA,42,2751,533,25254,4238,,,34,12,316,75,,,,,,28005,4771
77b22912e50ec8f4a962e4ed6271f412cd5f0898,2020-03-28,2020-03-28 07:00:00,PR,72,100,21,739,220,792,,3,0,,0,,,,,,839,241
d8232fb4813073cd3962af14223d543003854117,2020-03-28,2020-03-28 00:00:00,RI,44,239,36,2541,235,138,,,0,,0,29,9,,6,,2780,271
3a99fa4bbfec9ab91ccabad803bff2db28bea9d2,2020-03-28,2020-03-27 16:32:00,SC,45,539,83,2408,101,,,13,4,102,0,,,,,,2947,184
8e6bf2fd17a0a6b714e1b645434d00f5d4b0317f,2020-03-28,2020-03-28 12:30:00,SD,46,68,10,2592,205,0,26,1,0,,0,,,,,,2660,215
cbd1dbd255cad5080b8ce25351df76403d2eed4b,2020-03-28,2020-03-27 15:00:00,TN,47,1373,170,16965,2077,,,6,0,118,15,,,,,,18338,2247
eb2e8762961e119b31b487659f34b33ce09fc1c6,2020-03-28,2020-03-28 12:45:00,TX,48,2052,321,23208,1273,,,27,4,,0,,,,,,25260,1594
c2ada34f71fcc37916905f40add51b6507d22af8,2020-03-28,2020-03-28 15:00:00,UT,49,602,122,10710,1946,,,2,0,,0,,,,,,11312,2068
5abde0934c7f8ab440be451bb9631e6a626f34bf,2020-03-28,2020-03-28 00:00:00,VA,51,739,135,8427,1694,,,17,3,99,16,,,,,,9166,1829
5b04e8226d3071c3cb772b9c002e72270588a7ae,2020-03-28,2020-03-28 12:00:00,VI,78,22,3,106,51,55,,,0,,0,,,,,,128,54
d64d6112bcbd68a8634763280ee4c7e1293db6da,2020-03-28,2020-03-28 00:00:00,VT,50,234,21,3192,324,,,12,2,18,0,,,,,,3426,345
235288a2ae6c67c1c13eaca28bf35b3699c0403d,2020-03-28,2020-03-28 00:00:00,WA,53,7112,321,66631,2283,,,220,21,,0,,,,,,73743,2604
5c74ce7e1f75af8d5188bdc276a6254c3be5ceb5,2020-03-28,2020-03-28 16:00:00,WI,55,989,147,15232,2092,,,13,0,,0,,,,,,16221,2239
e1f48dfb3e31e1634d253e7a5b9d3cf45ba67a0f,2020-03-28,2020-03-27 00:00:00,WV,54,96,20,2331,552,6,,0,0,1,0,,,,,,2427,572
a2bec9a83835a04cafed824a0c272610e38f87a7,2020-03-28,2020-03-28 00:00:00,WY,56,82,12,1475,264,,18,0,0,14,3,,,,,,1557,276
c785b79e1e037852a7fbd14895bfe3f2ab1da5cc,2020-03-27,2020-03-26 21:00:00,AK,02,69,10,2319,518,13,,1,0,3,0,,,,,,2388,528
14d19af738a6b5a724476af8ef151975937a775d,2020-03-27,2020-03-27 00:00:00,AL,01,587,81,4184,591,,,3,2,,0,,,,,,4771,672
abdfd25e5240a0a0a93d5876ebf7d0c4a768971c,2020-03-27,2020-03-27 14:05:00,AR,05,381,46,1545,41,,19,3,0,,0,48,,,17,,1926,87
ebed490bf8c351f4619ddf5286dcc465cf4778b9,2020-03-27,2020-03-27 00:00:00,AS,60,,0,,0,,,0,0,,0,,,,,,0,0
fc409ae4739f1708d337857cc687fc2f9ace8034,2020-03-27,2020-03-27 00:00:00,AZ,04,736,159,7455,7108,30,,13,5,,0,,,,,,8191,7267
3bfb6ca2d8ea4776eefd38aa13b107d65f22fadd,2020-03-27,2020-03-27 00:00:00,CA,06,3879,873,17380,0,57400,,78,13,,0,746,200,,,,21259,873
b0c954421e85ee0e6187417a3cdbfdcf5d7eeffb,2020-03-27,2020-03-26 18:00:00,CO,08,1430,344,8692,1714,,,24,5,184,36,278,,,,,10122,2058
665d8820541e295e8118add0e69a9315e1f2cfdf,2020-03-27,2020-03-27 13:30:00,CT,09,1291,279,7109,1484,,,27,6,,0,173,,,,,8400,1763
4413c43cc97d65de7f989e6ce511f6107a5a21ea,2020-03-27,2020-03-26 19:00:00,DC,11,267,36,1897,271,2,49,3,0,,0,,,,,,2164,307
6f219f876ff9ded26f9167f20e665d73ca980fb6,2020-03-27,2020-03-27 00:00:00,DE,10,163,33,36,0,,9,2,1,,0,15,,,,,199,33
b43f6c09c289766283fc9c40724f4df1aefdcb06,2020-03-27,2020-03-27 12:00:00,FL,12,2765,410,28186,4445,1517,,34,6,456,50,,,,,,30951,4855
d2c6521223f30911665631417d57bfbd7d974a88,2020-03-27,2020-03-27 12:00:00,GA,13,2001,476,7864,463,,,64,16,566,93,,,,,,9865,939
6e14e9bc7a92c45caba6d2eb18b8a4eb68347094,2020-03-27,2020-03-27 07:00:00,GU,66,51,6,299,36,,,1,0,,0,13,,,,,350,42
07c3609724131931222847ba1a6707bcbab44d88,2020-03-27,2020-03-26 18:00:00,HI,15,106,11,4357,0,,,,0,7,2,,,,,,4463,11
93eda301cc8cab43a730c3a8ee74f206c8c61321,2020-03-27,2020-03-27 15:40:00,IA,19,235,56,3740,1162,,18,3,2,50,4,32,,,,,3975,1218
8d8b01027d8dceabcfba2d12e51a24f98373e381,2020-03-27,2020-03-26 20:00:00,ID,16,189,66,2668,603,,,3,3,,0,,,,,,2857,669
4217e2b8bf778529976b02f05d0e2c19ad608d0a,2020-03-27,2020-03-27 00:00:00,IL,17,3026,488,18516,4423,,,34,8,,0,,,,,,21542,4911
cc51fefc6925f92c890277c8d05db15369dffa85,2020-03-27,2020-03-26 12:59:00,IN,18,981,336,5955,1949,,,24,7,,0,,,,,,6936,2285
3534b5fbbbf5111895ab99c4b2ff141e3b4ec878,2020-03-27,2020-03-27 09:00:00,KS,20,202,34,3229,360,,,4,1,27,27,,,,,,3431,394
2bb01b82680dae262f5e4e2123b4224322db5c04,2020-03-27,2020-03-26 17:00:00,KY,21,248,50,3768,666,,,6,2,,0,,,,,,4016,716
033f20d9fd0a15b52afe0e23c2176a39b466dfdf,2020-03-27,2020-03-27 13:00:00,LA,22,2746,441,18613,2889,,,119,36,,0,773,,,270,,21359,3330
f14d47e3c3be7dd50ceef0a1f934b9bfbd80410e,2020-03-27,2020-03-27 12:30:00,MA,25,3151,833,26244,4917,,,57,15,219,0,,,,,,29395,5750
ddda5dd60cd303054401d5cb11ea9ef3fb225a17,2020-03-27,2020-03-27 10:00:00,MD,24,774,194,94,0,,25,10,3,173,41,,,,,,868,194
4a2f43179b711d71ca82901d769a9c66be59d2d6,2020-03-27,2020-03-27 11:30:00,ME,23,168,13,3394,0,,24,1,1,,0,,,,,,3562,13
9521125746b67a01b396f4ceb3ff11dbaca2a5b8,2020-03-27,2020-03-27 11:00:00,MI,26,8659,892,12639,2334,,,92,32,,0,,,,,,21298,3226
589aa19a790de9915a91bd04e8d91f4287059f4f,2020-03-27,2020-03-27 00:00:00,MN,27,398,52,13605,1001,,176,4,2,51,10,34,,17,,,14003,1053
5aa113426b62e455fd71aa508c2ed9c1b7fcb2a0,2020-03-27,2020-03-27 00:00:00,MO,29,669,167,369,0,,,8,0,,0,,,,,,1038,167
4bdf8840e3ba99c1b89a693451df21b5f6cffdd9,2020-03-27,2020-03-26 13:30:00,MP,69,0,0,,0,,,0,0,,0,,,,,,0,0
99fad7d91bdaaa8d60bddb667cee333b7c2c2560,2020-03-27,2020-03-26 19:00:00,MS,28,579,94,2560,269,,,8,2,185,35,,,,,,3139,363
d311b24bae8479539bcf888c3c235fba45a47acc,2020-03-27,2020-03-27 10:00:00,MT,30,108,37,2590,462,,,,0,7,6,,,,,,2698,499
248e44d632f8db8254d098c95087b8119ab4987c,2020-03-27,2020-03-27 11:40:00,NC,37,763,127,14373,2099,,,3,1,,0,77,,,,,15136,2226
36bc9d3ac0858104eec6e104ec99d7728e40a65e,2020-03-27,2020-03-27 11:31:00,ND,38,65,13,2427,388,,15,0,0,13,3,,,,,,2492,401
74e5670926cc38aa9502abb2f116c4e46af85757,2020-03-27,2020-03-27 14:30:00,NE,31,85,12,1761,177,,,0,0,,0,,,,,,1846,189
50d1f35dc4360682fd5e36ea01ddd64697e6a943,2020-03-27,2020-03-26 09:00:00,NH,33,158,21,3395,394,592,,1,0,25,6,,,,,,3553,415
9e40bee53897645db545ee444c7a112452497ba4,2020-03-27,2020-03-27 13:30:00,NJ,34,8825,1949,16547,2886,,,108,27,,0,2000,,,,,25372,4835
c0b5800bc114f247ab18e7267bdc029e124066e8,2020-03-27,2020-03-26 00:00:00,NM,35,136,24,8377,696,,,1,0,,0,,,,,,8513,720
a0e0d6ef7feb1df2f7c6586c49f6f26644a43b44,2020-03-27,2020-03-26 23:00:00,NV,32,535,115,6161,1464,,,10,0,,0,,,,,,6696,1579
56b91e0699e3f5b9711401a38b40721a8ab7bf00,2020-03-27,2020-03-27 11:15:00,NY,36,44635,7377,101118,16272,,2045,519,134,8732,1811,6481,1583,,,,145753,23649
95b130c45247fb1542ba8329ed2da30ad7d6df07,2020-03-27,2020-03-27 14:00:00,OH,39,1137,270,19012,2563,,,19,4,276,53,,,107,,,20149,2833
2b184e39f9625e4e81674d2e178c10b4c8e7aede,2020-03-27,2020-03-27 08:00:00,OK,40,322,74,1084,126,,,8,1,105,19,,,,,,1406,200
454c852028b43c306e31608cd516c0e7f328fdc2,2020-03-27,2020-03-27 12:30:00,OR,41,414,87,8510,1557,,,12,1,102,12,91,,,31,,8924,1644
2142da18ddfcd8fb667b131e935dd1764c3fc5c2,2020-03-27,2020-03-27 12:00:00,PA,42,2218,531,21016,4575,,,22,6,241,241,,,,,,23234,5106
6a83b44019e8cc7cbf3cd149d4e0240ae7be6f4d,2020-03-27,2020-03-27 07:00:00,PR,72,79,15,519,142,334,,3,1,,0,,,,,,598,157
1ad7c1d11fce28271c6cbcf810a48b0769e09a0c,2020-03-27,2020-03-27 00:00:00,RI,44,203,38,2306,1044,138,,,0,,0,28,9,,6,,2509,1082
16836de8165f9cf0725d7babccce2bef79d9ac21,2020-03-27,2020-03-26 16:35:00,SC,45,456,0,2307,0,,,9,0,102,0,,,,,,2763,0
497ac9b41ba6b9d80f922d6b3d5da3ad2ef02ad4,2020-03-27,2020-03-27 12:30:00,SD,46,58,12,2387,414,20,21,1,0,,0,,,,,,2445,426
4fb0e108e42aa9632701ac9cb399d745333a1d73,2020-03-27,2020-03-27 15:00:00,TN,47,1203,246,14888,936,,,6,3,103,27,,,,,,16091,1182
d5bf24306dab47eb7974233589928bca5bfd4196,2020-03-27,2020-03-27 13:00:00,TX,48,1731,335,21935,1907,,,23,5,,0,,,,,,23666,2242
f029f25ebe1e113d370a5626f3ba03dc9fd2fdf7,2020-03-27,2020-03-27 15:00:00,UT,49,480,78,8764,1456,,,2,1,,0,,,,,,9244,1534
df49ffa38b5d5d51efc1dfe2f27e0e719abdd755,2020-03-27,2020-03-27 00:00:00,VA,51,604,144,6733,1004,,,14,1,83,18,,,,,,7337,1148
ed223e07363173e716bebdb21ce5c201755b4bd4,2020-03-27,2020-03-27 14:00:00,VI,78,19,2,55,0,2,,,0,,0,,,,,,74,2
8adcd95fa47e8fca6a00581bd2ee03bf59a3254a,2020-03-27,2020-03-27 00:00:00,VT,50,213,28,2868,124,,,10,1,18,18,,,,,,3081,152
94d4726d20005f012a8a2ebebdc786337dd9f242,2020-03-27,2020-03-27 00:00:00,WA,53,6791,377,64348,3981,,,199,16,,0,,,,,,71139,4358
e96bcab4984a746d35adbf1f7082b25c180a9dfd,2020-03-27,2020-03-27 16:00:00,WI,55,842,135,13140,1557,,,13,5,,0,,,,,,13982,1692
3ac5d9b2bd64dc5c80292d831b800e6ef7e6f598,2020-03-27,2020-03-26 00:00:00,WV,54,76,25,1779,748,43,,0,0,1,0,,,,,,1855,773
89ac721683916ae6dc238d0e2ff1ee8dbd283954,2020-03-27,2020-03-27 12:50:00,WY,56,70,17,1211,159,,17,0,0,11,11,,,,,,1281,176
19efc9e94206bdd846499e374dc2b13d58fabc23,2020-03-26,2020-03-25 21:00:00,AK,02,59,17,1801,152,,,1,0,3,2,,,,,,1860,169
09f0522f5e7e38af7183fb06ddf7a23f294fdee0,2020-03-26,2020-03-26 00:00:00,AL,01,506,223,3593,1064,,,1,1,,0,,,,,,4099,1287
13fa0f170f294b3bcef37ffd79ecce172bcca918,2020-03-26,2020-03-26 00:00:00,AR,05,335,55,1504,67,,13,3,1,,0,41,,,13,,1839,122
2ed50c5bd49ea1df3896cd20e9f0acd802f6b4d6,2020-03-26,2020-03-25 00:00:00,AS,60,,0,,0,,,0,0,,0,,,,,,0,0
d2d540a947d2ee583277731dac5932d688b341b8,2020-03-26,2020-03-26 00:00:00,AZ,04,577,127,347,24,33,,8,2,,0,,,,,,924,151
b0ae1012a578443cf9d620d89e649f6f82ad4b06,2020-03-26,2020-03-25 17:00:00,CA,06,3006,651,17380,1459,57400,,65,12,,0,,,,,,20386,2110
6f1c277f37584f2ff86332975b46d3f74c18ea6a,2020-03-26,2020-03-25 18:00:00,CO,08,1086,174,6978,189,,,19,8,148,64,230,,,,,8064,363
9a6ca690f785212b4ad382ae31c5b7bec68f6b78,2020-03-26,2020-03-26 16:00:00,CT,09,1012,137,5625,602,,,21,2,,0,125,,,,,6637,739
361deacac47886377cee536cc390ff38f355a716,2020-03-26,2020-03-25 00:00:00,DC,11,231,48,1626,203,1,21,3,1,,0,,,,,,1857,251
32a304d99e324e19734c0403fa1e35a5b09b23b8,2020-03-26,2020-03-26 00:00:00,DE,10,130,15,36,0,,4,1,1,,0,13,,,,,166,15
d44529e75d3ac5565a359e66b8adae7b02bbf2f7,2020-03-26,2020-03-26 11:00:00,FL,12,2355,673,23741,8367,1443,,28,6,406,90,,,,,,26096,9040
1731059c2278ddfa500e362ed1574a2fcf6d0481,2020-03-26,2020-03-26 12:00:00,GA,13,1525,278,7401,2469,,,48,8,473,79,,,,,,8926,2747
79442100029a6348e7945cec509a86746643e01e,2020-03-26,2020-03-26 06:30:00,GU,66,45,8,263,30,,,1,0,,0,11,,,,,308,38
e77af1773b52c0390c0267d182d3d434b7955b24,2020-03-26,2020-03-25 18:00:00,HI,15,95,5,4357,0,,,,0,5,-1,,,,,,4452,5
7c74a44e1b77d4f85b670cde40a69bbe7031956f,2020-03-26,2020-03-26 00:00:00,IA,19,179,34,2578,0,,15,1,0,46,10,31,,,,,2757,34
1e005d2ec4857b3a2ede3254afaf3cc4869c3512,2020-03-26,2020-03-25 19:00:00,ID,16,123,50,2065,178,,,0,0,,0,,,,,,2188,228
6e0713b4a5a6ad46437fa900e0424b82916b8749,2020-03-26,2020-03-26 00:00:00,IL,17,2538,673,14093,1749,,,26,7,,0,,,,,,16631,2422
556d07a75f8fdcb6399922a06728f293fb774f7c,2020-03-26,2020-03-25 12:59:00,IN,18,645,168,4006,1127,,,17,3,,-1,,,,,,4651,1295
1dcc3ecb78cde03d7b15436dd1599f0a1eb7c24b,2020-03-26,2020-03-26 12:00:00,KS,20,168,42,2869,509,,,3,0,,0,,,,,,3037,551
086a22c49087612eba497e4ec6b7929a5234d1a4,2020-03-26,2020-03-25 17:00:00,KY,21,198,41,3102,237,,,4,0,,0,,,,,,3300,278
2136ec651f8964995c05e3bdf781053c93828b93,2020-03-26,2020-03-26 15:00:00,LA,22,2305,510,15724,6068,,,83,18,,0,676,,,239,,18029,6578
e8181c7fd450089da15e485511cd5cd285c3db83,2020-03-26,2020-03-26 12:30:00,MA,25,2318,579,21327,3248,,,42,9,219,116,,,,,,23645,3827
a4f8b6690eeb8f945072dfa6853066b62dd9f6fc,2020-03-26,2020-03-26 10:00:00,MD,24,580,157,94,0,,,7,2,132,132,,,,,,674,157
4fe11393f056c7ada9e84e96a8209113e6f59a60,2020-03-26,2020-03-26 11:00:00,ME,23,155,6,3394,217,,16,,0,,0,,,,,,3549,223
5e64ba0515e62948aad63f24fbfab94edfff8da9,2020-03-26,2020-03-26 11:00:00,MI,26,7767,707,10305,2768,,,60,17,,0,,,,,,18072,3475
547f140b20bf83719a5a1a2e39637d253f750688,2020-03-26,2020-03-26 13:15:00,MN,27,346,59,12604,1416,,,2,1,41,6,31,,,,,12950,1475
54dd39030c30e09480ce37828d5307e2e5ba602e,2020-03-26,2020-03-26 15:00:00,MO,29,502,146,369,0,,,8,0,,0,,,,,,871,146
6f5b266caa83e17b89bfa96b59c72104ec113d3c,2020-03-26,2020-03-26 01:30:00,MP,69,0,0,,0,,,0,0,,0,,,,,,0,0
8783ffba96d9b7b539ed00d7fd4501c34cb32de7,2020-03-26,2020-03-26 00:00:00,MS,28,485,108,2291,725,,,6,4,150,33,,,,,,2776,833
8c7578c2b2636c5d8ebf8804fe1710135eab9e4e,2020-03-26,2020-03-26 10:00:00,MT,30,71,18,2128,180,,,,0,1,1,,,,,,2199,198
2c93fefb093d3d1507fb6f56ca004bbfead71ee3,2020-03-26,2020-03-26 12:36:00,NC,37,636,132,12274,2289,,,2,1,,0,29,,,,,12910,2421
7ff5ea744006ccfec83eb385eee47c263cc42ec4,2020-03-26,2020-03-26 11:37:00,ND,38,52,13,2039,305,,,0,0,10,2,,,,,,2091,318
69fe68ddd4a9b105cd005bf175c10130854fcc6c,2020-03-26,2020-03-26 14:00:00,NE,31,73,12,1584,280,,,0,0,,0,,,,,,1657,292
aa99aa40763a3f2326c32d4357ffdc009807d8cf,2020-03-26,2020-03-25 09:00:00,NH,33,137,29,3001,645,712,,1,0,19,6,,,,,,3138,674
e70eb7f6aa01d210bfca45db5599368245e486a9,2020-03-26,2020-03-25 14:00:00,NJ,34,6876,2474,13661,3209,,,81,19,,0,1080,,,,,20537,5683
5d9b407d872b69da047a627338fa46c9f2174856,2020-03-26,2020-03-25 00:00:00,NM,35,112,12,7681,939,,,1,0,,0,,,,,,7793,951
fa2a19ad2f84272590d517ff88395e810e92526e,2020-03-26,2020-03-26 11:00:00,NV,32,420,99,4697,446,,,10,4,,0,,,,,,5117,545
1ecd9311a1a250855ceaf8053423bff4217b60b3,2020-03-26,2020-03-26 16:59:00,NY,36,37258,6447,84846,12178,,,385,100,6921,1795,5327,1290,,,,122104,18625
162027e137d475a37b663d5cca554a1557ca073c,2020-03-26,2020-03-26 14:00:00,OH,39,867,163,16449,2389,,,15,5,223,41,,,91,,,17316,2552
c8b32e5bb1cbdaa7efda2ca854f21dab4d26797b,2020-03-26,2020-03-26 08:00:00,OK,40,248,84,958,153,,,7,2,86,27,,,,,,1206,237
7e0eb0a208453745fa3d6e2a52d710aa1b51d2ea,2020-03-26,2020-03-26 16:31:00,OR,41,327,118,6953,2603,,,11,3,90,29,,,,,,7280,2721
5d7553dcfe15cf797502ea594c8ad48e5da0ca0e,2020-03-26,2020-03-26 12:00:00,PA,42,1687,560,16441,5248,,,16,5,,0,,,,,,18128,5808
50ee537ca54eecff839cde4f6508d38c2e14e311,2020-03-26,2020-03-26 07:00:00,PR,72,64,13,377,60,335,,2,0,,0,,,,,,441,73
afcf88fe182c5c8b8905ed546ede514aef1ba0ba,2020-03-26,2020-03-26 00:00:00,RI,44,165,33,1262,0,181,,,0,,0,23,9,,6,,1427,33
fa412567d86ef92548aff96dd5b8d88d1e10318f,2020-03-26,2020-03-26 11:00:00,SC,45,456,32,2307,4,,,9,2,102,0,,,,,,2763,36
287e0084b3117a313299c825512e44c07fc3ecff,2020-03-26,2020-03-25 13:00:00,SD,46,46,5,1973,1154,125,16,1,0,,0,,,,,,2019,1159
9130525fa9441fcb8199d9feeb6727433dd5e24d,2020-03-26,2020-03-26 15:00:00,TN,47,957,173,13952,2940,,,3,0,76,23,,,,,,14909,3113
00b9a7accc64d57014cac1729d2f98946abe225f,2020-03-26,2020-03-26 13:00:00,TX,48,1396,422,20028,7508,,,18,6,,0,,,,,,21424,7930
0357af1d5c7415e8f7ad5eb75dd1c3fc361711cf,2020-03-26,2020-03-26 15:00:00,UT,49,402,56,7308,817,,,1,0,,0,,,,,,7710,873
7d011cfbba0e8e41a03dc948fb2294835108c45b,2020-03-26,2020-03-26 00:00:00,VA,51,460,69,5729,750,,,13,4,65,6,,,,,,6189,819
6b1e2aef6cac264df2be352e591858b7cfe39909,2020-03-26,2020-03-25 20:30:00,VI,78,17,0,55,0,2,,,0,,0,,,,,,72,0
23744b808d0ae47639c2ce48e993ef162932d635,2020-03-26,2020-03-26 00:00:00,VT,50,185,25,2744,934,,,9,1,,0,,,,,,2929,959
2719e10ffc1839ade866c0cd6b23077e70bb96ae,2020-03-26,2020-03-26 00:00:00,WA,53,6414,369,60367,4106,,,183,24,,0,,,,,,66781,4475
5c7a4377c8f063a6e7f805414589d29f0e619e26,2020-03-26,2020-03-26 16:00:00,WI,55,707,122,11583,1494,,,8,1,,0,,,,,,12290,1616
ef2f3ba95ba0adf06d2f3609a62b4c14c678232f,2020-03-26,2020-03-25 00:00:00,WV,54,51,12,1031,272,19,,0,0,1,0,,,,,,1082,284
c5181ace953b6b461477c5b02fb1814f1f591064,2020-03-26,2020-03-26 00:00:00,WY,56,53,9,1052,98,,12,,0,,0,,,,,,1105,107
7722756092f033847dcb792ad37c41ae295f5831,2020-03-25,2020-03-24 21:00:00,AK,02,42,6,1649,663,,,1,1,1,1,,,,,,1691,669
d107ff008461724698c4b719217719f9ecdaa4e2,2020-03-25,2020-03-25 11:30:00,AL,01,283,68,2529,423,,,0,0,,0,,,,,,2812,491
dcf80fb6d2b2b3da6576d95ed4ae7fda71716636,2020-03-25,2020-03-25 09:19:00,AR,05,280,62,1437,490,,11,2,2,,0,22,,,4,,1717,552
90eca1e9217cae9fd97aaad3409a827e2da0e85e,2020-03-25,2020-03-25 00:00:00,AS,60,,0,,0,,,0,0,,0,,,,,,0,0
54f2c64cac5cf19dd654ce05c2b3c7a3174628b9,2020-03-25,2020-03-24 00:00:00,AZ,04,450,93,323,10,53,,6,1,,0,,,,,,773,103
863a541ba9677d897772114e26698ea96b4e3bbd,2020-03-25,2020-03-24 00:00:00,CA,06,2355,253,15921,2469,48600,,53,13,,0,,,,,,18276,2722
4b96d3e6d81213ae5b9f7cb5f6c00baa534f0dab,2020-03-25,2020-03-24 18:00:00,CO,08,912,192,6789,1285,,,11,4,84,12,152,,,,,7701,1477
d387caaf453e89457f2a7da1b5cbef4ca16b5587,2020-03-25,2020-03-25 16:00:00,CT,09,875,257,5023,341,,,19,7,,0,113,,,,,5898,598
b9e7b26a96a3d75d7257ceb0e920da4fe5acfdb7,2020-03-25,2020-03-24 19:30:00,DC,11,183,46,1423,228,3,,2,0,,0,,,,,,1606,274
bdddd91f698cc5d56c68b13d6b2f7b431df8d845,2020-03-25,2020-03-25 12:00:00,DE,10,115,24,36,0,,,0,0,,0,11,,,,,151,24
aee6b129c3952165045b19812cccdb70023210bb,2020-03-25,2020-03-25 11:00:00,FL,12,1682,270,15374,2247,1233,,22,4,316,57,,,,,,17056,2517
10c8b4500d08655ede78cc2c5ea1be198d324ed4,2020-03-25,2020-03-25 12:00:00,GA,13,1247,221,4932,474,,,40,8,394,394,,,,,,6179,695
b2477c289b3eaa6eca6f85ba492087f97dbb898b,2020-03-25,2020-03-25 06:45:00,GU,66,37,5,233,32,,,1,0,,0,10,,,,,270,37
45450936a2788b7c6a3c795eb72ed3291e133016,2020-03-25,2020-03-24 18:00:00,HI,15,90,13,4357,768,,,,0,6,2,,,,,,4447,781
ff4c6a08913e3cb475d968275818271f690dba18,2020-03-25,2020-03-25 00:00:00,IA,19,145,21,2578,263,,,1,1,36,9,23,,,,,2723,284
3db870884babd61b21303e988e596b06ea4af25b,2020-03-25,2020-03-24 19:00:00,ID,16,73,23,1887,0,,,0,0,,0,,,,,,1960,23
3f0ca10250e88a58337051bbb9f534a71daf6c3f,2020-03-25,2020-03-25 00:00:00,IL,17,1865,330,12344,2410,,,19,3,,0,,,,,,14209,2740
c5f38515ed134164102fa79edf7136de9856d8b4,2020-03-25,2020-03-25 00:59:00,IN,18,477,112,2879,313,,,14,2,1,0,,,,,,3356,425
37c344d05d086973aa487241a1a4ddf70129296b,2020-03-25,2020-03-25 12:00:00,KS,20,126,28,2360,274,,,3,1,,0,,,,,,2486,302
929020f81015a038e900e7eee608b4c842bb757e,2020-03-25,2020-03-24 17:00:00,KY,21,157,33,2865,1103,,,4,0,,0,,,,,,3022,1136
40817d1f6c842d1c3856af341b6dc85025db4dbe,2020-03-25,2020-03-25 13:00:00,LA,22,1795,407,9656,2441,,,65,19,,0,491,,,163,,11451,2848
22e28ccac8ad04f8dbddfd629953c32b5a6bb0d3,2020-03-25,2020-03-25 16:00:00,MA,25,1739,679,18079,5365,,,33,7,103,9,,,,,,19818,6044
aa7c71a91017c501db2dea637184e0422ecf32c9,2020-03-25,2020-03-25 10:00:00,MD,24,423,74,94,0,,,5,0,,0,,,,,,517,74
2c2471363c6fefb2705f2d167cb3f3321e728e9d,2020-03-25,2020-03-25 11:30:00,ME,23,149,24,3177,163,,7,,0,,0,,,,,,3326,187
04894fa3ff81e0175761aacea2d505fef7ce715b,2020-03-25,2020-03-25 15:00:00,MI,26,7060,619,7537,1741,,,43,19,,0,,,,,,14597,2360
a9d653bed6633315a35f215e3ddd69faeb40ff78,2020-03-25,2020-03-25 00:00:00,MN,27,287,25,11188,5638,,121,1,0,35,14,26,,,,,11475,5663
f5bb7eb6b5e20e9758720a03a366bc28c12b13f4,2020-03-25,2020-03-24 16:00:00,MO,29,356,173,369,0,,,8,5,,0,,,,,,725,173
a6144f6b83c073a3b2c653de96f7cc0781f834b5,2020-03-25,2020-03-24 18:30:00,MP,69,0,0,,0,,,0,0,,0,,,,,,0,0
885843c9e20b46637be075f5354da338b5e1ab20,2020-03-25,2020-03-24 20:00:00,MS,28,377,57,1566,14,,,2,1,117,31,,,,,,1943,71
f3b078aeb7357a6a6010d5f0641a93c157b73f19,2020-03-25,2020-03-25 10:00:00,MT,30,53,7,1948,305,,,,0,,0,,,,,,2001,312
4050b0143c413280c42124e317f3729f5689b30f,2020-03-25,2020-03-25 16:30:00,NC,37,504,106,9985,1844,,,1,1,,0,29,,,,,10489,1950
d52e797782a1338308442469b1c2188dfecf5f81,2020-03-25,2020-03-25 11:47:00,ND,38,39,5,1734,280,,,0,0,8,3,,,,,,1773,285
75050291ca2a8f3e5c32d12e44b8e3637deebeee,2020-03-25,2020-03-24 00:00:00,NE,31,61,9,1304,329,,,0,0,,0,,,,,,1365,338
4979763eb46a3fcf5982d574bf93a389b56ba994,2020-03-25,2020-03-25 13:30:00,NH,33,108,7,2356,909,804,,1,0,13,2,,,,,,2464,916
742fe497cefcae516e5cf9cc62153c6d9158bc73,2020-03-25,2020-03-24 01:30:00,NJ,34,4402,727,10452,2127,,,62,18,,0,,,,,,14854,2854
fde600e75f56f0188f14ec8463403237a5400ef8,2020-03-25,2020-03-24 00:00:00,NM,35,100,17,6742,852,,,1,1,,0,,,,,,6842,869
3e30573f03049e342dd33e6f4f3ad412aeabfd72,2020-03-25,2020-03-25 02:59:00,NV,32,321,43,4251,297,,,6,2,,0,,,,,,4572,340
0c99644a723df9d5454a639ed7a7dc1b668f6351,2020-03-25,2020-03-25 11:45:00,NY,36,30811,5146,72668,7063,,,285,75,5126,1085,4079,,,,,103479,12209
242a7b7e6d9f477d8e3e04d0db3e8fd188cf89d9,2020-03-25,2020-03-25 14:00:00,OH,39,704,140,14060,13920,,,10,2,182,37,,,74,,,14764,14060
8855bc80fe19a9d48b705aa4504a50bd98ccdba4,2020-03-25,2020-03-25 08:00:00,OK,40,164,58,805,70,,,5,2,59,34,,,,,,969,128
2c0a2214856fd2d0fd5c179d1bd6dd0e815624ba,2020-03-25,2020-03-24 11:00:00,OR,41,209,0,4350,0,,,8,0,61,0,,,,,,4559,0
573c22d409d20ce8cbfe9eb55d197729bc3366ea,2020-03-25,2020-03-25 12:00:00,PA,42,1127,276,11193,2550,,,11,4,,0,,,,,,12320,2826
125b7e2a2c613c0a529c254de037f216685d4a04,2020-03-25,2020-03-25 07:00:00,PR,72,51,12,317,49,70,,2,0,,0,,,,,,368,61
f44e5cfc65fa58712d35548d9160aa529b77effd,2020-03-25,2020-03-25 00:00:00,RI,44,132,8,1262,62,196,,,0,,0,15,,,,,1394,70
eca7e645ca16ab3ce982685fae6ed4625780d693,2020-03-25,2020-03-24 19:30:00,SC,45,424,126,2303,291,,,7,2,102,102,,,,,,2727,417
987926687c97649d2341e5474243d1177e48a622,2020-03-25,2020-03-25 13:00:00,SD,46,41,11,819,29,268,,1,0,,0,,,,,,860,40
bc42f4a9028c25c52ac35c929a5ff15afbd9156e,2020-03-25,2020-03-25 15:00:00,TN,47,784,117,11012,495,,,3,1,53,53,,,,,,11796,612
c60a470b1f9c714be610f64a1a8b05e84c6cc551,2020-03-25,2020-03-25 12:30:00,TX,48,974,564,12520,1763,,,12,3,,0,,,,,,13494,2327
bbf35e4087cc1bd5735e058d1711a1264e150732,2020-03-25,2020-03-25 15:00:00,UT,49,346,47,6491,967,,,1,0,,0,,,,,,6837,1014
af56e7ff5baeb86f3c4200d67dd33d1b1ae8bad6,2020-03-25,2020-03-25 00:00:00,VA,51,391,101,4979,799,,,9,2,59,14,,,,,,5370,900
5e2399d42daa94f8e53d7df7aeb5b75020559d5d,2020-03-25,2020-03-24 20:30:00,VI,78,17,0,55,55,2,,,0,,0,,,,,,72,55
8b65ea27d7ff0fb1ce3c9cbc93c847967a047881,2020-03-25,2020-03-25 00:00:00,VT,50,160,35,1810,241,,,8,1,,0,,,,,,1970,276
3154aced6defc915f4174854ccbab737fa1b789f,2020-03-25,2020-03-25 00:00:00,WA,53,6045,405,56261,4596,,,159,13,,0,,,,,,62306,5001
ad7060f12b8d92caf0f80f29dc1c76523a33caf0,2020-03-25,2020-03-25 16:00:00,WI,55,585,128,10089,1852,,,7,2,,0,,,,,,10674,1980
235e1dcaa9e1de826055401be244124b2390290d,2020-03-25,2020-03-24 00:00:00,WV,54,39,19,759,149,6,,0,0,1,0,,,,,,798,168
3b521f6bfd7267be3cf64083a9d74a696232a435,2020-03-25,2020-03-25 12:45:00,WY,56,44,15,954,244,,7,,0,,0,,,,,,998,259
89792d1bbc20bc3fba46beb002a67fcf390342ac,2020-03-24,2020-03-23 19:00:00,AK,02,36,14,986,40,,,0,0,0,0,,,,,,1022,54
a0f071ae1afb69772ddd8ee4bd1ed6a060066e86,2020-03-24,2020-03-24 12:00:00,AL,01,215,48,2106,441,,,0,0,,0,,,,,,2321,489
eb09dbc7eccb0c1dffefd797bad27703128795aa,2020-03-24,2020-03-24 00:00:00,AR,05,218,44,947,41,,,0,0,,0,22,,,,,1165,85
e1ea72f51bcb13f661168a843254c13d6efdd388,2020-03-24,2020-03-24 00:00:00,AS,60,,0,,0,,,0,0,,0,,,,,,0,0
8e40229cede2512c682b271e0e52fe9c619a0845,2020-03-24,2020-03-24 00:00:00,AZ,04,357,92,313,4,22,,5,3,,0,,,,,,670,96
af6a77f3226ed890259f3af9803ab682bb4f8a82,2020-03-24,2020-03-24 00:00:00,CA,06,2102,369,13452,885,12100,,40,13,,0,,,,,,15554,1254
a4db8a77c4eea5e035cbbf9035272091bf915e47,2020-03-24,2020-03-23 18:13:00,CO,08,720,129,5504,659,,,7,1,72,14,116,,,,,6224,788
544564236c146bce595ede73395ad0deca90bdbb,2020-03-24,2020-03-24 16:00:00,CT,09,618,203,4682,597,,,12,2,,0,71,,,,,5300,800
78a845cb251eab6aeb567168bf1646cb559beb9c,2020-03-24,2020-03-23 19:30:00,DC,11,137,21,1195,82,2,,2,0,,0,,,,,,1332,103
8dd85fc181761242aa91cb5c512091fcc642699b,2020-03-24,2020-03-24 10:45:00,DE,10,91,23,36,0,,,0,0,,0,,,,,,127,23
8f3d97a8bc7e237a78d0bc91064f6eb3363ee386,2020-03-24,2020-03-24 11:00:00,FL,12,1412,241,13127,2064,1008,,18,4,259,42,,,,,,14539,2305
4076eca0c7d131d0b444197fcec5e1a7a7617109,2020-03-24,2020-03-24 12:00:00,GA,13,1026,254,4458,161,,,32,7,,0,,,,,,5484,415
449b145c533ecfa137de840935256be6c3274089,2020-03-24,2020-03-24 06:45:00,GU,66,32,3,201,40,,,1,0,,0,5,,,,,233,43
c4660e3c39b839ce6b698a638dc2627dc2509f8e,2020-03-24,2020-03-23 18:00:00,HI,15,77,21,3589,634,,,,0,4,4,,,,,,3666,655
9337caed499c51479bae35bd64d3089ae2257818,2020-03-24,2020-03-24 00:00:00,IA,19,124,19,2315,272,,,,0,27,27,,,,,,2439,291
5e0a2d58b8702e1ec1f3b99397b0dd06714478bb,2020-03-24,2020-03-23 19:00:00,ID,16,50,3,1887,578,,,0,0,,0,,,,,,1937,581
4ed71632ba7e1e05f4f6e7e9f701c0a6b35419f1,2020-03-24,2020-03-24 00:00:00,IL,17,1535,262,9934,1351,,,16,4,,0,,,,,,11469,1613
8221adcbb02a29de1d99555bd05eb6100cf96bca,2020-03-24,2020-03-24 11:00:00,IN,18,365,106,2566,865,,,12,5,1,0,,,,,,2931,971
a00f8c19f8b593bdf9dab3da9b6ca294cbd5cc5d,2020-03-24,2020-03-24 12:00:00,KS,20,98,16,2086,1669,,,2,0,,0,,,,,,2184,1685
a14a50433eb6b139de6f744505ea2e06e2cb97a3,2020-03-24,2020-03-23 17:00:00,KY,21,124,20,1762,0,,,4,1,,0,,,,,,1886,20
972c60a3c3c2ff7db675b06ccd4e90da29f648af,2020-03-24,2020-03-24 13:00:00,LA,22,1388,216,7215,2439,,,46,12,,0,271,,,,,8603,2655
6a759bdf07f72c7d49d032ba1b16a74e3d980d98,2020-03-24,2020-03-24 12:30:00,MA,25,1060,382,12714,4451,,,26,9,94,15,,,,,,13774,4833
04d7ff9d7e75c109f80003fad1e5a0c3ad4ac4ef,2020-03-24,2020-03-24 10:00:00,MD,24,349,61,94,0,,,5,1,,0,,,,,,443,61
9eee5411b7d0963db79d439c99cb1ee038e37222,2020-03-24,2020-03-24 12:00:00,ME,23,125,18,3014,223,,,,0,,0,,,,,,3139,241
e5861814adf38c04c563b6874544e3103b6b3adb,2020-03-24,2020-03-24 11:00:00,MI,26,6441,652,5796,1099,,,24,9,,0,,,,,,12237,1751
a4a1634c95c699035235e8247aa39ec8b617a064,2020-03-24,2020-03-24 00:00:00,MN,27,262,27,5550,1039,,,1,0,21,4,,,,,,5812,1066
f43de6f48a124ec9d7427861468bafffcf3e260b,2020-03-24,2020-03-23 15:00:00,MO,29,183,0,369,0,,,3,0,,0,,,,,,552,0
1e927b64cc405e23e2e6c19478449f7b3fd9d33b,2020-03-24,2020-03-23 01:30:00,MP,69,0,0,,0,,,0,0,,0,,,,,,0,0
c7469d18ba9e0019818b8b42b9711d9b550a9446,2020-03-24,2020-03-23 19:00:00,MS,28,320,71,1552,409,,,1,0,86,53,,,,,,1872,480
c1da72aeba0ab07c53f5069ca55a91de17b597c3,2020-03-24,2020-03-24 10:00:00,MT,30,46,12,1643,497,,,,0,,0,,,,,,1689,509
340fd4e0d5bd32c55237740b502c718b1d84ac8c,2020-03-24,2020-03-24 09:45:00,NC,37,398,101,8141,0,,,0,0,,0,,,,,,8539,101
8284ee9f0f07992beb1d5fd28a1181643192c4b9,2020-03-24,2020-03-24 11:17:00,ND,38,34,4,1454,101,,,0,0,5,1,,,,,,1488,105
68bc6734b8da860becf99d1cc448f2344444aa05,2020-03-24,2020-03-23 00:00:00,NE,31,52,2,975,619,,,0,0,,0,,,,,,1027,621
8a18983f1f2ac459c3ef362ecba0b2497f7b6518,2020-03-24,2020-03-23 09:00:00,NH,33,101,23,1447,73,869,,1,1,11,11,,,,,,1548,96
135a4d490b8bc61792e0f8f93535cf6a67e1578c,2020-03-24,2020-03-24 01:30:00,NJ,34,3675,831,8325,7966,45,,44,17,,0,,,,,,12000,8797
7bba6dcda533577a9b2aee87aab2809224a746ed,2020-03-24,2020-03-23 00:00:00,NM,35,83,18,5890,569,,,,0,,0,,,,,,5973,587
a6b9804251d4d0e9ded39315a19f8601c1e9f748,2020-03-24,2020-03-23 14:59:00,NV,32,278,33,3954,464,,,4,0,,0,,,,,,4232,497
b2707196fd703c54c1e2a6afe5d2a3b42df8f583,2020-03-24,2020-03-24 11:30:00,NY,36,25665,4790,65605,8191,,,210,96,4041,916,3343,,,,,91270,12981
c6d3ebcca80037a3941b680b846f92ade0ddbb70,2020-03-24,2020-03-24 14:00:00,OH,39,564,122,140,0,,,8,2,145,41,,,,,,704,122
af33eb832fe08118063473620d16a4b90d741a10,2020-03-24,2020-03-24 08:00:00,OK,40,106,25,735,41,,,3,1,25,10,,,,,,841,66
3dc8fc10c0b1cb89162f786f5e83d08628e8381b,2020-03-24,2020-03-24 11:00:00,OR,41,209,18,4350,701,,,8,3,61,5,,,,,,4559,719
fbff9e2ae3fbd2e992b7ad5049ed797f0047b36d,2020-03-24,2020-03-24 12:00:00,PA,42,851,207,8643,2048,,,7,1,,0,,,,,,9494,2255
0a0330bec64fa4ddd1c7d3a0333755a822b17f76,2020-03-24,2020-03-23 07:00:00,PR,72,39,8,268,79,42,,2,0,,0,,,,,,307,87
ae15a6bfe31f988a929c88a09b2aa096c7dafaa7,2020-03-24,2020-03-24 00:00:00,RI,44,124,18,1200,57,77,,,0,,0,,,,,,1324,75
48d6d84cda1ef0360aa140c6a6747ad518516b53,2020-03-24,2020-03-23 16:35:00,SC,45,298,0,2012,546,,,5,0,,0,,,,,,2310,546
ec6554a68a7e94ad350a67399617063dde69fcfa,2020-03-24,2020-03-24 12:30:00,SD,46,30,2,790,28,268,,1,0,,0,,,,,,820,30
16f4cc89780d1db71d65cbeb3abc89666b802895,2020-03-24,2020-03-24 15:00:00,TN,47,667,52,10517,7245,,,2,0,,0,,,,,,11184,7297
2c3bfc5316ad01a330f768b78e8f4523f1a8ff97,2020-03-24,2020-03-23 21:00:00,TX,48,410,58,10757,1054,,,9,1,,0,,,,,,11167,1112
3383448d017665db5c5bc50d71d2ffa8762bf36e,2020-03-24,2020-03-24 15:00:00,UT,49,299,42,5524,734,,,1,0,,0,,,,,,5823,776
5147fd17729100d4681c604caacf3fdd6ad85080,2020-03-24,2020-03-24 00:00:00,VA,51,290,36,4180,737,,,7,1,45,7,,,,,,4470,773
adef0825ebf1496571d5c938b210965aa6d74959,2020-03-24,2020-03-23 20:30:00,VI,78,17,0,,0,,,,0,,0,,,,,,17,0
d75f4c23e16cdfdfa0c61f1978c80c704da18dd0,2020-03-24,2020-03-24 00:00:00,VT,50,125,28,1569,145,,,7,2,,0,,,,,,1694,173
0b7548597c52b8fab9a4fd1dc58502292bccc17d,2020-03-24,2020-03-24 00:00:00,WA,53,5640,354,51665,4892,,,146,9,,0,,,,,,57305,5246
8cb951e9a840175092c0c4f7ed68f873a8203226,2020-03-24,2020-03-24 16:00:00,WI,55,457,41,8237,1187,,,5,0,,0,,,,,,8694,1228
751b6e55a084d80d50fcfa3f0d39690232644675,2020-03-24,2020-03-23 00:00:00,WV,54,20,4,610,166,0,,0,0,1,0,,,,,,630,170
882bfb07f0c939e3c8c9d95349dc51ed5e850fb5,2020-03-24,2020-03-24 00:00:00,WY,56,29,3,710,118,,,,0,,0,,,,,,739,121
5eea25904d4258199bb6cc4fe8787ae3c0cae44d,2020-03-23,2020-03-21 16:30:00,AK,02,22,0,946,0,,,0,0,0,0,,,,,,968,0
0c5aa07905a7f58bc02c0f0045775f6dcb190a95,2020-03-23,2020-03-23 12:00:00,AL,01,167,29,1665,201,,,0,0,,0,,,,,,1832,230
b060cbdcdbd45c2e99bc107a0598bc4162ae66f3,2020-03-23,2020-03-23 00:00:00,AR,05,174,9,906,195,,,0,0,,0,13,,,,,1080,204
45d6a121d40b81645d2013ddf8776d0b0adc341d,2020-03-23,2020-03-19 00:00:00,AS,60,,0,,0,,,0,0,,0,,,,,,0,0
25acde1fc126748013a619d1539f9c00901d09d4,2020-03-23,2020-03-23 00:00:00,AZ,04,265,113,309,27,6,,2,0,,0,,,,,,574,140
9291636db5dbe2ba7f281cdaf5b102369763af82,2020-03-23,2020-03-23 00:00:00,CA,06,1733,197,12567,1263,12100,,27,0,,0,,,,,,14300,1460
d5ac01d2d557683c9faaf90cc4e7de7cc93a473e,2020-03-23,2020-03-22 18:00:00,CO,08,591,116,4845,770,,,6,1,58,9,74,,,,,5436,886
db88168ecbfb24d5c183085eaa724e37ab39757d,2020-03-23,2020-03-23 16:00:00,CT,09,415,192,4085,1208,,,10,5,,0,54,,,,,4500,1400
cc62d9a32a5902516310f7f25464575bffed6af0,2020-03-23,2020-03-22 19:00:00,DC,11,116,18,1113,156,,,2,1,,0,,,,,,1229,174
af1db5c0e59d6d41489eab1aafc5c692f0df08cc,2020-03-23,2020-03-23 11:15:00,DE,10,68,12,36,0,,,0,0,,0,,,,,,104,12
3fe1a9206845466d290eb1f5f90b059ec054867c,2020-03-23,2020-03-23 11:00:00,FL,12,1171,341,11063,3073,860,,14,1,217,32,,,,,,12234,3414
161edea38cb6e0dc47871955d31c5d3641f9b52d,2020-03-23,2020-03-23 12:00:00,GA,13,772,172,4297,877,,,25,2,,0,,,,,,5069,1049
fef52931e14946fcb95c52027187e8f033c8fdd9,2020-03-23,2020-03-23 06:45:00,GU,66,29,2,161,35,,,1,0,,0,,,,,,190,37
db91dd576afe82cf5b676f3786e578f7ba1fa383,2020-03-23,2020-03-22 18:00:00,HI,15,56,8,2955,2692,,,,0,,0,,,,,,3011,2700
72331caa3876fb8b7e961e4a0cbd1749c2658134,2020-03-23,2020-03-23 00:00:00,IA,19,105,15,2043,828,,,,0,,0,,,,,,2148,843
dfcb26d59934002918d8e0a82c2cdb35ffcc214a,2020-03-23,2020-03-22 19:00:00,ID,16,47,5,1309,134,,,0,0,,0,,,,,,1356,139
e4f25a25e1d6630d369af058647b283a2e811210,2020-03-23,2020-03-23 00:00:00,IL,17,1273,224,8583,1312,,,12,3,,0,,,,,,9856,1536
29fbdbd4e9f996c855fac4ab9dd2d03ecf8eef6f,2020-03-23,2020-03-23 11:00:00,IN,18,259,58,1701,408,,,7,1,1,0,,,,,,1960,466
96c434e65818ce2ec03c926874b33a94b400a472,2020-03-23,2020-03-23 11:00:00,KS,20,82,18,417,0,,,2,0,,0,,,,,,499,18
1c28fe7f0007137484f02d89bc61b568149da3e5,2020-03-23,2020-03-23 09:00:00,KY,21,104,5,1762,290,,,3,0,,0,,,,,,1866,295
57fa739330624ecc49caba23553d64842c01fa2c,2020-03-23,2020-03-23 13:00:00,LA,22,1172,335,4776,2115,,,34,14,,0,,,,,,5948,2450
4a8d4dea1e94b3164458b178ac43f25e7da45d90,2020-03-23,2020-03-23 12:30:00,MA,25,678,131,8263,2787,,,17,6,79,8,,,,,,8941,2918
36a901d56f94a3c0b7c3ee830624d0ada10e362d,2020-03-23,2020-03-23 10:00:00,MD,24,288,44,94,0,,,4,0,,0,,,,,,382,44
ca71946cc0a2f3d7086a418a3a4a7c30e03c14dd,2020-03-23,2020-03-23 11:30:00,ME,23,107,18,2791,527,,,,0,,0,,,,,,2898,545
7195003fa3de9cec00c3135ddf11220913312a04,2020-03-23,2020-03-23 11:00:00,MI,26,5789,691,4697,985,,,15,7,,0,,,,,,10486,1676
8b05ee4269e3cc175509dea993293070474a9e42,2020-03-23,2020-03-23 00:00:00,MN,27,235,66,4511,0,,,1,0,17,5,,,,,,4746,66
88ac0a4ca41dd63ae862cbff5125c375c622d2a5,2020-03-23,2020-03-23 15:00:00,MO,29,183,93,369,0,,,3,0,,0,,,,,,552,93
0f84d87f770bb7030555977d7e82d7b67ecd4423,2020-03-23,2020-03-23 01:30:00,MP,69,0,0,,0,,,0,0,,0,,,,,,0,0
204f09cd5234aedb13d8b34c9c56639f40388553,2020-03-23,2020-03-22 19:22:00,MS,28,249,42,1143,29,,,1,0,33,0,,,,,,1392,71
ce2afb4c98af9ef817fbdf06fac00a04f334e9fd,2020-03-23,2020-03-23 10:00:00,MT,30,34,3,1146,0,,,,0,,0,,,,,,1180,3
1ed484c1bebed8323fdc1b5eadac13322225e0bc,2020-03-23,2020-03-23 15:00:00,NC,37,297,42,8141,1958,,,0,0,,0,,,,,,8438,2000
00fe716d250b78f8a472f876d9ac06393b72b217,2020-03-23,2020-03-23 12:11:00,ND,38,30,2,1353,93,,,0,0,4,1,,,,,,1383,95
f81a844888e0d940c42951d0ceadb5b83d18cbcc,2020-03-23,2020-03-21 00:00:00,NE,31,50,2,356,0,,,0,0,,0,,,,,,406,2
9088f6a4fa60195f783614ea4542237182aa30e2,2020-03-23,2020-03-22 09:00:00,NH,33,78,13,1374,186,889,,,0,,0,,,,,,1452,199
c911b3a823cec1187ca3501b492c8e6a4c241c05,2020-03-23,2020-03-23 14:00:00,NJ,34,2844,930,359,32,94,,27,7,,0,,,,,,3203,962
76f44806a8a519a0e3cfd83c606dacead625dbac,2020-03-23,2020-03-22 00:00:00,NM,35,65,8,5321,599,,,,0,,0,,,,,,5386,607
fdda940dbd6d9582d5762ddd121488881b9c5a11,2020-03-23,2020-03-22 14:59:00,NV,32,245,55,3490,1042,,,4,2,,0,,,,,,3735,1097
c26621060678e2bbf907a8f4f14084ca9c4c6996,2020-03-23,2020-03-23 11:36:00,NY,36,20875,5707,57414,11181,,,114,0,3125,771,2629,,,,,78289,16888
7a396c1e164f2156e5c4afebc7b9f457c71f5b69,2020-03-23,2020-03-23 14:00:00,OH,39,442,91,140,0,,,6,3,104,21,,,,,,582,91
21aa75c9d137518491cfe1c86efe47519c7bd9cf,2020-03-23,2020-03-23 08:00:00,OK,40,81,14,694,25,102,,2,0,15,4,,,,,,775,39
353b17a5e1508c78dda43384231e1ba29d0a6afd,2020-03-23,2020-03-23 11:00:00,OR,41,191,30,3649,785,,,5,1,56,13,,,,,,3840,815
3f3069e79f504d42e82bf9b45e74fca8084b99d6,2020-03-23,2020-03-23 15:00:00,PA,42,644,165,6595,1631,,,6,4,,0,,,,,,7239,1796
559b73a38ba59a79e79eb8612aa3a763be273bf3,2020-03-23,2020-03-23 07:00:00,PR,72,31,8,189,6,35,,2,1,,0,,,,,,220,14
ba035b54b262de7becdf0ba7ce34ac7559ca5087,2020-03-23,2020-03-23 15:25:00,RI,44,106,23,1143,211,216,,,0,,0,,,,,,1249,234
9d3d02505267a555a83a86737d298524b5edff87,2020-03-23,2020-03-23 16:35:00,SC,45,298,103,1466,0,,,5,2,,0,,,,,,1764,103
f0e72493b3c3bfbdaf360736079a3e1d5bd4636d,2020-03-23,2020-03-23 10:00:00,SD,46,28,7,762,22,265,,1,0,,0,,,,,,790,29
e9d36c745ba0ddfb218644ae4b3b49c5794304c3,2020-03-23,2020-03-23 15:00:00,TN,47,615,110,3272,0,,,2,2,,0,,,,,,3887,110
02d1d62dd38a48dac6c784f285f49144a5092340,2020-03-23,2020-03-23 13:00:00,TX,48,352,18,9703,1281,,,8,3,,0,,,,,,10055,1299
ebd39538310a16fcd40de8d17a6363014a9c19c4,2020-03-23,2020-03-23 15:00:00,UT,49,257,76,4790,1282,,,1,0,,0,,,,,,5047,1358
5721d2d1b0b0f0173f5a4ffcadff59abed25ac43,2020-03-23,2020-03-23 00:00:00,VA,51,254,35,3443,325,,,6,3,38,6,,,,,,3697,360
cc52185d464bbf1ff8dfff594f3f3dc062f0d293,2020-03-23,2020-03-22 20:30:00,VI,78,17,11,,0,,,,0,,0,,,,,,17,11
090a9e0e0cca5fc56f0979c1dcbec109aeb14437,2020-03-23,2020-03-23 00:00:00,VT,50,97,21,1424,220,,,5,3,,0,,,,,,1521,241
02db497bf3dd7f35fdd6d24ff7e3061c6c5b6e2e,2020-03-23,2020-03-23 00:00:00,WA,53,5286,448,46773,4857,,,137,11,,0,,,,,,52059,5305
bd12dcbc917904ae70fa890006dbb4ffd36c96cd,2020-03-23,2020-03-23 16:00:00,WI,55,416,31,7050,820,,,5,1,,0,,,,,,7466,851
39b8452576f44aa2983b5765e9fd21707bd20b80,2020-03-23,2020-03-22 19:00:00,WV,54,16,4,444,59,4,,0,0,1,0,,,,,,460,63
94666bbb815dd430b569197db5eabbc4be8482a9,2020-03-23,2020-03-23 14:00:00,WY,56,26,2,592,154,,,,0,,0,,,,,,618,156
ce1c95d24ef04e891868b2c6ccefcb8742ffd9c9,2020-03-22,2020-03-21 16:30:00,AK,02,22,8,946,188,,,0,0,0,0,,,,,,968,196
465045c64332bc58139e634ea502c26e43d04bb7,2020-03-22,2020-03-22 10:37:00,AL,01,138,14,1464,1436,,,0,0,,0,,,,,,1602,1450
d220b6c0c8be42ff67c499604e6691a35956810b,2020-03-22,2020-03-22 13:45:00,AR,05,165,47,711,144,119,,0,0,,0,13,,,,,876,191
7df2b352c1121cc222184edd71fe50cec3d8bd94,2020-03-22,2020-03-19 00:00:00,AS,60,,0,,0,,,0,0,,0,,,,,,0,0
c310a506c8df05ecba89a6d000f38ad462cbf15b,2020-03-22,2020-03-22 00:00:00,AZ,04,152,48,282,42,87,,2,1,,0,,,,,,434,90
6553df7877278338ad3018c40a1413374064beb3,2020-03-22,2020-03-22 13:34:00,CA,06,1536,257,11304,55,,,27,3,,0,,,,,,12840,312
35ac612031b278f8042de396dda221bf20030ea0,2020-03-22,2020-03-21 18:00:00,CO,08,475,112,4075,758,,,5,1,49,5,56,,,,,4550,870
9f95e22842e5dd44cfee0c4fd73d46a225f8675c,2020-03-22,2020-03-21 19:30:00,CT,09,223,29,2877,771,,,5,1,,0,43,,,,,3100,800
3aba6489af59895ac7c8b2ea2b306c6076695779,2020-03-22,2020-03-21 19:30:00,DC,11,98,21,957,451,,,1,0,,0,,,,,,1055,472
0918273f7862d8c74e151e482680c1d537b975f8,2020-03-22,2020-03-22 16:15:00,DE,10,56,11,36,0,,,0,0,,0,,,,,,92,11
a6ea30ccb6c6c0fd55d6ed531e8b20f07773196d,2020-03-22,2020-03-22 11:00:00,FL,12,830,172,7990,1411,963,,13,1,185,27,,,,,,8820,1583
95a16f81a3fa4bd1b5433a0743a333eda2b8cefb,2020-03-22,2020-03-22 12:00:00,GA,13,600,93,3420,863,,,23,9,,0,,,,,,4020,956
fa97da6881c4763bbe96d2b4e047ceb0dd7cd996,2020-03-22,2020-03-22 07:00:00,GU,66,27,12,126,18,,,1,1,,0,,,,,,153,30
7452291207fe41969b87f702697b09857d808979,2020-03-22,2020-03-21 18:00:00,HI,15,48,11,263,139,,,,0,,0,,,,,,311,150
778e2e10a1696c41333cf2f1f5f8866249507bda,2020-03-22,2020-03-22 00:00:00,IA,19,90,22,1215,166,,,,0,,0,,,,,,1305,188
3f3b0038ec2a53bb25596cc0edb80507165ccbd6,2020-03-22,2020-03-21 19:55:00,ID,16,42,11,1175,295,,,0,0,,0,,,,,,1217,306
027684782b43deffba38319dad4f94565e8c3581,2020-03-22,2020-03-22 00:00:00,IL,17,1049,296,7271,1783,,,9,3,,0,,,,,,8320,2079
61f23bb59fe62bd1e4ae440c67fad0eb67b224a2,2020-03-22,2020-03-13 00:59:00,IN,18,201,75,1293,586,,,6,2,1,0,,,,,,1494,661
37a9bad2a98643441280191d23b3a6adf050fd04,2020-03-22,2020-03-21 11:00:00,KS,20,64,9,417,0,,,2,0,,0,,,,,,481,9
56b80299db8ae68bf65267921f61839c95be1b51,2020-03-22,2020-03-22 09:00:00,KY,21,99,45,1472,758,,,3,1,,0,,,,,,1571,803
0688637d15db8e47e67893b7375b5e260204008a,2020-03-22,2020-03-22 10:00:00,LA,22,837,257,2661,481,,,20,4,,0,,,,,,3498,738
6c78619f9542b9a0f4ad813f44f94612eb1fcf1f,2020-03-22,2020-03-22 16:00:00,MA,25,547,121,5476,677,,,11,4,71,10,,,,,,6023,798
9e077c7d5267ac88358337137339afada0f417b9,2020-03-22,2020-03-22 10:00:00,MD,24,244,54,94,0,,,4,1,,0,,,,,,338,54
a6bb28c9f7fa0ac1322d7d2c7725de7df518f2d4,2020-03-22,2020-03-22 12:15:00,ME,23,89,16,2264,0,,,,0,,0,,,,,,2353,16
8d8426ad4497e9562595ac454047c57743d2463c,2020-03-22,2020-03-22 15:00:00,MI,26,5098,555,3712,16,,,8,3,,0,,,,,,8810,571
abf75c2280ed6e29089ab3ad0dfcd0e2c14dd41e,2020-03-22,2020-03-21 12:10:00,MN,27,169,31,4511,559,,,1,0,12,12,,,,,,4680,590
90a5eae8697c27a9beaa000937988af98fb3f71d,2020-03-22,2020-03-21 22:00:00,MO,29,90,17,369,0,,,3,0,,0,,,,,,459,17
7c3dc42c42cf5a9cf9b8f478ecc5a881dfd732ea,2020-03-22,2020-03-22 01:30:00,MP,69,0,0,,0,,,0,0,,0,,,,,,0,0
fd9f9bba1000773d61f1dac0dfcc4bcc5c070764,2020-03-22,2020-03-22 11:20:00,MS,28,207,67,1114,419,,,1,0,33,33,,,,,,1321,486
a104a3af8641f9f431812abf1598d382a51bf06f,2020-03-22,2020-03-22 00:00:00,MT,30,31,11,1146,0,,,,0,,0,,,,,,1177,11
0e6811374f6bc4ed8a89a64a519c495dcffe9d58,2020-03-22,2020-03-22 10:16:00,NC,37,255,71,6183,1091,,,0,0,,0,,,,,,6438,1162
be95082e796b8de9e21d08243116feae76d09e0c,2020-03-22,2020-03-22 11:39:00,ND,38,28,0,1260,119,,,0,0,3,0,,,,,,1288,119
7e2acab0b976b0b51fc0ea922153a93d7edbf646,2020-03-22,2020-03-21 00:00:00,NE,31,48,10,356,0,,,0,0,,0,,,,,,404,10
688af7f76afc57bc2b54926a66516645326a14a4,2020-03-22,2020-03-21 09:00:00,NH,33,65,10,1188,215,959,,,0,,0,,,,,,1253,225
d1818dfe8f05a6292d9cf51ae20f85f08b76bab1,2020-03-22,2020-03-22 13:30:00,NJ,34,1914,587,327,33,49,,20,4,,0,,,,,,2241,620
c19bcc749c05c1eef2a04a877e4bb553d0a0d316,2020-03-22,2020-03-21 00:00:00,NM,35,57,0,4722,951,,,,0,,0,,,,,,4779,951
fb69b285f2419c473bda728089c42ceca67e9f71,2020-03-22,2020-03-21 14:00:00,NV,32,190,66,2448,64,,,2,0,,0,,,,,,2638,130
3c1fd14c40f87341699ab2b8273e006cec7e4671,2020-03-22,2020-03-22 11:00:00,NY,36,15168,4812,46233,11152,,,114,70,2354,823,2043,,,,,61401,15964
8dd18e400b482f25e1e5a7bbd71d8cb0be77add5,2020-03-22,2020-03-20 14:00:00,OH,39,351,104,140,0,,,3,0,83,25,,,,,,491,104
c7098e498841e545edd73317863a15372b733555,2020-03-22,2020-03-22 08:00:00,OK,40,67,14,669,109,102,,2,1,11,1,,,,,,736,123
5f6cb724fa90c38f4ed24383e24bca93db293b57,2020-03-22,2020-03-22 11:00:00,OR,41,161,47,2864,861,,,4,1,43,43,,,,,,3025,908
ae84b5f1a6415e8f6facabcb5b195e89d57c488b,2020-03-22,2020-03-22 12:00:00,PA,42,479,108,4964,1198,,,2,0,,0,,,,,,5443,1306
f33912c6381a0c952adcead7b1ab1ff3de86a801,2020-03-22,2020-03-22 07:00:00,PR,72,23,2,183,40,69,,1,1,,0,,,,,,206,42
44982aa4868380a71074d87d60cedf1883cda544,2020-03-22,2020-03-22 15:25:00,RI,44,83,17,932,70,216,,,0,,0,,,,,,1015,87
31243ae5c634a158b62ad79e726f807a7993c24f,2020-03-22,2020-03-22 15:40:00,SC,45,195,43,1466,211,,,3,2,,0,,,,,,1661,254
e19432ca3372d5dca3a2e7521146094ab1d404f1,2020-03-22,2020-03-22 12:30:00,SD,46,21,7,740,49,277,,1,0,,0,,,,,,761,56
f08641e0b8337bcf501db157fea6e8b6fb615414,2020-03-22,2020-03-22 15:00:00,TN,47,505,134,3272,0,,,,0,,0,,,,,,3777,134
688cd4b321106eed21d7fe83dce62698f1e91563,2020-03-22,2020-03-21 21:00:00,TX,48,334,30,8422,2204,,,5,0,,0,,,,,,8756,2234
23fc1a064e532f9ea6e948ba44fe8eb0f532a0b6,2020-03-22,2020-03-22 15:00:00,UT,49,181,45,3508,1084,,,1,1,,0,,,,,,3689,1129
402086d31f6bae17606b7201dd0dff3c66f0402c,2020-03-22,2020-03-21 17:00:00,VA,51,219,67,3118,480,,,3,1,32,7,,,,,,3337,547
aa648621005a3387f8a960b6620ea032f614baf0,2020-03-22,2020-03-21 20:30:00,VI,78,6,0,,0,,,,0,,0,,,,,,6,0
e27415a2382863111eb28e10b9041f369070e73e,2020-03-22,2020-03-22 00:00:00,VT,50,76,24,1204,124,,,2,0,,0,,,,,,1280,148
44c2ba6deee972860733d504b423f28782aba11b,2020-03-22,2020-03-22 00:00:00,WA,53,4838,283,41916,1605,,,126,15,,0,,,,,,46754,1888
68e6ef68cb2298f7156f001ba281fdf387fb2759,2020-03-22,2020-03-22 04:00:00,WI,55,385,104,6230,1602,,,4,0,,0,,,,,,6615,1706
46be16a27531593bce8946b7fb2412728c635b9c,2020-03-22,2020-03-21 00:00:00,WV,54,12,1,385,55,1,,0,0,1,0,,,,,,397,56
2b0d37648a3f9065033bcc37a9c5df5cd8d028d5,2020-03-22,2020-03-21 23:00:00,WY,56,24,1,438,0,,,,0,,0,,,,,,462,1
e6a3fd5a62a91fafb981986cd112279ebad41664,2020-03-21,2020-03-21 16:30:00,AK,02,14,2,758,72,,,0,0,0,0,,,,,,772,74
70fcbc1481e3e07d47138e4bca14925eb4188f72,2020-03-21,2020-03-21 11:20:00,AL,01,124,43,28,0,,,0,0,,0,,,,,,152,43
5f686c58376e59127ade03f784b63aa621bfa5ea,2020-03-21,2020-03-21 13:47:00,AR,05,118,22,567,216,154,,,0,,0,,,,,,685,238
718e941617d9110116a705253667f8d00941f581,2020-03-21,2020-03-19 00:00:00,AS,60,,0,,0,,,0,0,,0,,,,,,0,0
6c7060464dc7bbe9e7a9114607c93f9b85c0414c,2020-03-21,2020-03-21 00:00:00,AZ,04,104,39,240,29,122,,1,1,,0,,,,,,344,68
c181b8ce8f2cd58d92ecfcb94e5e1e1f1edfe4d6,2020-03-21,2020-03-21 00:00:00,CA,06,1279,216,11249,825,,,24,4,,0,,,,,,12528,1041
9c5c3554b2ebd5057e10d54c80c19520549842c0,2020-03-21,2020-03-20 18:00:00,CO,08,363,86,3317,642,,,4,1,44,44,,,,,,3680,728
ac5ffcb4c90fd832905647c0a8edc2b18187a71e,2020-03-21,2020-03-20 20:44:00,CT,09,194,0,2106,1502,,,4,1,,0,,,,,,2300,1502
2c353a7fcb57d5f702cbc427ddc54f04879281dd,2020-03-21,2020-03-20 20:00:00,DC,11,77,6,506,5,0,,1,0,,0,,,,,,583,11
576d6e9ff27aec2e34f8720f666974c5a6c63a2b,2020-03-21,2020-03-21 15:15:00,DE,10,45,7,36,0,,,0,0,,0,,,,,,81,7
465bd2332a6dfac4cbb59fe3032f7ef65efc1802,2020-03-21,2020-03-21 11:00:00,FL,12,658,138,6579,4709,1002,,12,2,158,158,,,,,,7237,4847
098b79b013bbad96150efb5ef75c0cedebf48f07,2020-03-21,2020-03-21 12:00:00,GA,13,507,87,2557,591,,,14,1,,0,,,,,,3064,678
4529d63624b9aae84adb02a6bf2594b23ac8876b,2020-03-21,2020-03-21 07:15:00,GU,66,15,1,108,22,,,,0,,0,,,,,,123,23
f01296f31a7b727462bd93f22b09b86533ddc544,2020-03-21,2020-03-20 18:00:00,HI,15,37,11,124,0,,,,0,,0,,,,,,161,11
24985d1838305402e1ef81e53965871f78659344,2020-03-21,2020-03-21 14:20:00,IA,19,68,23,1049,407,,,,0,,0,,,,,,1117,430
70f6a1bef366c3266ed63d2753f74de720fe562e,2020-03-21,2020-03-20 19:00:00,ID,16,31,8,880,290,,,,0,,0,,,,,,911,298
eb005b0c7e91927292218aa6384800d49532971d,2020-03-21,2020-03-21 00:00:00,IL,17,753,168,5488,1792,,,6,1,,0,,,,,,6241,1960
16aa371021e7549614d8b4cda335b1b536cac35c,2020-03-21,2020-03-21 00:59:00,IN,18,126,47,707,232,,,4,2,1,1,,,,,,833,279
65a73a64f0cf266a322db2f244b4259a5e4cbd07,2020-03-21,2020-03-21 11:00:00,KS,20,55,11,417,0,,,2,1,,0,,,,,,472,11
2659d5ba749cc52aac4334e4152cafc9f7933e20,2020-03-21,2020-03-21 09:00:00,KY,21,54,7,714,122,,,2,1,,0,,,,,,768,129
29fe2d011aa234e7c88a125f7bc7de49380fa14f,2020-03-21,2020-03-21 10:30:00,LA,22,580,107,2180,1612,,,16,4,,0,,,,,,2760,1719
e1457caff3bac90c8b35052069836d3597bc7b67,2020-03-21,2020-03-21 16:00:00,MA,25,426,112,4799,1004,,,7,2,61,61,,,,,,5225,1116
98d6e505ba2d36349aa955214d5ad01be2cf3d2d,2020-03-21,2020-03-21 10:00:00,MD,24,190,41,94,0,,,3,0,,0,,,,,,284,41
b4bf3d2f37d5bfb5d66f67824f79c022feca5061,2020-03-21,2020-03-21 13:30:00,ME,23,73,16,2264,0,,,,0,,0,,,,,,2337,16
24c89227cff8341784038a0236fef8e4ead87644,2020-03-21,2020-03-21 13:44:00,MI,26,4543,516,3696,950,,,5,2,,0,,,,,,8239,1466
b6a5e81a694f22b7be96fec9a10f6ee7d5c10ab2,2020-03-21,2020-03-21 00:00:00,MN,27,138,23,3952,211,,,1,1,,0,,,,,,4090,234
5ac7e1cba34b536cf12d726eba2fe0fadbd26c9b,2020-03-21,2020-03-20 22:00:00,MO,29,73,26,369,0,,,3,2,,0,,,,,,442,26
bd96f25c4109962042041ab06978a914f1a8d26c,2020-03-21,2020-03-21 02:30:00,MP,69,0,0,,0,,,0,0,,0,,,,,,0,0
ec35d71e6a3b289015e188436a4bbe24fd84155b,2020-03-21,2020-03-20 19:00:00,MS,28,140,60,695,0,,,1,0,,0,,,,,,835,60
97c280e1d6fd4651670f094c597cb24d1ff5962a,2020-03-21,2020-03-20 21:24:00,MT,30,20,4,1146,215,,,,0,,0,,,,,,1166,219
d7485b91447c164d4d2d564ba1e896a0bc5c75d0,2020-03-21,2020-03-21 10:30:00,NC,37,184,47,5092,1996,,,0,0,,0,,,,,,5276,2043
f44d0ec8ab7345701603153b99f9f4df6675d348,2020-03-21,2020-03-21 11:56:00,ND,38,28,8,1141,341,,,0,0,3,3,,,,,,1169,349
3e7c069ad2b9acaf34947a5ae3d87d9edfdf0aba,2020-03-21,2020-03-20 00:00:00,NE,31,38,6,356,116,,,0,0,,0,,,,,,394,122
cef89f6ae2997fd4e6c9ba48fef85e14d7ecec67,2020-03-21,2020-03-20 09:00:00,NH,33,55,11,973,228,942,,,0,,0,,,,,,1028,239
0362b4df08f177c0e577bb175c0f096a39493575,2020-03-21,2020-03-21 13:00:00,NJ,34,1327,437,294,30,40,,16,5,,0,,,,,,1621,467
91955900a6ebb76eb5923f751976604e4bf0f0bf,2020-03-21,2020-03-21 00:00:00,NM,35,57,14,3771,0,,,,0,,0,,,,,,3828,14
68a774c5a1d6edebe56d6cbdf1d670bfb24b920e,2020-03-21,2020-03-21 02:59:00,NV,32,124,15,2384,392,,,2,1,,0,,,,,,2508,407
31a798f9fc0a7c5743463929db76b57157037543,2020-03-21,2020-03-20 21:22:00,NY,36,10356,3254,35081,9756,,,44,9,1531,1531,1436,,,,,45437,13010
317b12453b8c940603fe3719244f9d10cf8779f5,2020-03-21,2020-03-21 14:00:00,OH,39,247,78,140,0,,,3,2,58,58,,,,,,387,78
952679374147e1e15258161dcbbdb2f71ec212ab,2020-03-21,2020-03-21 08:00:00,OK,40,53,4,560,22,144,,1,0,10,10,,,,,,613,26
2e622563d51e5a283344c249e32126253dbf4828,2020-03-21,2020-03-20 11:00:00,OR,41,114,0,2003,0,433,,3,0,,0,,,,,,2117,0
5c55966704d40e3a835b7d5cc7905daf1e099e6d,2020-03-21,2020-03-21 12:00:00,PA,42,371,103,3766,1192,,,2,1,,0,,,,,,4137,1295
85b5999eb10463791f59ef6ee13491a1e6900ea2,2020-03-21,2020-03-21 13:00:00,PR,72,21,7,143,29,71,,,0,,0,,,,,,164,36
51025b17611231b5bd7b6d92d44ea4651343a717,2020-03-21,2020-03-21 00:00:00,RI,44,66,12,862,62,290,,,0,,0,,,,,,928,74
245bf28d7f43532610eb1b0da94ed7a2d2d6ade2,2020-03-21,2020-03-20 16:45:00,SC,45,152,71,1255,422,,,1,0,,0,,,,,,1407,493
f83d5aedd7f5779df29333a9f5857b74d9fecd85,2020-03-21,2020-03-21 13:00:00,SD,46,14,0,691,28,268,,1,0,,0,,,,,,705,28
fe3c949838afe4c4d7b780f0787770c84fb2f58d,2020-03-21,2020-03-20 22:48:00,TN,47,371,143,3272,2709,,,,0,,0,,,,,,3643,2852
e4458e83b8754c6e3947ddd01c49a6fc73b8a23b,2020-03-21,2020-03-21 13:00:00,TX,48,304,110,6218,1135,,,5,0,,0,,,,,,6522,1245
963ba9600d225a14c79398803845d6142f4849a2,2020-03-21,2020-03-21 00:00:00,UT,49,136,24,2424,389,,,0,0,,0,,,,,,2560,413
da12db7ee9bf87c2af6fb49e2031907c5c5f1ba6,2020-03-21,2020-03-21 00:00:00,VA,51,152,38,2638,427,,,2,0,25,25,,,,,,2790,465
bdb49b1f008d041edda69f24f6d60dd0c71476bb,2020-03-21,2020-03-20 20:30:00,VI,78,6,3,,0,,,,0,,0,,,,,,6,3
6fed56a0fda1d875505d995491ac21c4bde8a11c,2020-03-21,2020-03-21 00:00:00,VT,50,52,8,1080,123,,,2,0,,0,,,,,,1132,131
84316727f2be1a0cbc92896a4e215307530beb52,2020-03-21,2020-03-21 00:00:00,WA,53,4555,285,40311,2060,,,111,7,,0,,,,,,44866,2345
2ebd6e38981dc11320358b78c0b6f153355f928c,2020-03-21,2020-03-21 16:00:00,WI,55,281,75,4628,1173,,,4,1,,0,,,,,,4909,1248
30122c1bf9ba31339d56c3d695191d5ecdf529c3,2020-03-21,2020-03-21 00:00:00,WV,54,11,4,330,111,2,,0,0,1,1,,,,,,341,115
a4b272909c31b59ead9691bc6eea3c8fad51447d,2020-03-21,2020-03-21 12:30:00,WY,56,23,4,438,107,,,,0,,0,,,,,,461,111
64794140e27bcac7e44ed401b4ebf87e491de396,2020-03-20,2020-03-20 16:30:00,AK,02,12,6,686,254,,,0,0,,0,,,,,,698,260
86133712925f69d1d8c4363f963efb1e611eb282,2020-03-20,2020-03-20 11:00:00,AL,01,81,13,28,0,,,0,0,,0,,,,,,109,13
2c2251d27cbaa9bac6af33dd62b947e0fe8458b7,2020-03-20,2020-03-20 14:19:00,AR,05,96,50,351,41,203,,,0,,0,,,,,,447,91
d6d74387ed06cbc5ce50d8be9ebda10edbecc335,2020-03-20,2020-03-19 00:00:00,AS,60,,0,,0,,,0,0,,0,,,,,,0,0
035bfbcfdf19570db58a34dc5a84f2d3c1fcb4c6,2020-03-20,2020-03-20 00:00:00,AZ,04,65,21,211,36,101,,0,0,,0,,,,,,276,57
39f501136f0e6fbe52804b7d0be824f14a1e868c,2020-03-20,2020-03-20 14:41:00,CA,06,1063,139,10424,1637,,,20,2,,0,,,,,,11487,1776
dc973241a97d39439e5d24e4b3683e8a0085706e,2020-03-20,2020-03-20 14:42:00,CO,08,277,61,2675,563,,,3,1,,0,,,,,,2952,624
4bc66fb67a1ce97bae3a3f7bc974b82376e83655,2020-03-20,2020-03-20 15:30:00,CT,09,194,98,604,0,,,3,2,,0,,,,,,798,98
c4e1e16170aa39928fb69ad22fe46fc60809f01c,2020-03-20,2020-03-20 00:00:00,DC,11,71,32,501,348,1,,1,1,,0,,,,,,572,380
f36efc5df7684ddd625f83b055e13a8476a12793,2020-03-20,2020-03-20 10:00:00,DE,10,38,8,36,0,,,0,0,,0,,,,,,74,8
43d344e163537780d0bb7a762f7f210b3079e71f,2020-03-20,2020-03-20 11:00:00,FL,12,520,130,1870,337,1026,,10,2,,0,,,,,,2390,467
b4db468ced9a21ef08686e2c176844a814b4ee1c,2020-03-20,2020-03-20 12:00:00,GA,13,420,133,1966,422,,,13,3,,0,,,,,,2386,555
736d39a082e6a4da6e063e64947f0907229a1fa3,2020-03-20,2020-03-20 05:15:00,GU,66,14,2,86,17,,,,0,,0,,,,,,100,19
9d0d0242bf410ebf5f379b36ce45db56e1245b6b,2020-03-20,2020-03-19 18:00:00,HI,15,26,10,124,31,,,,0,,0,,,,,,150,41
c13af02df7fbb0f4056cc94c1ddce5a09e5c5997,2020-03-20,2020-03-20 16:15:00,IA,19,45,7,642,559,,,,0,,0,,,,,,687,566
396295ba7bee4b2487043553e16c22ea2419f3bd,2020-03-20,2020-03-19 19:00:00,ID,16,23,12,590,131,,,,0,,0,,,,,,613,143
2806ab83722b7acb8ffc8d3bb63ebf86e0951d99,2020-03-20,2020-03-20 00:00:00,IL,17,585,163,3696,971,,,5,1,,0,,,,,,4281,1134
aad604d83ebdce5665026fad7e9834ce01782a52,2020-03-20,2020-03-20 00:59:00,IN,18,79,23,475,151,,,2,0,,0,,,,,,554,174
d71e59ca2f0dbf591cb7705c39fe41377b470cca,2020-03-20,2020-03-20 11:00:00,KS,20,44,10,417,0,,,1,0,,0,,,,,,461,10
0a2776a39845955a9608f8471c52ea907a80625a,2020-03-20,2020-03-19 17:00:00,KY,21,47,12,592,138,,,1,0,,0,,,,,,639,150
3517de627f903a696662e949f902da4a954dcc04,2020-03-20,2020-03-20 15:30:00,LA,22,473,126,568,110,,,12,4,,0,,,,,,1041,236
1e164b07bff65d95598a9780af7150e0da820920,2020-03-20,2020-03-20 16:00:00,MA,25,314,85,3795,877,,,5,2,,0,,,,,,4109,962
e804c35572cfb044d749bdf6a3d0b20f2d4008ef,2020-03-20,2020-03-20 10:00:00,MD,24,149,42,94,0,,,3,1,,0,,,,,,243,42
67df63899a9fb80c66ee6b69fce859d22bd90f60,2020-03-20,2020-03-20 11:00:00,ME,23,57,4,2264,260,,,,0,,0,,,,,,2321,264
bebea7a54cf26936e2357f74cb704aa79d267b2e,2020-03-20,2020-03-20 15:00:00,MI,26,4027,635,2746,961,,,3,0,,0,,,,,,6773,1596
c139e2ab39822767b107d0b1414fc859a2fa27ae,2020-03-20,2020-03-20 00:00:00,MN,27,115,26,3741,792,,,,0,,0,,,,,,3856,818
5c8f3ca05f65f73fe317e22d1e2dcf000043acc2,2020-03-20,2020-03-20 10:05:00,MO,29,47,23,369,61,,,1,0,,0,,,,,,416,84
b942756ab4d054ce9a540b663ff80e0c78de52ab,2020-03-20,2020-03-20 01:30:00,MP,69,0,0,,0,,,0,0,,0,,,,,,0,0
e9ea37e14ed6b8f5308c6129757d630a4769dd9c,2020-03-20,2020-03-20 11:35:00,MS,28,80,30,695,143,,,1,1,,0,,,,,,775,173
5cd4aecb1ba18f0a5e2b4c4337f99d407c65b5ca,2020-03-20,2020-03-19 22:11:00,MT,30,16,4,931,170,,,,0,,0,,,,,,947,174
26343a2c89d88ee646d7ba975d6e762e3e0eff83,2020-03-20,2020-03-20 09:35:00,NC,37,137,40,3096,688,,,0,0,,0,,,,,,3233,728
066fbc578c802d9fd5ea77ce1bff55a2c45a7db4,2020-03-20,2020-03-20 00:00:00,ND,38,20,5,800,307,,,0,0,,0,,,,,,820,312
90c9fc8533e028348180ddcfe0e1a9e0a4600dab,2020-03-20,2020-03-19 00:00:00,NE,31,32,5,240,0,,,0,0,,0,,,,,,272,5
78da1ca0b0c4548536b820b6d41f25a958fc4237,2020-03-20,2020-03-19 09:00:00,NH,33,44,5,745,124,631,,,0,,0,,,,,,789,129
eedb1e08d4614cdb3751a2e1771ffbcc5039993f,2020-03-20,2020-03-20 13:30:00,NJ,34,890,148,264,54,86,,11,2,,0,,,,,,1154,202
1d87c3b3d52cc9b7dd8b8b21ffea351fd5fbbee1,2020-03-20,2020-03-20 00:00:00,NM,35,43,8,3771,1009,,,,0,,0,,,,,,3814,1017
417f33c653f61f3b2de301fb672f1e60dab94cb1,2020-03-20,2020-03-20 02:59:00,NV,32,109,14,1992,366,,,1,0,,0,,,,,,2101,380
671358c005314c2f0fff5cfcb765d6b01e707e7c,2020-03-20,2020-03-20 13:20:00,NY,36,7102,2950,25325,7193,,,35,23,,0,1042,,,,,32427,10143
5cd23ddf4712f5edfc269fe8031527b26a8fc253,2020-03-20,2020-03-20 14:00:00,OH,39,169,50,140,0,,,1,1,,0,,,,,,309,50
6e3d4a0a41a8f936ad6d2f430f28e1b13d358a0b,2020-03-20,2020-03-20 08:00:00,OK,40,49,5,538,72,374,,1,0,,0,,,,,,587,77
b665a7480a8c4514cd9e8724ccf5f3c69e9fccc6,2020-03-20,2020-03-20 11:00:00,OR,41,114,26,2003,674,433,,3,0,,0,,,,,,2117,700
7613ebc31e0ac33bc80035d06eea4e3a2a4d05c5,2020-03-20,2020-03-20 12:00:00,PA,42,268,83,2574,966,,,1,0,,0,,,,,,2842,1049
d2dcef0cc95ab5e4b1b724e42b61870a641915a7,2020-03-20,2020-03-20 13:00:00,PR,72,14,9,114,58,52,,,0,,0,,,,,,128,67
5cbf62db6e284dfde20d940cf41fb40797f329b8,2020-03-20,2020-03-20 00:00:00,RI,44,54,10,800,146,140,,,0,,0,,,,,,854,156
5e2b5d0b8df0a3abd486b5ba2ec8d5266ae59600,2020-03-20,2020-03-19 17:10:00,SC,45,81,21,833,250,,,1,0,,0,,,,,,914,271
d35bf4291e6a2b3669eb00fe4abbd54e0bfa7af9,2020-03-20,2020-03-20 00:00:00,SD,46,14,3,663,112,270,,1,0,,0,,,,,,677,115
d4d96f41d75ef42f9a183de6bda3187d68525fa4,2020-03-20,2020-03-20 15:00:00,TN,47,228,74,563,214,,,,0,,0,,,,,,791,288
848c0e5a1d953d9f8c17dcd9aca5b3299fa52916,2020-03-20,2020-03-20 13:00:00,TX,48,194,51,5083,2871,,,5,2,,0,,,,,,5277,2922
f19b9d6413c2b5036987027afdc85f565043ec01,2020-03-20,2020-03-20 00:00:00,UT,49,112,34,2035,587,,,0,0,,0,,,,,,2147,621
4d3786d380bf2e68fee5aa5768feaca01171f811,2020-03-20,2020-03-20 00:00:00,VA,51,114,20,2211,382,,,2,0,,0,,,,,,2325,402
95befce9f54b66dac52a78ffdda4e94681d649b9,2020-03-20,2020-03-19 17:30:00,VI,78,3,0,,0,,,,0,,0,,,,,,3,0
53dec7f6aeb7e0a13247eb355fa66fa8fea3f172,2020-03-20,2020-03-20 00:00:00,VT,50,44,16,957,193,,,2,2,,0,,,,,,1001,209
eed97fe08acb987a33f8d14e44de7c6b447d22df,2020-03-20,2020-03-20 00:00:00,WA,53,4270,403,38251,3663,,,104,12,,0,,,,,,42521,4066
ef8c3f761ca768e9c1c87c0df62d8b674cb1e38d,2020-03-20,2020-03-20 16:00:00,WI,55,206,51,3455,1263,,,3,3,,0,,,,,,3661,1314
67382613621e7c82352ebea7971d71710974f004,2020-03-20,2020-03-20 00:00:00,WV,54,7,5,219,76,13,,0,0,,0,,,,,,226,81
caef954281374eaf72342572d4826013380e28ab,2020-03-20,2020-03-20 13:30:00,WY,56,19,1,331,60,,,,0,,0,,,,,,350,61
0585e4ab03ad09ecd005b563cddfd9d281d4e9fb,2020-03-19,2020-03-18 16:30:00,AK,02,6,0,432,26,,,0,0,,0,,,,,,438,26
a7071939cdbabaff922835c65bef168b333e5987,2020-03-19,2020-03-19 10:45:00,AL,01,68,22,28,0,,,0,0,,0,,,,,,96,22
a5a464d28af93bb840d822bc043acf448442e812,2020-03-19,2020-03-19 11:23:00,AR,05,46,13,310,74,113,,,0,,0,,,,,,356,87
a45559cb718ab18828292827d5883de1377171c7,2020-03-19,2020-03-14 00:00:00,AS,60,,0,,0,,,0,0,,0,,,,,,0,0
cb2b196a4f155180be95935e6cd074e664868ec2,2020-03-19,2020-03-19 00:00:00,AZ,04,44,16,175,27,130,,0,0,,0,,,,,,219,43
0f1175cd180152c50df4510a94507476e3a7afbd,2020-03-19,2020-03-19 14:25:00,CA,06,924,313,8787,806,,,18,5,,0,,,,,,9711,1119
871e9c495b3ab27e16b1ea5b7f94b8c0c9d11fe8,2020-03-19,2020-03-18 18:30:00,CO,08,216,33,2112,495,,,2,0,,0,,,,,,2328,528
ded56afe1d6f45689aa489a558cf09e64593698e,2020-03-19,2020-03-18 16:30:00,CT,09,96,28,604,479,,,1,1,,0,,,,,,700,507
e7027bbbe60e5fc0c4a0c45d8dac4fcf65776b4f,2020-03-19,2020-03-18 00:00:00,DC,11,39,8,153,15,11,,0,0,,0,,,,,,192,23
83e2534e435c406432a7865574022147adead572,2020-03-19,2020-03-19 12:00:00,DE,10,30,5,36,0,,,0,0,,0,,,,,,66,5
51426eae0229362e0669eb6c6309cf439f2274c6,2020-03-19,2020-03-19 11:00:00,FL,12,390,76,1533,308,1019,,8,1,,0,,,,,,1923,384
cd5373e3284d77e4d4b766ce9aeb2f9cb1165439,2020-03-19,2020-03-19 12:00:00,GA,13,287,90,1544,233,,,10,9,,0,,,,,,1831,323
24bfa4c6917a363e74d0056a0445dc1798bc24ef,2020-03-19,2020-03-19 05:15:00,GU,66,12,4,69,12,,,,0,,0,,,,,,81,16
b7a3b6366b3ca09265f7c06cb0a6392423436d90,2020-03-19,2020-03-18 18:00:00,HI,15,16,2,93,0,,,,0,,0,,,,,,109,2
077dd0a2411f9867681e74f95bd2295f5d855e6d,2020-03-19,2020-03-18 19:39:00,IA,19,38,9,83,0,,,,0,,0,,,,,,121,9
e8ffdfd2b3256700d415e68cfdb6da415e47a76c,2020-03-19,2020-03-18 10:30:00,ID,16,11,2,459,0,,,,0,,0,,,,,,470,2
04dd5501788081b49452e7ba054d91703cb7f0ec,2020-03-19,2020-03-19 00:00:00,IL,17,422,134,2725,962,,,4,3,,0,,,,,,3147,1096
f5083ae351a0aa3af1026458c8e6692e53f8148c,2020-03-19,2020-03-19 00:59:00,IN,18,56,17,324,170,,,2,0,,0,,,,,,380,187
6ff0f01e24ed8137c33e2ea7d9d2ae3b576293e9,2020-03-19,2020-03-19 11:00:00,KS,20,34,18,417,0,,,1,0,,0,,,,,,451,18
32fa05933f290063b48b13990b23e29fd5c3b098,2020-03-19,2020-03-18 17:00:00,KY,21,35,9,454,100,,,1,0,,0,,,,,,489,109
7a0370f1b70cc9835bd446ec7eb51d06a9d4070d,2020-03-19,2020-03-19 10:30:00,LA,22,347,107,458,123,,,8,2,,0,,,,,,805,230
48f070be3d5ee179166841d19ae3227e6b974ded,2020-03-19,2020-03-19 11:30:00,MA,25,229,73,2918,803,,,3,1,,0,,,,,,3147,876
913d111cac1d9d1db74a27e5bfe9377df0c8e832,2020-03-19,2020-03-19 10:00:00,MD,24,107,22,94,0,,,2,0,,0,,,,,,201,22
bfc91ccd322e07bd4c1d672a6b004ddc31c435b8,2020-03-19,2020-03-19 12:15:00,ME,23,53,10,2004,334,,,,0,,0,,,,,,2057,344
42760038ab6cc92e3c262ca033ff659e510284fa,2020-03-19,2020-03-19 15:00:00,MI,26,3392,479,1785,570,,,3,3,,0,,,,,,5177,1049
dfd2509be3cb570f58732eb608a854f25aa6cfa5,2020-03-19,2020-03-19 00:00:00,MN,27,89,12,2949,264,,,,0,,0,,,,,,3038,276
c26cb25999c0d309dfc1c3ecff5cc38e3209afad,2020-03-19,2020-03-18 20:00:00,MO,29,24,11,308,55,,,1,1,,0,,,,,,332,66
73b6435035b1f2e4eba95f3de457cdbaa187c25a,2020-03-19,2020-03-19 01:30:00,MP,69,0,0,,0,,,0,0,,0,,,,,,0,0
ccb7061e6b2ecf2a4230dde9d2312834cfbfb775,2020-03-19,2020-03-19 00:00:00,MS,28,50,16,552,73,,,,0,,0,,,,,,602,89
8576d2cca35517f5ec538a160ab255969754f334,2020-03-19,2020-03-18 23:23:00,MT,30,12,2,761,262,,,,0,,0,,,,,,773,264
24f704fd0ba9e146da063d292473af066d5e292f,2020-03-19,2020-03-19 09:45:00,NC,37,97,34,2408,621,,,0,0,,0,,,,,,2505,655
f3f0955023721ac01f7e0f38a752b13bbe3cf544,2020-03-19,2020-03-19 00:00:00,ND,38,15,9,493,225,,,0,0,,0,,,,,,508,234
2e8fd96076fc038bab45ac37ba3eeb7f54de46ab,2020-03-19,2020-03-18 14:00:00,NE,31,27,3,240,34,,,0,0,,0,,,,,,267,37
8934af2b21e338c9bb3720c60c5cfddba7babd78,2020-03-19,2020-03-18 09:00:00,NH,33,39,13,621,108,231,,,0,,0,,,,,,660,121
26401ffe1445ec725f30e7946d8a523e3d425070,2020-03-19,2020-03-19 11:30:00,NJ,34,742,315,210,20,74,,9,4,,0,,,,,,952,335
e9a49d3c42e5197aa101b99872da06a4b69054ee,2020-03-19,2020-03-19 00:00:00,NM,35,35,7,2762,436,,,,0,,0,,,,,,2797,443
2550ef4718d51806686c4390d16da253b976dfea,2020-03-19,2020-03-19 00:00:00,NV,32,95,40,1626,1458,,,1,0,,0,,,,,,1721,1498
130c941868dc760e95dc55a7f61d0c10b939a741,2020-03-19,2020-03-19 13:20:00,NY,36,4152,1770,18132,5917,,,12,0,,0,617,,,,,22284,7687
33b29c097c1245f578b7da4fa26b9c74bdcec414,2020-03-19,2020-03-19 14:00:00,OH,39,119,31,140,0,,,,0,,0,,,,,,259,31
43d04dd09385ffb1a2f1a05dc4064cacf34816c0,2020-03-19,2020-03-19 13:00:00,OK,40,44,15,466,88,250,,1,1,,0,,,,,,510,103
d960601639782785b77b47fbd46853b62b2d91c4,2020-03-19,2020-03-19 11:00:00,OR,41,88,13,1329,211,437,,3,0,,0,,,,,,1417,224
fbf20145a62e628d5f0bceec8e29163de7b21440,2020-03-19,2020-03-19 12:00:00,PA,42,185,52,1608,421,,,1,0,,0,,,,,,1793,473
5ade4710ae08c2f0b999b33fc3d13148ee47341b,2020-03-19,2020-03-19 07:50:00,PR,72,5,0,56,25,29,,,0,,0,,,,,,61,25
486e9d392ba6f03f8752923acec4c6c912e3a169,2020-03-19,2020-03-19 00:00:00,RI,44,44,11,654,114,334,,,0,,0,,,,,,698,125
06d4bd5d4e92dd9268e49a5928724061805783d4,2020-03-19,2020-03-18 16:00:00,SC,45,60,0,583,0,,,1,0,,0,,,,,,643,0
259b7014849b29f178e926bbf383389be315e301,2020-03-19,2020-03-19 00:00:00,SD,46,11,0,551,0,385,,1,0,,0,,,,,,562,0
38d4ba3fc5e95e78649892460f579d2f08188e86,2020-03-19,2020-03-19 15:00:00,TN,47,154,56,349,0,,,,0,,0,,,,,,503,56
090656b575d8bb93fdfe9f0f9dbee1cecca24604,2020-03-19,2020-03-19 13:00:00,TX,48,143,60,2212,388,,,3,1,,0,,,,,,2355,448
bda32efe85a0b2484c317a3b4a0a014341887fb8,2020-03-19,2020-03-19 00:00:00,UT,49,78,15,1448,1317,,,0,0,,0,,,,,,1526,1332
6904face49155fe9f63c6209eb1e94f067974651,2020-03-19,2020-03-19 12:00:00,VA,51,94,17,1829,628,,,2,1,,0,,,,,,1923,645
24a5b4b25c171a24613f81338abb2e509c3e32be,2020-03-19,2020-03-18 07:30:00,VI,78,3,1,,0,,,,0,,0,,,,,,3,1
3446792f513f2a6ece9025c8354ce969b3bd83c2,2020-03-19,2020-03-19 00:00:00,VT,50,28,7,764,127,,,,0,,0,,,,,,792,134
2d4cff8166be2785d47697e2078e86bfd4b64c6a,2020-03-19,2020-03-19 00:00:00,WA,53,3867,335,34588,4216,,,92,10,,0,,,,,,38455,4551
1f35dd83752647ab67f36203aa5194321cbbefde,2020-03-19,2020-03-19 16:00:00,WI,55,155,49,2192,615,,,,0,,0,,,,,,2347,664
d1078ecee368fe3550b8f8d7d7a1965d21369cdf,2020-03-19,2020-03-18 00:00:00,WV,54,2,1,143,21,3,,0,0,,0,,,,,,145,22
701f8b61c2f4a500371fbae4de619732439fd137,2020-03-19,2020-03-19 16:45:00,WY,56,18,3,271,93,,,,0,,0,,,,,,289,96
d3e234e0a925f8fc7f6656b8ac9b0331907d045c,2020-03-18,2020-03-17 23:00:00,AK,02,6,3,406,72,,,0,0,,0,,,,,,412,75
9e65d46234dce27bc45fa6a7771034a0a10a50d9,2020-03-18,2020-03-18 11:05:00,AL,01,46,10,28,0,,,0,0,,0,,,,,,74,10
ef666a35164e2a0bbc1ab01169a88e1d111c2686,2020-03-18,2020-03-18 00:00:00,AR,05,33,11,236,39,50,,,0,,0,,,,,,269,50
d1bf733bce7e2b8e2e1de5f39015508dfcb0581f,2020-03-18,2020-03-14 00:00:00,AS,60,,0,,0,,,0,0,,0,,,,,,0,0
975f0e24fe3c2089fe65992f9b4878819f572006,2020-03-18,2020-03-18 00:00:00,AZ,04,28,8,148,6,102,,0,0,,0,,,,,,176,14
867356fbe77b93edeba4e1c14549eed4f5f32599,2020-03-18,2020-03-17 21:00:00,CA,06,611,128,7981,0,,,13,2,,0,,,,,,8592,128
61b1cf85fad60c4baf40923d2f6246085fbbe814,2020-03-18,2020-03-18 00:00:00,CO,08,183,23,1617,561,,,2,1,,0,,,,,,1800,584
6244c1d181d26fa0e7df4ac126a2113c8f28a92c,2020-03-18,2020-03-17 16:30:00,CT,09,68,27,125,0,,,,0,,0,,,,,,193,27
c0639d73051c0cf9e0d99593ec079f0993a58f81,2020-03-18,2020-03-17 19:00:00,DC,11,31,9,138,34,1,,,0,,0,,,,,,169,43
5812d922fa75d71eca9f10eeb3be4ef79e583650,2020-03-18,2020-03-18 11:30:00,DE,10,25,9,36,0,,,,0,,0,,,,,,61,9
c5019a91a935eb25ed6444cd4ff527ab458df82d,2020-03-18,2020-03-18 11:00:00,FL,12,314,128,1225,285,954,,7,1,,0,,,,,,1539,413
164cc0b6d6eb37e66e3c6e05cb3fe68944705261,2020-03-18,2020-03-18 12:00:00,GA,13,197,51,1311,1311,,,1,0,,0,,,,,,1508,1362
2873b21480a46dd5295ac69bc5fb00b5327742ad,2020-03-18,2020-03-18 05:45:00,GU,66,8,3,57,16,,,,0,,0,,,,,,65,19
3d1c262c871d48af22d17ad23271ff12b0c50992,2020-03-18,2020-03-17 20:00:00,HI,15,14,4,93,93,,,,0,,0,,,,,,107,97
17ac5a61f14f3205a24b2b822de1b9327a75c689,2020-03-18,2020-03-17 19:58:00,IA,19,29,6,83,0,,,,0,,0,,,,,,112,6
7152db011e906420605cebac9d46d0bf7128f686,2020-03-18,2020-03-18 10:30:00,ID,16,9,2,459,113,,,,0,,0,,,,,,468,115
a991ef01bb6213c44dadd191f9e7cdf4661219fe,2020-03-18,2020-03-18 00:00:00,IL,17,288,129,1763,423,,,1,0,,0,,,,,,2051,552
5436e45057528d148e4957d0f050a5138e4a5b30,2020-03-18,2020-03-17 23:59:00,IN,18,39,9,154,25,,,2,0,,0,,,,,,193,34
22b0cc1fe2f25372009bfc4be964875d12c83674,2020-03-18,2020-03-17 15:30:00,KS,20,16,1,417,35,,,1,0,,0,,,,,,433,36
bcb29ad0b1facbc054bdc0419563a2f827cb9f66,2020-03-18,2020-03-17 16:00:00,KY,21,26,4,354,59,,,1,0,,0,,,,,,380,63
fb2eaf5215a4909267af35b2fd2536404bd749ad,2020-03-18,2020-03-18 00:00:00,LA,22,240,103,335,49,,,6,2,,0,,,,,,575,152
d61c0283c7f198ce748417652922a846e2d128e3,2020-03-18,2020-03-18 16:00:00,MA,25,156,38,2115,482,,,2,2,,0,,,,,,2271,520
5fc8bac2c140d193650e392bbfad57aba982aa17,2020-03-18,2020-03-18 10:00:00,MD,24,85,28,94,0,,,2,2,,0,,,,,,179,28
45c1b858e35da6497046ec1e43587cafe3a4ff3b,2020-03-18,2020-03-18 12:00:00,ME,23,43,11,1670,367,,,,0,,0,,,,,,1713,378
624aa36361dd5d998f1d8dfb74b6f67813af7d1b,2020-03-18,2020-03-18 14:00:00,MI,26,2913,520,1215,589,,,,0,,0,,,,,,4128,1109
fdddd2a5062c03e1bbd53a225586a9b0a4a2cb26,2020-03-18,2020-03-18 00:00:00,MN,27,77,17,2685,409,,,,0,,0,,,,,,2762,426
f06423f0d4af08e4964dfcd17d9737ebc23a1023,2020-03-18,2020-03-17 19:15:00,MO,29,13,5,253,46,,,0,0,,0,,,,,,266,51
8ffb0d330029f2489eb904a3701708a9aa7b3555,2020-03-18,2020-03-18 03:30:00,MP,69,0,0,,0,,,0,0,,0,,,,,,0,0
0292a31fe2e8fc2d9753a40922064bb849b560b4,2020-03-18,2020-03-18 00:00:00,MS,28,34,13,479,111,,,,0,,0,,,,,,513,124
5158cf38df705efbc8c51aa14f1d370809e8d3ae,2020-03-18,2020-03-18 10:15:00,MT,30,10,2,499,196,,,,0,,0,,,,,,509,198
a28e0d9fc7a080798f6cb89e165b7d7fa4d9a095,2020-03-18,2020-03-18 10:44:00,NC,37,63,23,1787,1313,,,0,0,,0,,,,,,1850,1336
89dca25d8bf12f914cab1925a1b575c3f2d341b3,2020-03-18,2020-03-18 00:00:00,ND,38,6,3,268,48,,,0,0,,0,,,,,,274,51
43498b1ab00679cb712a1eb87c885356932e2eff,2020-03-18,2020-03-18 00:00:00,NE,31,24,3,206,0,,,,0,,0,,,,,,230,3
ac7b2f71b67efb2965dc30d3ae35ca28879d2e70,2020-03-18,2020-03-17 09:00:00,NH,33,26,9,513,158,208,,,0,,0,,,,,,539,167
5a441544d43ca9b7d8fd1a800f4449c5d1f5c09b,2020-03-18,2020-03-17 13:00:00,NJ,34,427,160,190,27,21,,5,2,,0,,,,,,617,187
403ddaac6afe6da4b92c5b49f87030e1afeb0fd8,2020-03-18,2020-03-18 00:00:00,NM,35,28,5,2326,1077,,,,0,,0,,,,,,2354,1082
181ec0531549ac411e15898172b43d264ac21070,2020-03-18,2020-03-17 15:00:00,NV,32,55,0,168,0,,,1,0,,0,,,,,,223,0
ca66c3f676e94df653b3843716fbbff7bddb4af4,2020-03-18,2020-03-18 15:05:00,NY,36,2382,682,12215,6709,,,12,5,,0,416,,,,,14597,7391
ddf8b33eb66ab5a48b260ae51cad763d67e27a4a,2020-03-18,2020-03-18 15:00:00,OH,39,88,21,140,0,,,,0,,0,,,,,,228,21
c43749ee0e297b740f8e34c30b7dac6cba604388,2020-03-18,2020-03-18 08:00:00,OK,40,29,12,378,131,110,,,0,,0,,,,,,407,143
9045774be01ee1ee7cdae030af2a21fbe977afba,2020-03-18,2020-03-17 12:00:00,OR,41,75,28,1118,429,361,,3,3,,0,,,,,,1193,457
02694a44d1cc961699356e3416cfbdef0c7d57d9,2020-03-18,2020-03-18 12:00:00,PA,42,133,37,1187,308,,,1,1,,0,,,,,,1320,345
2e14dbacea2b5fffa97b5dabbbec975f24925a55,2020-03-18,2020-03-17 22:00:00,PR,72,5,0,31,18,21,,,0,,0,,,,,,36,18
841961a840230fefb8b7bef25e808f70e96a350d,2020-03-18,2020-03-18 00:00:00,RI,44,33,10,540,137,334,,,0,,0,,,,,,573,147
ad007f5bbc2c20a3e9e6203ef8a179628ca61c65,2020-03-18,2020-03-18 16:00:00,SC,45,60,27,583,272,,,1,0,,0,,,,,,643,299
0ac38b66e203f91feb1114f111c17b23c26ef09e,2020-03-18,2020-03-18 00:00:00,SD,46,11,0,551,0,350,,1,1,,0,,,,,,562,0
0389e313f2c88a34c7280414cd50433ad1042fe2,2020-03-18,2020-03-17 15:00:00,TN,47,98,25,349,19,,,,0,,0,,,,,,447,44
5af00c4672cde62b0a2c9d3dcc5b99ac54df191b,2020-03-18,2020-03-18 13:00:00,TX,48,83,19,1824,620,,,2,1,,0,,,,,,1907,639
8c2114206677f2af401cd92c421e08b45b3ff5b2,2020-03-18,2020-03-18 14:45:00,UT,49,63,12,131,0,,,0,0,,0,,,,,,194,12
de9f26c143f2e82ea842a01551a89529a171ab6a,2020-03-18,2020-03-18 12:00:00,VA,51,77,10,1201,240,,,1,0,,0,,,,,,1278,250
8a25a4cc8bc415877066b8f617dbe497c1eeaaa3,2020-03-18,2020-03-18 00:00:00,VI,78,2,0,,0,,,,0,,0,,,,,,2,0
bb20b7cb93abdb976e64df23a90318593301d4fb,2020-03-18,2020-03-18 00:00:00,VT,50,21,2,637,56,,,,0,,0,,,,,,658,58
5bee734ae3199970183c04260ff2c6551aea869b,2020-03-18,2020-03-18 00:00:00,WA,53,3532,378,30372,4364,,,82,4,,0,,,,,,33904,4742
a980f455bb9a314512fb949d759d625df61d698f,2020-03-18,2020-03-17 15:00:00,WI,55,106,34,1577,539,,,,0,,0,,,,,,1683,573
662736d0ebebc64ecef87e323c0e310bde59b80a,2020-03-18,2020-03-17 00:00:00,WV,54,1,1,122,42,14,,0,0,,0,,,,,,123,43
dd0bb6a329ac1884b6b686d5b64ab9a8e4543696,2020-03-18,2020-03-18 00:00:00,WY,56,15,5,178,83,,,,0,,0,,,,,,193,88
e53b8d357692ff9d6ce373c5796994a10b3e0030,2020-03-17,2020-03-17 00:01:00,AK,02,3,2,334,191,,,0,0,,0,,,,,,337,193
ada728b55cf57c8b62c5e3f23e29f3d27933920a,2020-03-17,2020-03-17 11:15:00,AL,01,36,8,28,0,,,0,0,,0,,,,,,64,8
643b60b8bad31566728c0d863e84a8ecc72282fa,2020-03-17,2020-03-17 00:00:00,AR,05,22,0,197,65,41,,,0,,0,,,,,,219,65
43afca9372cfc8c34e946fdc86da06916fd9b4e6,2020-03-17,2020-03-14 00:00:00,AS,60,,0,,0,,,,0,,0,,,,,,0,0
8efb6d5d2999fce8952b9b3a5c85186be57b6b5c,2020-03-17,2020-03-17 00:00:00,AZ,04,20,2,142,17,66,,0,0,,0,,,,,,162,19
5c2f8aeb1e0a86a5610fa4ae39d9b7734ed5dac8,2020-03-17,2020-03-16 21:00:00,CA,06,483,148,7981,0,,,11,5,,0,,,,,,8464,148
e8afdb2ea0ce1eda5e34b9bd72429a312460c259,2020-03-17,2020-03-16 17:00:00,CO,08,160,29,1056,429,,,1,0,,0,,,,,,1216,458
cec3d8324cda6665a11327c3abc75c14607c65fa,2020-03-17,2020-03-16 17:00:00,CT,09,41,15,125,0,,,,0,,0,,,,,,166,15
e4e509b6b6256acbd12a9c65820b1eaf24faaea3,2020-03-17,2020-03-16 19:00:00,DC,11,22,5,104,8,0,,,0,,0,,,,,,126,13
5e16aa67ae1f446be08d9279ca3ad7faa4c9ba02,2020-03-17,2020-03-16 11:40:00,DE,10,16,8,36,0,,,,0,,0,,,,,,52,8
e215a720fcc6ed6566e07664fd20688e6ff899a2,2020-03-17,2020-03-17 11:00:00,FL,12,186,45,940,256,872,,6,2,,0,,,,,,1126,301
3d9eb3345185b2190aa990fd725bbf25454f7a96,2020-03-17,2020-03-17 12:00:00,GA,13,146,25,,0,,,1,0,,0,,,,,,146,25
03d0b2d83a69c46ddaef8c569212a7037f4a7218,2020-03-17,2020-03-17 04:15:00,GU,66,5,2,41,18,,,,0,,0,,,,,,46,20
7a8f7ec347ce93dd50ef999b73d86e1be7a2974e,2020-03-17,2020-03-16 18:00:00,HI,15,10,3,,0,,,,0,,0,,,,,,10,3
29b3ee93328729066aeef6f55114a9a7221a2493,2020-03-17,2020-03-17 00:00:00,IA,19,23,1,83,0,,,,0,,0,,,,,,106,1
e23cd9c0026697a81ab92f42fc96c9179d1d73ec,2020-03-17,2020-03-17 11:45:00,ID,16,7,2,346,81,,,,0,,0,,,,,,353,83
51d49781c3b08bb93f1da89f41c8fcd46ae6bd2f,2020-03-17,2020-03-16 00:00:00,IL,17,159,66,1340,408,,,1,1,,0,,,,,,1499,474
77acede138fea72c01b28e1502681defec0d0e53,2020-03-17,2020-03-16 23:59:00,IN,18,30,6,129,14,,,2,1,,0,,,,,,159,20
c662120b88216708e51c78bf3564a85afde0c94f,2020-03-17,2020-03-17 13:00:00,KS,20,15,4,382,216,,,1,0,,0,,,,,,397,220
657c5cfe9666a56886682c854ef3872bfaf75c6b,2020-03-17,2020-03-16 16:00:00,KY,21,22,1,295,61,,,1,0,,0,,,,,,317,62
fc54ddea2f64562207303c6ebb3f372cb5c0d224,2020-03-17,2020-03-17 10:30:00,LA,22,137,22,286,98,,,4,2,,0,,,,,,423,120
856b00eb9455a88ec8dee07e9a508ee50e645fe3,2020-03-17,2020-03-16 16:00:00,MA,25,118,21,1633,434,,,,0,,0,,,,,,1751,455
5768e7e251c4732810135fcc012e9dae6b9aff2a,2020-03-17,2020-03-17 10:00:00,MD,24,57,20,94,0,,,,0,,0,,,,,,151,20
bf89ebfb4a734d515a5e5bc5f6acc5b3239d796f,2020-03-17,2020-03-17 12:00:00,ME,23,32,15,1303,539,,,,0,,0,,,,,,1335,554
e76d547e3f65dbecff13a690f3a4aee489e66074,2020-03-17,2020-03-17 14:00:00,MI,26,2393,460,626,354,,,,0,,0,,,,,,3019,814
683e8940b6eae8f8287bab8ce07cf9baa9acfbb0,2020-03-17,2020-03-17 00:00:00,MN,27,60,6,2276,437,,,,0,,0,,,,,,2336,443
5172e0ae95b9156e54821e42d72f3f6d5676ee42,2020-03-17,2020-03-16 20:00:00,MO,29,8,2,207,43,,,0,0,,0,,,,,,215,45
c6d78e105a10aab4cccd3be8da31f07051337545,2020-03-17,2020-03-17 01:30:00,MP,69,0,0,,0,,,,0,,0,,,,,,0,0
23016eec1049fe0e030b9123df4165264cc15a36,2020-03-17,2020-03-17 00:00:00,MS,28,21,9,368,91,,,,0,,0,,,,,,389,100
79698a5c721b9e295f1f38efe3e58d8fb059cf8a,2020-03-17,2020-03-16 21:22:00,MT,30,8,1,303,105,,,,0,,0,,,,,,311,106
af1922754c31ccf4819b0bd0e41fe6fd826ca78b,2020-03-17,2020-03-17 08:51:00,NC,37,40,7,474,178,,,0,0,,0,,,,,,514,185
bedfdd224a67179375b52a43386389591c943bc6,2020-03-17,2020-03-17 00:00:00,ND,38,3,2,220,97,0,,0,0,,0,,,,,,223,99
c457c4c8d18be0ecfc6eed74d85bd5741066ad85,2020-03-17,2020-03-17 00:00:00,NE,31,21,3,206,36,,,,0,,0,,,,,,227,39
2292a8da6bdd228245745a90fafe5470b81ff236,2020-03-17,2020-03-16 09:00:00,NH,33,17,4,355,84,195,,,0,,0,,,,,,372,88
ee1dc480c8343ae71c6bab7d25f48ef0b1701482,2020-03-17,2020-03-17 13:00:00,NJ,34,267,89,163,43,55,,3,1,,0,,,,,,430,132
467947d80b67cf86c0159daa6acc03c3a014903f,2020-03-17,2020-03-17 00:00:00,NM,35,23,6,1249,683,,,,0,,0,,,,,,1272,689
306aeb9ec8c68e1c6e8a4cfbafa9c7d5a3a269b8,2020-03-17,2020-03-17 15:00:00,NV,32,55,10,168,0,,,1,0,,0,,,,,,223,10
b987cae0c58c9e6bafd738edfc453d5937242ff4,2020-03-17,2020-03-16 15:00:00,NY,36,1700,750,5506,963,,,7,0,,0,325,,,,,7206,1713
4c159f05f20b1686fed1778d88c887ac8af9b5a4,2020-03-17,2020-03-17 15:00:00,OH,39,67,17,140,0,,,,0,,0,,,,,,207,17
e6e97767d726da9409adc7a9400b9fbb3fb6ed3d,2020-03-17,2020-03-17 09:15:00,OK,40,17,7,247,73,82,,,0,,0,,,,,,264,80
dff299c4baffeb8f05157b7af28868dea4b7d0fe,2020-03-17,2020-03-16 13:51:00,OR,41,47,8,689,110,184,,,0,,0,,,,,,736,118
54e46b69f5f2919e95baec8d6b3b9022d1974916,2020-03-17,2020-03-17 12:45:00,PA,42,96,20,879,209,,,,0,,0,,,,,,975,229
f3c13619198d596839a0e41a156cf8a37bd47df2,2020-03-17,2020-03-17 15:41:00,PR,72,5,0,13,4,4,,,0,,0,,,,,,18,4
702162b010484a6bcd16d402ac087589543b180a,2020-03-17,2020-03-17 00:00:00,RI,44,23,2,403,95,149,,,0,,0,,,,,,426,97
8cb72ce851fccc42afcba889c5d31c8325d39c5e,2020-03-17,2020-03-17 12:02:00,SC,45,33,5,311,76,,,1,0,,0,,,,,,344,81
df7e8f72fb262e3f97b2115ac0e0426f3aa464cc,2020-03-17,2020-03-17 00:00:00,SD,46,11,1,551,57,35,,,0,,0,,,,,,562,58
0eaed2575573531a4c4a45974681a2c320950ebd,2020-03-17,2020-03-17 15:00:00,TN,47,73,21,330,60,,,,0,,0,,,,,,403,81
f4211734cacc5a6fdcf868bdf968d148d692f11e,2020-03-17,2020-03-17 13:00:00,TX,48,64,7,1204,1204,,,1,1,,0,,,,,,1268,1211
5a089bfa92a2b6b95593a8c284be21675984da9f,2020-03-17,2020-03-17 14:45:00,UT,49,51,12,131,0,,,0,0,,0,,,,,,182,12
d96f3a8f0e76f76e98638193e1895f7021fbe601,2020-03-17,2020-03-17 12:00:00,VA,51,67,16,961,523,,,1,0,,0,,,,,,1028,539
b71def43a5f1369bc4d1c84f14a42d0ae1ae367e,2020-03-17,2020-03-16 00:01:00,VI,78,2,1,,0,,,,0,,0,,,,,,2,1
f40c4240bb4243de716c103ae8752c962ed0186c,2020-03-17,2020-03-17 00:00:00,VT,50,19,2,581,94,,,,0,,0,,,,,,600,96
09b7fb18a6479f65ce3667bd0668e898007a0121,2020-03-17,2020-03-17 00:00:00,WA,53,3154,324,26008,4317,,,78,9,,0,,,,,,29162,4641
6314f67c5fae75b707eb1a7765ab995cb252e881,2020-03-17,2020-03-17 15:00:00,WI,55,72,25,1038,534,,,,0,,0,,,,,,1110,559
5df0973c584b6c19232ed0ea8e43a564b8578513,2020-03-17,2020-03-16 00:00:00,WV,54,0,0,80,0,4,,0,0,,0,,,,,,80,0
8fbde8d21a240fb6d753861ea47c248470433009,2020-03-17,2020-03-17 00:00:00,WY,56,10,7,95,95,,,,0,,0,,,,,,105,102
59025cb26a1d93f93d4814e1881e8ce7d6d6db2f,2020-03-16,2020-03-16 15:06:00,AK,02,1,0,143,0,,,0,0,,0,,,,,,144,0
2e5176fd77c4eea9eaced083a2bfa6658e932228,2020-03-16,2020-03-16 15:08:00,AL,01,28,16,28,0,40,,0,0,,0,,,,,,56,16
298def9a0e32038eea483af891adf55f332b49c6,2020-03-16,2020-03-16 15:08:00,AR,05,22,6,132,29,14,,,0,,0,,,,,,154,35
82537f49d6f304977a0a48a26542ae25ffde6d98,2020-03-16,2020-03-16 15:54:00,AS,60,,0,,0,,,,0,,0,,,,,,0,0
3f725f707eb8586a08e791cb02ffc0e6c35f1cd5,2020-03-16,2020-03-16 16:16:00,AZ,04,18,6,125,4,63,,0,0,,0,,,,,,143,10
1f3a0e1e92d0d72669a696def7f1ae8e2706d801,2020-03-16,2020-03-16 15:10:00,CA,06,335,42,7981,7065,,,6,1,,0,,,,,,8316,7107
577fbc82fa8fc02bade29ad10b98bed6a4a344e4,2020-03-16,2020-03-16 15:35:00,CO,08,131,0,627,0,,,1,0,,0,,,,,,758,0
071f906d58906a07b7ca33e9abb05da6e58cd2a5,2020-03-16,2020-03-16 15:36:00,CT,09,26,6,125,0,,,,0,,0,,,,,,151,6
1d465fda13295cd75f1bd7b9eb1778848f51cf6c,2020-03-16,2020-03-16 15:36:00,DC,11,17,1,96,17,7,,,0,,0,,,,,,113,18
9c4d2c9592c6a7d5744fc64c89215966f64b8af2,2020-03-16,2020-03-16 15:37:00,DE,10,8,2,36,0,32,,,0,,0,,,,,,44,2
7bb7c009159bda9672906d1c1e05a83923d49ed9,2020-03-16,2020-03-16 16:13:00,FL,12,141,25,684,6,514,,4,0,,0,,,,,,825,31
450d17b10792488d74d27bad8088e96d72b4d2b8,2020-03-16,2020-03-16 15:19:00,GA,13,121,22,,0,,,1,0,,0,,,,,,121,22
75f46e54846df54f065a534c29e0d9afdee2254a,2020-03-16,2020-03-16 15:58:00,GU,66,3,0,23,0,,,,0,,0,,,,,,26,0
1586c740e068f3d96fadba2b96d2c58bb066b5a2,2020-03-16,2020-03-16 15:39:00,HI,15,7,5,,0,,,,0,,0,,,,,,7,5
8d6d7ab91ae30ba7abb40d4771b6620f9ca4bfae,2020-03-16,2020-03-16 15:41:00,IA,19,22,4,83,0,,,,0,,0,,,,,,105,4
1c513ebedd72e555b16152934e9d0cd45ea798f1,2020-03-16,2020-03-16 15:42:00,ID,16,5,0,265,91,,,,0,,0,,,,,,270,91
0f6db9651b190ea48bed2b0b1032125769118666,2020-03-16,2020-03-16 15:43:00,IL,17,93,29,932,483,,,,0,,0,,,,,,1025,512
4fbc35f480b5b741f8bfba0f7e3e6dd8b1303832,2020-03-16,2020-03-16 15:44:00,IN,18,24,5,115,13,,,1,1,,0,,,,,,139,18
f5e8e8fcd79e99ad4b58852502facc44e8c20ac3,2020-03-16,2020-03-16 16:17:00,KS,20,11,3,166,31,,,1,0,,0,,,,,,177,34
14b0d7f5989c8e42b59f6e428629aec9cddf4c34,2020-03-16,2020-03-16 15:45:00,KY,21,21,5,234,95,,,1,1,,0,,,,,,255,100
67c41ab5f5ab25e6ac5973f837df7c48403cfbf7,2020-03-16,2020-03-16 15:50:00,LA,22,115,25,188,32,,,2,0,,0,,,,,,303,57
2799526fc07abe0206b920d8c3b7d64ff84a20f3,2020-03-16,2020-03-16 15:48:00,MA,25,97,33,1199,615,,,,0,,0,,,,,,1296,648
833c310aec5dae09cec14441b317e3101cddec54,2020-03-16,2020-03-16 15:49:00,MD,24,37,6,94,0,,,,0,,0,,,,,,131,6
57974b5ea9b4057b86841e75e386c9dbbfcf0541,2020-03-16,2020-03-16 15:51:00,ME,23,17,14,764,673,,,,0,,0,,,,,,781,687
c0b5b06ace5027bb686b6ff967c3e0ef93d4b0c3,2020-03-16,2020-03-16 15:52:00,MI,26,1933,453,272,67,30,,,0,,0,,,,,,2205,520
312894d50aa05f7c7a54b86f4900e3d03263c3b0,2020-03-16,2020-03-16 15:52:00,MN,27,54,19,1839,452,,,,0,,0,,,,,,1893,471
709eb948895f7688d5c52d2fa30366e43d263561,2020-03-16,2020-03-16 15:52:00,MO,29,6,1,164,42,,,0,0,,0,,,,,,170,43
8fd34d0fef5d0833c358d29b218ba3806f902017,2020-03-16,2020-03-16 15:55:00,MP,69,0,0,,0,,,,0,,0,,,,,,0,0
21902602c0960feb805f5180a148e233921066f5,2020-03-16,2020-03-16 15:52:00,MS,28,12,2,277,193,,,,0,,0,,,,,,289,195
ac2eb83cbe85de8763fa6db2b41a165599af9690,2020-03-16,2020-03-16 15:51:00,MT,30,7,0,198,95,,,,0,,0,,,,,,205,95
822625b9f168f1f5f9c3a219ad8dfdbd6a5f1cbe,2020-03-16,2020-03-16 15:33:00,NC,37,33,1,296,69,151,,0,0,,0,,,,,,329,70
85f7fcfcdfaed8d8911866d325ea27e4316bdbce,2020-03-16,2020-03-16 15:45:00,ND,38,1,0,123,28,0,,0,0,,0,,,,,,124,28
512e59b56c600e362994c9d2908233fef8702b43,2020-03-16,2020-03-16 15:32:00,NE,31,18,1,170,90,,,,0,,0,,,,,,188,91
a4822f66cec12bac6686df2e96f9daa67c10df3e,2020-03-16,2020-03-16 15:12:00,NH,33,13,0,271,0,95,,,0,,0,,,,,,284,0
25e8ed9cbce048f48de6e74d6f9c347282f590b5,2020-03-16,2020-03-16 15:08:00,NJ,34,178,80,120,0,20,,2,0,,0,,,,,,298,80
691269269f361c8e663d201f08dd92e7df5cbb29,2020-03-16,2020-03-16 15:11:00,NM,35,17,4,566,84,,,,0,,0,,,,,,583,88
a53eb0c2ad75ccadb5a69f52dc096ff9329fad33,2020-03-16,2020-03-16 15:16:00,NV,32,45,24,168,0,,,1,1,,0,,,,,,213,24
736f252ef31123a7d495b06cb22a3d8d0250ec2d,2020-03-16,2020-03-16 16:22:00,NY,36,950,221,4543,0,,,7,4,,0,,,,,,5493,221
4d1fe3ace7e057d336370e1665d733e07e92b46f,2020-03-16,2020-03-16 15:36:00,OH,39,50,14,140,1,361,,,0,,0,,,,,,190,15
92ff17fc10bc0977ad00ed342ae21601cb86ee9a,2020-03-16,2020-03-16 15:37:00,OK,40,10,1,174,56,29,,,0,,0,,,,,,184,57
a031945c3e2c74d555667ed0b15c3b49c873eda4,2020-03-16,2020-03-16 15:38:00,OR,41,39,3,579,159,182,,,0,,0,,,,,,618,162
47aac36411f06846727a2d83eb105d7f578df615,2020-03-16,2020-03-16 15:28:00,PA,42,76,13,670,465,,,,0,,0,,,,,,746,478
faecb555014ea2475281d3c7cdd657d6cac06f29,2020-03-16,2020-03-16 15:44:00,PR,72,5,0,9,0,,,,0,,0,,,,,,14,0
8d1788894fb8001a5747f0d33d9031ae67a8e38a,2020-03-16,2020-03-16 15:40:00,RI,44,21,1,308,37,149,,,0,,0,,,,,,329,38
44699a79f1463bf7aca9c52cd84557f75ad79714,2020-03-16,2020-03-16 15:24:00,SC,45,28,9,235,81,,,1,1,,0,,,,,,263,90
1f37b2459d7f1c4470c041ead74e5cc72a3ad6f8,2020-03-16,2020-03-16 15:40:00,SD,46,10,1,494,167,0,,,0,,0,,,,,,504,168
e9e4cc5da6812bef9cd770ab76390be5cb78c32e,2020-03-16,2020-03-16 15:23:00,TN,47,52,13,270,113,,,,0,,0,,,,,,322,126
db9b021c742a44718c169de55b586719e23d3570,2020-03-16,2020-03-16 15:21:00,TX,48,57,1,,0,,,,0,,0,,,,,,57,1
386031ef04de07c5f9297a71ceded8bf5d06f41f,2020-03-16,2020-03-16 15:17:00,UT,49,39,11,131,0,,,0,0,,0,,,,,,170,11
1897c324a441b66952c307759afb8199bdae88d7,2020-03-16,2020-03-16 16:09:00,VA,51,51,6,438,75,,,1,0,,0,,,,,,489,81
eba65607f19571e3eda926559e3e958b54cd0547,2020-03-16,2020-03-16 15:58:00,VI,78,1,0,,0,,,,0,,0,,,,,,1,0
1774220aca90ac76597bae73a4aee1104f42425e,2020-03-16,2020-03-16 00:00:00,VT,50,17,5,487,82,,,,0,,0,,,,,,504,87
e277cad233f4b0e8579d7e477ade792d633c489d,2020-03-16,2020-03-16 00:00:00,WA,53,2830,368,21691,4531,,,69,12,,0,,,,,,24521,4899
185af5678f8695a3e7a181ee44b31717ee341ecc,2020-03-16,2020-03-16 15:06:00,WI,55,47,14,504,191,,,,0,,0,,,,,,551,205
3cb59cf082202bbb306c8842e04323fa64ca6aaf,2020-03-16,2020-03-16 15:53:00,WV,54,0,0,80,42,4,,0,0,,0,,,,,,80,42
e789fbe04e045e8bff2e87362060fb0ce7b11a69,2020-03-16,2020-03-16 15:04:00,WY,56,3,0,,0,,,,0,,0,,,,,,3,0
3b693ab23e2a89a4825654fb50ebf95eae0982d4,2020-03-15,2020-03-13 16:30:00,AK,02,1,0,143,0,,,0,0,,0,,,,,,144,0
6bdd8a19b2d3ee67e42eeb9b1e2f22f01ad51b08,2020-03-15,2020-03-15 14:12:00,AL,01,12,6,28,6,46,,0,0,,0,,,,,,40,12
031e72bb3ab1382e41bd93a037393957950f1a69,2020-03-15,2020-03-15 00:00:00,AR,05,16,4,103,38,30,,,0,,0,,,,,,119,42
8160fa6e6417552d1408e84595430b6b2520b62a,2020-03-15,2020-03-15 12:01:00,AZ,04,12,0,121,0,50,,0,0,,0,,,,,,133,0
a35f2c7a1687bbc5264edc6092b5586e50ed1c4b,2020-03-15,2020-03-14 11:00:00,CA,06,293,41,916,0,,,5,0,,0,,,,,,1209,41
3b9ad48aa70e90ef07a3f73633910e2615d33a36,2020-03-15,2020-03-15 15:45:00,CO,08,131,30,627,17,,,1,0,,0,,,,,,758,47
655ece9c6ed163afd444b5c2650cf1138dabe011,2020-03-15,2020-03-14 17:00:00,CT,09,20,9,125,0,,,,0,,0,,,,,,145,9
83f4e2fcbcb45dfa3fa23acb797e6eb8b5a0f378,2020-03-15,2020-03-14 19:30:00,DC,11,16,6,79,30,20,,,0,,0,,,,,,95,36
27d16d9f8f4e32956cf95a7caa48428285c986ca,2020-03-15,2020-03-14 13:00:00,DE,10,6,0,36,0,32,,,0,,0,,,,,,42,0
9d4385608acfe69fecc58728b63aa0cb07562c98,2020-03-15,2020-03-15 01:45:00,FL,12,116,39,678,200,454,,4,1,,0,,,,,,794,239
b8a4715c2b8fe8131c373b3e2871a72064bcdbc9,2020-03-15,2020-03-15 11:43:00,GA,13,99,33,,0,,,1,0,,0,,,,,,99,33
d584dcd0b60327fe2397d9d909f01f98d7e00370,2020-03-15,2020-03-13 00:00:00,HI,15,2,0,,0,,,,0,,0,,,,,,2,0
1bd1f7ce9b35ebc8ee743c618ca63151dba15f93,2020-03-15,2020-03-14 00:00:00,IA,19,18,1,83,0,,,,0,,0,,,,,,101,1
fdf3e5b04ff184c7dc527661c42a02a564770d10,2020-03-15,2020-03-13 22:45:00,ID,16,5,3,174,0,,,,0,,0,,,,,,179,3
7665800c2cf6d25c3cbbae38d65bdc034946111f,2020-03-15,2020-03-14 00:00:00,IL,17,64,18,449,133,195,,,0,,0,,,,,,513,151
f84e00fbf6ff70af5b9a479b0c711925af879fda,2020-03-15,2020-03-15 00:59:00,IN,18,19,4,102,28,,,0,0,,0,,,,,,121,32
ac55e84aef68f72862495e3a8544e93493301f11,2020-03-15,2020-03-14 13:00:00,KS,20,8,2,135,42,,,1,0,,0,,,,,,143,44
a910ea24f61cb800e2f42b21d68c8886b67c6eec,2020-03-15,2020-03-14 16:00:00,KY,21,16,2,139,0,,,,0,,0,,,,,,155,2
ac81cb942290ed9845c746f42e84b30102390d45,2020-03-15,2020-03-15 11:30:00,LA,22,90,39,156,47,,,2,2,,0,,,,,,246,86
c9d85c12654cc09e22fe5a0f6676066e84fbcc53,2020-03-15,2020-03-14 16:00:00,MA,25,64,26,584,584,,,,0,,0,,,,,,648,610
1ab5c8a910c479dcdd6948fc474ecb7a42d5d4c0,2020-03-15,2020-03-15 00:00:00,MD,24,31,5,94,0,,,,0,,0,,,,,,125,5
dcd0580ddd86020436b7e1e6965eca92ab19e39a,2020-03-15,2020-03-13 14:00:00,ME,23,3,0,91,0,17,,,0,,0,,,,,,94,0
310ce9212939bc0e087ad6b98be16142b65ac2f7,2020-03-15,2020-03-14 00:00:00,MI,26,1480,284,205,0,26,,,0,,0,,,,,,1685,284
3fdf8cdd033292d65dfa1fec0fbb7ede8e4bd69f,2020-03-15,2020-03-15 00:00:00,MN,27,35,14,1387,540,,,,0,,0,,,,,,1422,554
0af828cb8a3d24925c897bc4bf9c6544be3ddb38,2020-03-15,2020-03-14 22:00:00,MO,29,5,1,122,32,,,0,0,,0,,,,,,127,33
8e75d9ff97d86802565bdf9e354e9e0b4f33e809,2020-03-15,2020-03-14 00:00:00,MS,28,10,4,84,0,,,,0,,0,,,,,,94,4
4de1cb274a9baa788d997432127dd011321ddb11,2020-03-15,2020-03-14 17:52:00,MT,30,7,2,103,0,57,,,0,,0,,,,,,110,2
1c92ddcc8bfd42b50d98e79c5bbf06c61daa0a90,2020-03-15,2020-03-15 10:30:00,NC,37,32,9,227,90,151,,,0,,0,,,,,,259,99
cbac86cbcc4a0f4521afb9e7bbfe363364925065,2020-03-15,2020-03-15 12:00:00,ND,38,1,0,95,41,4,,0,0,,0,,,,,,96,41
1a19154f5f8b889a65911d9f175b1c8790223b08,2020-03-15,2020-03-15 00:00:00,NE,31,17,3,80,0,33,,,0,,0,,,,,,97,3
5a1902e748342812409813a1114cabded00b6c6e,2020-03-15,2020-03-15 09:00:00,NH,33,13,6,271,59,95,,,0,,0,,,,,,284,65
b034b65534558388f4a4582b29f1beb089a9fe6a,2020-03-15,2020-03-15 13:00:00,NJ,34,98,48,120,23,34,,2,1,,0,,,,,,218,71
5ebd0be361de31afdd03e844b75d9f76c0a4a018,2020-03-15,2020-03-13 13:00:00,NM,35,13,3,482,245,,,,0,,0,,,,,,495,248
2169a05d843f84af7351924441e477875085a848,2020-03-15,2020-03-14 17:05:00,NV,32,21,1,168,0,164,,,0,,0,,,,,,189,1
c2a6035475d434bc5906fe913338192ae8767a17,2020-03-15,2020-03-15 00:00:00,NY,36,729,205,4543,1764,,,3,3,,0,,,,,,5272,1969
33385e0f846d3fcaa8653aabec5c57697574d338,2020-03-15,2020-03-15 14:00:00,OH,39,36,23,139,89,350,,,0,,0,,,,,,175,112
3fcdcbb6c2f3ce388385502b0f4d86fdf9a68b1d,2020-03-15,2020-03-15 12:15:00,OK,40,9,5,118,82,12,,,0,,0,,,,,,127,87
56f435201cecb3b0d1decb300670ecfdd529c2a7,2020-03-15,2020-03-14 14:00:00,OR,41,36,6,420,83,225,,,0,,0,,,,,,456,89
86ae45b9794e556b123fc1d895ddcce7b50ecc38,2020-03-15,2020-03-15 12:00:00,PA,42,63,16,205,0,183,,,0,,0,,,,,,268,16
a50447659c4b98e5c7de33cda0bddd2e7959aa32,2020-03-15,2020-03-15 00:00:00,RI,44,20,0,271,73,57,,,0,,0,,,,,,291,73
1c8ef007c1770acf63fba13f3de43673a22cf136,2020-03-15,2020-03-14 16:18:00,SC,45,19,6,154,44,,,,0,,0,,,,,,173,50
349f3e37c5c1b381eb4b8893a15a5a583e98103e,2020-03-15,2020-03-15 00:00:00,SD,46,9,0,327,145,6,,,0,,0,,,,,,336,145
cb49108bf7a0c7ed504ffedd34774d89d27d1bc5,2020-03-15,2020-03-15 15:00:00,TN,47,39,7,157,27,,,,0,,0,,,,,,196,34
4fc75cef43d1778eded802fef7cc34122b31b89b,2020-03-15,2020-03-15 13:00:00,TX,48,56,5,,0,,,,0,,0,,,,,,56,5
551871ab9a233481e6edab1be5961ff40f950ffb,2020-03-15,2020-03-15 14:45:00,UT,49,28,22,131,0,,,0,0,,0,,,,,,159,22
3c30b0323f47706760899379d55128e262041734,2020-03-15,2020-03-15 14:15:00,VA,51,45,15,363,246,,,1,1,,0,,,,,,408,261
856bb580aca0b75fb80453d06b8bc8d3bb8ca08c,2020-03-15,2020-03-15 00:00:00,VT,50,12,4,405,73,,,,0,,0,,,,,,417,77
981f6cb10e7b9c3e335851aa892e08dbcdc83c82,2020-03-15,2020-03-15 00:00:00,WA,53,2462,254,17160,1436,,,57,6,,0,,,,,,19622,1690
a7d48e40e12a28db7e6e5861633d8c5d54f5a606,2020-03-15,2020-03-14 15:00:00,WI,55,33,14,313,144,,,,0,,0,,,,,,346,158
981332e83b9dbd5ff1f73d0f1e756275d32dae3c,2020-03-15,2020-03-14 00:00:00,WV,54,0,0,38,12,1,,0,0,,0,,,,,,38,12
dce772a155bae0415720c5869e7a5dc3760915f9,2020-03-15,2020-03-14 00:00:00,WY,56,3,1,,0,,,,0,,0,,,,,,3,1
96141835c136eb057578651ec32a12096e570fca,2020-03-14,2020-03-13 16:30:00,AK,02,1,0,143,84,,,0,0,,0,,,,,,144,84
dd425cbdba125d1cf05b4e110468437c7147dfa9,2020-03-14,2020-03-13 00:00:00,AL,01,6,5,22,11,46,,,0,,0,,,,,,28,16
8422d7ffca449b91ca4cc29273f5379c11ba5370,2020-03-14,2020-03-13 00:00:00,AR,05,12,3,65,35,26,,,0,,0,,,,,,77,38
74a825d1abd387bbb9bfb26f0933d6846b580f18,2020-03-14,2020-03-14 12:01:00,AZ,04,12,3,121,27,50,,0,0,,0,,,,,,133,30
87bc304f5ddde51b3e3aff580254a392d1f291a4,2020-03-14,2020-03-13 11:00:00,CA,06,252,50,916,0,,,5,1,,0,,,,,,1168,50
4ab4e9992673c4db39441328b4f244598c144225,2020-03-14,2020-03-14 14:00:00,CO,08,101,29,610,86,,,1,1,,0,,,,,,711,115
b12d4ce57f6455f3be2080bb1ef452aeef5ba999,2020-03-14,2020-03-13 16:00:00,CT,09,11,5,125,26,,,,0,,0,,,,,,136,31
0341871f4c36346e120a21671569f45c471b2f3b,2020-03-14,2020-03-13 19:00:00,DC,11,10,0,49,29,10,,,0,,0,,,,,,59,29
7f7ace3972914ba27ba69003d4c87cdcc4678206,2020-03-14,2020-03-14 13:00:00,DE,10,6,2,36,6,32,,,0,,0,,,,,,42,8
3d5d8600a357fa262e6230093c3ac689ce94ef02,2020-03-14,2020-03-14 00:54:00,FL,12,77,27,478,0,221,,3,1,,0,,,,,,555,27
0506dcbaaefa4801a508e6f4fe75027508d2fdb4,2020-03-14,2020-03-14 12:00:00,GA,13,66,24,,0,,,1,0,,0,,,,,,66,24
0e4f71708e0e44687e38021d815448097c539301,2020-03-14,2020-03-13 00:00:00,HI,15,2,0,,0,,,,0,,0,,,,,,2,0
77405645de69837be5027dcdd13c4ae9102d1a11,2020-03-14,2020-03-13 00:00:00,IA,19,17,1,83,0,,,,0,,0,,,,,,100,1
884f49d82787b63b83f63e83f30e0e9d35435a27,2020-03-14,2020-03-13 22:45:00,ID,16,2,2,174,43,,,,0,,0,,,,,,176,45
a9e62c8e4409f05bd76ce731df7c77c8d4d048bd,2020-03-14,2020-03-13 00:00:00,IL,17,46,14,316,22,82,,,0,,0,,,,,,362,36
4f3c2442ebe366605eae1eede833de10f8af8941,2020-03-14,2020-03-13 23:59:00,IN,18,15,3,74,13,,,0,0,,0,,,,,,89,16
135135f1982b03ab363ccdeb467769ad65df1b40,2020-03-14,2020-03-13 11:00:00,KS,20,6,0,93,0,,,1,1,,0,,,,,,99,0
986ee3702c3a8b397f9a4fe468e0b0413fd531f3,2020-03-14,2020-03-13 17:00:00,KY,21,14,3,139,32,,,,0,,0,,,,,,153,35
c5f441d11a469f8e5148b7060c126edc20ea85aa,2020-03-14,2020-03-14 12:15:00,LA,22,51,15,109,72,,,,0,,0,,,,,,160,87
6a58eca09c070de9d7a1d9d00d1ff4c5fb2563f0,2020-03-14,2020-03-14 16:00:00,MA,25,38,15,,0,,,,0,,0,,,,,,38,15
27807edd6274484ce8867b4c6a35b4b4fb617ea7,2020-03-14,2020-03-14 00:00:00,MD,24,26,9,94,0,,,,0,,0,,,,,,120,9
c28d938e30d2c08b226b0c823b2c3c218faec77b,2020-03-14,2020-03-13 14:00:00,ME,23,3,0,91,0,17,,,0,,0,,,,,,94,0
763f53d21a0c0f48c62ab4b0712d583e2f820db7,2020-03-14,2020-03-13 00:00:00,MI,26,1196,251,205,72,26,,,0,,0,,,,,,1401,323
b35267fc2765e787d7ab19c0c67f0104783a9bbe,2020-03-14,2020-03-14 00:00:00,MN,27,21,7,847,306,,,,0,,0,,,,,,868,313
34625431b286b1bba05171fd89b7df47ead8b829,2020-03-14,2020-03-13 18:10:00,MO,29,4,2,90,19,,,0,0,,0,,,,,,94,21
6f96e97562dc4e18f649b181b6e2cc166c6c73d1,2020-03-14,2020-03-13 18:35:00,MS,28,6,2,84,43,,,,0,,0,,,,,,90,45
d1c3a48bb3c5d5ad4ab597cf11594ab0e745b9fb,2020-03-14,2020-03-13 19:00:00,MT,30,5,4,103,48,,,,0,,0,,,,,,108,52
230687195941c2b1558faa6d6f513cf5f0fec06f,2020-03-14,2020-03-14 12:00:00,NC,37,23,8,137,51,,,,0,,0,,,,,,160,59
3e47c8e05dd5a641ac041e0a8b4d60abed82ee9d,2020-03-14,2020-03-13 13:00:00,ND,38,1,0,54,15,14,,0,0,,0,,,,,,55,15
b593089b30ad7927ee1eaceec03497b1c4275203,2020-03-14,2020-03-13 00:00:00,NE,31,14,1,80,0,33,,,0,,0,,,,,,94,1
f2b7abbe27a52dde6d39c20d931a2154be3c1d2a,2020-03-14,2020-03-14 09:00:00,NH,33,7,1,212,118,31,,,0,,0,,,,,,219,119
7bade7b82b4eb4715531c87608a3fcb14d7cf8df,2020-03-14,2020-03-13 14:00:00,NJ,34,50,0,97,0,80,,1,0,,0,,,,,,147,0
09a730eb1ba4e8cfd664dfa8f8db001c03d9b32f,2020-03-14,2020-03-13 00:00:00,NM,35,10,0,237,47,,,,0,,0,,,,,,247,47
2a9edcf1afe80e20067584c6ceaec67e20669ccf,2020-03-14,2020-03-14 12:33:00,NV,32,20,9,168,0,,,,0,,0,,,,,,188,9
1bc32bf477839ac04ade8b8d97799a38ce8fcddb,2020-03-14,2020-03-14 12:30:00,NY,36,524,103,2779,0,,,,0,,0,,,,,,3303,103
6fa915912653e21bbd04f9378f0d76755c558593,2020-03-14,2020-03-13 14:00:00,OH,39,13,0,50,0,159,,,0,,0,,,,,,63,0
c051f5e9926a1b64351c1bae8bc148319cfc0923,2020-03-14,2020-03-13 22:30:00,OK,40,4,1,36,0,37,,,0,,0,,,,,,40,1
a5a0845af58ae28e427250f0c4662d1c1a9e3c52,2020-03-14,2020-03-13 13:00:00,OR,41,30,0,337,0,157,,,0,,0,,,,,,367,0
943341d5165dfb626b94b1add8b34334fdeb5303,2020-03-14,2020-03-14 14:00:00,PA,42,47,6,205,65,150,,,0,,0,,,,,,252,71
86e28932d4d0cddf3ed396f4f627ce1d7add62bd,2020-03-14,2020-03-14 00:00:00,RI,44,20,6,198,56,57,,,0,,0,,,,,,218,62
f99acad1e27efc5fef864514fc8f2a416d7f8ca4,2020-03-14,2020-03-13 17:47:00,SC,45,13,1,110,35,,,,0,,0,,,,,,123,36
99ea443f38c53530bbe3358d6c3bca42c8a39fa7,2020-03-14,2020-03-14 00:00:00,SD,46,9,0,182,109,3,,,0,,0,,,,,,191,109
2c37b3579ed395a4485a1e497b1380a3408bd6ad,2020-03-14,2020-03-14 15:00:00,TN,47,32,6,130,14,,,,0,,0,,,,,,162,20
ccfc996e5b77a8bf418bd1974be9d2c34e795431,2020-03-14,2020-03-14 13:00:00,TX,48,51,12,,0,,,,0,,0,,,,,,51,12
aa60973b43c8f3f8dcbf7b7d3ad6a434637107f5,2020-03-14,2020-03-13 15:00:00,UT,49,6,0,131,0,,,,0,,0,,,,,,137,0
ca5c66a6c367855eac32bb1d8b554e2a27d32b7d,2020-03-14,2020-03-13 11:00:00,VA,51,30,0,117,0,,,,0,,0,,,,,,147,0
3e61cd850d1eca220ef3ec08e19c5e8cef9c1e08,2020-03-14,2020-03-14 00:00:00,VT,50,8,3,332,109,,,,0,,0,,,,,,340,112
fd727031a20448622d1e616387906e64d8bf6b9c,2020-03-14,2020-03-14 00:00:00,WA,53,2208,265,15724,2069,,,51,4,,0,,,,,,17932,2334
2786c51dd9654bee3ef9d10e222b691abb055bb7,2020-03-14,2020-03-13 15:00:00,WI,55,19,0,169,0,,,,0,,0,,,,,,188,0
753b27258dbbac4da982634d3c76667e9f3b6cb2,2020-03-14,2020-03-13 00:00:00,WV,54,0,0,26,9,5,,,0,,0,,,,,,26,9
14111da67664fdd062063fd3d0889b1abda08f8a,2020-03-14,2020-03-13 00:00:00,WY,56,2,1,,0,,,,0,,0,,,,,,2,1
e8f126a60b16fd2bbf2c68322d251d5c3f5eb327,2020-03-13,2020-03-13 00:00:00,AK,02,1,1,59,13,,,0,0,,0,,,,,,60,14
1146eef8ad66828a30d9c0bc1f2f178fe59f5c40,2020-03-13,2020-03-13 00:00:00,AL,01,1,1,11,1,,,,0,,0,,,,,,12,2
44bdfcfc995855092b5227093aa739d2d64914af,2020-03-13,2020-03-13 00:00:00,AR,05,9,3,30,6,22,,,0,,0,,,,,,39,9
ee8434994f0a9c75d36d1e8cea4597abf9ab22b8,2020-03-13,2020-03-13 12:01:00,AZ,04,9,0,94,12,40,,0,0,,0,,,,,,103,12
32659d0dc9b8287590c740399c3439a717d356b5,2020-03-13,2020-03-12 10:00:00,CA,06,202,0,916,0,,,4,0,,0,,,,,,1118,0
d328f5dc47b4a8588b2bb0c66fb642de02af3cf2,2020-03-13,2020-03-13 14:00:00,CO,08,72,27,524,226,,,,0,,0,,,,,,596,253
7782d34a6cba3ab665fe78b733b72c8540d4b4e4,2020-03-13,2020-03-12 19:00:00,CT,09,6,0,99,10,,,,0,,0,,,,,,105,10
d7c27277480379c8d6fbf1ec93e6205601c241cb,2020-03-13,2020-03-11 17:45:00,DC,11,10,0,20,0,,,,0,,0,,,,,,30,0
13d7b72e71a43330a626db0c23a86b03c887d74b,2020-03-13,2020-03-12 16:00:00,DE,10,4,0,30,7,10,,,0,,0,,,,,,34,7
297ad6a0c252d570596d2506c2b9d556cfffb6a5,2020-03-13,2020-03-13 13:53:00,FL,12,50,18,478,177,221,,2,0,,0,,,,,,528,195
3ef24941c6d08fb8986d9b47f56533eb1e8f59d9,2020-03-13,2020-03-13 00:00:00,GA,13,42,11,,0,,,1,1,,0,,,,,,42,11
6db6318aa91e079ad4be5b038fd118db6dc068a4,2020-03-13,2020-03-12 00:00:00,HI,15,2,0,,0,,,,0,,0,,,,,,2,0
67a92725048f70a3921e9875f0cbf13ea1519f6f,2020-03-13,2020-03-12 00:00:00,IA,19,16,2,83,16,29,,,0,,0,,,,,,99,18
073439b782429c8e2c0168d4a2a700939c699b17,2020-03-13,2020-03-13 08:00:00,ID,16,0,0,131,38,,,,0,,0,,,,,,131,38
939f1414012b6818548939b42a48cb2985873e71,2020-03-13,2020-03-12 00:00:00,IL,17,32,7,294,28,92,,,0,,0,,,,,,326,35
85c1c261fbb5d915ace70fd0bf6a52786e365198,2020-03-13,2020-03-12 23:59:00,IN,18,12,0,61,9,,,,0,,0,,,,,,73,9
c9bfaff7837df7ccdfec1bf1ef0031abfa7a2770,2020-03-13,2020-03-13 11:00:00,KS,20,6,2,93,52,,,,0,,0,,,,,,99,54
09312cf0ae9c2ed1d9579180b67dd5fcf83912c8,2020-03-13,2020-03-12 20:30:00,KY,21,11,3,107,51,,,,0,,0,,,,,,118,54
1bc492fbf32aea9859d242f54aecd59085762dd4,2020-03-13,2020-03-13 16:00:00,LA,22,36,22,37,0,,,,0,,0,,,,,,73,22
7c3690bd23c6922419cd8b0004e63e85ded74efc,2020-03-13,2020-03-13 16:00:00,MA,25,23,15,,0,,,,0,,0,,,,,,23,15
b059e6a543374d36ebc0fcc3d168cca49a5671d5,2020-03-13,2020-03-13 00:00:00,MD,24,17,5,94,0,,,,0,,0,,,,,,111,5
0cd792bec6c21d45bdaf46fdfed3d5e4025bad6a,2020-03-13,2020-03-13 14:00:00,ME,23,3,2,91,26,17,,,0,,0,,,,,,94,28
b1c1c64e03865a0dc55cbf16d88ca795151239f6,2020-03-13,2020-03-13 00:00:00,MI,26,945,243,133,42,26,,,0,,0,,,,,,1078,285
db61ba3157433e40b7c29a10c5fe18273889aafe,2020-03-13,2020-03-13 00:00:00,MN,27,14,5,541,234,,,,0,,0,,,,,,555,239
534bf515b32464d707b20ffa1332f20fea297e71,2020-03-13,2020-03-12 17:45:00,MO,29,2,1,71,7,,,,0,,0,,,,,,73,8
747ed6a2fa76acaea8382170c9ef0452827b22db,2020-03-13,2020-03-12 00:00:00,MS,28,4,3,41,0,,,,0,,0,,,,,,45,3
38a5b70ca7ac2fda0c704a991ae4697aaa57c695,2020-03-13,2020-03-12 19:00:00,MT,30,1,0,55,21,,,,0,,0,,,,,,56,21
3bbe0a63d87911d006669de9e46195b81d6bb437,2020-03-13,2020-03-13 08:45:00,NC,37,15,3,86,26,,,,0,,0,,,,,,101,29
1e6aae2f3d9d81bb7034adc6fc4aca848b979916,2020-03-13,2020-03-13 13:00:00,ND,38,1,0,39,27,12,,0,0,,0,,,,,,40,27
ea3717ac3788e30654e71cd734e1f38b0b0301e9,2020-03-13,2020-03-13 00:00:00,NE,31,13,3,80,0,33,,,0,,0,,,,,,93,3
bc367f0bb208f2029ef8d5ca2fb3e30854160d38,2020-03-13,2020-03-12 09:00:00,NH,33,6,0,94,0,21,,,0,,0,,,,,,100,0
39e4829e1fba5b54df35087bdb577fe82784cf56,2020-03-13,2020-03-13 14:00:00,NJ,34,50,20,97,23,80,,1,0,,0,,,,,,147,43
370b8814e92f212a26e0adb281001bcf001f5b96,2020-03-13,2020-03-12 00:00:00,NM,35,10,5,190,35,,,,0,,0,,,,,,200,40
f0c883a4aa53795bda3a78e0df6a18a461dc407d,2020-03-13,2020-03-12 21:27:00,NV,32,11,4,168,0,,,,0,,0,,,,,,179,4
1e91141ffa5a91c67599a986615233e2686dd7b9,2020-03-13,2020-03-12 16:00:00,NY,36,421,205,2779,2687,,,,0,,0,,,,,,3200,2892
4b67b36d019f8b3d789ea6dbe9551123bf7e0ba1,2020-03-13,2020-03-13 15:00:00,OH,39,13,8,50,20,159,,,0,,0,,,,,,63,28
d01d3b14154dc5e6df0add1b7b2f214c012d471f,2020-03-13,2020-03-13 00:00:00,OK,40,3,0,36,0,37,,,0,,0,,,,,,39,0
b0e51bcf4c2a380791983038b0bc5e1327f8bb21,2020-03-13,2020-03-13 13:00:00,OR,41,30,11,337,51,157,,,0,,0,,,,,,367,62
a814f33d5f6ad0c37002e49ac33310cd3f8ccc1f,2020-03-13,2020-03-13 15:30:00,PA,42,41,19,140,24,130,,,0,,0,,,,,,181,43
eb929d46aa68ba75621577b2533f0650614d96ff,2020-03-13,2020-03-13 00:00:00,RI,44,14,9,142,48,29,,,0,,0,,,,,,156,57
1942c213d432d7317af9aee1e312cbd9fab16066,2020-03-13,2020-03-12 16:05:00,SC,45,12,2,75,27,,,,0,,0,,,,,,87,29
e597e0db17bd70bcfe8f26f2f25df338b568888e,2020-03-13,2020-03-13 00:00:00,SD,46,9,1,73,46,11,,,0,,0,,,,,,82,47
0241efe683cfc273ff31e455aca74c3288eb19f6,2020-03-13,2020-03-13 00:00:00,TN,47,26,8,116,37,,,,0,,0,,,,,,142,45
ae00c8486b67d637ede84d553445bf9e9c0242c4,2020-03-13,2020-03-13 00:00:00,TX,48,39,16,,0,,,,0,,0,,,,,,39,16
24a6f058e4076dd1c8f9d8a6abe0b59160808682,2020-03-13,2020-03-13 15:00:00,UT,49,6,2,131,0,,,,0,,0,,,,,,137,2
d344d3029606e2b448080adfccb32126947b7155,2020-03-13,2020-03-13 00:00:00,VA,51,30,13,117,0,,,,0,,0,,,,,,147,13
f2a7fd1c227be79a08581a12ccc2845487ed3549,2020-03-13,2020-03-13 00:00:00,VT,50,5,3,223,87,,,,0,,0,,,,,,228,90
1f94e754bc49b17fb6b6c40ad166070190833bf1,2020-03-13,2020-03-13 00:00:00,WA,53,1943,297,13655,3937,,,47,3,,0,,,,,,15598,4234
239a139e0844fdbc965f436e266c2f0356d6cbc6,2020-03-13,2020-03-13 15:00:00,WI,55,19,11,169,85,,,,0,,0,,,,,,188,96
9fa47de16985531d3a9dac5d129c9dd0db1b8432,2020-03-13,2020-03-13 00:00:00,WV,54,0,0,17,10,4,,,0,,0,,,,,,17,10
3f38097bac223e4bd5fe45d0f59a4d5f6e921620,2020-03-13,2020-03-12 00:00:00,WY,56,1,0,,0,,,,0,,0,,,,,,1,0
0b2c60e7ede2b6d6589df73081ad0a6ccac85740,2020-03-12,2020-03-11 16:30:00,AK,02,0,0,46,0,14,,0,0,,0,,,,,,46,0
9ec6c23b13ebe6a40a1edef231bda64f55942da4,2020-03-12,2020-03-09 00:00:00,AL,01,0,0,10,0,,,,0,,0,,,,,,10,0
14652c17e5a167c07a61703b7672276d1e139254,2020-03-12,2020-03-11 00:00:00,AR,05,6,6,24,12,20,,,0,,0,,,,,,30,18
7b2cbc4d6c927fc93e88ac4dba7ed1dd249b6ff2,2020-03-12,2020-03-12 12:00:00,AZ,04,9,0,82,23,24,,,0,,0,,,,,,91,23
23f45f2ed535b211c6b347db500eb918ebc4a4ea,2020-03-12,2020-03-12 10:00:00,CA,06,202,45,916,0,,,4,4,,0,,,,,,1118,45
5dc45350c0b056e5be3d976fb7227c99f9c47526,2020-03-12,2020-03-12 17:00:00,CO,08,45,17,298,47,,,,0,,0,,,,,,343,64
0b15cc5def1accd4d386a8657b3e41d9a5739b06,2020-03-12,2020-03-12 15:00:00,CT,09,6,3,89,18,,,,0,,0,,,,,,95,21
4b1a776c0a0e78c6a04d862489d952a02ea35774,2020-03-12,2020-03-11 17:45:00,DC,11,10,5,20,0,,,,0,,0,,,,,,30,5
38dc2550e70e13242e697304551bace2c93455d5,2020-03-12,2020-03-12 11:30:00,DE,10,4,3,23,6,14,,,0,,0,,,,,,27,9
e989d205e82ddf801686d168fac51a6135f2f5fb,2020-03-12,2020-03-12 09:07:00,FL,12,32,4,301,0,147,,2,0,,0,,,,,,333,4
ff115149719629db3e511eea903c5a2591493493,2020-03-12,2020-03-11 20:00:00,GA,13,31,9,,0,,,,0,,0,,,,,,31,9
71f1efa4d6c3391312e0af1318066f06a5e0c3da,2020-03-12,2020-03-11 00:00:00,HI,15,2,0,,0,,,,0,,0,,,,,,2,0
9b4a7db1343fba434656793fa0477cbce1e97aa6,2020-03-12,2020-03-11 00:00:00,IA,19,14,1,67,21,24,,,0,,0,,,,,,81,22
f51bac9fcb2db3d4f2309f0a3774df5203c0e7d4,2020-03-12,2020-03-12 09:45:00,ID,16,0,0,93,26,,,,0,,0,,,,,,93,26
b62f0e9b1c7e6c2095d61a5ffc4aafd5927f85df,2020-03-12,2020-03-11 00:00:00,IL,17,25,6,266,22,76,,,0,,0,,,,,,291,28
009073c4889498934e6f5fac0d9ba44d1a51cba8,2020-03-12,2020-03-11 11:59:00,IN,18,12,2,52,19,,,,0,,0,,,,,,64,21
bcca4188c0e8ae4c40bcedb3923afb04de3ba1b8,2020-03-12,2020-03-12 00:00:00,KS,20,4,3,41,0,,,,0,,0,,,,,,45,3
78ead2b1f33e5d009e3f4e2d12bf9fb47dc9c414,2020-03-12,2020-03-11 17:10:00,KY,21,8,0,56,10,,,,0,,0,,,,,,64,10
94aeae420173f0dcc4c96baa854e8dc90faf34cb,2020-03-12,2020-03-12 10:30:00,LA,22,14,8,37,0,,,,0,,0,,,,,,51,8
8a4a0d599b15c3897e8b7a5cbb91c71979f64f5b,2020-03-12,2020-03-11 00:00:00,MA,25,8,0,,0,,,,0,,0,,,,,,8,0
7acbf0cac36a40e00ed6332f8e177d3a981fd168,2020-03-12,2020-03-12 00:00:00,MD,24,12,3,94,0,,,,0,,0,,,,,,106,3
9021b6eb01b4aa65606331818067359fb331eb48,2020-03-12,2020-03-12 13:00:00,ME,23,1,1,65,23,20,,,0,,0,,,,,,66,24
96f8861c0b6f6b8693fc9670993124a56fd55564,2020-03-12,2020-03-11 19:00:00,MI,26,702,205,91,34,27,,,0,,0,,,,,,793,239
b60f544d91cc60bdf4ce309cf4f1057f3a325895,2020-03-12,2020-03-12 00:00:00,MN,27,9,4,307,90,,,,0,,0,,,,,,316,94
06d16023882d8b201baa346be37cee15f6252a80,2020-03-12,2020-03-11 00:00:00,MO,29,1,0,64,64,,,,0,,0,,,,,,65,64
44ff36f00a7dfa40270ec6d5f78654109ed7d38d,2020-03-12,2020-03-11 13:20:00,MS,28,1,1,41,21,,,,0,,0,,,,,,42,22
857c6b8d55ce3ddf68ca585c905b74593b5316cb,2020-03-12,2020-03-11 19:00:00,MT,30,1,1,34,13,,,,0,,0,,,,,,35,14
416c306f4ca02d2bd62f40fbd3e045dcf11462a8,2020-03-12,2020-03-12 08:00:00,NC,37,12,5,60,60,,,,0,,0,,,,,,72,65
5f28e52563af260e8b3aacd91adda3948bdb8357,2020-03-12,2020-03-11 00:00:00,ND,38,1,1,12,5,14,,,0,,0,,,,,,13,6
45893a5b76a44bd03f61ae875617ecb7f1dc0fdf,2020-03-12,2020-03-12 00:00:00,NE,31,10,5,80,33,33,,,0,,0,,,,,,90,38
fffe8a01c94f815b9d1effb152c0471e75a89101,2020-03-12,2020-03-12 09:00:00,NH,33,6,2,94,56,21,,,0,,0,,,,,,100,58
4f2f55404b0b0de8f879d22e3ff50543eb0312e4,2020-03-12,2020-03-11 12:00:00,NJ,34,30,6,74,17,20,,1,0,,0,,,,,,104,23
b5ab97e0c70156adbd3e56da036f7f610de62ec9,2020-03-12,2020-03-12 00:00:00,NM,35,5,2,155,68,,,,0,,0,,,,,,160,70
c2db4ea2f02b96884da5704f14e23a692baad4ac,2020-03-12,2020-03-10 16:00:00,NV,32,7,2,168,0,,,,0,,0,,,,,,175,2
1812fa0a4e6bddf611a3f250aa0977c15e5ff6c4,2020-03-12,2020-03-11 16:00:00,NY,36,216,0,92,0,,,,0,,0,,,,,,308,0
c3a3a2d071c40bdf18c9cdf04779b409776397bb,2020-03-12,2020-03-12 14:00:00,OH,39,5,1,30,9,52,,,0,,0,,,,,,35,10
966dbf313f0317a326be96733786b42a807de90b,2020-03-12,2020-03-11 00:00:00,OK,40,3,1,36,21,4,,,0,,0,,,,,,39,22
861c64e57ebe85bd05fe9a87fde969e7e3b42b4a,2020-03-12,2020-03-11 13:00:00,OR,41,19,0,286,0,62,,,0,,0,,,,,,305,0
e395377922e559c7910712b7a801e77e38f28a1a,2020-03-12,2020-03-12 13:45:00,PA,42,22,6,116,28,81,,,0,,0,,,,,,138,34
82f244c88aee353f46bf023bfe8f7832605473fb,2020-03-12,2020-03-12 00:00:00,RI,44,5,0,94,0,8,,,0,,0,,,,,,99,0
e38e5fc61059bbe6d016c179caf84f2436a3fbf0,2020-03-12,2020-03-11 17:12:00,SC,45,10,1,48,16,,,,0,,0,,,,,,58,17
6a19304987fdf8d023fc4434376fa31f27dfc211,2020-03-12,2020-03-11 00:00:00,SD,46,8,3,27,14,11,,,0,,0,,,,,,35,17
a6c59c5f80a42faede948eb11d09fd28a64b33f8,2020-03-12,2020-03-12 15:00:00,TN,47,18,11,79,29,,,,0,,0,,,,,,97,40
2fb575ac0a1abf0eb00d890e4efbdef3f818424c,2020-03-12,2020-03-12 11:00:00,TX,48,23,2,,0,,,,0,,0,,,,,,23,2
24790eb5a373b995c50a9b720764ecfc37dac205,2020-03-12,2020-03-11 00:00:00,UT,49,4,2,131,131,,,,0,,0,,,,,,135,133
1800537d5f6c3783a51eec8bd22dae619f31a23f,2020-03-12,2020-03-12 12:00:00,VA,51,17,8,117,57,,,,0,,0,,,,,,134,65
cf6c5159104236db97afba0abda865b264721628,2020-03-12,2020-03-12 00:00:00,VT,50,2,0,136,45,,,,0,,0,,,,,,138,45
36c87d088ded5bb3229b9f84b42dca6314c47fa5,2020-03-12,2020-03-12 00:00:00,WA,53,1646,256,9718,3508,,,44,4,,0,,,,,,11364,3764
e52ce0d7cca04395f9d495e2e370f33f401aa139,2020-03-12,2020-03-12 15:30:00,WI,55,8,5,84,41,,,,0,,0,,,,,,92,46
4b0452bd902a8991f97e7b9e701c7d28435eab15,2020-03-12,2020-03-12 00:00:00,WV,54,0,0,7,4,1,,,0,,0,,,,,,7,4
aa8f0142abb205603db63447e63f9fb14b9f3b70,2020-03-12,2020-03-11 00:00:00,WY,56,1,1,,0,,,,0,,0,,,,,,1,1
4b2ec76ebfc039237bfdde54acbdbe63688e4146,2020-03-11,,AK,02,0,0,46,23,14,,0,0,,0,,,,,,46,23
fe8196a0383fcd9ef39687ae91f07448b734c61e,2020-03-11,,AL,01,0,0,10,10,,,,0,,0,,,,,,10,10
088fcfa79995d8a42c2fe5954f915bcb6012537c,2020-03-11,,AR,05,0,0,12,0,14,,,0,,0,,,,,,12,0
4b163294c15db8ccdaaaa07da51b8d69f1220d98,2020-03-11,,AZ,04,9,3,59,8,32,,,0,,0,,,,,,68,11
284690ce785cbf6e8b1964620fd7c0391bcb060d,2020-03-11,,CA,06,157,24,916,226,,,,0,,0,,,,,,1073,250
83c06ec85df55d0520e4edb49843e23035764e1c,2020-03-11,,CO,08,28,16,251,109,,,,0,,0,,,,,,279,125
596c1a4450f7138e3d9ab5d08a89bf1da7f56712,2020-03-11,,CT,09,3,1,71,17,,,,0,,0,,,,,,74,18
af3569a94668655d7fca38df3f5135dfc2ca765e,2020-03-11,,DC,11,5,0,20,3,15,,,0,,0,,,,,,25,3
f0a00429d3d9606bf0af313f603d373786530ba7,2020-03-11,,DE,10,1,1,17,0,2,,,0,,0,,,,,,18,1
08b46549381cc4d8897f4a03db3ac7129ef25344,2020-03-11,,FL,12,28,9,301,79,147,,2,2,,0,,,,,,329,88
00df0a4adc08c1a128d8cd94c7ba35482476a870,2020-03-11,,GA,13,22,5,,0,,,,0,,0,,,,,,22,5
aa4d864ac1b3d1d3348722cb278622b9ef5a754a,2020-03-11,,HI,15,2,0,,0,,,,0,,0,,,,,,2,0
c7397a65d7f5e31ada6459da25015f4ff013cdf7,2020-03-11,,IA,19,13,5,46,14,27,,,0,,0,,,,,,59,19
1a2cdcfa64b1f985c8115631e2064538fd5953ea,2020-03-11,,ID,16,0,0,67,26,,,,0,,0,,,,,,67,26
e0a5eb65ec5a289e96ab1d5cdf1716f1786b99be,2020-03-11,,IL,17,19,0,244,0,63,,,0,,0,,,,,,263,0
9c3756a5989e22a9921244d94d9abfa2f6235f12,2020-03-11,,IN,18,10,4,33,3,,,,0,,0,,,,,,43,7
8ecca436de3d1cf98b012681ad39deca8f08a9ca,2020-03-11,,KS,20,1,0,41,24,,,,0,,0,,,,,,42,24
e941c0f293b2c161190fb0a6267fa5b7b19e7c4d,2020-03-11,,KY,21,8,2,46,18,,,,0,,0,,,,,,54,20
f98a427bf31852756a6a0cd48f36be8392f86f6c,2020-03-11,,LA,22,6,5,37,26,,,,0,,0,,,,,,43,31
0377ab5dfe34240392d808f9b58a998117b0bbd4,2020-03-11,,MD,24,9,3,94,5,,,,0,,0,,,,,,103,8
ce8d328a6782f4fcfae2964396b07a92b1afd003,2020-03-11,,ME,23,0,0,42,22,5,,,0,,0,,,,,,42,22
4739c674ec5f0af1ed5b3548585419aaf6bf79a5,2020-03-11,,MI,26,497,139,57,18,18,,,0,,0,,,,,,554,157
6ce4c08512da7168f426aa1fe88fbf9ec0e0a001,2020-03-11,,MN,27,5,2,217,85,,,,0,,0,,,,,,222,87
c801d76548586b65f6e2de2cbe588a9cdd1e75fd,2020-03-11,,MO,29,1,0,,0,,,,0,,0,,,,,,1,0
7e0cf191c32471e9155f8b2fc6ae04f1e585cd85,2020-03-11,,MS,28,0,0,20,20,,,,0,,0,,,,,,20,20
c8ba1bcb2fc2da0fab8fe87c0a84cd04c9acbd15,2020-03-11,,MT,30,0,0,21,6,,,,0,,0,,,,,,21,6
482322bab0e3571bf64e57e01a05727e9e816e3a,2020-03-11,,NC,37,7,0,,0,,,,0,,0,,,,,,7,0
262fe9004951523dc05b153de3719c974f3cbb65,2020-03-11,,ND,38,0,0,7,1,6,,,0,,0,,,,,,7,1
0fa2cbb9e551fd2cba4d9f7f23c3ceea976b8ebc,2020-03-11,,NE,31,5,2,47,0,16,,,0,,0,,,,,,52,2
aeebf6d68874048d1d07e4f8d7180a0e93568b32,2020-03-11,,NH,33,4,0,38,0,5,,,0,,0,,,,,,42,0
e65d659b566f81c18991de95a645b7e813423c4c,2020-03-11,,NJ,34,24,9,57,13,20,,1,1,,0,,,,,,81,22
4df4ee0914d4968ac80964beea2ae0cee8dd6691,2020-03-11,,NM,35,3,3,87,18,,,,0,,0,,,,,,90,21
cfead0af7dd624dffc2434151caa837167e368a1,2020-03-11,,NV,32,5,4,168,154,,,,0,,0,,,,,,173,158
12a406f2f721a5383271a57f95c32844ef188d5a,2020-03-11,,NY,36,216,43,92,0,,,,0,,0,,,,,,308,43
c340100ec3a52363849661419150a6d58f5f881f,2020-03-11,,OH,39,4,1,21,7,24,,,0,,0,,,,,,25,8
1faadafcc86f5e5f8bc849f1e1864b248c5e1bfc,2020-03-11,,OK,40,2,0,15,0,11,,,0,,0,,,,,,17,0
deb8635b0c52fa05460bd5628bda8ab8f7ff5f82,2020-03-11,,OR,41,19,4,286,73,62,,,0,,0,,,,,,305,77
e4c93d04842c1009b298930494e3697e6ff28caf,2020-03-11,,PA,42,16,4,88,88,54,,,0,,0,,,,,,104,92
f6151c8b0c74420282e7ebc29cd3a8cf45299043,2020-03-11,,RI,44,5,2,94,36,24,,,0,,0,,,,,,99,38
793e720bf76fca2ca22302e1f8b6a92583608b7c,2020-03-11,,SC,45,9,2,32,8,,,,0,,0,,,,,,41,10
e07dedbb8882be1007fd8f7f83bafbe000486456,2020-03-11,,SD,46,5,5,13,2,2,,,0,,0,,,,,,18,7
83b0454f183d439541c7cef47c98d26eb6d043ab,2020-03-11,,TN,47,7,0,50,50,,,,0,,0,,,,,,57,50
352c49fd15cf51e177df42332e9e510cd58382dd,2020-03-11,,TX,48,21,8,,0,,,,0,,0,,,,,,21,8
ffb67edc162442985756e5fefb32b1ef27261039,2020-03-11,,UT,49,2,0,,0,,,,0,,0,,,,,,2,0
3c3a33bd651703d23bf3b6cf29fc89a8968c04b6,2020-03-11,,VA,51,9,1,60,7,,,,0,,0,,,,,,69,8
4cdcb01e5f28573086c3dff095c12cc620ae9aa5,2020-03-11,2020-03-11 00:00:00,VT,50,2,1,91,31,,,,0,,0,,,,,,93,32
a258cecdf5cc2dce1c1c1c91906f90d52a140415,2020-03-11,2020-03-11 00:00:00,WA,53,1390,212,6210,2054,,,40,3,,0,,,,,,7600,2266
fdaee211f510443757d94122a0a8b3e084f81b7b,2020-03-11,,WI,55,3,1,43,7,,,,0,,0,,,,,,46,8
3a516444f8574f90ddd8973e22ab976304a48b15,2020-03-11,,WV,54,0,0,3,1,2,,,0,,0,,,,,,3,1
d3e03c9488980c556c22267ce8dda9ad38f16573,2020-03-11,,WY,56,0,0,,0,,,,0,,0,,,,,,0,0
68705c57d7d562c6f948095deb5aa4e3aa275521,2020-03-10,,AK,02,0,0,23,0,9,,0,0,,0,,,,,,23,0
f75f8cae0c54991e86ca38cefed707967a606489,2020-03-10,,AL,01,0,0,0,0,0,,,0,,0,,,,,,0,0
a15a0f8e590ecb5e3272d56dad64ead412748472,2020-03-10,,AR,05,0,0,12,0,3,,,0,,0,,,,,,12,0
8d7e3c9c444256a9fe0e9e3d1942eb28100f652d,2020-03-10,,AZ,04,6,1,51,7,27,,,0,,0,,,,,,57,8
16e19ebc5090b1e31d08e53c39dadba9069b59fb,2020-03-10,,CA,06,133,19,690,0,,,,0,,0,,,,,,823,19
5e2a251027edb5a9f7442eaf4002de3c2d5f7852,2020-03-10,,CO,08,12,3,142,9,1,,,0,,0,,,,,,154,12
0a0a3b4cffaa0068848f4a16745bef741bac1744,2020-03-10,,CT,09,2,1,54,8,,,,0,,0,,,,,,56,9
92e820a983a03ebeb23ed6ce5d92f602587413fd,2020-03-10,,DC,11,5,4,17,3,2,,,0,,0,,,,,,22,7
1a5825ee47a3e45474093c35b1b31325cff0c2cd,2020-03-10,,DE,10,0,0,17,2,3,,,0,,0,,,,,,17,2
c0c960b4e67d3c25cebbf0e7d6c4a52f350b6df0,2020-03-10,,FL,12,19,1,222,82,155,,,0,,0,,,,,,241,83
7e74c835880c54c0c203e814ac329cf4864fc010,2020-03-10,,GA,13,17,5,,0,,,,0,,0,,,,,,17,5
95d466ebc642951c7eadc52753083592b7e3b9c1,2020-03-10,,HI,15,2,0,,0,,,,0,,0,,,,,,2,0
344d127af7ed3380149081f447882dfb8dc491aa,2020-03-10,,IA,19,8,5,32,6,11,,,0,,0,,,,,,40,11
960f8655485971a37fbe779c47d3065c4763c20d,2020-03-10,,ID,16,0,0,41,0,,,,0,,0,,,,,,41,0
69433621ea0fb6b0427e49f97101ba69c2f81c75,2020-03-10,,IL,17,19,12,244,53,63,,,0,,0,,,,,,263,65
e95190ac1472b6416596df1f722be2db1c1e4def,2020-03-10,,IN,18,6,4,30,30,,,,0,,0,,,,,,36,34
507683c83efa2b95732149970604dbd9c463ee85,2020-03-10,,KS,20,1,0,17,6,21,,,0,,0,,,,,,18,6
ebf04b1a4606f69499bbca37b64af784c3a52cce,2020-03-10,,KY,21,6,2,28,11,,,,0,,0,,,,,,34,13
71b341bbaaacc240d3aa72d0e1689acae98956c4,2020-03-10,,LA,22,1,0,11,6,,,,0,,0,,,,,,12,6
83d3458bfab5405406094fd03700990118690d86,2020-03-10,,MD,24,6,1,89,16,,,,0,,0,,,,,,95,17
2dac39d5cd5d4db7576d95a1e4ab6ba842eaa2bb,2020-03-10,,ME,23,0,0,20,19,5,,,0,,0,,,,,,20,19
2081bd5512e6b2366b64a8205ed2a9555ad3f1e3,2020-03-10,,MI,26,358,104,39,3,24,,,0,,0,,,,,,397,107
a727054ea22cfa9c2c3254dbc97dddcf8597b4a6,2020-03-10,,MN,27,3,1,132,52,,,,0,,0,,,,,,135,53
d685ffb0bb79dc42dac20942f22f204796378cce,2020-03-10,,MO,29,1,0,,0,,,,0,,0,,,,,,1,0
565a63bb5b22e3cae90484790952c8e5cbe9035a,2020-03-10,,MS,28,0,0,,0,,,,0,,0,,,,,,0,0
e27a778ca069532d9ce2c4055e7822d05e00d05b,2020-03-10,,MT,30,0,0,15,4,,,,0,,0,,,,,,15,4
803f09f91e32eb8972114a56b61ba58b501faf2a,2020-03-10,,NC,37,7,5,,0,,,,0,,0,,,,,,7,5
ead03c5c7d8595298a9d080b36ba15c457a36e28,2020-03-10,,ND,38,0,0,6,6,2,,,0,,0,,,,,,6,6
76e6ff5da8f4e26249a2453662a59f903d90dab6,2020-03-10,,NE,31,3,0,47,11,16,,,0,,0,,,,,,50,11
b7ab904f27268d63a35ec81c29465baf392641da,2020-03-10,,NH,33,4,0,38,0,5,,,0,,0,,,,,,42,0
1600adc8c82b03e0f16ef57b830ea030cf596eda,2020-03-10,,NJ,34,15,4,44,9,20,,,0,,0,,,,,,59,13
4cb16f8982fd4ab914da0a85577351287fbbf1f5,2020-03-10,,NM,35,0,0,69,12,,,,0,,0,,,,,,69,12
6fc8fa1864627e79aae007ec8d2402320faf06e0,2020-03-10,,NV,32,1,0,14,0,,,,0,,0,,,,,,15,0
5649deb0de447d26f7576ee789bb6a998da6463f,2020-03-10,,NY,36,173,31,92,0,,,,0,,0,,,,,,265,31
629806831be4036d62bb206a8000db4c8d80987b,2020-03-10,,OH,39,3,0,14,3,15,,,0,,0,,,,,,17,3
b17dfa75c53783824273b9c131d044942dff8cbb,2020-03-10,,OK,40,2,1,15,7,11,,,0,,0,,,,,,17,8
f923871ba39193cb604eb436884bdb73ce447763,2020-03-10,,OR,41,15,1,213,48,67,,,0,,0,,,,,,228,49
4aa0ff6f4afd95960c497317d17885bc53a9b502,2020-03-10,,PA,42,12,2,,0,,,,0,,0,,,,,,12,2
e99b102581e3090ece7fc694e246aa49d9073211,2020-03-10,,RI,44,3,0,58,28,6,,,0,,0,,,,,,61,28
88b914c5b9503edffeb9e28b2d370ced48f5851b,2020-03-10,,SC,45,7,0,24,0,,,,0,,0,,,,,,31,0
659befa56485532a3f6c052ac314d78d11df3132,2020-03-10,,SD,46,0,0,11,6,0,,,0,,0,,,,,,11,6
e4ab878760291b62b62744664d7f63859976cba2,2020-03-10,,TN,47,7,4,,0,,,,0,,0,,,,,,7,4
8205d4060d477d4fb5560dc596bcbd9a22fa97ac,2020-03-10,,TX,48,13,1,,0,,,,0,,0,,,,,,13,1
6a61e8ff7644eb848759f47ee8ec40392e2f3fa3,2020-03-10,,UT,49,2,1,,0,,,,0,,0,,,,,,2,1
74ccb2f709ee42e3544d1d397918f5bb4fdc7083,2020-03-10,,VA,51,8,5,53,15,,,,0,,0,,,,,,61,20
a1f51145869d025491ebf9002de3bbd710570ed3,2020-03-10,2020-03-10 00:00:00,VT,50,1,0,60,24,,,,0,,0,,,,,,61,24
98fa5f3abaee467171943f1188b0edd729be9df5,2020-03-10,2020-03-10 00:00:00,WA,53,1178,216,4156,1567,,,37,2,,0,,,,,,5334,1783
e9cce49eadf84aaa34f0aa0652c1e5d4c596d20f,2020-03-10,,WI,55,2,1,36,0,,,,0,,0,,,,,,38,1
010c8a1393f7c460415fe42f845f51cba39468d1,2020-03-10,,WV,54,0,0,2,0,3,,,0,,0,,,,,,2,0
e2c1c677cb5c3af13e952ed717dad5684a81b4b7,2020-03-10,,WY,56,0,0,0,0,0,,,0,,0,,,,,,0,0
95c16d8b5d2c2444bd1fd95c8ba9957aaf9e5c06,2020-03-09,,AK,02,0,0,23,9,9,,0,0,,0,,,,,,23,9
17ff321b9da0df7ea7e6ef888114643a097e90d6,2020-03-09,,AL,01,0,0,,0,,,,0,,0,,,,,,0,0
02cc7b5209e09b9b6c8452bf15bb925343fc4f45,2020-03-09,,AR,05,0,0,12,6,0,,,0,,0,,,,,,12,6
e58a713e749b57087b571e865dfc30db1815d6a9,2020-03-09,,AZ,04,5,0,44,0,7,,,0,,0,,,,,,49,0
1e7b5035c41f96e0eec67a4eb04e455de85ca697,2020-03-09,,CA,06,114,26,690,228,,,,0,,0,,,,,,804,254
a3842f39f979bc667206de5c8b8affa429bc3fd5,2020-03-09,,CO,08,9,1,133,29,,,,0,,0,,,,,,142,30
cf54e4581630b066ce2989985fe3a283ee235b6c,2020-03-09,,CT,09,1,0,46,17,,,,0,,0,,,,,,47,17
e3c69e4d7f8c0ddf2b783dba8954c7d309009243,2020-03-09,,DC,11,1,0,14,4,3,,,0,,0,,,,,,15,4
7a72677d9cee55d12bc8f934ca80db3a69916c7c,2020-03-09,,DE,10,0,0,15,5,3,,,0,,0,,,,,,15,5
77ca181b4ed1d6b4f0676b900bb983eb68753dbf,2020-03-09,,FL,12,18,1,140,22,115,,,0,,0,,,,,,158,23
3e46d17dd02cf27682c3b615232b820d864e9ad6,2020-03-09,,GA,13,12,5,,0,,,,0,,0,,,,,,12,5
df05aae72515d483f1fee37ac1cd2895a82f58a5,2020-03-09,,HI,15,2,1,,0,,,,0,,0,,,,,,2,1
52e7be86181978c071cc42d33c29f28b3e0e5ccc,2020-03-09,,IA,19,3,3,26,11,8,,,0,,0,,,,,,29,14
2b3b633890bea1d29ce36c2cfb9660c6236c646c,2020-03-09,,ID,16,0,0,41,14,,,,0,,0,,,,,,41,14
8776af86590e9bd04b4f4d36f81280413bbe08a3,2020-03-09,,IL,17,7,1,191,0,44,,,0,,0,,,,,,198,1
8be3c7a8c32ef125b48758c8724184da84c91bca,2020-03-09,,IN,18,2,0,,0,,,,0,,0,,,,,,2,0
861ca46bf59eb44961252823762a2ab76f2e8e3f,2020-03-09,,KS,20,1,0,11,0,0,,,0,,0,,,,,,12,0
eea04a4c73c3a96e5afdfb98bf098377da6f860b,2020-03-09,,KY,21,4,3,17,4,,,,0,,0,,,,,,21,7
d03f3295dbdbbbc2b93774e4153709dc1e23af01,2020-03-09,,LA,22,1,1,5,0,,,,0,,0,,,,,,6,1
1a8f122abde55e6e8eb396794588a2ac803400aa,2020-03-09,,MD,24,5,2,73,21,,,,0,,0,,,,,,78,23
74ea78ca4d9681f651284f8b208af71d1d821507,2020-03-09,,ME,23,0,0,1,0,,,,0,,0,,,,,,1,0
0d678641f86a226291cfb7e8f040c7bb20a01949,2020-03-09,,MI,26,254,86,36,10,11,,,0,,0,,,,,,290,96
8b22b84206b44746a6c8142e69d4071d8d3eed54,2020-03-09,,MN,27,2,1,80,32,,,,0,,0,,,,,,82,33
e20993c35a333980174190ff4b2f93e9eec6364b,2020-03-09,,MO,29,1,0,,0,,,,0,,0,,,,,,1,0
b62e1903268e49cdfb0ea32f905e0094198ada3e,2020-03-09,,MS,28,0,0,,0,,,,0,,0,,,,,,0,0
4db084095872174737491591af00c71e04ee4754,2020-03-09,,MT,30,0,0,11,0,,,,0,,0,,,,,,11,0
a77e7b4e8745df0c972127d3b1a98a4ff70f4e12,2020-03-09,,NC,37,2,0,,0,,,,0,,0,,,,,,2,0
72a00fc07a80d548c7a87efc8db04bdea9e2fd2f,2020-03-09,,ND,38,0,0,0,0,,,,0,,0,,,,,,0,0
f62f7bf63addea046caf9f6bb12b5b1df4328070,2020-03-09,,NE,31,3,2,36,19,9,,,0,,0,,,,,,39,21
d114a0cdc2e15030d9c4b4575da2e7e444984af2,2020-03-09,,NH,33,4,0,38,0,5,,,0,,0,,,,,,42,0
d0704d3d9a24e595d9bd491379b13ef3a645ad23,2020-03-09,,NJ,34,11,5,35,4,14,,,0,,0,,,,,,46,9
ee86be9f41f596be6f9564608e3119d4d52fca06,2020-03-09,,NM,35,0,0,57,9,0,,,0,,0,,,,,,57,9
82625f315bcd69ad90f0a0ab55ac74c6039b547b,2020-03-09,,NV,32,1,0,14,0,,,,0,,0,,,,,,15,0
8e43698acd176d447c7aaa4015e914b516356f22,2020-03-09,,NY,36,142,37,92,0,,,,0,,0,,,,,,234,37
bafffe4647d36ecb1dba164e1d375ddd9401588a,2020-03-09,,OH,39,3,3,11,1,5,,,0,,0,,,,,,14,4
cbde0e13c99b858fe5894398e2b3131b1518a4eb,2020-03-09,,OK,40,1,0,8,0,10,,,0,,0,,,,,,9,0
884523aa3f40be09803c97330d5d4d10aa235c7d,2020-03-09,,OR,41,14,0,165,65,52,,,0,,0,,,,,,179,65
2a7991409c1828480010dca94081b8dfddade875,2020-03-09,,PA,42,10,4,,0,,,,0,,0,,,,,,10,4
aecb007094905876de3a73cab24e16f8f830161c,2020-03-09,,RI,44,3,0,30,0,6,,,0,,0,,,,,,33,0
4b9cd6459df77e567408e95410a6c886ee4386c6,2020-03-09,,SC,45,7,5,24,16,,,,0,,0,,,,,,31,21
30a5ab06df8ba860d8d891a5656964c78dd2d0e5,2020-03-09,,SD,46,0,0,5,0,0,,,0,,0,,,,,,5,0
12a08132db8e115b34edd01c8abac6c25989c3ef,2020-03-09,,TN,47,3,0,,0,,,,0,,0,,,,,,3,0
7c1f42caaeebb4b384a0f7b61f5247357ce364c4,2020-03-09,,TX,48,12,4,,0,,,,0,,0,,,,,,12,4
6d8ef3a961c8b0456742bc00515809cf1a50355d,2020-03-09,,UT,49,1,0,,0,,,,0,,0,,,,,,1,0
07f46e9d045bd465935b530226c29a721aa39ba3,2020-03-09,,VA,51,3,1,38,2,9,,,0,,0,,,,,,41,3
f537a25b80736c033697e17a48e9a9249ab024ed,2020-03-09,2020-03-09 00:00:00,VT,50,1,0,36,6,,,,0,,0,,,,,,37,6
43c437b1308695a41b4d325c51012db381d1b55f,2020-03-09,2020-03-09 00:00:00,WA,53,962,173,2589,851,,,35,4,,0,,,,,,3551,1024
f7128096b4fc06e7bdf89e64600e8fac5cb3b545,2020-03-09,,WI,55,1,0,36,5,,,,0,,0,,,,,,37,5
dd9a6e6e2790144b388651a2151323cfd2af2d6d,2020-03-09,,WV,54,0,0,2,0,3,,,0,,0,,,,,,2,0
3e11231e066d6415907e1dc82a1b78921374091a,2020-03-09,,WY,56,0,0,,0,,,,0,,0,,,,,,0,0
0fa6b3cfbdc1315c938ed9d07c53ddcc6333565f,2020-03-08,,AK,02,0,0,14,2,6,,0,0,,0,,,,,,14,2
2a3404d131dff3ba2df22714cecccb9ac3d5e10b,2020-03-08,,AL,01,0,0,,0,,,,0,,0,,,,,,0,0
112d35236a984802157cc89cae231451a9333846,2020-03-08,,AR,05,0,0,6,0,0,,,0,,0,,,,,,6,0
7c8e5925c06b064629937849bfeb7fcaa743931c,2020-03-08,,AZ,04,5,0,44,0,7,,,0,,0,,,,,,49,0
2f228f815b4535561a1b436cdd02c14547645345,2020-03-08,,CA,06,88,19,462,0,,,,0,,0,,,,,,550,19
fac647f63a8ad19349efc8eda4938a831c01ad72,2020-03-08,,CO,08,8,0,104,49,,,,0,,0,,,,,,112,49
e012dfec1d7c6869db089fe1929b6eae448e917d,2020-03-08,,CT,09,1,1,29,29,8,,,0,,0,,,,,,30,30
0f507effd31ea6c6e1f533e36ba59304b9d9b3c5,2020-03-08,,DC,11,1,1,10,2,0,,,0,,0,,,,,,11,3
024904419a137cd23d6d330280ef778958fb6af1,2020-03-08,,DE,10,0,0,10,0,0,,,0,,0,,,,,,10,0
c5dc1f0a4490983445cb323061bdd4de395d02f2,2020-03-08,,FL,12,17,3,118,18,108,,,0,,0,,,,,,135,21
1bc961d60cb17f77612d5e10d95d4259f68f852c,2020-03-08,,GA,13,7,1,,0,,,,0,,0,,,,,,7,1
1cf52a1991afac6c0049f46f7ebc0fed229cec7a,2020-03-08,,HI,15,1,0,,0,,,,0,,0,,,,,,1,0
0cc6f93af99ce6095e59bd0f0d8489a0fc0526f9,2020-03-08,,IA,19,0,0,15,0,2,,,0,,0,,,,,,15,0
59b346a71bd3a439f026d384c567be86fee3c90c,2020-03-08,,ID,16,0,0,27,0,,,,0,,0,,,,,,27,0
58ac828314d7afe444be7efe1a69fd9ca078dd7e,2020-03-08,,IL,17,6,0,191,0,44,,,0,,0,,,,,,197,0
e0220f31979b7643958b7a194ac26561a0686c23,2020-03-08,,IN,18,2,1,,0,,,,0,,0,,,,,,2,1
bfddd4da7e867b72c0676fd90f166d058947e1e2,2020-03-08,,KS,20,1,1,11,0,0,,,0,,0,,,,,,12,1
b6d177a3d05a68518d259d87a06af87e8fc4f44c,2020-03-08,,KY,21,1,0,13,4,,,,0,,0,,,,,,14,4
fd34ae1fabf7fd94621fa93f1674154a458e61dd,2020-03-08,,LA,22,0,0,5,5,,,,0,,0,,,,,,5,5
955b696888142968f6e4ecccc414050391b83d11,2020-03-08,,MD,24,3,0,52,11,,,,0,,0,,,,,,55,11
6a4825ea0fa1c6b609a5b37b4231d1b92ce1afd0,2020-03-08,,ME,23,0,0,1,0,,,,0,,0,,,,,,1,0
6b32f9941dab6749abd7441eb569d4da1daf8994,2020-03-08,,MI,26,168,40,26,8,10,,,0,,0,,,,,,194,48
5e333e947ba9318aa3e84e174367bb020182fb4d,2020-03-08,,MN,27,1,0,48,0,,,,0,,0,,,,,,49,0
bd08bb0a75ecb976728b7e42c05ef002832a9570,2020-03-08,,MO,29,1,1,,0,,,,0,,0,,,,,,1,1
1944a3c0a324ce526f4c6ef85b6f7f13c1f707b4,2020-03-08,,MS,28,0,0,,0,,,,0,,0,,,,,,0,0
d9a05e7a77ec60b54ff47be28889f07060fc509f,2020-03-08,,MT,30,0,0,11,0,,,,0,,0,,,,,,11,0
72b2807b4900f8684733ae77fe067e7781c0344f,2020-03-08,,NC,37,2,0,,0,,,,0,,0,,,,,,2,0
a4d6f0fde51ffaaa00231cb0362eceeddf66a34c,2020-03-08,,ND,38,0,0,0,0,,,,0,,0,,,,,,0,0
008b12424fcebd52b6feb22228a13676f980c5c2,2020-03-08,,NE,31,1,0,17,0,5,,,0,,0,,,,,,18,0
524fb556e663142aed889fd4d85a7c3f52bf4f8b,2020-03-08,,NH,33,4,2,38,18,5,,,0,,0,,,,,,42,20
0dad259abe5acb509943b64a6c06578271e5cd99,2020-03-08,,NJ,34,6,2,31,31,0,,,0,,0,,,,,,37,33
f6854691ad6d9d2570f3563ebf8ac0e32b02d575,2020-03-08,,NM,35,0,0,48,0,0,,,0,,0,,,,,,48,0
cc43433df24a24cfaba014735f4e419dc74c361c,2020-03-08,,NV,32,1,0,14,0,,,,0,,0,,,,,,15,0
901829a9e5fc464f6cc681700414c402be4a3e5a,2020-03-08,,NY,36,105,29,92,0,,,,0,,0,,,,,,197,29
904e117a3620cd0228699ed146fc25f114ca6b6b,2020-03-08,,OH,39,0,0,10,1,4,,,0,,0,,,,,,10,1
442042745d971aee7e301bc1b49925baab650323,2020-03-08,,OK,40,1,0,8,8,2,,,0,,0,,,,,,9,8
67caf980d87838c0a23a54e842dfee85f9d6bead,2020-03-08,,OR,41,14,7,100,23,53,,,0,,0,,,,,,114,30
5252ba4873536b878deb273373c7a52aec87a383,2020-03-08,,PA,42,6,2,,0,,,,0,,0,,,,,,6,2
b836b5460740e0de04dc1863260bf17ed2487823,2020-03-08,,RI,44,3,1,30,0,12,,,0,,0,,,,,,33,1
5d903020e0be8f433265234186a45664f34f11c3,2020-03-08,,SC,45,2,0,8,0,,,,0,,0,,,,,,10,0
fd5dfa1698a66435c31f9780a50f089561df96e7,2020-03-08,,SD,46,0,0,5,0,0,,,0,,0,,,,,,5,0
d08882890b4652582e356b010da7800a4122cec3,2020-03-08,,TN,47,3,2,,0,,,,0,,0,,,,,,3,2
76fec4f880d0b5110abce26e7ec91e624e038f9d,2020-03-08,,TX,48,8,0,,0,,,,0,,0,,,,,,8,0
a2110b0e2cb963773622e2c03650a31c81268e40,2020-03-08,,UT,49,1,0,,0,,,,0,,0,,,,,,1,0
b0dbcd697c4ca68e4353836aeb6d01709f65f456,2020-03-08,,VA,51,2,2,36,5,6,,,0,,0,,,,,,38,7
063aa7994abcdc6fb5c7780566ae0c42789c684b,2020-03-08,2020-03-08 00:00:00,VT,50,1,0,30,5,,,,0,,0,,,,,,31,5
3ed41389420d9046207412bdc8aa52fc5dcd98ed,2020-03-08,2020-03-08 00:00:00,WA,53,789,153,1738,370,60,,31,4,,0,,,,,,2527,523
9d43763b401f9cab18cebd7c1c7789136fb11c8f,2020-03-08,,WI,55,1,0,31,0,12,,,0,,0,,,,,,32,0
01b3a86f7d901b174cf5813e15509526850f16d1,2020-03-08,,WV,54,0,0,2,0,3,,,0,,0,,,,,,2,0
297db87cdd3cf564accc68ccf9755c42aa8d11d3,2020-03-08,,WY,56,0,0,,0,,,,0,,0,,,,,,0,0
f467b3715a894fb4f7a68df9e6cebbb6d7658822,2020-03-07,,AK,02,0,0,12,4,2,,0,0,,0,,,,,,12,4
a4388367e28ef3d701e0bc61ab7bef329e93282a,2020-03-07,,AL,01,0,0,,0,,,,0,,0,,,,,,0,0
8658f751c13fb3040b5352d92b13a33ba7e7a0d9,2020-03-07,,AR,05,0,0,6,0,0,,,0,,0,,,,,,6,0
394510d4be18e8813cd4cbb348693a8bc976080a,2020-03-07,,AZ,04,5,2,44,11,7,,,0,,0,,,,,,49,13
ab0f7583b4a081f1c7f18137c08161c4f4a5806e,2020-03-07,,CA,06,69,9,462,0,,,,0,,0,,,,,,531,9
1a3f66e500147d312f6798716b86bd39107518bd,2020-03-07,,CO,08,8,6,55,9,69,,,0,,0,,,,,,63,15
9bca90fd67d9a84a416a1f32c4459b5aedccee91,2020-03-07,,CT,09,0,0,,0,,,,0,,0,,,,,,0,0
a631066bbabc29dbe912a74fe47ef7b543ce6f29,2020-03-07,,DC,11,0,0,8,0,1,,,0,,0,,,,,,8,0
5ee84a181f6445fb7c71ec701b700623cc7fec33,2020-03-07,,DE,10,0,0,10,0,0,,,0,,0,,,,,,10,0
50b2708dd2a97fdcee73ba0ea397b63f1170056f,2020-03-07,,FL,12,14,5,100,45,88,,,0,,0,,,,,,114,50
81cb1924c8dadb25ffbcad38a22f5e04a1d0dedf,2020-03-07,,GA,13,6,4,,0,,,,0,,0,,,,,,6,4
7ea604ec8810064596e53d6e3cdd1e58a958f871,2020-03-07,,HI,15,1,0,,0,,,,0,,0,,,,,,1,0
0c62619d04ca86e0cfb08030419de61a2568a8cd,2020-03-07,,IA,19,0,0,15,0,2,,,0,,0,,,,,,15,0
a207a1aa75268d669cee7025a912e9cf445bd92a,2020-03-07,,ID,16,0,0,27,0,,,,0,,0,,,,,,27,0
8b1bfdede4fe8a37c4abea8b8d89525606ca63da,2020-03-07,,IL,17,6,1,191,11,44,,,0,,0,,,,,,197,12
be09354b6aacbb66238590af3b0367551fcbd714,2020-03-07,,IN,18,1,0,,0,,,,0,,0,,,,,,1,0
2580ef422f2ad47972e702c73f79b3fc7ac91341,2020-03-07,,KS,20,0,0,11,7,2,,,0,,0,,,,,,11,7
7d96d9263bfd385e94833b7e12a7a352c72c8d87,2020-03-07,,KY,21,1,1,9,2,,,,0,,0,,,,,,10,3
dcf76f8e31a08a0a6af0de779e5b78de268e495f,2020-03-07,,LA,22,0,0,,0,,,,0,,0,,,,,,0,0
d82ef17088de0430ff6f53f602e4e831aafac13c,2020-03-07,,MD,24,3,0,41,15,,,,0,,0,,,,,,44,15
e2f219c2dc87318becee62f39220db1a45d896c0,2020-03-07,,ME,23,0,0,1,0,,,,0,,0,,,,,,1,0
7298e2848728800b8dc877346fe2fd6cd8583347,2020-03-07,,MI,26,128,30,18,10,9,,,0,,0,,,,,,146,40
5de75d6dc51debd7f30f2168159f4c1cbb6bb8e2,2020-03-07,,MN,27,1,1,48,12,,,,0,,0,,,,,,49,13
e633ec42f190bcebce755f3735d9b91feac63213,2020-03-07,,MO,29,0,0,,0,,,,0,,0,,,,,,0,0
d605de51e082dfafeb16e4ef45befda7cc791d25,2020-03-07,,MS,28,0,0,,0,,,,0,,0,,,,,,0,0
d83badaf286cc853bfdbd214850810e955785d0a,2020-03-07,,MT,30,0,0,11,0,,,,0,,0,,,,,,11,0
d48ba2fa3415f4668dadbc7dcfed5daba0d8ba5e,2020-03-07,,NC,37,2,0,,0,,,,0,,0,,,,,,2,0
e59419f21eac5f0a722147ff597d203575217afd,2020-03-07,,ND,38,0,0,0,0,,,,0,,0,,,,,,0,0
7456f2dd16e1dd3a1a379f8f36d4029dfe9f6dbe,2020-03-07,,NE,31,1,1,17,0,5,,,0,,0,,,,,,18,1
2344dfe6f4aaef491f85f3c66e0637016bfccfb9,2020-03-07,,NH,33,2,0,20,0,3,,,0,,0,,,,,,22,0
2d9078b89dd270265010f0fc66d2481068ad8d8b,2020-03-07,,NJ,34,4,3,,0,1,,,0,,0,,,,,,4,3
1cd13da50ef736184d4ae7b7a053d526b4c92998,2020-03-07,,NM,35,0,0,48,32,0,,,0,,0,,,,,,48,32
4c910e4437b98bab9a89e887e716646bba16ab6c,2020-03-07,,NV,32,1,0,14,0,,,,0,,0,,,,,,15,0
d89d4fd0f52a89a9ec4eb9c5b53aeacb0ca734a0,2020-03-07,,NY,36,76,43,92,0,236,,,0,,0,,,,,,168,43
ad82bbadbfa26d78ee1c4d51bec7730aa9833c7b,2020-03-07,,OH,39,0,0,9,1,5,,,0,,0,,,,,,9,1
1bdb68d174355b64d13347310ae5d58c35584dde,2020-03-07,,OK,40,1,0,,0,,,,0,,0,,,,,,1,0
1de3dd8c3e1355f83d7c35490f578e22ac327553,2020-03-07,,OR,41,7,4,77,13,40,,,0,,0,,,,,,84,17
8c43db6bb24fe498f9b7eecb1c005217bebd9e84,2020-03-07,,PA,42,4,2,,0,,,,0,,0,,,,,,4,2
4012e8c43188bb5bf5b8d382818b7ff98fd526b1,2020-03-07,,RI,44,2,-1,30,13,,,,0,,0,,,,,,32,12
14f7984e63d3645b5f1f8ab47ccaf6f496cf7879,2020-03-07,,SC,45,2,2,8,3,,,,0,,0,,,,,,10,5
33fcc024a9618bd1cb85e95ea524a2b5bc848c71,2020-03-07,,SD,46,0,0,5,0,0,,,0,,0,,,,,,5,0
35ed4bd0ff367da4763332b008f24c2d1da9f3a8,2020-03-07,,TN,47,1,0,,0,,,,0,,0,,,,,,1,0
7e5a459bafcb9fc9b4e403edcbbc688b2ab3159a,2020-03-07,,TX,48,8,3,,0,,,,0,,0,,,,,,8,3
7543e26a347bf34a59a9fd75269c8a50f44de2da,2020-03-07,,UT,49,1,0,,0,,,,0,,0,,,,,,1,0
f28884d92915ead6294802c82a47bd9c73736050,2020-03-07,,VA,51,0,0,31,10,7,,,0,,0,,,,,,31,10
7c5246e910476f61a6481c18a8253d6009762f98,2020-03-07,2020-03-07 00:00:00,VT,50,1,1,25,25,,,,0,,0,,,,,,26,26
47d0ea8f34aa98bacc24a64b36faac5bde9eb387,2020-03-07,2020-03-07 00:00:00,WA,53,636,99,1368,305,66,,27,1,,0,,,,,,2004,404
a8fcd05998f58edb0e0cd23c546c9f87093cbe71,2020-03-07,,WI,55,1,0,31,0,12,,,0,,0,,,,,,32,0
778ed2c2a15a5273a0e60dc7ddd30b1a8bf8aae5,2020-03-07,,WV,54,0,0,2,1,3,,,0,,0,,,,,,2,1
9b9e4b7a6cd95569a40ae3368dd7fd3801e58ca3,2020-03-07,,WY,56,0,0,,0,,,,0,,0,,,,,,0,0
4b535b7d7363b291890a37af5445d34f4cbaf482,2020-03-06,,AK,02,0,0,8,0,1,,0,0,,0,,,,,,8,0
ea1ceffaadaee40d72ecc9b4a48dcefe30c2aa7e,2020-03-06,,AR,05,0,0,6,0,0,,,0,,0,,,,,,6,0
bf8f8f127653c691228a27040e233b5f784e8c49,2020-03-06,,AZ,04,3,1,33,5,15,,,0,,0,,,,,,36,6
c4cb1d3cb8adf346e3e2fa0f88700667f007f331,2020-03-06,,CA,06,60,7,462,0,,,,0,,0,,,,,,522,7
6452bee5116547399aef33ffbcc54d89e44b8d7a,2020-03-06,,CO,08,2,2,46,27,30,,,0,,0,,,,,,48,29
ab4ad1c950057abd41fcd8d0e7be97c62636ccd0,2020-03-06,,DC,11,0,0,8,2,1,,,0,,0,,,,,,8,2
360717e93a3db84f93a81cde26da4b7243922824,2020-03-06,,DE,10,0,0,10,0,0,,,0,,0,,,,,,10,0
ded79f17934cd56565d69313aad49b785a6683cc,2020-03-06,,FL,12,9,0,55,24,51,,,0,,0,,,,,,64,24
623dfb733deb1e4fd13bebb099784eddd116ab06,2020-03-06,,GA,13,2,0,,0,,,,0,,0,,,,,,2,0
287638194bb158ce2957054bf31fb18f401505bc,2020-03-06,,IA,19,0,0,15,0,2,,,0,,0,,,,,,15,0
19ae733cc2cd9fce1f6307b76f62b82af320cdbf,2020-03-06,,IL,17,5,0,180,15,35,,,0,,0,,,,,,185,15
1a98a6fd81867098d6922bd7f792f7bc0ae61c06,2020-03-06,,IN,18,1,0,,0,,,,0,,0,,,,,,1,0
87318388ea71de0e5def0594e7ad2756ad7cd736,2020-03-06,,KS,20,0,0,4,0,0,,,0,,0,,,,,,4,0
bd791a70d6ce089279511a03391b51c92419386c,2020-03-06,,KY,21,0,0,7,0,3,,,0,,0,,,,,,7,0
1144aad5f984939d7562ae618d13300f30b2db65,2020-03-06,,MD,24,3,3,26,9,12,,,0,,0,,,,,,29,12
577f8e76f4a2f325a828dc6c3a90ed6c40fd69e6,2020-03-06,,MI,26,98,26,8,0,8,,,0,,0,,,,,,106,26
1dd26fb2483e148a17e54bd54f3e2efd485eca89,2020-03-06,,MN,27,0,0,36,0,,,,0,,0,,,,,,36,0
ce5c93646c77db07715322e8ba9d72d089bdf40a,2020-03-06,,NC,37,2,1,,0,,,,0,,0,,,,,,2,1
27929148ac639e9307df8e81c3ca73f9b5422134,2020-03-06,,NE,31,0,0,17,0,5,,,0,,0,,,,,,17,0
294d6cea7f0b439f9d634d52094316270bf668d6,2020-03-06,,NH,33,2,0,20,4,3,,,0,,0,,,,,,22,4
e7165fb3f2f66c9939755dd506dad79bdd1e2f6d,2020-03-06,,NJ,34,1,0,,0,,,,0,,0,,,,,,1,0
cf06ff49038fae8b95ee8ffe33b94f37f2de8730,2020-03-06,,NM,35,0,0,16,0,0,,,0,,0,,,,,,16,0
b2138aa048658f572319eda859f10ac1d46a29cf,2020-03-06,,NV,32,1,0,14,0,,,,0,,0,,,,,,15,0
f94d42b35ad1ddda0119f8f6d1e1f279da1c2c6e,2020-03-06,,NY,36,33,11,92,16,236,,,0,,0,,,,,,125,27
bf89d510f3683b2b5f46711d9bf9c96630a09e41,2020-03-06,,OH,39,0,0,8,1,2,,,0,,0,,,,,,8,1
56988f3768407d14eb473a1ca5dc1106ce2842f6,2020-03-06,,OR,41,3,0,64,19,28,,,0,,0,,,,,,67,19
120aa80084461c5323bcc4f0d1f8d61f939d9e3c,2020-03-06,,PA,42,2,0,,0,,,,0,,0,,,,,,2,0
a75c5e6601a2504e45387f9ad97967990ad54cd3,2020-03-06,,RI,44,3,1,17,0,,,,0,,0,,,,,,20,1
20e89686c17d1d6e9131c39c81e78bb5c6f3b47f,2020-03-06,,SC,45,0,0,5,0,,,,0,,0,,,,,,5,0
984539e0e1b18be52766032b430ee7a5da5374f5,2020-03-06,,TN,47,1,0,,0,,,,0,,0,,,,,,1,0
47df5cf0a7d3df69c9909a728799ec61390c0f58,2020-03-06,,TX,48,5,4,,0,,,,0,,0,,,,,,5,4
c6065036893715960dd21a0edfea725ddae0bcb4,2020-03-06,,VA,51,0,0,21,3,10,,,0,,0,,,,,,21,3
d541845862f8d129da35c4dfbadb80844d720045,2020-03-06,2020-03-06 00:00:00,VT,50,0,0,0,0,,,,0,,0,,,,,,0,0
0181c35eb065fe5f1b6307c8e4b6d88af9b8260d,2020-03-06,2020-03-06 00:00:00,WA,53,537,81,1063,394,,,26,6,,0,,,,,,1600,475
506f6ad7368b330e3dbabbb10a4426d1d61a2cf7,2020-03-06,,WI,55,1,0,31,12,12,,,0,,0,,,,,,32,12
97802590aaf018a1e97b765441f724cd8fca9d06,2020-03-06,,WV,54,0,0,1,0,4,,,0,,0,,,,,,1,0
7b46fb212138ae32c6b40f55869ee2066724b0d7,2020-03-05,,AZ,04,2,0,28,1,6,,,0,,0,,,,,,30,1
9c56c71986f12d235538a29d11cd0f6b74c3fb62,2020-03-05,,CA,06,53,0,462,0,,,,0,,0,,,,,,515,0
7b89056fb7c1249c4e4b2b94e6d633e40993325c,2020-03-05,,CO,08,0,0,19,0,21,,,0,,0,,,,,,19,0
88a1ee5753a7dcbd899236644f6c07eb4cb53fd7,2020-03-05,,DC,11,0,0,6,0,2,,,0,,0,,,,,,6,0
4468e94ac011a9d5469d350fbf71d3eb2c1fb3b9,2020-03-05,,FL,12,9,7,31,7,69,,,0,,0,,,,,,40,14
3dd91d8c83cdfa398b5bf4d24f40d189bd8856e4,2020-03-05,,GA,13,2,0,,0,,,,0,,0,,,,,,2,0
ed6389d2c2ad826cc8dbf5ab530fef0b2abae7c4,2020-03-05,,IL,17,5,1,165,41,27,,,0,,0,,,,,,170,42
8b1dfe97d4bce4fa971eef9bda8ef0e5daf3fd76,2020-03-05,,MD,24,0,0,17,0,14,,,0,,0,,,,,,17,0
da2bbfe9070bd2ff7d2d6b6446d417b5211b9766,2020-03-05,,MI,26,72,20,8,8,0,,,0,,0,,,,,,80,28
82b39c1b9ea9573c93f9f61f24314ccb24b98fe1,2020-03-05,,NC,37,1,0,,0,,,,0,,0,,,,,,1,0
0dfc5901a357850630514651d36ddac0dbc012d5,2020-03-05,,NE,31,0,0,17,0,5,,,0,,0,,,,,,17,0
ac9a32155be9764071cedf817edfd6c14493dff1,2020-03-05,,NH,33,2,0,16,6,4,,,0,,0,,,,,,18,6
8f568df431275a64d6369744f72536fdc90a0508,2020-03-05,,NJ,34,1,0,,0,,,,0,,0,,,,,,1,0
edd32a0948586f21f260f8c472a4b0d6cbe01803,2020-03-05,,NV,32,1,0,14,0,,,,0,,0,,,,,,15,0
752b04989071ad3abf68fa8717a64db82895cced,2020-03-05,,NY,36,22,16,76,28,24,,,0,,0,,,,,,98,44
c12c45898ba375552eecc9fac730994eaeab05fe,2020-03-05,,OH,39,0,0,7,0,3,,,0,,0,,,,,,7,0
0b2413684f26718d63d6c6cb56e9a3f4ca646a05,2020-03-05,,OR,41,3,0,45,16,13,,,0,,0,,,,,,48,16
947770dadbcece59f8c5f0da50f5a0232de02191,2020-03-05,,RI,44,2,0,17,6,,,,0,,0,,,,,,19,6
76420d600be77529f7efc5615910a028a55ee903,2020-03-05,,SC,45,0,0,5,0,,,,0,,0,,,,,,5,0
1a3951f5848911064a9fff1ba4e6869ef375c960,2020-03-05,,TN,47,1,0,,0,,,,0,,0,,,,,,1,0
5906b86d67261e2657ddff393dcac01e1227ec95,2020-03-05,,TX,48,1,0,,0,,,,0,,0,,,,,,1,0
f02d485aa8302ec8a7358cfcc844547315a07c2b,2020-03-05,,VA,51,0,0,18,0,3,,,0,,0,,,,,,18,0
5b34fd8067bdd313b4362b76849d9e4c688a4560,2020-03-05,2020-03-05 00:00:00,WA,53,456,105,669,256,,,20,4,,0,,,,,,1125,361
35fd85a26207aa397f5a4aea2eea8dc995d5b2cd,2020-03-05,,WI,55,1,0,19,0,6,,,0,,0,,,,,,20,0
6d30a75273b41ec22c7a4f78b30885adacbde0ea,2020-03-04,,AZ,04,2,0,27,0,5,,,0,,0,,,,,,29,0
da5ffc320e330912eb2bda98d99788210f19d9b0,2020-03-04,,CA,06,53,0,462,0,,,,0,,0,,,,,,515,0
b0f27b2338321c7ed02998ca3cd6b81e66d28825,2020-03-04,,FL,12,2,0,24,0,16,,,0,,0,,,,,,26,0
4c93b68d19b4ab1940dc1023f92b684e429b2911,2020-03-04,,GA,13,2,0,,0,,,,0,,0,,,,,,2,0
7f85e33c2b7df2e0fe79e96d1e4c0e8dff963b57,2020-03-04,,IL,17,4,0,124,0,27,,,0,,0,,,,,,128,0
7bb957dba92a5d86d9718b5a6a7c0bb85b7b09d9,2020-03-04,,MI,26,52,18,,0,,,,0,,0,,,,,,52,18
c3528be30c589b68ccb2adaf2095ffc33b14b1f2,2020-03-04,,NC,37,1,0,,0,,,,0,,0,,,,,,1,0
e91d5cf8abbb3f1b455018cdf2d6ae5efe3f65f1,2020-03-04,,NH,33,2,0,10,0,7,,,0,,0,,,,,,12,0
5b4948b058f5e2b7301f1db219245665708a8b1e,2020-03-04,,NY,36,6,0,48,0,24,,,0,,0,,,,,,54,0
b4124da634b1e8059eb4258410899b5861a60a59,2020-03-04,,OR,41,3,0,29,0,18,,,0,,0,,,,,,32,0
73368f878eb6927548052b3da074b94f87678aba,2020-03-04,,RI,44,2,0,11,5,,,,0,,0,,,,,,13,5
1d7349a950b1bca64f49ec537ce75c9fd94d596b,2020-03-04,,SC,45,0,0,5,0,,,,0,,0,,,,,,5,0
7b8937cf38e0714297701ed2f826a226017a8914,2020-03-04,,TX,48,1,0,,0,,,,0,,0,,,,,,1,0
d0a19946a3e8b60ece086f7bdb96075ff93844ca,2020-03-04,2020-03-04 00:00:00,WA,53,351,93,413,151,,,16,2,,0,,,,,,764,244
9c189af3fcb3b9a3ccb75d1091e25632cf7d31ab,2020-03-04,,WI,55,1,0,19,0,6,,,0,,0,,,,,,20,0
2c176efb8ec982c7c82b2e265a1dbdbf3519e009,2020-03-03,,MI,26,34,16,,0,,,,0,,0,,,,,,34,16
ef1e09ac4629b126770f8a0433d4f5ba16f129d0,2020-03-03,,RI,44,2,1,6,6,,,,0,,0,,,,,,8,7
0e3d5c3f0595de10d27804a1106dd724f285992f,2020-03-03,2020-03-03 00:00:00,WA,53,258,84,262,140,,,14,3,,0,,,,,,520,224
6e830d736dc05a2c4a98a9c4648b6c12a68cbef2,2020-03-02,,MI,26,18,9,,0,,,,0,,0,,,,,,18,9
e7d173d97ba3dd316483e97e754e802076df1987,2020-03-02,,RI,44,1,0,,0,,,,0,,0,,,,,,1,0
9ea70ff03664917296cfd421b20a740d675218b8,2020-03-02,2020-03-02 00:00:00,WA,53,174,72,122,108,,,11,3,,0,,,,,,296,180
dd926432b5fbec64dac27c956a316e1c45030d8d,2020-03-01,,MI,26,9,0,,0,,,,0,,0,,,,,,9,0
3fc13ab757e082af98f106fe4c4280a626de01c9,2020-03-01,,RI,44,1,0,,0,,,,0,,0,,,,,,1,0
7800792aafd83d824a25b0129090fda703063eaa,2020-03-01,2020-03-01 00:00:00,WA,53,102,78,14,-3,,,8,3,,0,,,,,,116,75
abc8c796fc8496f2a4ccd817a401e375696d193c,2020-02-29,2020-02-29 00:00:00,WA,53,24,15,17,17,,,5,1,,0,,,,,,41,32
2c2f89629ed17483b54e7605f509001b261300bb,2020-02-28,,WA,53,9,7,,0,,,4,2,,0,,,,,,9,7
bc585d6877b694742a51aaa25cc66277bbeb7580,2020-02-27,,WA,53,2,0,,0,,,2,0,,0,,,,,,2,0
5546a352b0375604ff177b2a47d75215dfc1eb64,2020-02-26,,WA,53,2,0,,0,,,2,2,,0,,,,,,2,0
3a89ec2b7ea25df57e0f9faa3dd27283f8bf271a,2020-02-25,,WA,53,2,0,,0,,,,0,,0,,,,,,2,0
3ab8f6e50db3b2524bd71902bce32b2e7b0118ac,2020-02-24,,WA,53,2,0,,0,,,,0,,0,,,,,,2,0
213ff93f785228e4b83ca31548043c0cc60e62de,2020-02-23,,WA,53,2,0,,0,,,,0,,0,,,,,,2,0
04d32dce1d243912e2a093c722de0525885aeacb,2020-02-22,,WA,53,2,0,,0,,,,0,,0,,,,,,2,0
45119e6892f0d6e73a616ab82bd8701be671392e,2020-02-21,,WA,53,2,0,,0,,,,0,,0,,,,,,2,0
4efdce3ecd7669b518424e872adfd877cf1fcff9,2020-02-20,,WA,53,2,0,,0,,,,0,,0,,,,,,2,0
b6cdf989462b4c723358f93d1caa9ed3d6e03f64,2020-02-19,,WA,53,2,0,,0,,,,0,,0,,,,,,2,0
760a4dd3988d54812a08592165419b03d651596a,2020-02-18,,WA,53,2,0,,0,,,,0,,0,,,,,,2,0
bc689e6d3b8ef52d20103ea3a5c0aea8c94078c0,2020-02-17,,WA,53,2,0,,0,,,,0,,0,,,,,,2,0
55a96bc82be4562696b9a30fdc1124644dc30866,2020-02-16,,WA,53,2,0,,0,,,,0,,0,,,,,,2,0
2e017dcd81acfb7118008eeedf090a6fd4385673,2020-02-15,,WA,53,2,0,,0,,,,0,,0,,,,,,2,0
dce9aeeb69bc20e83a1f66f943a774499fb00997,2020-02-14,,WA,53,2,0,,0,,,,0,,0,,,,,,2,0
8b8506311d25c47dc8b9f2d1c6ba4f854ee5c81e,2020-02-13,,WA,53,2,0,,0,,,,0,,0,,,,,,2,0
543dbab6ebbf3cf00d7e9250d530d408a404c8fd,2020-02-12,,WA,53,2,0,,0,,,,0,,0,,,,,,2,0
eece2aadd6edaacc3c2a352ec8864a6dd36c44ce,2020-02-11,,WA,53,2,0,,0,,,,0,,0,,,,,,2,0
bde8b1fef7b6e5c38ee60018de0e0eb75f520dd1,2020-02-10,,WA,53,2,0,,0,,,,0,,0,,,,,,2,0
be1bf9d23e41e17bf5fd12e3948b79e2b4031ab4,2020-02-09,,WA,53,2,0,,0,,,,0,,0,,,,,,2,0
4e7a2b7a2f7f43b74e80faae88833f7f93be7e70,2020-02-08,,WA,53,2,0,,0,,,,0,,0,,,,,,2,0
efa09e5efcfbe7fe212e37518b4209bec7216724,2020-02-07,,WA,53,2,1,,0,,,,0,,0,,,,,,2,1
9a72ee2b4bd97e02b696cab80bec0f678bf81bea,2020-02-06,,WA,53,1,0,,0,,,,0,,0,,,,,,1,0
6dc09d8f4cd21218bf22993735ecba7e697205fc,2020-02-05,,WA,53,1,0,,0,,,,0,,0,,,,,,1,0
d69fa11ca017beb3c82132d906cf01116d767ef2,2020-02-04,,WA,53,1,0,,0,,,,0,,0,,,,,,1,0
31be41a412b05a0cbecc378b34e0548beff05604,2020-02-03,,WA,53,1,0,,0,,,,0,,0,,,,,,1,0
a0c82b576405e45a40c0ac13481852754f2c656b,2020-02-02,,WA,53,1,0,,0,,,,0,,0,,,,,,1,0
5950fdaba20e64febca8c353da2723bd5c1b7cc0,2020-02-01,,WA,53,1,0,,0,,,,0,,0,,,,,,1,0
5111287fb020f920854a6d5d23f043dfa997a220,2020-01-31,,WA,53,1,0,,0,,,,0,,0,,,,,,1,0
7b47a553f4f0ff35f8c9ee54c1b4f1466527dbf4,2020-01-30,,WA,53,1,0,,0,,,,0,,0,,,,,,1,0
d68f600645fd2c7025db4e0e338a1389aebe1fad,2020-01-29,,WA,53,1,0,,0,,,,0,,0,,,,,,1,0
9516e80bf66e36f7913d44561fab1b5dc991af4c,2020-01-28,,WA,53,1,0,,0,,,,0,,0,,,,,,1,0
18c5b1ac19acf22dd4287e155d82ceb977f0dac9,2020-01-27,,WA,53,1,0,,0,,,,0,,0,,,,,,1,0
5372bd69fec11b6097c548b149e4e79fca8d21d2,2020-01-26,,WA,53,1,0,,0,,,,0,,0,,,,,,1,0
4a8a13ff65ef1f0bb991324d98609c765c5b5849,2020-01-25,,WA,53,1,0,,0,,,,0,,0,,,,,,1,0
488430e6f0d933476ca2120fe0ee2ecf4aac5b94,2020-01-24,,WA,53,1,0,,0,,,,0,,0,,,,,,1,0
7ed011fe93129bbc13213e7028e7e1e299d67691,2020-01-23,,WA,53,1,0,,0,,,,0,,0,,,,,,1,0
2d109d8ba4c74e86fa7202b7c9f26c7617945c58,2020-01-22,,WA,53,1,0,,0,,,,0,,0,,,,,,1,0
