date_stamp,us_county_fips,cnt_confirmed,cnt_hospitalized,cnt_death
2020-01-02,39043,1,0,0
2020-01-02,39089,1,0,0
2020-01-02,39095,1,0,0
2020-01-02,39099,2,0,0
2020-01-02,39153,1,0,0
2020-01-02,39165,1,0,0
2020-01-03,39001,1,0,0
2020-01-03,39025,1,0,0
2020-01-03,39029,2,0,0
2020-01-04,39111,1,0,0
2020-01-04,39137,1,0,0
2020-01-05,39023,1,0,0
2020-01-05,39035,1,0,0
2020-01-05,39045,1,0,0
2020-01-05,39077,1,0,0
2020-01-05,39119,1,0,0
2020-01-05,39151,1,0,0
2020-01-05,39155,1,0,0
2020-01-05,39161,1,0,0
2020-01-05,39167,1,0,0
2020-01-06,39045,2,0,0
2020-01-06,39097,1,0,0
2020-01-06,39113,1,1,0
2020-01-06,39119,2,0,0
2020-01-06,39139,1,0,0
2020-01-07,39109,1,0,0
2020-01-07,39149,1,0,0
2020-01-08,39095,2,0,0
2020-01-08,39113,2,1,0
2020-01-10,39057,1,0,0
2020-01-10,39113,4,1,0
2020-01-10,39153,2,0,0
2020-01-11,39003,1,0,0
2020-01-11,39035,2,0,0
2020-01-11,39041,1,0,0
2020-01-11,39055,1,0,0
2020-01-11,39145,1,0,0
2020-01-11,39167,2,0,0
2020-01-12,39109,2,0,0
2020-01-13,39023,2,0,0
2020-01-13,39043,2,1,0
2020-01-13,39057,2,0,0
2020-01-13,39061,1,0,0
2020-01-13,39113,5,1,0
2020-01-13,39153,3,0,0
2020-01-13,39159,1,1,0
2020-01-13,39165,3,0,0
2020-01-14,39011,1,0,0
2020-01-14,39153,4,0,0
2020-01-14,39155,2,1,0
2020-01-15,39023,3,0,0
2020-01-15,39025,3,0,0
2020-01-15,39041,2,0,0
2020-01-15,39049,1,0,0
2020-01-15,39061,2,0,0
2020-01-15,39085,1,0,0
2020-01-15,39095,3,0,0
2020-01-15,39103,1,0,0
2020-01-15,39113,6,1,0
2020-01-15,39149,2,0,0
2020-01-15,39151,2,0,0
2020-01-16,39033,1,0,0
2020-01-16,39105,1,0,0
2020-01-16,39175,2,0,1
2020-01-17,39025,4,0,0
2020-01-17,39035,4,0,0
2020-01-17,39157,1,1,1
2020-01-18,39001,2,0,0
2020-01-18,39139,2,0,0
2020-01-18,39161,2,0,0
2020-01-18,39171,1,1,0
2020-01-19,39023,4,0,0
2020-01-19,39063,1,0,0
2020-01-19,39113,8,1,0
2020-01-19,39153,5,0,0
2020-01-19,39155,3,1,0
2020-01-19,39165,4,0,0
2020-01-20,39039,1,0,0
2020-01-20,39061,3,0,0
2020-01-20,39135,1,0,0
2020-01-20,39153,6,0,0
2020-01-20,39157,2,1,1
2020-01-21,39041,3,0,0
2020-01-21,39061,4,0,0
2020-01-22,39027,1,0,0
2020-01-22,39041,4,0,0
2020-01-22,39057,3,0,0
2020-01-22,39061,5,1,0
2020-01-22,39075,1,0,0
2020-01-22,39153,7,0,0
2020-01-23,39035,6,0,0
2020-01-23,39057,4,0,0
2020-01-23,39061,6,1,0
2020-01-23,39103,2,0,0
2020-01-24,39081,1,0,0
2020-01-24,39151,3,0,0
2020-01-25,39035,7,0,0
2020-01-25,39039,2,1,0
2020-01-25,39061,7,1,0
2020-01-25,39079,1,0,0
2020-01-25,39135,2,0,0
2020-01-25,39159,2,1,0
2020-01-26,39003,2,0,0
2020-01-26,39041,5,0,0
2020-01-26,39045,3,0,0
2020-01-26,39091,1,0,0
2020-01-26,39109,3,0,0
2020-01-26,39153,8,0,0
2020-01-26,39173,1,0,0
2020-01-27,39017,1,0,0
2020-01-27,39045,4,0,0
2020-01-27,39049,2,0,0
2020-01-27,39113,9,1,0
2020-01-27,39145,2,0,0
2020-01-27,39151,4,0,0
2020-01-27,39153,9,0,0
2020-01-27,39165,5,0,0
2020-01-27,39173,2,0,0
2020-01-28,39033,2,0,0
2020-01-28,39059,1,0,0
2020-01-28,39087,1,0,0
2020-01-28,39093,1,0,0
2020-01-29,39007,1,0,0
2020-01-29,39153,10,0,0
2020-01-30,39049,4,0,0
2020-01-30,39113,10,1,0
2020-01-30,39151,5,0,0
2020-01-31,39029,3,0,0
2020-01-31,39043,3,1,0
2020-01-31,39099,3,0,0
2020-02-01,39021,1,0,0
2020-02-01,39025,5,0,0
2020-02-01,39041,6,0,0
2020-02-01,39089,2,1,0
2020-02-01,39103,5,0,0
2020-02-01,39139,4,1,0
2020-02-01,39153,11,0,0
2020-02-01,39165,6,0,0
2020-02-02,39041,7,0,0
2020-02-02,39043,4,2,0
2020-02-03,39057,5,0,0
2020-02-03,39099,4,1,0
2020-02-03,39113,11,1,0
2020-02-03,39135,3,0,0
2020-02-03,39153,12,0,0
2020-02-03,39157,4,1,1
2020-02-04,39113,12,1,0
2020-02-04,39139,5,1,0
2020-02-05,39043,5,2,0
2020-02-05,39159,3,1,0
2020-02-06,39103,6,0,0
2020-02-06,39137,2,0,0
2020-02-06,39165,8,0,0
2020-02-07,39049,5,0,0
2020-02-07,39113,13,1,0
2020-02-07,39153,13,0,0
2020-02-07,39165,9,0,0
2020-02-08,39159,5,1,0
2020-02-09,39077,2,0,0
2020-02-09,39173,3,0,0
2020-02-10,39003,4,0,0
2020-02-10,39041,8,0,0
2020-02-10,39043,7,2,0
2020-02-10,39107,1,0,0
2020-02-11,39041,9,0,0
2020-02-11,39063,2,0,0
2020-02-12,39035,8,0,0
2020-02-12,39043,8,2,0
2020-02-12,39047,1,0,0
2020-02-12,39113,14,2,0
2020-02-13,39157,5,1,1
2020-02-13,39165,10,0,0
2020-02-14,39003,6,0,0
2020-02-14,39043,9,2,0
2020-02-14,39049,6,0,0
2020-02-14,39057,6,0,0
2020-02-14,39095,4,0,0
2020-02-14,39099,5,2,0
2020-02-14,39153,14,0,0
2020-02-14,39165,11,0,0
2020-02-15,39035,9,1,0
2020-02-15,39041,10,0,0
2020-02-15,39049,7,0,0
2020-02-15,39095,5,0,0
2020-02-15,39103,7,0,0
2020-02-15,39113,16,2,0
2020-02-15,39139,6,1,0
2020-02-15,39165,13,0,0
2020-02-16,39035,10,1,0
2020-02-16,39043,10,2,0
2020-02-16,39049,8,0,0
2020-02-16,39057,7,0,0
2020-02-16,39061,8,1,0
2020-02-16,39103,8,0,0
2020-02-17,39003,7,0,0
2020-02-17,39093,2,0,0
2020-02-17,39103,9,0,0
2020-02-17,39109,4,0,0
2020-02-18,39011,2,0,0
2020-02-18,39049,9,0,0
2020-02-19,39061,9,1,0
2020-02-19,39077,3,0,0
2020-02-19,39095,6,0,0
2020-02-20,39037,1,0,0
2020-02-20,39041,12,0,0
2020-02-20,39043,12,2,0
2020-02-20,39049,10,1,0
2020-02-20,39057,8,0,0
2020-02-20,39099,6,2,0
2020-02-20,39103,11,0,0
2020-02-20,39109,5,0,0
2020-02-21,39019,1,0,0
2020-02-21,39035,11,1,0
2020-02-21,39061,10,1,0
2020-02-21,39103,13,0,0
2020-02-21,39113,17,2,0
2020-02-21,39153,15,0,0
2020-02-21,39159,6,1,0
2020-02-22,39043,13,2,0
2020-02-22,39113,19,2,0
2020-02-23,39019,2,1,0
2020-02-23,39035,12,1,0
2020-02-23,39049,11,1,0
2020-02-23,39091,2,0,0
2020-02-23,39127,1,0,0
2020-02-23,39159,7,1,0
2020-02-24,39003,8,0,0
2020-02-24,39043,14,2,0
2020-02-24,39049,13,1,0
2020-02-24,39145,3,0,0
2020-02-24,39153,16,0,0
2020-02-24,39157,6,1,1
2020-02-25,39035,13,1,0
2020-02-25,39049,14,1,0
2020-02-25,39093,3,0,0
2020-02-25,39103,14,1,0
2020-02-25,39113,21,2,0
2020-02-25,39151,6,1,0
2020-02-25,39157,7,1,1
2020-02-26,39061,11,1,0
2020-02-26,39093,4,1,0
2020-02-26,39095,8,1,0
2020-02-26,39109,6,0,0
2020-02-26,39113,22,2,0
2020-02-26,39153,17,0,0
2020-02-26,39155,4,1,0
2020-02-26,39167,3,1,0
2020-02-27,39017,2,0,0
2020-02-27,39055,2,0,0
2020-02-27,39085,2,0,0
2020-02-27,39153,18,1,0
2020-02-28,39003,9,0,0
2020-02-28,39011,3,0,0
2020-02-28,39017,3,0,0
2020-02-28,39023,5,0,0
2020-02-28,39035,15,1,0
2020-02-28,39043,15,2,0
2020-02-28,39049,20,1,0
2020-02-28,39073,1,1,0
2020-02-28,39077,4,0,0
2020-02-28,39085,3,0,0
2020-02-28,39123,1,0,0
2020-02-28,39137,4,0,0
2020-02-28,39151,7,1,0
2020-02-28,39153,19,1,0
2020-02-28,39155,5,1,0
2020-02-28,39173,4,0,0
2020-02-29,39017,4,0,0
2020-02-29,39035,18,2,0
2020-02-29,39049,22,1,0
2020-02-29,39061,13,2,0
2020-02-29,39095,11,1,0
2020-02-29,39099,8,3,1
2020-02-29,39113,23,2,0
2020-02-29,39153,20,1,0
2020-03-01,39003,11,0,0
2020-03-01,39017,8,0,0
2020-03-01,39023,6,0,0
2020-03-01,39025,9,1,0
2020-03-01,39035,21,3,0
2020-03-01,39041,19,0,0
2020-03-01,39043,17,2,0
2020-03-01,39045,5,0,0
2020-03-01,39049,26,1,0
2020-03-01,39053,1,0,0
2020-03-01,39057,13,0,0
2020-03-01,39071,1,0,0
2020-03-01,39089,3,1,0
2020-03-01,39095,13,1,0
2020-03-01,39099,12,5,1
2020-03-01,39109,7,0,0
2020-03-01,39113,24,2,0
2020-03-01,39129,1,0,0
2020-03-01,39139,7,1,0
2020-03-01,39147,1,1,0
2020-03-01,39151,8,1,0
2020-03-01,39153,24,2,2
2020-03-01,39159,8,1,0
2020-03-01,39165,16,0,0
2020-03-02,39017,9,1,1
2020-03-02,39035,23,3,0
2020-03-02,39041,20,0,0
2020-03-02,39049,30,1,0
2020-03-02,39061,15,3,0
2020-03-02,39095,14,1,0
2020-03-02,39099,13,5,1
2020-03-02,39109,8,0,0
2020-03-02,39133,1,0,0
2020-03-02,39151,9,1,0
2020-03-02,39165,17,0,0
2020-03-02,39171,2,1,0
2020-03-03,39017,12,1,1
2020-03-03,39023,7,0,0
2020-03-03,39035,25,3,0
2020-03-03,39049,34,1,0
2020-03-03,39061,17,3,0
2020-03-03,39095,18,3,1
2020-03-03,39103,15,1,0
2020-03-03,39151,10,2,1
2020-03-03,39155,6,2,0
2020-03-03,39165,18,0,0
2020-03-04,39031,1,0,0
2020-03-04,39035,27,3,0
2020-03-04,39041,21,0,0
2020-03-04,39049,38,2,0
2020-03-04,39057,14,0,0
2020-03-04,39061,18,3,0
2020-03-04,39095,19,4,1
2020-03-04,39099,15,7,2
2020-03-04,39119,3,1,0
2020-03-04,39147,2,1,0
2020-03-04,39153,25,2,2
2020-03-05,39035,32,4,0
2020-03-05,39049,40,2,0
2020-03-05,39057,16,1,1
2020-03-05,39061,19,3,0
2020-03-05,39079,2,0,0
2020-03-05,39085,4,0,0
2020-03-05,39091,3,0,0
2020-03-05,39095,21,5,2
2020-03-05,39113,25,2,1
2020-03-05,39151,11,3,1
2020-03-05,39165,19,0,0
2020-03-06,39013,2,1,0
2020-03-06,39017,14,2,1
2020-03-06,39033,3,0,0
2020-03-06,39035,38,5,1
2020-03-06,39047,2,0,0
2020-03-06,39049,47,4,1
2020-03-06,39089,4,1,0
2020-03-06,39091,4,0,0
2020-03-06,39093,5,1,0
2020-03-06,39095,24,7,2
2020-03-06,39099,19,8,2
2020-03-06,39113,27,2,1
2020-03-06,39133,2,1,0
2020-03-06,39139,8,2,0
2020-03-06,39157,8,2,1
2020-03-06,39165,22,0,0
2020-03-06,39173,5,0,0
2020-03-07,39009,1,0,0
2020-03-07,39017,15,2,1
2020-03-07,39021,2,0,0
2020-03-07,39035,40,6,1
2020-03-07,39041,22,0,0
2020-03-07,39045,6,0,0
2020-03-07,39049,54,5,1
2020-03-07,39057,17,1,1
2020-03-07,39061,24,4,0
2020-03-07,39085,5,0,0
2020-03-07,39087,2,0,0
2020-03-07,39093,6,1,0
2020-03-07,39095,26,9,2
2020-03-07,39099,21,9,2
2020-03-07,39101,1,0,0
2020-03-07,39109,9,0,0
2020-03-07,39113,31,4,1
2020-03-07,39133,3,1,0
2020-03-07,39151,12,3,1
2020-03-07,39153,27,4,2
2020-03-07,39165,24,1,0
2020-03-08,39017,17,3,1
2020-03-08,39035,48,9,1
2020-03-08,39041,25,0,0
2020-03-08,39045,7,0,0
2020-03-08,39049,60,5,1
2020-03-08,39061,27,6,0
2020-03-08,39077,5,1,1
2020-03-08,39095,27,10,2
2020-03-08,39099,23,10,3
2020-03-08,39129,2,0,0
2020-03-08,39133,4,1,0
2020-03-08,39151,13,3,1
2020-03-08,39153,30,4,2
2020-03-08,39155,7,3,0
2020-03-08,39159,9,1,0
2020-03-08,39165,25,1,0
2020-03-08,39173,8,0,0
2020-03-09,39017,19,4,1
2020-03-09,39033,4,0,0
2020-03-09,39035,58,12,1
2020-03-09,39041,28,1,0
2020-03-09,39049,72,11,2
2020-03-09,39055,3,0,0
2020-03-09,39061,29,7,0
2020-03-09,39083,1,0,0
2020-03-09,39089,5,1,0
2020-03-09,39091,5,1,0
2020-03-09,39093,8,2,0
2020-03-09,39095,30,11,2
2020-03-09,39099,28,13,4
2020-03-09,39103,17,2,0
2020-03-09,39109,11,1,0
2020-03-09,39113,33,5,1
2020-03-09,39133,6,2,0
2020-03-09,39139,9,3,1
2020-03-09,39143,1,1,0
2020-03-09,39151,15,3,1
2020-03-09,39153,33,5,2
2020-03-09,39155,9,4,0
2020-03-09,39157,9,3,1
2020-03-09,39165,27,1,0
2020-03-09,39169,1,1,0
2020-03-10,39017,21,5,1
2020-03-10,39019,3,1,0
2020-03-10,39023,9,1,0
2020-03-10,39025,10,1,0
2020-03-10,39029,4,0,0
2020-03-10,39035,72,15,2
2020-03-10,39039,3,2,0
2020-03-10,39041,32,1,0
2020-03-10,39043,18,2,0
2020-03-10,39045,8,0,0
2020-03-10,39049,84,13,3
2020-03-10,39055,4,0,0
2020-03-10,39057,18,1,1
2020-03-10,39061,33,7,0
2020-03-10,39089,7,1,0
2020-03-10,39093,10,2,0
2020-03-10,39099,38,19,5
2020-03-10,39109,13,1,0
2020-03-10,39113,37,5,1
2020-03-10,39119,4,1,0
2020-03-10,39133,7,2,0
2020-03-10,39139,10,4,1
2020-03-10,39143,2,2,0
2020-03-10,39147,3,2,0
2020-03-10,39151,18,5,1
2020-03-10,39153,43,10,2
2020-03-10,39155,10,4,0
2020-03-10,39159,10,1,0
2020-03-10,39165,32,1,0
2020-03-10,39167,4,1,0
2020-03-10,39171,3,1,0
2020-03-11,39003,12,0,0
2020-03-11,39011,4,0,0
2020-03-11,39013,3,1,0
2020-03-11,39017,23,6,1
2020-03-11,39019,4,1,0
2020-03-11,39021,3,1,1
2020-03-11,39029,5,0,0
2020-03-11,39031,2,0,0
2020-03-11,39035,89,21,3
2020-03-11,39037,2,0,0
2020-03-11,39039,4,2,0
2020-03-11,39041,33,1,0
2020-03-11,39049,97,14,3
2020-03-11,39055,5,0,0
2020-03-11,39061,39,8,0
2020-03-11,39069,1,0,0
2020-03-11,39093,16,2,0
2020-03-11,39095,32,11,2
2020-03-11,39099,39,19,5
2020-03-11,39103,18,2,0
2020-03-11,39105,2,0,0
2020-03-11,39109,14,2,0
2020-03-11,39113,40,6,2
2020-03-11,39131,1,0,0
2020-03-11,39149,3,0,0
2020-03-11,39151,20,6,1
2020-03-11,39153,47,11,2
2020-03-11,39155,12,6,1
2020-03-11,39157,10,3,1
2020-03-11,39159,11,1,0
2020-03-11,39165,34,1,0
2020-03-11,39173,10,0,0
2020-03-12,39009,2,0,0
2020-03-12,39013,4,1,0
2020-03-12,39017,26,8,1
2020-03-12,39025,11,2,0
2020-03-12,39035,107,26,4
2020-03-12,39037,3,0,0
2020-03-12,39041,38,1,0
2020-03-12,39043,19,2,0
2020-03-12,39045,11,1,0
2020-03-12,39049,114,18,3
2020-03-12,39053,2,0,0
2020-03-12,39055,7,0,0
2020-03-12,39057,19,2,1
2020-03-12,39061,45,9,0
2020-03-12,39069,2,0,0
2020-03-12,39085,6,1,0
2020-03-12,39089,8,1,0
2020-03-12,39093,22,4,1
2020-03-12,39095,36,13,2
2020-03-12,39099,46,21,5
2020-03-12,39101,2,0,0
2020-03-12,39109,15,2,0
2020-03-12,39113,44,6,2
2020-03-12,39139,11,4,1
2020-03-12,39151,22,7,2
2020-03-12,39153,52,14,2
2020-03-12,39155,16,8,1
2020-03-12,39165,36,2,0
2020-03-12,39175,3,1,2
2020-03-13,39009,3,0,0
2020-03-13,39011,5,0,0
2020-03-13,39017,29,8,1
2020-03-13,39019,6,2,0
2020-03-13,39025,13,3,0
2020-03-13,39029,8,2,0
2020-03-13,39035,130,30,5
2020-03-13,39039,6,3,0
2020-03-13,39041,41,2,0
2020-03-13,39045,13,2,0
2020-03-13,39049,134,21,4
2020-03-13,39055,9,1,0
2020-03-13,39057,20,2,1
2020-03-13,39061,58,15,0
2020-03-13,39077,6,2,1
2020-03-13,39083,2,1,0
2020-03-13,39085,9,1,0
2020-03-13,39089,12,2,1
2020-03-13,39091,6,1,0
2020-03-13,39093,26,5,1
2020-03-13,39095,45,18,2
2020-03-13,39099,58,25,5
2020-03-13,39103,19,2,0
2020-03-13,39109,22,3,1
2020-03-13,39113,53,7,3
2020-03-13,39123,2,0,0
2020-03-13,39135,4,1,0
2020-03-13,39137,5,1,0
2020-03-13,39139,12,5,1
2020-03-13,39147,4,2,0
2020-03-13,39151,25,8,2
2020-03-13,39153,60,17,2
2020-03-13,39155,19,11,1
2020-03-13,39165,41,2,0
2020-03-13,39169,3,1,0
2020-03-13,39173,12,0,0
2020-03-14,39003,13,0,0
2020-03-14,39011,6,0,0
2020-03-14,39017,35,8,1
2020-03-14,39019,8,4,0
2020-03-14,39025,15,3,0
2020-03-14,39033,6,0,0
2020-03-14,39035,166,39,7
2020-03-14,39039,7,3,0
2020-03-14,39041,48,3,1
2020-03-14,39043,22,4,1
2020-03-14,39045,14,2,0
2020-03-14,39047,3,0,0
2020-03-14,39049,149,25,5
2020-03-14,39055,10,1,0
2020-03-14,39057,21,2,1
2020-03-14,39061,75,19,0
2020-03-14,39063,3,1,0
2020-03-14,39081,2,0,0
2020-03-14,39085,13,2,0
2020-03-14,39089,13,3,1
2020-03-14,39093,34,7,1
2020-03-14,39095,54,22,3
2020-03-14,39097,2,0,0
2020-03-14,39099,62,27,5
2020-03-14,39103,23,3,0
2020-03-14,39109,25,3,1
2020-03-14,39113,55,7,3
2020-03-14,39133,9,2,0
2020-03-14,39135,5,1,0
2020-03-14,39143,3,2,0
2020-03-14,39147,5,2,0
2020-03-14,39151,29,9,3
2020-03-14,39153,69,18,2
2020-03-14,39155,20,12,1
2020-03-14,39159,12,1,0
2020-03-14,39165,44,2,0
2020-03-14,39169,4,1,0
2020-03-15,39003,14,1,0
2020-03-15,39005,1,0,0
2020-03-15,39007,2,0,0
2020-03-15,39011,7,0,0
2020-03-15,39017,37,10,1
2020-03-15,39023,10,1,0
2020-03-15,39025,21,4,0
2020-03-15,39029,9,3,0
2020-03-15,39033,7,0,0
2020-03-15,39035,198,50,8
2020-03-15,39041,56,4,1
2020-03-15,39043,23,5,1
2020-03-15,39045,16,2,0
2020-03-15,39049,187,30,6
2020-03-15,39051,1,0,0
2020-03-15,39055,11,2,0
2020-03-15,39057,22,2,1
2020-03-15,39061,89,23,0
2020-03-15,39063,4,1,0
2020-03-15,39085,15,3,1
2020-03-15,39089,16,3,1
2020-03-15,39091,7,1,0
2020-03-15,39093,42,9,1
2020-03-15,39095,64,25,3
2020-03-15,39099,72,33,6
2020-03-15,39103,30,5,0
2020-03-15,39107,2,0,0
2020-03-15,39109,30,4,2
2020-03-15,39113,65,8,3
2020-03-15,39121,1,0,0
2020-03-15,39125,1,0,0
2020-03-15,39129,3,1,0
2020-03-15,39133,10,2,0
2020-03-15,39147,6,2,0
2020-03-15,39149,4,0,0
2020-03-15,39151,31,9,3
2020-03-15,39153,78,20,3
2020-03-15,39155,24,14,1
2020-03-15,39159,14,1,0
2020-03-15,39165,53,2,0
2020-03-15,39169,5,2,0
2020-03-15,39173,13,1,0
2020-03-15,39175,5,1,2
2020-03-16,39003,16,2,0
2020-03-16,39013,6,1,0
2020-03-16,39015,1,1,0
2020-03-16,39017,40,11,1
2020-03-16,39021,6,1,1
2020-03-16,39023,12,1,0
2020-03-16,39025,24,5,0
2020-03-16,39027,2,0,0
2020-03-16,39029,11,5,1
2020-03-16,39031,3,0,0
2020-03-16,39035,246,60,9
2020-03-16,39041,62,5,1
2020-03-16,39043,26,6,1
2020-03-16,39045,18,3,0
2020-03-16,39049,234,33,6
2020-03-16,39051,2,0,0
2020-03-16,39055,13,3,0
2020-03-16,39057,23,2,1
2020-03-16,39061,110,31,1
2020-03-16,39065,1,1,0
2020-03-16,39069,3,0,0
2020-03-16,39083,5,2,0
2020-03-16,39085,23,5,2
2020-03-16,39089,18,3,1
2020-03-16,39093,49,10,2
2020-03-16,39095,85,32,4
2020-03-16,39097,4,1,1
2020-03-16,39099,81,35,6
2020-03-16,39101,3,0,0
2020-03-16,39103,37,6,0
2020-03-16,39107,3,0,0
2020-03-16,39109,47,8,6
2020-03-16,39113,72,10,3
2020-03-16,39127,2,0,0
2020-03-16,39129,6,2,1
2020-03-16,39151,37,9,3
2020-03-16,39153,94,26,4
2020-03-16,39155,27,16,3
2020-03-16,39157,12,3,1
2020-03-16,39159,16,1,0
2020-03-16,39165,58,2,0
2020-03-16,39169,7,3,0
2020-03-16,39173,15,1,0
2020-03-16,39175,6,1,2
2020-03-17,39003,17,2,0
2020-03-17,39005,2,0,0
2020-03-17,39007,3,1,0
2020-03-17,39013,8,1,0
2020-03-17,39017,49,12,1
2020-03-17,39021,7,1,1
2020-03-17,39025,29,6,1
2020-03-17,39027,3,0,0
2020-03-17,39029,12,6,2
2020-03-17,39033,8,0,0
2020-03-17,39035,309,72,10
2020-03-17,39041,68,6,1
2020-03-17,39043,29,7,2
2020-03-17,39045,21,3,0
2020-03-17,39049,283,42,10
2020-03-17,39055,18,6,0
2020-03-17,39061,131,40,2
2020-03-17,39063,6,1,0
2020-03-17,39085,28,5,2
2020-03-17,39089,20,3,1
2020-03-17,39091,8,1,0
2020-03-17,39093,56,13,2
2020-03-17,39095,101,38,4
2020-03-17,39097,5,1,1
2020-03-17,39099,99,46,9
2020-03-17,39101,5,1,0
2020-03-17,39103,42,9,1
2020-03-17,39109,55,10,7
2020-03-17,39113,91,16,3
2020-03-17,39123,3,0,0
2020-03-17,39133,12,2,0
2020-03-17,39135,6,2,1
2020-03-17,39139,13,6,1
2020-03-17,39143,4,3,1
2020-03-17,39151,40,10,3
2020-03-17,39153,102,26,4
2020-03-17,39155,34,18,3
2020-03-17,39157,13,3,1
2020-03-17,39159,18,1,0
2020-03-17,39165,63,3,0
2020-03-17,39169,8,3,0
2020-03-17,39171,4,1,0
2020-03-17,39173,16,1,0
2020-03-17,39175,7,1,2
2020-03-18,39005,3,1,0
2020-03-18,39011,8,0,0
2020-03-18,39017,53,12,1
2020-03-18,39025,30,6,1
2020-03-18,39027,4,0,0
2020-03-18,39029,13,7,2
2020-03-18,39031,4,1,0
2020-03-18,39035,358,88,11
2020-03-18,39037,4,0,0
2020-03-18,39041,74,8,1
2020-03-18,39043,30,7,2
2020-03-18,39045,24,3,0
2020-03-18,39049,334,53,13
2020-03-18,39053,3,1,0
2020-03-18,39055,19,7,0
2020-03-18,39057,25,3,2
2020-03-18,39061,148,45,4
2020-03-18,39063,7,2,1
2020-03-18,39077,7,2,1
2020-03-18,39081,3,1,0
2020-03-18,39085,33,6,2
2020-03-18,39089,22,3,1
2020-03-18,39093,63,16,4
2020-03-18,39095,120,46,4
2020-03-18,39097,7,2,2
2020-03-18,39099,115,50,11
2020-03-18,39103,48,10,2
2020-03-18,39109,59,12,8
2020-03-18,39113,101,16,3
2020-03-18,39123,4,1,0
2020-03-18,39129,9,2,1
2020-03-18,39133,14,3,0
2020-03-18,39139,14,6,1
2020-03-18,39141,1,0,0
2020-03-18,39151,42,11,3
2020-03-18,39153,112,30,5
2020-03-18,39155,35,18,3
2020-03-18,39159,19,1,0
2020-03-18,39165,73,4,0
2020-03-18,39167,6,2,0
2020-03-18,39169,9,3,0
2020-03-18,39173,20,1,0
2020-03-19,39001,3,0,0
2020-03-19,39005,4,2,0
2020-03-19,39013,10,1,0
2020-03-19,39017,56,13,2
2020-03-19,39021,9,1,1
2020-03-19,39023,13,1,0
2020-03-19,39029,14,8,3
2020-03-19,39031,5,1,0
2020-03-19,39035,409,103,12
2020-03-19,39039,8,3,0
2020-03-19,39041,79,9,1
2020-03-19,39045,25,4,0
2020-03-19,39049,359,55,13
2020-03-19,39053,4,2,1
2020-03-19,39055,21,8,0
2020-03-19,39057,26,3,2
2020-03-19,39061,165,50,4
2020-03-19,39063,8,2,1
2020-03-19,39077,8,3,1
2020-03-19,39085,36,7,2
2020-03-19,39089,25,4,1
2020-03-19,39093,69,18,4
2020-03-19,39095,137,53,4
2020-03-19,39097,8,2,2
2020-03-19,39099,131,59,14
2020-03-19,39103,54,11,2
2020-03-19,39109,65,14,9
2020-03-19,39113,108,18,3
2020-03-19,39117,1,0,0
2020-03-19,39119,5,1,0
2020-03-19,39129,12,4,1
2020-03-19,39133,16,3,0
2020-03-19,39139,15,7,1
2020-03-19,39149,7,0,0
2020-03-19,39151,45,12,3
2020-03-19,39153,120,34,5
2020-03-19,39155,39,21,3
2020-03-19,39157,14,4,1
2020-03-19,39159,20,1,0
2020-03-19,39161,3,0,0
2020-03-19,39165,77,5,0
2020-03-19,39173,22,3,0
2020-03-19,39175,8,1,2
2020-03-20,39007,5,1,0
2020-03-20,39017,63,17,2
2020-03-20,39023,15,1,0
2020-03-20,39025,33,7,1
2020-03-20,39027,5,1,0
2020-03-20,39029,18,10,3
2020-03-20,39031,7,1,0
2020-03-20,39033,9,0,0
2020-03-20,39035,459,125,17
2020-03-20,39037,6,0,1
2020-03-20,39041,91,13,1
2020-03-20,39043,31,7,2
2020-03-20,39045,27,4,0
2020-03-20,39049,402,62,15
2020-03-20,39055,24,9,0
2020-03-20,39057,33,3,2
2020-03-20,39061,177,56,4
2020-03-20,39063,11,4,1
2020-03-20,39085,45,9,2
2020-03-20,39087,3,1,0
2020-03-20,39089,28,5,1
2020-03-20,39093,79,23,5
2020-03-20,39095,167,65,7
2020-03-20,39097,9,2,2
2020-03-20,39099,157,72,15
2020-03-20,39101,7,2,1
2020-03-20,39103,61,13,4
2020-03-20,39107,5,1,1
2020-03-20,39109,72,17,10
2020-03-20,39111,2,1,0
2020-03-20,39113,126,21,4
2020-03-20,39115,1,0,0
2020-03-20,39123,5,2,1
2020-03-20,39129,13,4,1
2020-03-20,39133,20,4,0
2020-03-20,39135,9,2,1
2020-03-20,39149,9,2,0
2020-03-20,39151,50,15,4
2020-03-20,39153,136,41,7
2020-03-20,39155,44,24,4
2020-03-20,39157,17,5,1
2020-03-20,39159,21,1,0
2020-03-20,39165,84,5,0
2020-03-20,39169,12,4,1
2020-03-20,39173,27,5,0
2020-03-21,39003,23,5,0
2020-03-21,39011,9,1,0
2020-03-21,39017,68,20,3
2020-03-21,39029,20,11,3
2020-03-21,39031,8,1,0
2020-03-21,39033,10,0,0
2020-03-21,39035,506,136,17
2020-03-21,39037,8,0,1
2020-03-21,39039,9,4,0
2020-03-21,39041,94,13,1
2020-03-21,39045,30,5,0
2020-03-21,39049,440,69,15
2020-03-21,39055,27,9,0
2020-03-21,39057,36,5,3
2020-03-21,39061,202,64,6
2020-03-21,39063,15,5,1
2020-03-21,39085,47,9,2
2020-03-21,39089,31,7,1
2020-03-21,39091,9,1,0
2020-03-21,39093,84,23,5
2020-03-21,39095,184,77,7
2020-03-21,39097,10,3,2
2020-03-21,39099,173,83,18
2020-03-21,39101,8,2,1
2020-03-21,39103,67,15,5
2020-03-21,39109,75,19,10
2020-03-21,39113,135,23,4
2020-03-21,39127,3,0,0
2020-03-21,39129,16,4,1
2020-03-21,39133,21,4,0
2020-03-21,39141,4,2,0
2020-03-21,39151,52,15,4
2020-03-21,39153,147,47,10
2020-03-21,39155,47,26,4
2020-03-21,39157,18,5,1
2020-03-21,39165,91,7,0
2020-03-21,39167,8,3,1
2020-03-21,39169,14,5,1
2020-03-21,39173,28,6,0
2020-03-22,39003,25,5,0
2020-03-22,39013,11,2,1
2020-03-22,39017,71,21,3
2020-03-22,39025,35,8,1
2020-03-22,39033,11,0,0
2020-03-22,39035,550,144,18
2020-03-22,39037,9,0,2
2020-03-22,39041,98,13,1
2020-03-22,39043,32,8,3
2020-03-22,39045,33,6,0
2020-03-22,39049,468,76,16
2020-03-22,39051,3,1,0
2020-03-22,39057,40,7,4
2020-03-22,39061,230,79,11
2020-03-22,39063,17,5,1
2020-03-22,39071,2,0,0
2020-03-22,39077,9,3,1
2020-03-22,39085,53,12,4
2020-03-22,39089,39,7,1
2020-03-22,39093,90,25,6
2020-03-22,39095,199,84,7
2020-03-22,39099,184,87,19
2020-03-22,39101,9,2,1
2020-03-22,39103,69,15,5
2020-03-22,39107,6,1,1
2020-03-22,39109,79,19,10
2020-03-22,39113,141,24,4
2020-03-22,39119,6,2,0
2020-03-22,39123,7,4,1
2020-03-22,39125,2,0,0
2020-03-22,39129,18,4,1
2020-03-22,39133,25,6,1
2020-03-22,39139,16,8,1
2020-03-22,39151,56,15,5
2020-03-22,39153,155,50,13
2020-03-22,39155,50,28,4
2020-03-22,39157,23,8,1
2020-03-22,39159,22,1,0
2020-03-22,39165,95,8,0
2020-03-22,39167,9,3,1
2020-03-22,39175,9,1,2
2020-03-23,39003,31,9,0
2020-03-23,39007,6,1,0
2020-03-23,39009,4,1,1
2020-03-23,39011,11,2,1
2020-03-23,39013,12,2,1
2020-03-23,39017,76,25,3
2020-03-23,39023,17,2,0
2020-03-23,39025,39,9,2
2020-03-23,39027,7,1,0
2020-03-23,39029,26,14,4
2020-03-23,39031,9,1,0
2020-03-23,39033,12,0,0
2020-03-23,39035,631,171,24
2020-03-23,39037,10,0,2
2020-03-23,39041,107,15,1
2020-03-23,39043,33,9,3
2020-03-23,39045,40,7,0
2020-03-23,39049,512,86,18
2020-03-23,39055,30,10,0
2020-03-23,39057,43,7,4
2020-03-23,39061,252,85,12
2020-03-23,39063,21,5,1
2020-03-23,39075,2,0,0
2020-03-23,39077,10,3,1
2020-03-23,39081,4,1,0
2020-03-23,39085,61,15,4
2020-03-23,39089,42,9,2
2020-03-23,39091,10,1,0
2020-03-23,39093,96,25,6
2020-03-23,39095,228,96,8
2020-03-23,39097,12,3,2
2020-03-23,39099,196,90,21
2020-03-23,39103,71,15,5
2020-03-23,39107,7,1,1
2020-03-23,39109,91,23,12
2020-03-23,39113,152,26,4
2020-03-23,39119,7,2,0
2020-03-23,39133,31,6,1
2020-03-23,39135,10,3,1
2020-03-23,39139,17,9,1
2020-03-23,39143,5,4,2
2020-03-23,39149,11,4,0
2020-03-23,39151,63,19,6
2020-03-23,39153,168,53,14
2020-03-23,39155,57,34,6
2020-03-23,39157,24,8,1
2020-03-23,39161,4,1,0
2020-03-23,39165,101,8,0
2020-03-23,39167,10,3,1
2020-03-23,39169,17,6,1
2020-03-23,39171,5,2,0
2020-03-23,39173,35,9,1
2020-03-24,39003,37,12,2
2020-03-24,39015,2,1,0
2020-03-24,39017,85,30,3
2020-03-24,39023,19,2,0
2020-03-24,39029,28,15,4
2020-03-24,39033,14,1,0
2020-03-24,39035,670,180,25
2020-03-24,39037,13,0,2
2020-03-24,39041,115,16,2
2020-03-24,39045,43,10,0
2020-03-24,39049,542,92,20
2020-03-24,39055,31,11,0
2020-03-24,39057,48,7,4
2020-03-24,39061,275,92,12
2020-03-24,39083,6,2,0
2020-03-24,39085,66,17,4
2020-03-24,39089,43,9,2
2020-03-24,39093,102,27,6
2020-03-24,39095,248,105,9
2020-03-24,39097,13,4,2
2020-03-24,39099,227,104,25
2020-03-24,39101,11,2,1
2020-03-24,39103,75,16,5
2020-03-24,39107,9,1,1
2020-03-24,39109,99,26,13
2020-03-24,39113,168,27,4
2020-03-24,39115,2,0,0
2020-03-24,39117,2,1,0
2020-03-24,39129,19,4,1
2020-03-24,39133,36,7,2
2020-03-24,39139,18,10,1
2020-03-24,39143,6,5,3
2020-03-24,39149,13,6,0
2020-03-24,39151,67,20,7
2020-03-24,39153,181,61,16
2020-03-24,39155,68,41,7
2020-03-24,39165,105,9,0
2020-03-24,39169,21,7,1
2020-03-24,39173,39,10,1
2020-03-25,39003,42,12,2
2020-03-25,39005,5,2,0
2020-03-25,39007,7,1,0
2020-03-25,39011,13,2,1
2020-03-25,39017,89,31,3
2020-03-25,39025,41,9,2
2020-03-25,39029,33,20,4
2020-03-25,39035,724,200,33
2020-03-25,39037,14,0,2
2020-03-25,39039,10,5,0
2020-03-25,39041,120,16,2
2020-03-25,39043,34,9,3
2020-03-25,39045,51,10,0
2020-03-25,39049,596,101,20
2020-03-25,39051,4,2,0
2020-03-25,39053,5,2,1
2020-03-25,39055,33,11,0
2020-03-25,39057,49,7,4
2020-03-25,39061,301,98,13
2020-03-25,39063,24,6,2
2020-03-25,39071,3,1,0
2020-03-25,39081,6,1,0
2020-03-25,39085,71,19,4
2020-03-25,39087,4,2,0
2020-03-25,39089,53,11,3
2020-03-25,39093,103,28,7
2020-03-25,39095,270,114,13
2020-03-25,39097,14,4,2
2020-03-25,39099,246,112,28
2020-03-25,39103,77,17,5
2020-03-25,39107,10,1,1
2020-03-25,39109,108,26,14
2020-03-25,39111,3,2,0
2020-03-25,39113,177,31,4
2020-03-25,39117,3,2,0
2020-03-25,39119,8,2,0
2020-03-25,39127,4,0,0
2020-03-25,39129,20,5,1
2020-03-25,39133,45,10,4
2020-03-25,39139,19,10,1
2020-03-25,39143,7,6,3
2020-03-25,39149,14,7,0
2020-03-25,39151,73,22,8
2020-03-25,39153,192,64,17
2020-03-25,39155,78,45,8
2020-03-25,39157,25,8,1
2020-03-25,39159,23,1,0
2020-03-25,39165,107,10,0
2020-03-25,39169,24,7,1
2020-03-25,39173,41,10,1
2020-03-26,39003,49,15,3
2020-03-26,39005,6,2,0
2020-03-26,39007,8,1,0
2020-03-26,39017,93,32,3
2020-03-26,39019,9,4,0
2020-03-26,39023,21,4,0
2020-03-26,39027,11,2,0
2020-03-26,39029,36,23,5
2020-03-26,39031,11,1,0
2020-03-26,39035,789,220,40
2020-03-26,39037,17,0,3
2020-03-26,39039,11,5,0
2020-03-26,39041,126,17,2
2020-03-26,39049,639,107,23
2020-03-26,39051,5,3,0
2020-03-26,39057,51,7,4
2020-03-26,39061,324,111,18
2020-03-26,39077,12,3,1
2020-03-26,39081,7,1,0
2020-03-26,39085,76,23,5
2020-03-26,39089,55,11,3
2020-03-26,39093,111,33,10
2020-03-26,39095,305,129,19
2020-03-26,39097,15,4,2
2020-03-26,39099,270,116,32
2020-03-26,39103,81,17,5
2020-03-26,39107,11,1,1
2020-03-26,39109,111,27,14
2020-03-26,39113,187,35,4
2020-03-26,39123,8,4,1
2020-03-26,39127,5,1,0
2020-03-26,39129,21,5,1
2020-03-26,39133,49,12,6
2020-03-26,39139,20,10,1
2020-03-26,39147,7,3,1
2020-03-26,39149,15,7,0
2020-03-26,39151,78,24,8
2020-03-26,39153,203,68,17
2020-03-26,39155,82,47,9
2020-03-26,39157,27,8,1
2020-03-26,39165,109,10,0
2020-03-26,39169,25,7,1
2020-03-26,39173,42,10,1
2020-03-26,39175,10,1,2
2020-03-27,39003,51,16,3
2020-03-27,39005,7,2,0
2020-03-27,39011,15,3,2
2020-03-27,39015,4,2,0
2020-03-27,39017,100,34,3
2020-03-27,39023,25,6,0
2020-03-27,39025,46,10,3
2020-03-27,39029,42,27,7
2020-03-27,39035,857,238,45
2020-03-27,39037,26,0,6
2020-03-27,39041,129,17,2
2020-03-27,39043,37,10,3
2020-03-27,39045,55,11,0
2020-03-27,39049,667,114,23
2020-03-27,39055,37,11,0
2020-03-27,39057,54,8,4
2020-03-27,39061,352,123,20
2020-03-27,39075,3,0,0
2020-03-27,39081,9,1,0
2020-03-27,39085,83,25,5
2020-03-27,39089,56,11,3
2020-03-27,39091,12,1,0
2020-03-27,39093,115,33,10
2020-03-27,39095,335,139,20
2020-03-27,39097,17,4,2
2020-03-27,39099,290,124,32
2020-03-27,39101,15,2,1
2020-03-27,39103,86,18,5
2020-03-27,39107,13,2,1
2020-03-27,39109,117,28,15
2020-03-27,39113,208,41,5
2020-03-27,39123,9,4,1
2020-03-27,39125,3,0,0
2020-03-27,39127,6,2,0
2020-03-27,39129,24,6,1
2020-03-27,39133,55,16,7
2020-03-27,39135,12,3,1
2020-03-27,39141,5,3,0
2020-03-27,39147,9,4,1
2020-03-27,39151,86,26,8
2020-03-27,39153,217,75,20
2020-03-27,39155,97,51,9
2020-03-27,39157,29,8,1
2020-03-27,39159,24,2,0
2020-03-27,39161,5,1,0
2020-03-27,39165,111,10,1
2020-03-27,39167,12,3,1
2020-03-27,39169,30,9,2
2020-03-27,39173,51,12,2
2020-03-28,39003,53,16,3
2020-03-28,39011,16,3,2
2020-03-28,39013,13,2,1
2020-03-28,39015,5,3,1
2020-03-28,39017,105,36,4
2020-03-28,39019,10,4,0
2020-03-28,39021,11,2,1
2020-03-28,39025,49,12,3
2020-03-28,39029,47,29,7
2020-03-28,39031,12,2,0
2020-03-28,39033,15,1,0
2020-03-28,39035,919,256,52
2020-03-28,39037,30,0,6
2020-03-28,39041,134,18,3
2020-03-28,39043,38,11,3
2020-03-28,39045,62,13,0
2020-03-28,39049,709,126,24
2020-03-28,39055,41,12,0
2020-03-28,39057,56,9,4
2020-03-28,39059,2,0,0
2020-03-28,39061,379,136,23
2020-03-28,39067,1,0,0
2020-03-28,39075,4,0,0
2020-03-28,39081,12,3,0
2020-03-28,39083,7,3,1
2020-03-28,39085,89,26,6
2020-03-28,39087,5,2,0
2020-03-28,39089,61,12,3
2020-03-28,39091,13,2,0
2020-03-28,39093,117,34,10
2020-03-28,39095,368,154,24
2020-03-28,39097,19,4,2
2020-03-28,39099,319,133,38
2020-03-28,39101,17,4,1
2020-03-28,39103,91,21,5
2020-03-28,39107,15,3,1
2020-03-28,39109,120,29,17
2020-03-28,39113,217,43,5
2020-03-28,39117,4,2,0
2020-03-28,39133,68,21,11
2020-03-28,39135,14,4,1
2020-03-28,39139,22,11,1
2020-03-28,39141,6,4,0
2020-03-28,39147,10,5,2
2020-03-28,39151,93,27,8
2020-03-28,39153,226,79,22
2020-03-28,39155,108,54,10
2020-03-28,39165,114,11,1
2020-03-28,39167,13,4,2
2020-03-28,39169,31,10,2
2020-03-28,39173,54,14,3
2020-03-28,39175,11,2,3
2020-03-29,39001,4,0,0
2020-03-29,39003,58,19,4
2020-03-29,39007,9,1,0
2020-03-29,39013,17,5,1
2020-03-29,39017,109,37,4
2020-03-29,39019,11,4,0
2020-03-29,39023,26,6,0
2020-03-29,39025,53,12,3
2020-03-29,39027,13,4,0
2020-03-29,39029,50,31,7
2020-03-29,39035,951,268,55
2020-03-29,39037,36,0,8
2020-03-29,39041,138,19,4
2020-03-29,39043,40,12,3
2020-03-29,39045,68,15,1
2020-03-29,39049,744,136,25
2020-03-29,39059,4,1,0
2020-03-29,39061,392,144,24
2020-03-29,39085,90,26,6
2020-03-29,39087,7,2,0
2020-03-29,39089,64,12,3
2020-03-29,39091,14,2,0
2020-03-29,39093,120,35,11
2020-03-29,39095,395,163,26
2020-03-29,39097,20,4,2
2020-03-29,39099,332,138,40
2020-03-29,39101,21,4,1
2020-03-29,39103,96,23,5
2020-03-29,39109,127,35,20
2020-03-29,39113,229,48,6
2020-03-29,39117,6,2,0
2020-03-29,39119,9,2,0
2020-03-29,39125,4,0,0
2020-03-29,39129,27,6,1
2020-03-29,39133,73,25,12
2020-03-29,39139,25,13,2
2020-03-29,39141,7,5,0
2020-03-29,39147,11,5,2
2020-03-29,39149,16,7,0
2020-03-29,39151,101,28,11
2020-03-29,39153,239,85,24
2020-03-29,39155,117,60,12
2020-03-29,39157,33,9,1
2020-03-29,39165,116,12,1
2020-03-29,39169,33,10,2
2020-03-29,39173,62,17,5
2020-03-29,39175,13,2,3
2020-03-30,39001,5,0,0
2020-03-30,39003,62,19,4
2020-03-30,39005,8,2,0
2020-03-30,39007,10,2,1
2020-03-30,39011,18,4,2
2020-03-30,39013,18,5,1
2020-03-30,39017,112,39,4
2020-03-30,39023,29,6,1
2020-03-30,39025,60,14,3
2020-03-30,39027,14,4,0
2020-03-30,39029,55,35,11
2020-03-30,39033,16,1,0
2020-03-30,39035,1001,281,58
2020-03-30,39037,42,2,9
2020-03-30,39041,141,19,4
2020-03-30,39043,42,13,3
2020-03-30,39045,70,16,1
2020-03-30,39047,4,0,0
2020-03-30,39049,793,143,25
2020-03-30,39051,6,4,0
2020-03-30,39055,43,13,0
2020-03-30,39057,57,9,4
2020-03-30,39061,417,150,26
2020-03-30,39077,13,3,1
2020-03-30,39081,14,5,0
2020-03-30,39083,8,4,1
2020-03-30,39085,97,28,7
2020-03-30,39087,10,3,0
2020-03-30,39089,69,13,3
2020-03-30,39093,128,38,11
2020-03-30,39095,431,180,33
2020-03-30,39097,23,5,2
2020-03-30,39099,354,145,43
2020-03-30,39101,24,5,1
2020-03-30,39103,103,24,6
2020-03-30,39109,132,35,22
2020-03-30,39113,245,54,7
2020-03-30,39117,8,2,0
2020-03-30,39123,10,5,1
2020-03-30,39127,7,2,0
2020-03-30,39129,28,6,1
2020-03-30,39133,84,28,15
2020-03-30,39139,28,13,2
2020-03-30,39141,11,6,1
2020-03-30,39147,12,5,2
2020-03-30,39149,18,7,0
2020-03-30,39151,116,32,11
2020-03-30,39153,254,87,25
2020-03-30,39155,129,63,14
2020-03-30,39157,36,10,1
2020-03-30,39165,122,13,1
2020-03-30,39167,14,4,2
2020-03-30,39169,36,10,3
2020-03-30,39173,66,19,7
2020-03-31,39007,13,2,1
2020-03-31,39011,20,6,3
2020-03-31,39013,21,6,2
2020-03-31,39017,119,41,5
2020-03-31,39027,15,4,0
2020-03-31,39029,62,41,13
2020-03-31,39031,14,3,0
2020-03-31,39033,17,2,0
2020-03-31,39035,1050,294,60
2020-03-31,39037,44,2,9
2020-03-31,39039,12,5,0
2020-03-31,39041,147,19,4
2020-03-31,39043,44,14,3
2020-03-31,39045,76,17,1
2020-03-31,39049,830,156,28
2020-03-31,39051,7,4,0
2020-03-31,39053,6,3,1
2020-03-31,39055,46,14,0
2020-03-31,39057,60,9,4
2020-03-31,39061,437,158,27
2020-03-31,39063,26,6,2
2020-03-31,39071,6,3,0
2020-03-31,39079,3,1,0
2020-03-31,39083,9,4,1
2020-03-31,39085,108,30,7
2020-03-31,39087,11,3,0
2020-03-31,39089,71,14,3
2020-03-31,39091,15,2,0
2020-03-31,39093,137,42,11
2020-03-31,39095,464,192,35
2020-03-31,39097,24,6,2
2020-03-31,39099,368,152,46
2020-03-31,39101,25,5,1
2020-03-31,39103,107,25,6
2020-03-31,39109,134,35,23
2020-03-31,39113,251,55,7
2020-03-31,39115,3,0,0
2020-03-31,39129,30,6,1
2020-03-31,39133,92,30,18
2020-03-31,39135,15,4,1
2020-03-31,39137,6,1,0
2020-03-31,39139,29,14,2
2020-03-31,39141,12,6,1
2020-03-31,39143,9,6,3
2020-03-31,39147,13,6,2
2020-03-31,39151,129,34,16
2020-03-31,39153,264,93,27
2020-03-31,39155,140,67,14
2020-03-31,39157,38,10,1
2020-03-31,39159,25,2,0
2020-03-31,39165,124,13,1
2020-03-31,39167,16,4,2
2020-03-31,39169,39,11,5
2020-03-31,39173,67,19,7
2020-03-31,39175,14,2,3
2020-04-01,39003,66,19,4
2020-04-01,39011,21,6,3
2020-04-01,39013,25,7,3
2020-04-01,39015,6,3,1
2020-04-01,39017,128,42,5
2020-04-01,39019,13,4,0
2020-04-01,39021,13,3,1
2020-04-01,39023,30,6,1
2020-04-01,39025,66,15,3
2020-04-01,39027,17,4,0
2020-04-01,39029,69,48,14
2020-04-01,39031,16,4,0
2020-04-01,39033,18,2,0
2020-04-01,39035,1103,316,65
2020-04-01,39037,48,2,10
2020-04-01,39039,13,6,1
2020-04-01,39041,150,19,4
2020-04-01,39043,46,14,3
2020-04-01,39045,81,18,1
2020-04-01,39049,883,161,28
2020-04-01,39055,48,14,0
2020-04-01,39057,63,10,4
2020-04-01,39059,5,1,0
2020-04-01,39061,471,170,29
2020-04-01,39071,7,4,0
2020-04-01,39077,14,3,1
2020-04-01,39079,4,1,0
2020-04-01,39081,15,5,0
2020-04-01,39083,10,4,1
2020-04-01,39085,115,34,8
2020-04-01,39087,12,3,0
2020-04-01,39089,79,15,3
2020-04-01,39091,17,2,0
2020-04-01,39093,141,43,11
2020-04-01,39095,505,206,38
2020-04-01,39097,25,6,2
2020-04-01,39099,402,160,49
2020-04-01,39101,28,6,2
2020-04-01,39103,112,27,7
2020-04-01,39107,20,3,1
2020-04-01,39109,135,35,23
2020-04-01,39113,267,60,7
2020-04-01,39119,11,3,0
2020-04-01,39121,2,1,0
2020-04-01,39125,6,2,0
2020-04-01,39127,11,2,0
2020-04-01,39129,39,9,3
2020-04-01,39133,101,32,23
2020-04-01,39137,7,2,0
2020-04-01,39139,32,15,3
2020-04-01,39143,11,7,3
2020-04-01,39145,4,0,0
2020-04-01,39151,136,34,18
2020-04-01,39153,281,99,28
2020-04-01,39155,148,71,15
2020-04-01,39157,39,10,1
2020-04-01,39161,6,1,0
2020-04-01,39165,130,15,1
2020-04-01,39169,41,12,6
2020-04-01,39173,71,20,7
2020-04-01,39175,15,2,3
2020-04-02,39003,70,20,6
2020-04-02,39007,16,5,2
2020-04-02,39011,22,6,3
2020-04-02,39013,26,7,3
2020-04-02,39015,7,3,1
2020-04-02,39017,131,44,6
2020-04-02,39025,67,15,3
2020-04-02,39029,83,54,15
2020-04-02,39033,19,3,0
2020-04-02,39035,1158,332,70
2020-04-02,39037,52,2,10
2020-04-02,39039,15,6,1
2020-04-02,39041,155,21,4
2020-04-02,39043,47,14,3
2020-04-02,39045,86,18,1
2020-04-02,39049,930,174,31
2020-04-02,39055,51,15,0
2020-04-02,39059,6,1,0
2020-04-02,39061,491,178,32
2020-04-02,39063,28,7,2
2020-04-02,39065,3,1,0
2020-04-02,39075,5,0,0
2020-04-02,39083,12,4,1
2020-04-02,39085,120,37,8
2020-04-02,39087,15,3,0
2020-04-02,39089,83,16,4
2020-04-02,39093,151,48,13
2020-04-02,39095,533,217,41
2020-04-02,39097,26,6,2
2020-04-02,39099,416,163,50
2020-04-02,39101,32,7,2
2020-04-02,39103,115,28,8
2020-04-02,39107,22,3,1
2020-04-02,39109,136,35,23
2020-04-02,39113,277,65,7
2020-04-02,39117,9,2,0
2020-04-02,39119,12,3,0
2020-04-02,39121,4,2,0
2020-04-02,39129,43,12,4
2020-04-02,39133,117,35,26
2020-04-02,39135,16,4,1
2020-04-02,39139,35,15,3
2020-04-02,39141,13,6,1
2020-04-02,39145,5,0,0
2020-04-02,39149,19,7,0
2020-04-02,39151,141,37,19
2020-04-02,39153,288,101,29
2020-04-02,39155,155,75,16
2020-04-02,39157,40,11,1
2020-04-02,39159,26,2,0
2020-04-02,39165,131,16,1
2020-04-02,39167,18,5,2
2020-04-02,39169,44,12,6
2020-04-02,39171,7,3,0
2020-04-02,39173,77,22,8
2020-04-03,39003,74,22,6
2020-04-03,39007,18,5,2
2020-04-03,39013,30,8,4
2020-04-03,39015,8,3,1
2020-04-03,39017,139,47,6
2020-04-03,39019,14,5,1
2020-04-03,39021,14,4,1
2020-04-03,39023,32,6,1
2020-04-03,39025,72,15,3
2020-04-03,39029,92,59,16
2020-04-03,39033,21,3,0
2020-04-03,39035,1205,346,74
2020-04-03,39037,58,2,11
2020-04-03,39039,16,7,1
2020-04-03,39041,162,23,5
2020-04-03,39045,95,21,1
2020-04-03,39047,5,0,0
2020-04-03,39049,976,181,33
2020-04-03,39055,54,16,0
2020-04-03,39057,64,10,4
2020-04-03,39059,7,1,0
2020-04-03,39061,528,193,36
2020-04-03,39065,5,1,0
2020-04-03,39069,4,0,0
2020-04-03,39071,8,5,1
2020-04-03,39075,6,0,0
2020-04-03,39077,15,3,1
2020-04-03,39085,127,39,8
2020-04-03,39089,89,17,4
2020-04-03,39091,18,2,0
2020-04-03,39093,164,50,14
2020-04-03,39095,566,231,45
2020-04-03,39099,432,171,54
2020-04-03,39101,34,7,2
2020-04-03,39103,123,32,11
2020-04-03,39107,24,3,1
2020-04-03,39109,141,37,23
2020-04-03,39113,285,67,7
2020-04-03,39117,11,4,1
2020-04-03,39125,7,3,0
2020-04-03,39127,12,2,0
2020-04-03,39129,47,12,5
2020-04-03,39133,126,36,27
2020-04-03,39135,23,5,1
2020-04-03,39137,8,2,0
2020-04-03,39139,36,15,3
2020-04-03,39141,14,6,1
2020-04-03,39149,22,7,0
2020-04-03,39151,150,38,22
2020-04-03,39153,298,104,29
2020-04-03,39155,166,79,16
2020-04-03,39159,28,2,0
2020-04-03,39165,133,16,2
2020-04-03,39167,37,6,7
2020-04-03,39169,48,13,6
2020-04-03,39173,82,26,11
2020-04-03,39175,16,2,3
2020-04-04,39003,79,23,6
2020-04-04,39005,9,3,0
2020-04-04,39011,25,6,3
2020-04-04,39013,34,9,4
2020-04-04,39017,143,48,7
2020-04-04,39019,15,5,1
2020-04-04,39023,33,6,1
2020-04-04,39025,77,17,3
2020-04-04,39029,99,64,17
2020-04-04,39031,17,4,0
2020-04-04,39035,1236,357,78
2020-04-04,39037,59,3,11
2020-04-04,39041,163,23,5
2020-04-04,39045,96,21,1
2020-04-04,39047,7,0,0
2020-04-04,39049,1028,191,36
2020-04-04,39053,7,3,1
2020-04-04,39055,55,16,0
2020-04-04,39057,65,10,4
2020-04-04,39061,538,197,38
2020-04-04,39063,29,7,2
2020-04-04,39077,17,3,1
2020-04-04,39081,17,5,0
2020-04-04,39085,130,39,8
2020-04-04,39087,16,3,0
2020-04-04,39089,91,18,4
2020-04-04,39091,19,2,0
2020-04-04,39093,173,52,16
2020-04-04,39095,592,240,47
2020-04-04,39099,446,176,57
2020-04-04,39101,40,7,2
2020-04-04,39103,128,33,11
2020-04-04,39107,25,4,1
2020-04-04,39109,144,40,26
2020-04-04,39113,298,69,7
2020-04-04,39115,4,0,0
2020-04-04,39117,12,4,1
2020-04-04,39123,13,5,1
2020-04-04,39127,13,3,0
2020-04-04,39129,59,15,6
2020-04-04,39135,25,5,1
2020-04-04,39137,9,2,0
2020-04-04,39139,42,16,3
2020-04-04,39141,16,6,1
2020-04-04,39143,12,7,3
2020-04-04,39145,6,0,0
2020-04-04,39149,26,9,1
2020-04-04,39151,154,40,22
2020-04-04,39153,308,108,30
2020-04-04,39155,176,81,18
2020-04-04,39165,135,16,2
2020-04-04,39167,39,6,7
2020-04-04,39169,50,13,8
2020-04-04,39173,85,26,11
2020-04-04,39175,18,2,3
2020-04-05,39003,82,23,6
2020-04-05,39005,10,3,0
2020-04-05,39007,19,5,2
2020-04-05,39011,27,7,3
2020-04-05,39013,35,10,5
2020-04-05,39017,147,49,7
2020-04-05,39019,16,5,1
2020-04-05,39023,36,7,1
2020-04-05,39025,78,17,3
2020-04-05,39027,18,4,0
2020-04-05,39029,102,65,17
2020-04-05,39033,23,3,0
2020-04-05,39035,1272,366,85
2020-04-05,39037,61,4,12
2020-04-05,39041,164,23,5
2020-04-05,39045,97,21,1
2020-04-05,39047,9,0,0
2020-04-05,39049,1064,201,37
2020-04-05,39055,57,18,1
2020-04-05,39057,68,10,4
2020-04-05,39059,8,1,0
2020-04-05,39061,560,203,43
2020-04-05,39065,6,1,0
2020-04-05,39077,19,4,1
2020-04-05,39081,21,7,0
2020-04-05,39085,131,40,8
2020-04-05,39089,94,18,5
2020-04-05,39093,179,55,18
2020-04-05,39095,640,259,56
2020-04-05,39099,458,180,60
2020-04-05,39101,43,7,2
2020-04-05,39103,130,34,11
2020-04-05,39107,26,4,1
2020-04-05,39109,145,41,26
2020-04-05,39113,300,69,8
2020-04-05,39129,69,18,9
2020-04-05,39133,131,40,29
2020-04-05,39137,10,2,0
2020-04-05,39139,45,17,3
2020-04-05,39141,20,6,1
2020-04-05,39143,13,7,3
2020-04-05,39149,27,9,1
2020-04-05,39151,161,42,23
2020-04-05,39153,319,115,30
2020-04-05,39155,185,87,25
2020-04-05,39159,29,3,0
2020-04-05,39165,136,16,2
2020-04-05,39167,40,6,7
2020-04-05,39169,53,13,9
2020-04-05,39171,8,3,0
2020-04-05,39175,19,2,3
2020-04-06,39003,94,28,8
2020-04-06,39005,13,3,0
2020-04-06,39007,23,6,2
2020-04-06,39011,28,7,3
2020-04-06,39013,39,10,5
2020-04-06,39017,152,50,7
2020-04-06,39019,17,5,1
2020-04-06,39023,38,8,1
2020-04-06,39025,82,18,3
2020-04-06,39027,19,4,0
2020-04-06,39029,111,70,18
2020-04-06,39035,1327,385,92
2020-04-06,39037,63,6,12
2020-04-06,39041,166,23,5
2020-04-06,39043,49,15,3
2020-04-06,39045,101,23,2
2020-04-06,39047,10,0,0
2020-04-06,39049,1112,212,41
2020-04-06,39051,8,4,0
2020-04-06,39055,59,18,1
2020-04-06,39057,69,10,4
2020-04-06,39059,9,1,0
2020-04-06,39061,591,212,50
2020-04-06,39063,32,8,2
2020-04-06,39065,8,1,0
2020-04-06,39067,2,0,0
2020-04-06,39069,5,1,0
2020-04-06,39071,9,5,1
2020-04-06,39077,22,5,1
2020-04-06,39079,5,1,0
2020-04-06,39083,14,4,1
2020-04-06,39085,133,40,8
2020-04-06,39087,19,4,0
2020-04-06,39089,100,19,5
2020-04-06,39091,20,2,0
2020-04-06,39093,192,56,18
2020-04-06,39095,690,279,63
2020-04-06,39097,27,7,3
2020-04-06,39099,473,184,61
2020-04-06,39101,51,7,2
2020-04-06,39103,137,36,12
2020-04-06,39107,27,5,1
2020-04-06,39109,148,42,27
2020-04-06,39113,309,74,8
2020-04-06,39119,13,3,0
2020-04-06,39125,9,4,0
2020-04-06,39129,80,22,9
2020-04-06,39133,140,42,32
2020-04-06,39135,26,5,1
2020-04-06,39139,47,17,3
2020-04-06,39149,29,9,1
2020-04-06,39151,169,43,25
2020-04-06,39153,336,120,34
2020-04-06,39155,197,93,26
2020-04-06,39157,41,11,1
2020-04-06,39159,31,3,0
2020-04-06,39165,141,17,3
2020-04-06,39167,42,7,7
2020-04-06,39169,57,14,9
2020-04-06,39171,9,3,0
2020-04-06,39173,88,27,12
2020-04-06,39175,20,2,3
2020-04-07,39003,96,28,9
2020-04-07,39007,24,6,2
2020-04-07,39013,42,11,5
2020-04-07,39015,9,3,1
2020-04-07,39017,156,50,7
2020-04-07,39025,84,18,3
2020-04-07,39027,21,4,0
2020-04-07,39029,122,77,19
2020-04-07,39031,18,4,0
2020-04-07,39035,1365,397,94
2020-04-07,39037,66,6,13
2020-04-07,39041,171,24,5
2020-04-07,39043,51,15,3
2020-04-07,39045,102,23,2
2020-04-07,39047,11,0,0
2020-04-07,39049,1149,218,44
2020-04-07,39055,61,18,1
2020-04-07,39057,71,10,4
2020-04-07,39059,10,1,0
2020-04-07,39061,625,223,54
2020-04-07,39063,33,8,2
2020-04-07,39069,6,1,0
2020-04-07,39073,2,1,0
2020-04-07,39077,23,5,1
2020-04-07,39085,138,44,8
2020-04-07,39089,103,19,5
2020-04-07,39093,199,59,20
2020-04-07,39095,736,299,75
2020-04-07,39097,28,7,3
2020-04-07,39099,485,188,63
2020-04-07,39101,61,10,3
2020-04-07,39103,139,37,13
2020-04-07,39107,29,5,1
2020-04-07,39109,152,45,28
2020-04-07,39113,319,77,9
2020-04-07,39117,13,5,1
2020-04-07,39121,5,2,0
2020-04-07,39123,15,5,1
2020-04-07,39125,11,5,0
2020-04-07,39129,105,26,10
2020-04-07,39133,149,42,34
2020-04-07,39137,11,2,1
2020-04-07,39139,49,18,3
2020-04-07,39141,22,6,1
2020-04-07,39149,31,9,1
2020-04-07,39151,192,49,32
2020-04-07,39153,343,124,36
2020-04-07,39155,205,95,26
2020-04-07,39165,144,17,5
2020-04-07,39167,46,7,7
2020-04-07,39169,62,14,9
2020-04-07,39173,96,29,16
2020-04-07,39175,21,2,3
2020-04-08,39003,102,30,10
2020-04-08,39005,14,3,0
2020-04-08,39007,29,8,3
2020-04-08,39013,43,12,5
2020-04-08,39015,11,4,1
2020-04-08,39017,160,52,7
2020-04-08,39019,19,5,1
2020-04-08,39023,43,9,1
2020-04-08,39025,87,18,3
2020-04-08,39027,23,5,1
2020-04-08,39029,130,81,21
2020-04-08,39031,19,4,0
2020-04-08,39033,26,3,0
2020-04-08,39035,1410,405,96
2020-04-08,39037,70,7,13
2020-04-08,39041,173,24,5
2020-04-08,39043,53,16,3
2020-04-08,39045,106,24,2
2020-04-08,39047,12,1,0
2020-04-08,39049,1180,223,48
2020-04-08,39051,9,4,0
2020-04-08,39053,8,3,1
2020-04-08,39055,65,21,3
2020-04-08,39057,73,10,4
2020-04-08,39059,11,1,0
2020-04-08,39061,652,233,59
2020-04-08,39063,35,8,2
2020-04-08,39065,10,1,0
2020-04-08,39073,4,2,0
2020-04-08,39077,24,6,1
2020-04-08,39079,6,1,0
2020-04-08,39085,142,45,8
2020-04-08,39089,111,20,6
2020-04-08,39093,204,59,22
2020-04-08,39095,776,310,79
2020-04-08,39097,29,7,3
2020-04-08,39099,505,192,64
2020-04-08,39101,68,11,3
2020-04-08,39103,140,37,13
2020-04-08,39105,3,0,0
2020-04-08,39107,31,6,1
2020-04-08,39109,154,45,28
2020-04-08,39113,324,79,9
2020-04-08,39117,14,5,1
2020-04-08,39123,16,6,1
2020-04-08,39129,116,26,10
2020-04-08,39133,158,44,35
2020-04-08,39135,28,5,1
2020-04-08,39137,12,3,1
2020-04-08,39139,54,19,3
2020-04-08,39141,24,7,1
2020-04-08,39143,14,8,3
2020-04-08,39145,7,0,0
2020-04-08,39147,15,6,2
2020-04-08,39149,32,10,1
2020-04-08,39151,206,57,34
2020-04-08,39153,354,130,38
2020-04-08,39155,213,96,26
2020-04-08,39157,43,11,1
2020-04-08,39159,32,3,0
2020-04-08,39163,1,1,0
2020-04-08,39165,145,17,5
2020-04-08,39167,47,7,7
2020-04-08,39169,64,15,11
2020-04-08,39173,98,29,16
2020-04-09,39003,105,31,11
2020-04-09,39005,16,3,0
2020-04-09,39007,30,8,3
2020-04-09,39011,29,8,4
2020-04-09,39013,50,13,5
2020-04-09,39017,167,55,7
2020-04-09,39023,45,9,1
2020-04-09,39025,88,18,3
2020-04-09,39027,25,6,1
2020-04-09,39029,143,82,22
2020-04-09,39033,27,3,0
2020-04-09,39035,1454,414,103
2020-04-09,39039,18,8,2
2020-04-09,39041,177,25,5
2020-04-09,39043,55,17,3
2020-04-09,39045,110,24,2
2020-04-09,39047,13,1,0
2020-04-09,39049,1221,231,50
2020-04-09,39051,11,4,0
2020-04-09,39053,9,3,1
2020-04-09,39055,72,23,5
2020-04-09,39057,75,10,4
2020-04-09,39059,14,2,0
2020-04-09,39061,670,242,61
2020-04-09,39063,36,8,2
2020-04-09,39065,12,1,0
2020-04-09,39067,3,1,0
2020-04-09,39077,25,6,1
2020-04-09,39081,22,7,0
2020-04-09,39085,145,46,8
2020-04-09,39087,21,5,0
2020-04-09,39089,113,20,6
2020-04-09,39093,225,61,26
2020-04-09,39095,822,322,88
2020-04-09,39097,32,8,4
2020-04-09,39099,525,192,65
2020-04-09,39101,76,13,4
2020-04-09,39103,144,39,14
2020-04-09,39107,32,6,1
2020-04-09,39109,156,45,28
2020-04-09,39113,325,80,9
2020-04-09,39115,6,1,1
2020-04-09,39117,16,5,1
2020-04-09,39123,17,6,1
2020-04-09,39129,123,28,11
2020-04-09,39133,167,47,38
2020-04-09,39139,58,20,3
2020-04-09,39141,25,8,1
2020-04-09,39147,16,6,2
2020-04-09,39149,33,10,1
2020-04-09,39151,217,62,38
2020-04-09,39153,368,136,41
2020-04-09,39155,222,98,26
2020-04-09,39157,44,12,1
2020-04-09,39167,50,7,8
2020-04-09,39169,71,15,15
2020-04-09,39171,13,4,1
2020-04-09,39173,102,31,16
2020-04-09,39175,22,2,3
2020-04-10,39001,6,0,0
2020-04-10,39003,109,32,12
2020-04-10,39007,31,9,3
2020-04-10,39011,31,8,4
2020-04-10,39013,57,13,6
2020-04-10,39017,180,58,7
2020-04-10,39023,47,10,1
2020-04-10,39025,89,18,3
2020-04-10,39027,27,7,1
2020-04-10,39029,152,82,22
2020-04-10,39033,29,4,1
2020-04-10,39035,1516,435,110
2020-04-10,39037,74,10,14
2020-04-10,39039,19,8,2
2020-04-10,39043,57,17,3
2020-04-10,39045,116,24,2
2020-04-10,39047,14,1,0
2020-04-10,39049,1252,235,50
2020-04-10,39051,12,5,0
2020-04-10,39055,79,24,7
2020-04-10,39057,76,11,5
2020-04-10,39061,699,247,65
2020-04-10,39063,37,8,2
2020-04-10,39069,7,1,0
2020-04-10,39075,7,0,0
2020-04-10,39079,7,1,0
2020-04-10,39081,24,7,1
2020-04-10,39085,146,46,8
2020-04-10,39087,22,5,0
2020-04-10,39089,116,21,7
2020-04-10,39091,21,2,0
2020-04-10,39093,238,61,27
2020-04-10,39095,850,333,94
2020-04-10,39099,553,200,70
2020-04-10,39101,85,17,6
2020-04-10,39103,148,40,15
2020-04-10,39107,33,6,1
2020-04-10,39109,158,46,29
2020-04-10,39113,335,82,10
2020-04-10,39117,17,5,1
2020-04-10,39123,19,7,1
2020-04-10,39129,134,31,14
2020-04-10,39133,175,50,39
2020-04-10,39137,14,3,1
2020-04-10,39139,60,20,3
2020-04-10,39141,26,8,1
2020-04-10,39143,15,8,3
2020-04-10,39145,8,0,0
2020-04-10,39151,235,66,43
2020-04-10,39153,384,143,45
2020-04-10,39155,237,99,27
2020-04-10,39157,46,12,1
2020-04-10,39165,146,18,5
2020-04-10,39167,51,7,9
2020-04-10,39169,75,16,16
2020-04-10,39171,14,4,1
2020-04-10,39173,107,31,16
2020-04-11,39003,110,32,12
2020-04-11,39007,35,9,3
2020-04-11,39013,60,13,6
2020-04-11,39017,184,59,7
2020-04-11,39023,48,10,1
2020-04-11,39025,90,19,3
2020-04-11,39029,158,85,22
2020-04-11,39033,31,4,1
2020-04-11,39035,1561,444,117
2020-04-11,39037,75,11,15
2020-04-11,39041,182,25,5
2020-04-11,39043,58,17,3
2020-04-11,39045,118,24,2
2020-04-11,39049,1292,238,52
2020-04-11,39051,13,5,0
2020-04-11,39055,85,24,9
2020-04-11,39059,15,2,0
2020-04-11,39061,717,253,67
2020-04-11,39063,39,9,2
2020-04-11,39085,149,46,8
2020-04-11,39089,117,21,7
2020-04-11,39093,254,61,29
2020-04-11,39095,882,346,101
2020-04-11,39097,33,8,4
2020-04-11,39099,577,212,72
2020-04-11,39101,119,21,6
2020-04-11,39103,151,40,15
2020-04-11,39113,342,83,10
2020-04-11,39123,21,8,1
2020-04-11,39129,161,35,16
2020-04-11,39133,181,52,39
2020-04-11,39137,19,6,2
2020-04-11,39139,62,20,3
2020-04-11,39141,27,9,1
2020-04-11,39143,17,8,3
2020-04-11,39151,248,67,49
2020-04-11,39153,400,151,48
2020-04-11,39155,245,101,28
2020-04-11,39159,33,3,0
2020-04-11,39165,150,19,7
2020-04-11,39167,54,8,11
2020-04-11,39169,81,17,18
2020-04-11,39171,17,4,1
2020-04-11,39173,108,31,16
2020-04-11,39175,24,2,3
2020-04-12,39003,114,35,13
2020-04-12,39007,36,9,3
2020-04-12,39017,190,61,7
2020-04-12,39023,49,11,1
2020-04-12,39025,91,19,3
2020-04-12,39027,28,7,1
2020-04-12,39029,171,89,24
2020-04-12,39033,32,4,1
2020-04-12,39035,1612,451,123
2020-04-12,39037,77,11,16
2020-04-12,39041,186,27,5
2020-04-12,39043,62,17,3
2020-04-12,39045,121,25,2
2020-04-12,39049,1336,248,56
2020-04-12,39051,15,5,0
2020-04-12,39055,91,26,12
2020-04-12,39059,16,3,0
2020-04-12,39061,734,258,68
2020-04-12,39063,40,9,2
2020-04-12,39065,13,2,0
2020-04-12,39073,8,3,1
2020-04-12,39081,25,8,1
2020-04-12,39085,153,48,8
2020-04-12,39089,118,22,8
2020-04-12,39093,269,62,31
2020-04-12,39095,920,355,105
2020-04-12,39099,595,216,73
2020-04-12,39101,168,26,6
2020-04-12,39103,155,40,15
2020-04-12,39109,159,46,29
2020-04-12,39113,347,85,10
2020-04-12,39117,18,5,1
2020-04-12,39129,208,41,22
2020-04-12,39133,182,52,39
2020-04-12,39137,21,6,4
2020-04-12,39139,65,20,3
2020-04-12,39141,28,9,1
2020-04-12,39145,9,0,0
2020-04-12,39149,34,11,1
2020-04-12,39151,261,72,55
2020-04-12,39153,414,154,51
2020-04-12,39155,261,105,29
2020-04-12,39157,47,12,1
2020-04-12,39165,155,19,7
2020-04-12,39169,84,17,19
2020-04-12,39171,22,4,1
2020-04-12,39173,111,32,17
2020-04-12,39175,25,2,3
2020-04-13,39003,120,35,17
2020-04-13,39005,18,3,0
2020-04-13,39007,41,11,5
2020-04-13,39011,35,8,4
2020-04-13,39013,64,13,6
2020-04-13,39017,197,62,7
2020-04-13,39019,21,5,1
2020-04-13,39021,15,4,1
2020-04-13,39023,51,11,1
2020-04-13,39029,183,92,26
2020-04-13,39033,37,5,2
2020-04-13,39035,1645,458,123
2020-04-13,39037,78,11,16
2020-04-13,39041,187,27,5
2020-04-13,39043,65,17,3
2020-04-13,39045,124,25,2
2020-04-13,39049,1426,252,60
2020-04-13,39055,111,29,17
2020-04-13,39057,77,11,6
2020-04-13,39059,17,3,0
2020-04-13,39061,772,275,78
2020-04-13,39063,42,9,2
2020-04-13,39065,15,2,0
2020-04-13,39069,8,1,0
2020-04-13,39071,10,5,1
2020-04-13,39073,9,4,1
2020-04-13,39077,26,6,1
2020-04-13,39085,157,50,9
2020-04-13,39089,119,22,8
2020-04-13,39091,23,2,0
2020-04-13,39093,287,67,35
2020-04-13,39095,978,374,113
2020-04-13,39097,34,8,4
2020-04-13,39099,617,219,75
2020-04-13,39101,175,28,6
2020-04-13,39103,159,42,16
2020-04-13,39107,34,6,1
2020-04-13,39109,162,47,29
2020-04-13,39113,353,88,10
2020-04-13,39117,19,5,1
2020-04-13,39119,14,3,0
2020-04-13,39123,23,8,1
2020-04-13,39125,13,5,0
2020-04-13,39127,14,4,0
2020-04-13,39129,239,43,23
2020-04-13,39133,190,53,40
2020-04-13,39135,30,5,1
2020-04-13,39137,23,6,4
2020-04-13,39139,68,20,3
2020-04-13,39141,29,9,1
2020-04-13,39143,21,8,4
2020-04-13,39147,17,6,2
2020-04-13,39149,35,11,1
2020-04-13,39151,274,75,57
2020-04-13,39153,444,169,60
2020-04-13,39155,275,107,30
2020-04-13,39157,49,12,1
2020-04-13,39165,163,20,9
2020-04-13,39167,56,9,12
2020-04-13,39169,89,17,20
2020-04-13,39173,121,36,20
2020-04-13,39175,27,2,3
2020-04-14,39003,124,37,19
2020-04-14,39007,50,11,8
2020-04-14,39013,67,13,6
2020-04-14,39017,199,62,7
2020-04-14,39023,52,11,1
2020-04-14,39025,94,20,3
2020-04-14,39029,196,94,26
2020-04-14,39033,38,5,2
2020-04-14,39035,1677,466,127
2020-04-14,39041,189,28,5
2020-04-14,39043,70,18,3
2020-04-14,39045,126,26,2
2020-04-14,39049,1535,260,66
2020-04-14,39055,116,29,18
2020-04-14,39057,78,11,6
2020-04-14,39059,18,3,0
2020-04-14,39061,795,284,81
2020-04-14,39063,43,9,2
2020-04-14,39065,16,2,0
2020-04-14,39075,8,1,1
2020-04-14,39077,29,6,1
2020-04-14,39081,26,8,1
2020-04-14,39083,15,5,1
2020-04-14,39093,309,68,36
2020-04-14,39095,1034,387,128
2020-04-14,39097,35,8,4
2020-04-14,39099,638,225,79
2020-04-14,39101,307,35,9
2020-04-14,39103,165,43,16
2020-04-14,39107,36,7,1
2020-04-14,39109,163,47,29
2020-04-14,39113,360,94,10
2020-04-14,39117,20,5,1
2020-04-14,39123,39,14,3
2020-04-14,39125,15,5,0
2020-04-14,39129,247,43,23
2020-04-14,39133,193,53,40
2020-04-14,39137,32,8,5
2020-04-14,39139,72,20,3
2020-04-14,39141,32,9,1
2020-04-14,39147,18,6,2
2020-04-14,39149,36,11,1
2020-04-14,39151,287,78,60
2020-04-14,39153,463,174,63
2020-04-14,39155,280,110,31
2020-04-14,39165,166,21,10
2020-04-14,39167,59,10,13
2020-04-14,39169,97,18,22
2020-04-14,39171,23,4,1
2020-04-14,39173,127,40,24
2020-04-14,39175,30,2,3
2020-04-15,39001,7,0,0
2020-04-15,39003,130,40,20
2020-04-15,39007,58,13,9
2020-04-15,39011,36,9,4
2020-04-15,39013,70,13,6
2020-04-15,39017,210,62,7
2020-04-15,39021,16,4,1
2020-04-15,39023,53,12,2
2020-04-15,39025,95,21,3
2020-04-15,39027,30,8,2
2020-04-15,39029,208,97,28
2020-04-15,39031,21,5,0
2020-04-15,39033,40,5,2
2020-04-15,39035,1714,480,134
2020-04-15,39041,190,29,5
2020-04-15,39043,76,19,3
2020-04-15,39045,130,27,3
2020-04-15,39049,1605,284,74
2020-04-15,39051,17,5,0
2020-04-15,39055,118,30,18
2020-04-15,39057,79,11,6
2020-04-15,39061,841,295,87
2020-04-15,39065,17,3,0
2020-04-15,39073,10,5,1
2020-04-15,39075,9,1,1
2020-04-15,39077,32,6,1
2020-04-15,39081,29,9,2
2020-04-15,39085,158,50,9
2020-04-15,39089,120,22,8
2020-04-15,39091,24,2,0
2020-04-15,39093,333,73,39
2020-04-15,39095,1092,396,139
2020-04-15,39097,38,8,4
2020-04-15,39099,660,229,83
2020-04-15,39101,421,38,10
2020-04-15,39103,171,44,17
2020-04-15,39113,362,94,10
2020-04-15,39117,21,5,1
2020-04-15,39123,41,14,3
2020-04-15,39129,281,52,29
2020-04-15,39131,2,0,0
2020-04-15,39133,199,55,41
2020-04-15,39137,41,8,6
2020-04-15,39139,75,23,3
2020-04-15,39141,36,9,1
2020-04-15,39145,12,0,0
2020-04-15,39151,297,79,66
2020-04-15,39153,482,185,67
2020-04-15,39155,292,114,34
2020-04-15,39157,54,12,1
2020-04-15,39159,34,3,0
2020-04-15,39161,8,2,0
2020-04-15,39165,173,22,11
2020-04-15,39169,103,18,24
2020-04-15,39171,25,4,1
2020-04-15,39173,132,40,25
2020-04-16,39003,137,43,21
2020-04-16,39007,67,16,11
2020-04-16,39011,39,9,4
2020-04-16,39013,73,14,7
2020-04-16,39015,12,4,1
2020-04-16,39017,216,63,7
2020-04-16,39019,23,5,1
2020-04-16,39025,100,24,3
2020-04-16,39029,221,100,30
2020-04-16,39033,44,5,2
2020-04-16,39035,1776,496,138
2020-04-16,39039,20,8,2
2020-04-16,39041,193,29,5
2020-04-16,39043,83,19,3
2020-04-16,39045,133,27,3
2020-04-16,39049,1666,293,79
2020-04-16,39051,19,5,0
2020-04-16,39055,120,30,18
2020-04-16,39057,81,11,6
2020-04-16,39061,873,311,92
2020-04-16,39065,20,4,0
2020-04-16,39069,9,1,0
2020-04-16,39077,34,6,1
2020-04-16,39081,31,10,2
2020-04-16,39083,16,5,1
2020-04-16,39085,164,51,9
2020-04-16,39087,23,5,0
2020-04-16,39089,124,23,9
2020-04-16,39093,351,74,40
2020-04-16,39095,1137,404,143
2020-04-16,39097,39,8,4
2020-04-16,39099,695,234,92
2020-04-16,39101,2045,47,15
2020-04-16,39103,172,44,17
2020-04-16,39109,164,47,29
2020-04-16,39113,366,95,11
2020-04-16,39117,24,5,1
2020-04-16,39123,42,14,3
2020-04-16,39125,16,5,0
2020-04-16,39127,15,5,0
2020-04-16,39129,368,61,33
2020-04-16,39131,3,0,0
2020-04-16,39133,204,56,42
2020-04-16,39137,51,11,13
2020-04-16,39139,81,23,3
2020-04-16,39141,40,10,1
2020-04-16,39143,23,8,5
2020-04-16,39145,13,0,0
2020-04-16,39151,315,79,70
2020-04-16,39153,506,191,72
2020-04-16,39155,298,114,34
2020-04-16,39157,55,12,1
2020-04-16,39159,35,3,0
2020-04-16,39165,179,22,15
2020-04-16,39167,69,11,16
2020-04-16,39169,107,18,27
2020-04-16,39171,29,5,1
2020-04-16,39173,139,41,27
2020-04-16,39175,31,2,3
2020-04-17,39003,142,43,22
2020-04-17,39007,71,17,13
2020-04-17,39011,41,10,4
2020-04-17,39013,82,14,7
2020-04-17,39015,14,4,1
2020-04-17,39017,223,65,7
2020-04-17,39019,24,5,1
2020-04-17,39023,54,12,2
2020-04-17,39025,102,26,3
2020-04-17,39029,230,101,34
2020-04-17,39031,22,5,0
2020-04-17,39033,46,5,2
2020-04-17,39035,1837,511,144
2020-04-17,39037,79,12,16
2020-04-17,39041,197,29,5
2020-04-17,39049,1737,304,84
2020-04-17,39055,122,30,18
2020-04-17,39061,899,318,94
2020-04-17,39065,21,4,0
2020-04-17,39071,11,5,1
2020-04-17,39073,11,5,1
2020-04-17,39077,36,6,1
2020-04-17,39081,34,10,2
2020-04-17,39085,168,52,9
2020-04-17,39089,130,24,9
2020-04-17,39093,369,78,41
2020-04-17,39095,1206,416,152
2020-04-17,39097,42,8,4
2020-04-17,39099,711,238,97
2020-04-17,39101,2148,48,15
2020-04-17,39103,174,45,17
2020-04-17,39109,165,47,29
2020-04-17,39113,369,97,11
2020-04-17,39117,27,5,1
2020-04-17,39123,43,14,3
2020-04-17,39129,1543,70,36
2020-04-17,39133,211,57,44
2020-04-17,39135,31,5,1
2020-04-17,39137,53,11,13
2020-04-17,39141,41,10,1
2020-04-17,39143,24,9,5
2020-04-17,39151,329,83,70
2020-04-17,39153,530,198,78
2020-04-17,39155,306,116,35
2020-04-17,39157,56,12,1
2020-04-17,39165,184,22,15
2020-04-17,39167,74,12,16
2020-04-17,39169,109,18,27
2020-04-17,39171,31,5,1
2020-04-17,39173,143,41,27
2020-04-17,39175,32,2,3
2020-04-18,39003,148,44,22
2020-04-18,39007,73,17,13
2020-04-18,39013,87,14,7
2020-04-18,39017,232,70,10
2020-04-18,39019,25,6,2
2020-04-18,39023,58,13,2
2020-04-18,39025,104,27,3
2020-04-18,39029,233,102,35
2020-04-18,39033,48,6,2
2020-04-18,39035,1875,522,147
2020-04-18,39037,81,13,16
2020-04-18,39043,87,19,3
2020-04-18,39045,137,27,3
2020-04-18,39049,1794,310,89
2020-04-18,39051,20,5,0
2020-04-18,39053,10,4,1
2020-04-18,39055,126,31,20
2020-04-18,39057,83,12,6
2020-04-18,39061,924,327,97
2020-04-18,39063,44,9,2
2020-04-18,39071,13,6,1
2020-04-18,39077,39,7,1
2020-04-18,39079,8,1,0
2020-04-18,39081,36,11,2
2020-04-18,39083,17,5,1
2020-04-18,39085,169,52,9
2020-04-18,39091,25,2,0
2020-04-18,39093,382,78,42
2020-04-18,39095,1252,424,158
2020-04-18,39099,727,243,101
2020-04-18,39101,2157,48,16
2020-04-18,39103,176,45,17
2020-04-18,39107,38,8,1
2020-04-18,39113,373,99,11
2020-04-18,39129,1690,71,37
2020-04-18,39133,214,58,44
2020-04-18,39137,55,11,14
2020-04-18,39139,82,24,3
2020-04-18,39151,338,86,70
2020-04-18,39153,551,203,83
2020-04-18,39155,314,119,36
2020-04-18,39157,59,12,1
2020-04-18,39159,36,3,0
2020-04-18,39165,186,23,15
2020-04-18,39167,76,12,16
2020-04-18,39169,117,20,31
2020-04-18,39173,146,42,27
2020-04-19,39003,150,44,23
2020-04-19,39007,74,17,13
2020-04-19,39013,91,14,7
2020-04-19,39015,15,4,1
2020-04-19,39017,238,71,10
2020-04-19,39019,26,6,2
2020-04-19,39023,59,14,3
2020-04-19,39025,105,27,3
2020-04-19,39029,239,102,36
2020-04-19,39033,50,7,2
2020-04-19,39035,1901,534,149
2020-04-19,39037,82,13,16
2020-04-19,39039,22,9,2
2020-04-19,39041,202,30,5
2020-04-19,39043,90,19,3
2020-04-19,39045,141,28,4
2020-04-19,39049,1856,323,101
2020-04-19,39051,21,6,0
2020-04-19,39055,131,31,20
2020-04-19,39057,84,12,6
2020-04-19,39059,19,3,0
2020-04-19,39061,961,335,99
2020-04-19,39065,22,4,0
2020-04-19,39073,13,6,1
2020-04-19,39081,37,11,2
2020-04-19,39085,172,53,9
2020-04-19,39087,24,5,0
2020-04-19,39089,132,24,9
2020-04-19,39093,393,80,43
2020-04-19,39095,1305,435,169
2020-04-19,39097,45,8,4
2020-04-19,39099,749,247,106
2020-04-19,39101,2160,50,16
2020-04-19,39109,166,48,29
2020-04-19,39111,4,2,0
2020-04-19,39113,378,100,11
2020-04-19,39119,15,4,0
2020-04-19,39121,6,2,0
2020-04-19,39123,44,15,4
2020-04-19,39129,1693,71,37
2020-04-19,39133,219,59,45
2020-04-19,39137,58,13,15
2020-04-19,39141,43,10,1
2020-04-19,39149,37,11,2
2020-04-19,39151,341,87,70
2020-04-19,39153,571,212,90
2020-04-19,39155,321,122,36
2020-04-19,39157,60,12,1
2020-04-19,39159,37,3,0
2020-04-19,39165,190,24,15
2020-04-19,39167,78,13,16
2020-04-19,39169,120,20,32
2020-04-19,39173,151,44,30
2020-04-19,39175,33,3,3
2020-04-20,39003,158,47,25
2020-04-20,39007,85,19,17
2020-04-20,39013,95,15,7
2020-04-20,39017,262,75,12
2020-04-20,39019,28,6,3
2020-04-20,39021,18,4,1
2020-04-20,39023,64,15,4
2020-04-20,39025,107,27,3
2020-04-20,39029,250,104,37
2020-04-20,39035,1966,554,152
2020-04-20,39037,85,14,16
2020-04-20,39039,23,10,2
2020-04-20,39041,203,30,5
2020-04-20,39043,91,19,3
2020-04-20,39045,146,29,4
2020-04-20,39049,1933,333,106
2020-04-20,39055,133,32,20
2020-04-20,39057,86,12,6
2020-04-20,39059,21,3,0
2020-04-20,39061,1014,346,102
2020-04-20,39063,45,9,2
2020-04-20,39067,4,2,0
2020-04-20,39073,14,7,1
2020-04-20,39081,39,11,2
2020-04-20,39085,175,53,9
2020-04-20,39089,133,24,9
2020-04-20,39091,27,3,0
2020-04-20,39093,414,83,46
2020-04-20,39095,1365,447,179
2020-04-20,39097,49,8,5
2020-04-20,39099,783,250,117
2020-04-20,39101,2170,51,16
2020-04-20,39103,184,46,17
2020-04-20,39107,39,8,1
2020-04-20,39109,167,48,29
2020-04-20,39113,383,103,11
2020-04-20,39115,7,1,1
2020-04-20,39117,28,5,1
2020-04-20,39119,16,5,0
2020-04-20,39129,1695,72,37
2020-04-20,39131,5,0,0
2020-04-20,39133,226,60,45
2020-04-20,39137,64,14,16
2020-04-20,39139,83,24,3
2020-04-20,39147,19,6,2
2020-04-20,39151,359,91,73
2020-04-20,39153,599,218,93
2020-04-20,39155,332,124,37
2020-04-20,39157,65,13,1
2020-04-20,39165,200,25,15
2020-04-20,39167,82,13,16
2020-04-20,39169,127,20,33
2020-04-20,39171,32,5,1
2020-04-20,39173,162,46,30
2020-04-21,39003,166,47,26
2020-04-21,39007,105,21,20
2020-04-21,39011,44,10,4
2020-04-21,39013,101,15,7
2020-04-21,39017,274,79,13
2020-04-21,39021,22,4,1
2020-04-21,39023,65,15,4
2020-04-21,39025,109,27,3
2020-04-21,39029,257,104,37
2020-04-21,39031,23,6,0
2020-04-21,39035,2016,569,157
2020-04-21,39041,204,30,5
2020-04-21,39045,148,29,4
2020-04-21,39047,15,2,0
2020-04-21,39049,2003,345,117
2020-04-21,39055,136,32,20
2020-04-21,39057,87,12,6
2020-04-21,39059,22,3,0
2020-04-21,39061,1117,359,109
2020-04-21,39063,47,9,2
2020-04-21,39065,23,4,0
2020-04-21,39075,10,1,1
2020-04-21,39081,41,12,2
2020-04-21,39083,19,5,1
2020-04-21,39085,178,54,9
2020-04-21,39089,136,26,10
2020-04-21,39091,29,3,0
2020-04-21,39093,435,85,48
2020-04-21,39095,1412,455,186
2020-04-21,39097,54,9,6
2020-04-21,39099,798,251,122
2020-04-21,39101,2184,51,16
2020-04-21,39103,192,46,17
2020-04-21,39107,41,8,1
2020-04-21,39113,386,103,11
2020-04-21,39123,45,15,4
2020-04-21,39129,1702,74,38
2020-04-21,39133,235,61,47
2020-04-21,39137,68,15,16
2020-04-21,39139,90,24,3
2020-04-21,39141,46,11,1
2020-04-21,39149,39,12,2
2020-04-21,39151,374,96,75
2020-04-21,39153,630,225,97
2020-04-21,39155,337,124,38
2020-04-21,39157,67,14,1
2020-04-21,39163,4,1,0
2020-04-21,39165,208,27,15
2020-04-21,39167,86,13,17
2020-04-21,39169,128,20,33
2020-04-21,39171,33,5,1
2020-04-21,39173,177,47,35
2020-04-21,39175,34,3,3
2020-04-22,39003,175,49,29
2020-04-22,39005,20,3,0
2020-04-22,39007,109,22,20
2020-04-22,39013,103,15,7
2020-04-22,39017,290,82,14
2020-04-22,39023,72,15,4
2020-04-22,39025,110,28,3
2020-04-22,39027,31,8,2
2020-04-22,39029,262,105,37
2020-04-22,39033,53,7,2
2020-04-22,39035,2073,576,161
2020-04-22,39037,92,15,17
2020-04-22,39039,24,10,2
2020-04-22,39041,207,30,5
2020-04-22,39043,92,19,3
2020-04-22,39045,155,29,4
2020-04-22,39047,16,2,0
2020-04-22,39049,2110,362,123
2020-04-22,39051,22,6,0
2020-04-22,39055,142,33,22
2020-04-22,39057,88,12,6
2020-04-22,39059,23,3,0
2020-04-22,39061,1198,370,121
2020-04-22,39073,16,7,1
2020-04-22,39077,40,7,1
2020-04-22,39081,42,12,2
2020-04-22,39085,181,54,9
2020-04-22,39087,25,5,0
2020-04-22,39089,138,26,10
2020-04-22,39093,447,86,49
2020-04-22,39095,1460,461,193
2020-04-22,39097,57,9,6
2020-04-22,39099,836,252,130
2020-04-22,39101,2188,52,16
2020-04-22,39103,193,46,17
2020-04-22,39107,44,9,1
2020-04-22,39109,169,48,29
2020-04-22,39113,397,104,11
2020-04-22,39117,37,5,1
2020-04-22,39119,17,5,0
2020-04-22,39129,1708,74,38
2020-04-22,39133,241,64,50
2020-04-22,39137,73,15,16
2020-04-22,39139,92,24,3
2020-04-22,39141,47,11,1
2020-04-22,39151,384,98,77
2020-04-22,39153,657,233,103
2020-04-22,39155,345,125,38
2020-04-22,39157,68,14,1
2020-04-22,39165,213,27,15
2020-04-22,39167,100,14,18
2020-04-22,39169,132,22,35
2020-04-22,39173,181,49,37
2020-04-22,39175,35,3,3
2020-04-23,39003,177,49,30
2020-04-23,39005,21,3,0
2020-04-23,39007,115,23,20
2020-04-23,39011,45,10,4
2020-04-23,39013,120,15,7
2020-04-23,39017,307,83,14
2020-04-23,39021,23,4,1
2020-04-23,39023,76,15,4
2020-04-23,39025,112,28,3
2020-04-23,39027,33,9,2
2020-04-23,39029,270,107,38
2020-04-23,39033,56,7,2
2020-04-23,39035,2148,592,163
2020-04-23,39039,26,10,2
2020-04-23,39041,216,31,5
2020-04-23,39043,93,20,3
2020-04-23,39045,157,29,4
2020-04-23,39049,2180,379,132
2020-04-23,39055,147,34,22
2020-04-23,39057,89,12,6
2020-04-23,39059,24,3,0
2020-04-23,39061,1241,378,123
2020-04-23,39065,24,4,0
2020-04-23,39067,5,2,0
2020-04-23,39071,14,6,1
2020-04-23,39073,18,8,1
2020-04-23,39077,42,8,1
2020-04-23,39083,20,5,1
2020-04-23,39085,183,55,9
2020-04-23,39087,26,5,0
2020-04-23,39089,141,27,10
2020-04-23,39091,30,3,0
2020-04-23,39093,453,86,49
2020-04-23,39095,1512,470,199
2020-04-23,39097,62,10,6
2020-04-23,39099,864,254,136
2020-04-23,39101,2190,52,16
2020-04-23,39103,194,47,17
2020-04-23,39107,46,9,1
2020-04-23,39109,172,49,29
2020-04-23,39113,403,105,11
2020-04-23,39123,46,16,4
2020-04-23,39129,1715,75,38
2020-04-23,39131,6,0,0
2020-04-23,39133,249,68,52
2020-04-23,39137,77,16,16
2020-04-23,39141,48,11,1
2020-04-23,39143,25,9,5
2020-04-23,39145,15,0,0
2020-04-23,39147,20,6,2
2020-04-23,39151,392,99,80
2020-04-23,39153,708,243,116
2020-04-23,39155,355,125,38
2020-04-23,39157,74,15,1
2020-04-23,39159,38,4,0
2020-04-23,39163,6,1,0
2020-04-23,39165,218,28,17
2020-04-23,39169,139,23,35
2020-04-23,39171,34,5,1
2020-04-23,39173,194,49,39
2020-04-24,39003,181,49,31
2020-04-24,39005,23,3,0
2020-04-24,39007,117,23,20
2020-04-24,39013,123,15,7
2020-04-24,39015,16,4,1
2020-04-24,39017,324,86,15
2020-04-24,39019,29,7,3
2020-04-24,39021,24,4,1
2020-04-24,39023,83,16,4
2020-04-24,39025,117,29,3
2020-04-24,39029,280,111,39
2020-04-24,39033,60,8,2
2020-04-24,39035,2194,607,164
2020-04-24,39041,219,31,5
2020-04-24,39043,97,20,3
2020-04-24,39045,161,29,4
2020-04-24,39047,18,2,0
2020-04-24,39049,2315,394,146
2020-04-24,39051,23,6,0
2020-04-24,39055,155,34,24
2020-04-24,39057,90,12,6
2020-04-24,39061,1301,388,125
2020-04-24,39069,10,1,0
2020-04-24,39071,15,6,1
2020-04-24,39073,20,9,1
2020-04-24,39075,11,1,1
2020-04-24,39077,43,8,1
2020-04-24,39081,43,13,2
2020-04-24,39083,21,5,1
2020-04-24,39085,184,55,9
2020-04-24,39089,146,28,10
2020-04-24,39093,466,87,52
2020-04-24,39095,1558,478,201
2020-04-24,39097,64,11,6
2020-04-24,39099,892,258,140
2020-04-24,39101,2191,52,16
2020-04-24,39103,198,47,17
2020-04-24,39107,54,11,1
2020-04-24,39109,174,49,29
2020-04-24,39113,409,106,11
2020-04-24,39117,46,6,1
2020-04-24,39119,18,5,0
2020-04-24,39123,47,17,4
2020-04-24,39127,16,6,1
2020-04-24,39129,1721,75,38
2020-04-24,39133,256,70,53
2020-04-24,39139,94,24,3
2020-04-24,39141,49,11,1
2020-04-24,39143,27,10,6
2020-04-24,39145,16,0,0
2020-04-24,39151,411,101,80
2020-04-24,39153,729,246,118
2020-04-24,39155,359,127,38
2020-04-24,39157,82,17,2
2020-04-24,39163,7,1,0
2020-04-24,39165,225,30,17
2020-04-24,39167,101,14,18
2020-04-24,39169,150,24,40
2020-04-24,39171,35,5,1
2020-04-24,39173,196,49,39
2020-04-25,39003,182,50,32
2020-04-25,39007,123,23,21
2020-04-25,39011,48,10,4
2020-04-25,39013,133,17,8
2020-04-25,39017,331,88,15
2020-04-25,39019,30,7,3
2020-04-25,39021,25,4,1
2020-04-25,39023,89,17,4
2020-04-25,39025,120,29,3
2020-04-25,39029,287,112,39
2020-04-25,39033,61,9,3
2020-04-25,39035,2241,620,169
2020-04-25,39037,93,15,17
2020-04-25,39041,221,32,5
2020-04-25,39043,101,20,3
2020-04-25,39045,163,29,4
2020-04-25,39049,2411,403,154
2020-04-25,39051,24,6,0
2020-04-25,39055,163,36,25
2020-04-25,39061,1349,399,126
2020-04-25,39063,48,9,2
2020-04-25,39071,16,6,1
2020-04-25,39073,21,9,1
2020-04-25,39077,45,8,1
2020-04-25,39085,188,55,9
2020-04-25,39089,149,29,12
2020-04-25,39093,475,88,53
2020-04-25,39095,1593,482,203
2020-04-25,39097,67,11,6
2020-04-25,39099,915,261,143
2020-04-25,39101,2193,53,16
2020-04-25,39103,200,47,17
2020-04-25,39107,56,12,1
2020-04-25,39113,415,108,11
2020-04-25,39117,47,6,1
2020-04-25,39119,20,5,0
2020-04-25,39121,7,2,0
2020-04-25,39123,48,17,4
2020-04-25,39127,17,6,1
2020-04-25,39129,1725,75,38
2020-04-25,39135,32,5,1
2020-04-25,39141,50,12,1
2020-04-25,39143,29,11,6
2020-04-25,39145,17,0,0
2020-04-25,39151,419,102,81
2020-04-25,39153,761,257,123
2020-04-25,39155,364,128,38
2020-04-25,39157,88,17,2
2020-04-25,39159,39,4,0
2020-04-25,39163,10,1,0
2020-04-25,39165,236,33,18
2020-04-25,39169,155,24,41
2020-04-25,39171,40,5,1
2020-04-25,39173,202,50,39
2020-04-26,39007,130,23,21
2020-04-26,39013,135,18,8
2020-04-26,39017,344,88,15
2020-04-26,39023,100,17,4
2020-04-26,39025,123,29,3
2020-04-26,39029,296,114,40
2020-04-26,39033,62,9,3
2020-04-26,39035,2290,632,173
2020-04-26,39037,94,15,17
2020-04-26,39039,27,10,2
2020-04-26,39041,227,34,6
2020-04-26,39043,104,22,4
2020-04-26,39045,168,29,4
2020-04-26,39049,2515,418,163
2020-04-26,39055,166,36,25
2020-04-26,39059,26,3,0
2020-04-26,39061,1377,404,127
2020-04-26,39063,49,9,2
2020-04-26,39065,25,4,0
2020-04-26,39071,17,6,1
2020-04-26,39077,46,8,1
2020-04-26,39081,46,14,2
2020-04-26,39085,189,55,9
2020-04-26,39089,154,30,13
2020-04-26,39093,494,90,55
2020-04-26,39095,1619,487,208
2020-04-26,39099,933,261,147
2020-04-26,39101,2196,55,17
2020-04-26,39103,203,48,17
2020-04-26,39107,60,12,1
2020-04-26,39109,176,49,29
2020-04-26,39113,421,109,11
2020-04-26,39117,48,6,1
2020-04-26,39119,23,5,0
2020-04-26,39133,258,70,53
2020-04-26,39137,80,17,17
2020-04-26,39143,33,12,6
2020-04-26,39145,18,0,0
2020-04-26,39151,427,105,82
2020-04-26,39153,779,262,127
2020-04-26,39155,367,128,38
2020-04-26,39157,96,17,2
2020-04-26,39165,245,33,18
2020-04-26,39169,161,26,41
2020-04-26,39171,41,5,1
2020-04-26,39173,206,53,40
2020-04-27,39003,187,50,32
2020-04-27,39005,26,3,0
2020-04-27,39007,155,25,23
2020-04-27,39009,6,1,1
2020-04-27,39011,49,10,4
2020-04-27,39013,148,20,9
2020-04-27,39017,360,91,17
2020-04-27,39023,104,17,4
2020-04-27,39025,127,29,3
2020-04-27,39027,34,9,2
2020-04-27,39029,304,114,41
2020-04-27,39033,64,9,3
2020-04-27,39035,2365,650,178
2020-04-27,39039,28,11,2
2020-04-27,39041,229,34,6
2020-04-27,39043,107,23,4
2020-04-27,39045,171,29,4
2020-04-27,39047,21,3,0
2020-04-27,39049,2676,440,176
2020-04-27,39051,26,6,0
2020-04-27,39055,170,38,27
2020-04-27,39057,91,13,6
2020-04-27,39059,27,4,0
2020-04-27,39061,1441,411,129
2020-04-27,39063,51,9,2
2020-04-27,39065,27,6,0
2020-04-27,39077,48,8,1
2020-04-27,39081,47,14,2
2020-04-27,39083,22,5,1
2020-04-27,39085,194,55,9
2020-04-27,39089,157,31,13
2020-04-27,39093,509,91,57
2020-04-27,39095,1673,500,221
2020-04-27,39097,71,13,7
2020-04-27,39099,977,267,153
2020-04-27,39101,2197,56,17
2020-04-27,39103,204,48,17
2020-04-27,39107,66,13,1
2020-04-27,39113,429,111,11
2020-04-27,39117,52,6,1
2020-04-27,39119,24,5,0
2020-04-27,39123,49,17,5
2020-04-27,39129,1731,75,38
2020-04-27,39133,266,71,53
2020-04-27,39135,33,6,1
2020-04-27,39137,81,17,17
2020-04-27,39139,95,24,3
2020-04-27,39141,52,12,1
2020-04-27,39143,39,15,8
2020-04-27,39145,19,0,0
2020-04-27,39151,437,107,82
2020-04-27,39153,812,267,137
2020-04-27,39155,378,130,38
2020-04-27,39157,108,19,2
2020-04-27,39159,41,4,0
2020-04-27,39163,11,1,0
2020-04-27,39165,250,33,18
2020-04-27,39167,106,15,18
2020-04-27,39169,171,26,44
2020-04-27,39171,42,5,1
2020-04-27,39173,224,56,44
2020-04-28,39001,8,0,0
2020-04-28,39003,190,51,32
2020-04-28,39007,163,27,23
2020-04-28,39011,50,10,4
2020-04-28,39013,154,21,9
2020-04-28,39017,389,94,18
2020-04-28,39021,26,5,1
2020-04-28,39023,108,18,5
2020-04-28,39025,134,30,3
2020-04-28,39027,35,9,2
2020-04-28,39029,311,114,42
2020-04-28,39033,65,10,3
2020-04-28,39035,2439,663,182
2020-04-28,39041,232,34,6
2020-04-28,39043,113,24,4
2020-04-28,39045,175,31,4
2020-04-28,39047,22,3,0
2020-04-28,39049,2908,458,185
2020-04-28,39051,28,6,0
2020-04-28,39055,175,38,28
2020-04-28,39057,92,13,6
2020-04-28,39061,1512,418,137
2020-04-28,39073,22,9,1
2020-04-28,39077,53,9,2
2020-04-28,39083,23,6,1
2020-04-28,39085,197,58,11
2020-04-28,39089,160,31,13
2020-04-28,39093,516,93,58
2020-04-28,39095,1722,506,225
2020-04-28,39097,72,13,7
2020-04-28,39099,1035,268,175
2020-04-28,39101,2202,57,17
2020-04-28,39103,210,50,17
2020-04-28,39107,77,14,1
2020-04-28,39109,178,49,29
2020-04-28,39111,5,2,0
2020-04-28,39113,436,111,11
2020-04-28,39119,25,5,0
2020-04-28,39123,50,17,5
2020-04-28,39129,1736,76,38
2020-04-28,39133,271,71,55
2020-04-28,39137,84,17,17
2020-04-28,39139,97,24,3
2020-04-28,39141,56,13,1
2020-04-28,39143,43,17,8
2020-04-28,39145,21,0,0
2020-04-28,39149,40,12,2
2020-04-28,39151,455,112,87
2020-04-28,39153,851,271,145
2020-04-28,39155,382,130,38
2020-04-28,39157,125,19,2
2020-04-28,39159,42,4,0
2020-04-28,39165,257,33,18
2020-04-28,39169,177,27,45
2020-04-28,39173,230,56,46
2020-04-29,39003,196,52,33
2020-04-29,39005,27,3,0
2020-04-29,39007,168,27,23
2020-04-29,39011,53,11,4
2020-04-29,39013,167,23,10
2020-04-29,39015,17,4,1
2020-04-29,39017,414,98,19
2020-04-29,39019,31,7,3
2020-04-29,39023,110,19,5
2020-04-29,39025,138,30,3
2020-04-29,39029,318,116,43
2020-04-29,39033,67,10,3
2020-04-29,39035,2505,675,187
2020-04-29,39037,95,15,17
2020-04-29,39039,29,11,2
2020-04-29,39041,240,34,6
2020-04-29,39043,115,24,4
2020-04-29,39045,178,31,4
2020-04-29,39047,24,4,0
2020-04-29,39049,3165,488,201
2020-04-29,39051,30,6,0
2020-04-29,39055,177,39,28
2020-04-29,39057,93,14,6
2020-04-29,39059,28,4,0
2020-04-29,39061,1577,429,140
2020-04-29,39073,24,9,1
2020-04-29,39079,9,1,0
2020-04-29,39085,200,59,12
2020-04-29,39089,163,31,13
2020-04-29,39091,31,3,0
2020-04-29,39093,530,95,58
2020-04-29,39095,1760,510,227
2020-04-29,39099,1053,273,178
2020-04-29,39101,2332,61,18
2020-04-29,39103,213,50,17
2020-04-29,39105,4,0,0
2020-04-29,39107,83,14,1
2020-04-29,39109,180,49,29
2020-04-29,39113,449,114,13
2020-04-29,39117,53,6,1
2020-04-29,39123,51,18,6
2020-04-29,39129,1740,78,40
2020-04-29,39131,7,0,0
2020-04-29,39133,276,72,55
2020-04-29,39137,85,17,17
2020-04-29,39139,99,24,3
2020-04-29,39141,57,13,1
2020-04-29,39143,45,17,8
2020-04-29,39145,22,1,0
2020-04-29,39151,475,118,89
2020-04-29,39153,879,275,149
2020-04-29,39155,385,131,38
2020-04-29,39157,146,21,2
2020-04-29,39165,262,34,19
2020-04-29,39169,184,28,46
2020-04-29,39171,43,5,1
2020-04-29,39173,245,58,49
2020-04-30,39003,198,53,33
2020-04-30,39007,171,27,24
2020-04-30,39011,56,11,4
2020-04-30,39013,175,26,10
2020-04-30,39017,429,101,22
2020-04-30,39019,32,7,3
2020-04-30,39023,116,20,5
2020-04-30,39025,140,30,3
2020-04-30,39029,324,116,43
2020-04-30,39031,24,6,0
2020-04-30,39033,73,10,4
2020-04-30,39035,2590,699,197
2020-04-30,39041,246,34,6
2020-04-30,39043,119,25,4
2020-04-30,39045,180,31,4
2020-04-30,39049,3292,504,205
2020-04-30,39055,180,40,28
2020-04-30,39061,1625,440,144
2020-04-30,39063,53,10,3
2020-04-30,39065,28,6,0
2020-04-30,39069,12,1,1
2020-04-30,39081,49,14,2
2020-04-30,39083,25,6,1
2020-04-30,39085,204,59,12
2020-04-30,39089,166,32,14
2020-04-30,39091,34,4,0
2020-04-30,39093,543,98,58
2020-04-30,39095,1803,514,231
2020-04-30,39097,75,14,7
2020-04-30,39099,1088,273,181
2020-04-30,39101,2335,61,18
2020-04-30,39107,89,14,1
2020-04-30,39109,181,49,29
2020-04-30,39111,7,2,0
2020-04-30,39113,457,116,13
2020-04-30,39115,8,1,1
2020-04-30,39117,86,7,1
2020-04-30,39129,1743,78,40
2020-04-30,39133,280,72,55
2020-04-30,39137,86,17,17
2020-04-30,39141,59,14,1
2020-04-30,39143,47,18,9
2020-04-30,39151,491,124,90
2020-04-30,39153,900,283,153
2020-04-30,39155,391,131,38
2020-04-30,39157,156,22,2
2020-04-30,39159,43,4,0
2020-04-30,39163,12,2,0
2020-04-30,39165,272,37,19
2020-04-30,39169,187,28,46
2020-04-30,39171,44,5,1
2020-04-30,39173,257,58,51
2020-05-01,39003,205,53,35
2020-05-01,39005,29,3,0
2020-05-01,39007,182,31,27
2020-05-01,39011,57,11,4
2020-05-01,39013,181,27,10
2020-05-01,39017,466,107,23
2020-05-01,39019,33,8,4
2020-05-01,39023,120,21,5
2020-05-01,39025,147,33,4
2020-05-01,39027,36,9,2
2020-05-01,39029,334,117,43
2020-05-01,39033,78,10,4
2020-05-01,39035,2670,725,202
2020-05-01,39037,96,15,17
2020-05-01,39041,255,34,6
2020-05-01,39043,125,25,4
2020-05-01,39045,184,31,4
2020-05-01,39049,3408,522,209
2020-05-01,39055,183,41,28
2020-05-01,39057,96,14,6
2020-05-01,39061,1679,448,146
2020-05-01,39067,6,2,0
2020-05-01,39069,16,2,1
2020-05-01,39079,10,1,0
2020-05-01,39085,207,60,12
2020-05-01,39089,172,33,14
2020-05-01,39091,35,5,0
2020-05-01,39093,553,99,59
2020-05-01,39095,1843,521,235
2020-05-01,39097,76,14,7
2020-05-01,39099,1111,277,185
2020-05-01,39101,2340,62,19
2020-05-01,39103,217,50,17
2020-05-01,39107,97,17,1
2020-05-01,39113,472,121,17
2020-05-01,39119,29,6,0
2020-05-01,39123,54,18,7
2020-05-01,39125,17,5,0
2020-05-01,39127,18,6,1
2020-05-01,39129,1766,78,40
2020-05-01,39133,281,72,55
2020-05-01,39137,88,17,17
2020-05-01,39139,100,24,3
2020-05-01,39143,50,18,9
2020-05-01,39151,510,128,91
2020-05-01,39153,934,287,161
2020-05-01,39155,404,133,39
2020-05-01,39157,173,23,2
2020-05-01,39165,281,39,20
2020-05-01,39167,110,15,19
2020-05-01,39169,190,28,47
2020-05-01,39173,261,59,51
2020-05-02,39001,9,0,0
2020-05-02,39007,186,32,28
2020-05-02,39013,192,27,10
2020-05-02,39015,18,5,1
2020-05-02,39017,476,112,23
2020-05-02,39023,124,21,5
2020-05-02,39029,342,118,45
2020-05-02,39033,80,11,4
2020-05-02,39035,2718,738,202
2020-05-02,39037,97,15,17
2020-05-02,39039,30,11,2
2020-05-02,39041,264,34,6
2020-05-02,39043,126,25,4
2020-05-02,39045,187,31,4
2020-05-02,39047,25,4,0
2020-05-02,39049,3539,542,217
2020-05-02,39051,31,6,0
2020-05-02,39055,186,41,28
2020-05-02,39057,97,14,6
2020-05-02,39061,1712,455,148
2020-05-02,39063,54,10,3
2020-05-02,39079,11,1,0
2020-05-02,39083,26,6,1
2020-05-02,39085,212,60,12
2020-05-02,39087,27,5,0
2020-05-02,39089,175,36,14
2020-05-02,39093,560,99,59
2020-05-02,39095,1891,526,240
2020-05-02,39097,77,14,7
2020-05-02,39099,1137,279,194
2020-05-02,39101,2349,64,20
2020-05-02,39103,219,50,17
2020-05-02,39107,101,17,1
2020-05-02,39113,480,124,18
2020-05-02,39129,1848,79,41
2020-05-02,39133,285,72,56
2020-05-02,39137,89,17,17
2020-05-02,39139,103,24,3
2020-05-02,39141,60,14,1
2020-05-02,39143,53,18,10
2020-05-02,39145,23,1,0
2020-05-02,39151,523,129,91
2020-05-02,39153,953,293,164
2020-05-02,39155,409,135,39
2020-05-02,39157,182,24,3
2020-05-02,39159,44,4,0
2020-05-02,39163,13,3,0
2020-05-02,39165,285,40,20
2020-05-02,39167,111,15,19
2020-05-02,39169,194,28,48
2020-05-02,39173,265,59,51
2020-05-02,39175,36,3,3
2020-05-03,39003,206,53,35
2020-05-03,39005,30,4,0
2020-05-03,39007,197,32,29
2020-05-03,39011,59,12,4
2020-05-03,39013,196,28,10
2020-05-03,39017,490,114,24
2020-05-03,39023,130,22,5
2020-05-03,39025,148,33,4
2020-05-03,39027,37,10,2
2020-05-03,39029,348,118,46
2020-05-03,39033,85,13,4
2020-05-03,39035,2768,751,206
2020-05-03,39037,99,15,17
2020-05-03,39041,267,34,6
2020-05-03,39043,128,25,4
2020-05-03,39045,191,31,4
2020-05-03,39049,3621,556,223
2020-05-03,39055,189,42,28
2020-05-03,39059,29,4,0
2020-05-03,39061,1745,464,149
2020-05-03,39077,54,9,2
2020-05-03,39085,214,60,12
2020-05-03,39089,177,36,14
2020-05-03,39093,566,99,59
2020-05-03,39095,1919,534,242
2020-05-03,39097,79,14,7
2020-05-03,39099,1144,280,195
2020-05-03,39101,2350,64,20
2020-05-03,39103,220,51,17
2020-05-03,39107,107,18,1
2020-05-03,39109,182,49,29
2020-05-03,39111,8,2,0
2020-05-03,39113,485,126,18
2020-05-03,39117,87,8,1
2020-05-03,39119,31,6,0
2020-05-03,39129,1849,79,41
2020-05-03,39133,286,72,56
2020-05-03,39139,105,25,3
2020-05-03,39141,62,15,1
2020-05-03,39151,540,131,91
2020-05-03,39153,968,293,168
2020-05-03,39155,413,136,39
2020-05-03,39157,193,25,3
2020-05-03,39163,14,3,0
2020-05-03,39165,287,40,20
2020-05-03,39167,112,16,20
2020-05-03,39169,198,28,49
2020-05-03,39171,45,5,1
2020-05-03,39173,267,59,51
2020-05-04,39003,209,53,36
2020-05-04,39005,32,4,0
2020-05-04,39007,199,33,29
2020-05-04,39009,7,1,1
2020-05-04,39011,62,13,4
2020-05-04,39013,209,32,12
2020-05-04,39015,20,5,1
2020-05-04,39017,527,117,24
2020-05-04,39021,27,5,1
2020-05-04,39023,135,22,5
2020-05-04,39025,154,33,4
2020-05-04,39029,380,124,53
2020-05-04,39031,27,6,0
2020-05-04,39033,86,13,4
2020-05-04,39035,2855,766,217
2020-05-04,39037,102,15,17
2020-05-04,39041,273,34,6
2020-05-04,39043,131,25,4
2020-05-04,39045,197,31,4
2020-05-04,39049,3739,575,232
2020-05-04,39051,32,6,0
2020-05-04,39055,193,43,28
2020-05-04,39057,98,15,6
2020-05-04,39061,1823,475,153
2020-05-04,39073,25,9,1
2020-05-04,39079,12,1,0
2020-05-04,39081,51,15,2
2020-05-04,39085,216,61,12
2020-05-04,39093,570,99,59
2020-05-04,39095,1951,540,244
2020-05-04,39097,81,14,7
2020-05-04,39099,1155,280,196
2020-05-04,39101,2352,64,20
2020-05-04,39103,223,52,17
2020-05-04,39107,115,20,1
2020-05-04,39109,198,49,29
2020-05-04,39111,9,2,0
2020-05-04,39113,498,130,19
2020-05-04,39119,32,7,0
2020-05-04,39123,55,18,7
2020-05-04,39127,19,6,1
2020-05-04,39129,1850,79,41
2020-05-04,39133,292,72,57
2020-05-04,39137,90,17,17
2020-05-04,39139,108,25,3
2020-05-04,39141,64,16,2
2020-05-04,39151,553,135,91
2020-05-04,39153,999,298,172
2020-05-04,39155,426,137,41
2020-05-04,39157,207,26,3
2020-05-04,39159,45,4,0
2020-05-04,39165,292,41,21
2020-05-04,39167,113,16,20
2020-05-04,39169,202,29,51
2020-05-04,39173,268,59,51
2020-05-04,39175,38,3,3
2020-05-05,39003,211,53,36
2020-05-05,39005,33,4,0
2020-05-05,39007,206,36,32
2020-05-05,39011,65,14,4
2020-05-05,39013,222,32,12
2020-05-05,39017,562,119,26
2020-05-05,39021,28,5,1
2020-05-05,39023,139,22,5
2020-05-05,39025,155,33,4
2020-05-05,39029,386,128,54
2020-05-05,39033,88,13,4
2020-05-05,39035,2944,797,227
2020-05-05,39037,107,15,17
2020-05-05,39039,32,12,2
2020-05-05,39041,278,34,6
2020-05-05,39045,203,31,4
2020-05-05,39049,3909,597,249
2020-05-05,39055,201,45,28
2020-05-05,39061,1882,484,153
2020-05-05,39063,55,10,3
2020-05-05,39071,18,6,1
2020-05-05,39073,28,10,1
2020-05-05,39075,12,1,1
2020-05-05,39077,56,9,2
2020-05-05,39079,13,1,0
2020-05-05,39081,53,16,2
2020-05-05,39085,219,62,12
2020-05-05,39087,29,5,0
2020-05-05,39089,181,38,14
2020-05-05,39093,576,101,59
2020-05-05,39095,2001,546,247
2020-05-05,39097,83,14,7
2020-05-05,39099,1172,282,197
2020-05-05,39101,2365,65,20
2020-05-05,39103,225,53,17
2020-05-05,39107,126,23,1
2020-05-05,39109,284,49,30
2020-05-05,39111,10,3,0
2020-05-05,39113,517,132,19
2020-05-05,39117,89,8,1
2020-05-05,39119,34,7,0
2020-05-05,39125,18,6,0
2020-05-05,39129,1856,79,41
2020-05-05,39133,297,73,58
2020-05-05,39139,115,25,3
2020-05-05,39143,54,18,10
2020-05-05,39151,558,135,91
2020-05-05,39153,1040,306,178
2020-05-05,39155,432,137,41
2020-05-05,39157,223,28,3
2020-05-05,39159,46,4,0
2020-05-05,39163,15,3,0
2020-05-05,39165,295,41,21
2020-05-05,39167,117,16,20
2020-05-05,39169,203,29,51
2020-05-05,39171,46,5,1
2020-05-05,39173,272,59,51
2020-05-06,39003,217,53,36
2020-05-06,39005,34,4,0
2020-05-06,39007,209,38,33
2020-05-06,39009,8,1,1
2020-05-06,39013,230,32,13
2020-05-06,39017,578,120,28
2020-05-06,39023,144,23,5
2020-05-06,39025,157,33,4
2020-05-06,39029,387,128,54
2020-05-06,39031,28,6,0
2020-05-06,39033,90,13,4
2020-05-06,39035,3010,812,232
2020-05-06,39037,111,15,17
2020-05-06,39041,286,36,7
2020-05-06,39043,132,25,4
2020-05-06,39045,209,35,4
2020-05-06,39049,4057,607,262
2020-05-06,39051,33,6,0
2020-05-06,39055,210,47,30
2020-05-06,39057,99,15,6
2020-05-06,39059,31,4,0
2020-05-06,39061,1931,491,156
2020-05-06,39065,30,6,0
2020-05-06,39067,7,2,0
2020-05-06,39073,29,10,1
2020-05-06,39077,58,9,2
2020-05-06,39079,14,1,0
2020-05-06,39085,223,62,12
2020-05-06,39089,196,41,14
2020-05-06,39091,38,5,0
2020-05-06,39093,582,101,60
2020-05-06,39095,2039,552,251
2020-05-06,39097,90,14,7
2020-05-06,39099,1189,284,199
2020-05-06,39101,2381,66,21
2020-05-06,39103,228,53,17
2020-05-06,39107,133,23,1
2020-05-06,39109,329,49,30
2020-05-06,39111,11,3,0
2020-05-06,39113,528,136,19
2020-05-06,39117,91,8,1
2020-05-06,39119,35,7,0
2020-05-06,39123,56,18,7
2020-05-06,39129,1859,79,41
2020-05-06,39133,298,73,58
2020-05-06,39137,91,18,17
2020-05-06,39139,123,27,3
2020-05-06,39141,69,17,2
2020-05-06,39143,55,18,10
2020-05-06,39149,41,13,3
2020-05-06,39151,578,136,91
2020-05-06,39153,1065,308,182
2020-05-06,39155,440,141,45
2020-05-06,39157,235,28,3
2020-05-06,39163,16,4,1
2020-05-06,39165,299,41,21
2020-05-06,39169,205,29,51
2020-05-06,39171,47,5,1
2020-05-06,39173,278,61,51
2020-05-07,39003,218,53,36
2020-05-07,39007,210,38,33
2020-05-07,39011,66,14,4
2020-05-07,39013,242,32,14
2020-05-07,39017,597,124,31
2020-05-07,39023,148,23,5
2020-05-07,39025,161,33,4
2020-05-07,39029,392,129,54
2020-05-07,39031,30,6,0
2020-05-07,39033,93,14,4
2020-05-07,39035,3078,829,236
2020-05-07,39037,116,15,17
2020-05-07,39041,291,37,7
2020-05-07,39043,135,27,4
2020-05-07,39045,212,35,4
2020-05-07,39049,4185,624,274
2020-05-07,39051,34,6,0
2020-05-07,39055,212,49,31
2020-05-07,39057,101,15,6
2020-05-07,39061,1962,495,156
2020-05-07,39073,31,10,1
2020-05-07,39075,13,1,1
2020-05-07,39077,60,9,2
2020-05-07,39079,15,1,0
2020-05-07,39081,57,16,2
2020-05-07,39085,227,63,12
2020-05-07,39089,201,41,14
2020-05-07,39093,587,102,61
2020-05-07,39095,2064,553,251
2020-05-07,39097,92,14,7
2020-05-07,39099,1207,285,199
2020-05-07,39101,2406,68,25
2020-05-07,39103,230,53,17
2020-05-07,39107,137,25,2
2020-05-07,39109,334,49,30
2020-05-07,39111,15,5,1
2020-05-07,39113,540,137,19
2020-05-07,39117,92,8,1
2020-05-07,39119,36,7,0
2020-05-07,39123,57,19,8
2020-05-07,39129,1893,79,41
2020-05-07,39131,8,0,0
2020-05-07,39133,300,73,58
2020-05-07,39139,133,27,3
2020-05-07,39141,70,18,2
2020-05-07,39143,56,18,10
2020-05-07,39149,43,14,3
2020-05-07,39151,594,140,94
2020-05-07,39153,1087,315,184
2020-05-07,39155,453,143,48
2020-05-07,39157,242,28,3
2020-05-07,39165,326,41,21
2020-05-07,39169,209,29,51
2020-05-07,39173,280,61,52
2020-05-08,39001,10,1,1
2020-05-08,39003,220,53,36
2020-05-08,39005,35,4,0
2020-05-08,39007,211,38,33
2020-05-08,39011,67,14,4
2020-05-08,39013,268,33,16
2020-05-08,39015,23,5,1
2020-05-08,39017,623,130,32
2020-05-08,39023,158,24,5
2020-05-08,39025,167,35,4
2020-05-08,39027,39,11,2
2020-05-08,39029,398,130,55
2020-05-08,39033,97,15,5
2020-05-08,39035,3145,845,238
2020-05-08,39037,120,15,17
2020-05-08,39039,33,12,2
2020-05-08,39041,299,37,10
2020-05-08,39043,139,27,4
2020-05-08,39045,215,35,4
2020-05-08,39047,26,4,0
2020-05-08,39049,4285,635,277
2020-05-08,39051,35,6,0
2020-05-08,39055,215,49,32
2020-05-08,39059,32,5,0
2020-05-08,39061,2023,498,156
2020-05-08,39065,31,6,0
2020-05-08,39069,17,2,1
2020-05-08,39075,14,1,1
2020-05-08,39077,61,9,2
2020-05-08,39085,232,64,12
2020-05-08,39089,206,41,14
2020-05-08,39093,593,103,61
2020-05-08,39095,2094,558,255
2020-05-08,39097,98,15,7
2020-05-08,39099,1228,285,203
2020-05-08,39101,2415,71,25
2020-05-08,39103,234,53,17
2020-05-08,39107,145,28,3
2020-05-08,39109,339,49,30
2020-05-08,39111,26,8,4
2020-05-08,39113,557,145,21
2020-05-08,39117,93,8,1
2020-05-08,39119,37,7,0
2020-05-08,39123,59,20,9
2020-05-08,39129,2002,79,41
2020-05-08,39137,93,18,17
2020-05-08,39139,146,29,3
2020-05-08,39141,74,19,2
2020-05-08,39143,57,19,10
2020-05-08,39151,606,142,98
2020-05-08,39153,1104,315,186
2020-05-08,39155,467,144,49
2020-05-08,39157,248,29,3
2020-05-08,39159,48,4,0
2020-05-08,39163,17,4,1
2020-05-08,39165,331,42,22
2020-05-08,39169,213,29,51
2020-05-08,39173,284,62,52
2020-05-08,39175,39,3,3
2020-05-09,39003,222,54,36
2020-05-09,39007,212,39,33
2020-05-09,39009,9,1,1
2020-05-09,39011,68,14,4
2020-05-09,39013,269,33,16
2020-05-09,39017,635,131,33
2020-05-09,39023,163,25,5
2020-05-09,39025,169,35,4
2020-05-09,39027,41,12,2
2020-05-09,39033,99,15,5
2020-05-09,39035,3215,864,242
2020-05-09,39037,124,16,18
2020-05-09,39041,306,38,10
2020-05-09,39043,141,27,4
2020-05-09,39045,218,35,4
2020-05-09,39047,27,4,0
2020-05-09,39049,4364,640,278
2020-05-09,39055,218,51,32
2020-05-09,39057,104,15,6
2020-05-09,39061,2051,503,156
2020-05-09,39063,56,10,3
2020-05-09,39071,20,7,1
2020-05-09,39073,33,11,1
2020-05-09,39075,15,1,1
2020-05-09,39081,59,16,2
2020-05-09,39089,208,42,14
2020-05-09,39091,39,5,0
2020-05-09,39093,602,104,61
2020-05-09,39095,2113,562,257
2020-05-09,39097,100,16,7
2020-05-09,39099,1238,287,204
2020-05-09,39101,2420,71,25
2020-05-09,39103,240,54,18
2020-05-09,39107,149,28,3
2020-05-09,39111,27,9,5
2020-05-09,39113,560,146,21
2020-05-09,39119,38,7,0
2020-05-09,39123,61,20,10
2020-05-09,39129,2004,79,41
2020-05-09,39133,306,73,58
2020-05-09,39139,147,29,3
2020-05-09,39147,21,6,2
2020-05-09,39151,611,142,99
2020-05-09,39153,1111,318,186
2020-05-09,39155,469,144,49
2020-05-09,39157,258,30,3
2020-05-09,39159,49,4,0
2020-05-09,39163,18,5,1
2020-05-09,39165,335,43,23
2020-05-09,39167,118,16,20
2020-05-09,39169,216,30,51
2020-05-09,39173,285,62,52
2020-05-09,39175,40,3,3
2020-05-10,39003,223,55,36
2020-05-10,39007,216,40,34
2020-05-10,39011,69,14,4
2020-05-10,39015,26,5,1
2020-05-10,39017,646,132,33
2020-05-10,39019,34,8,4
2020-05-10,39021,29,5,1
2020-05-10,39023,164,26,5
2020-05-10,39025,174,36,4
2020-05-10,39029,400,131,55
2020-05-10,39033,100,15,5
2020-05-10,39035,3270,881,248
2020-05-10,39037,126,16,18
2020-05-10,39041,312,39,10
2020-05-10,39045,220,35,4
2020-05-10,39047,28,4,0
2020-05-10,39049,4462,662,284
2020-05-10,39055,220,51,32
2020-05-10,39059,33,5,0
2020-05-10,39061,2073,507,156
2020-05-10,39063,58,11,3
2020-05-10,39067,8,2,0
2020-05-10,39073,34,11,1
2020-05-10,39077,62,10,2
2020-05-10,39079,16,1,0
2020-05-10,39089,210,42,14
2020-05-10,39091,40,5,0
2020-05-10,39093,609,107,61
2020-05-10,39095,2130,564,259
2020-05-10,39097,103,17,8
2020-05-10,39099,1245,288,204
2020-05-10,39101,2425,71,25
2020-05-10,39103,244,54,18
2020-05-10,39107,155,29,4
2020-05-10,39109,342,49,30
2020-05-10,39113,567,148,21
2020-05-10,39117,95,8,1
2020-05-10,39119,39,7,0
2020-05-10,39123,63,21,11
2020-05-10,39125,19,6,0
2020-05-10,39129,2005,79,41
2020-05-10,39133,307,74,58
2020-05-10,39135,34,6,1
2020-05-10,39137,94,18,17
2020-05-10,39139,153,29,3
2020-05-10,39141,76,21,3
2020-05-10,39145,24,1,0
2020-05-10,39147,22,6,3
2020-05-10,39151,620,145,99
2020-05-10,39153,1127,324,189
2020-05-10,39155,475,144,49
2020-05-10,39157,262,31,4
2020-05-10,39163,19,5,1
2020-05-10,39165,338,43,23
2020-05-10,39169,222,32,52
2020-05-10,39173,289,62,52
2020-05-10,39175,42,3,3
2020-05-11,39001,11,1,1
2020-05-11,39003,226,56,36
2020-05-11,39007,227,45,35
2020-05-11,39011,71,14,4
2020-05-11,39013,288,33,16
2020-05-11,39015,27,5,1
2020-05-11,39017,671,138,33
2020-05-11,39019,35,8,4
2020-05-11,39021,30,5,1
2020-05-11,39023,172,27,5
2020-05-11,39025,178,37,4
2020-05-11,39027,42,12,2
2020-05-11,39029,432,131,55
2020-05-11,39033,104,16,5
2020-05-11,39035,3364,905,257
2020-05-11,39037,128,16,18
2020-05-11,39041,315,39,10
2020-05-11,39043,146,28,4
2020-05-11,39045,223,36,4
2020-05-11,39047,30,4,0
2020-05-11,39049,4622,676,295
2020-05-11,39053,11,4,1
2020-05-11,39055,222,52,32
2020-05-11,39057,106,15,6
2020-05-11,39059,35,5,0
2020-05-11,39061,2119,516,157
2020-05-11,39063,60,11,3
2020-05-11,39065,32,7,0
2020-05-11,39073,36,12,2
2020-05-11,39075,17,1,1
2020-05-11,39077,63,10,2
2020-05-11,39081,61,16,2
2020-05-11,39083,28,6,1
2020-05-11,39085,237,65,13
2020-05-11,39089,212,42,14
2020-05-11,39091,41,5,0
2020-05-11,39093,618,108,61
2020-05-11,39095,2147,567,261
2020-05-11,39099,1258,288,204
2020-05-11,39101,2438,75,25
2020-05-11,39103,248,56,20
2020-05-11,39107,167,30,4
2020-05-11,39109,346,49,30
2020-05-11,39111,28,9,5
2020-05-11,39113,580,151,23
2020-05-11,39117,98,8,1
2020-05-11,39119,40,7,0
2020-05-11,39123,65,21,11
2020-05-11,39125,20,6,0
2020-05-11,39129,2028,79,41
2020-05-11,39133,309,75,58
2020-05-11,39137,96,19,17
2020-05-11,39139,161,29,3
2020-05-11,39141,79,22,4
2020-05-11,39143,59,20,10
2020-05-11,39149,45,15,4
2020-05-11,39151,637,145,100
2020-05-11,39153,1147,327,190
2020-05-11,39155,483,147,52
2020-05-11,39157,271,33,4
2020-05-11,39159,51,4,0
2020-05-11,39161,10,2,0
2020-05-11,39165,353,44,23
2020-05-11,39169,225,33,52
2020-05-11,39173,290,62,52
2020-05-12,39003,229,56,36
2020-05-12,39007,230,45,35
2020-05-12,39009,12,1,1
2020-05-12,39011,74,15,4
2020-05-12,39013,313,33,17
2020-05-12,39017,701,139,33
2020-05-12,39021,32,6,1
2020-05-12,39023,180,27,5
2020-05-12,39025,184,39,5
2020-05-12,39029,453,132,55
2020-05-12,39031,31,6,0
2020-05-12,39033,105,17,5
2020-05-12,39035,3443,925,261
2020-05-12,39037,130,16,18
2020-05-12,39039,34,13,2
2020-05-12,39041,324,40,13
2020-05-12,39045,228,36,4
2020-05-12,39049,4730,693,301
2020-05-12,39051,36,6,0
2020-05-12,39055,229,53,35
2020-05-12,39057,108,15,6
2020-05-12,39059,37,5,0
2020-05-12,39061,2168,526,161
2020-05-12,39063,64,11,3
2020-05-12,39065,33,7,0
2020-05-12,39073,43,13,4
2020-05-12,39075,20,2,2
2020-05-12,39081,62,16,2
2020-05-12,39083,29,6,1
2020-05-12,39085,240,66,14
2020-05-12,39089,215,42,14
2020-05-12,39091,44,5,0
2020-05-12,39093,622,109,61
2020-05-12,39095,2167,567,263
2020-05-12,39097,104,17,8
2020-05-12,39099,1264,288,208
2020-05-12,39101,2447,75,26
2020-05-12,39103,250,56,20
2020-05-12,39107,177,31,5
2020-05-12,39109,347,49,30
2020-05-12,39111,35,10,7
2020-05-12,39113,590,151,23
2020-05-12,39117,100,8,1
2020-05-12,39119,42,7,0
2020-05-12,39123,67,22,11
2020-05-12,39129,2042,79,41
2020-05-12,39133,312,76,58
2020-05-12,39139,167,30,5
2020-05-12,39141,80,22,4
2020-05-12,39143,61,20,11
2020-05-12,39151,647,145,102
2020-05-12,39153,1164,331,192
2020-05-12,39155,489,149,52
2020-05-12,39157,279,34,4
2020-05-12,39159,53,5,1
2020-05-12,39165,357,45,23
2020-05-12,39167,119,16,20
2020-05-12,39169,231,33,52
2020-05-12,39173,292,62,52
2020-05-12,39175,43,3,3
2020-05-13,39003,230,56,36
2020-05-13,39007,239,46,35
2020-05-13,39011,75,15,4
2020-05-13,39013,324,33,18
2020-05-13,39017,722,144,34
2020-05-13,39019,37,8,4
2020-05-13,39023,189,28,5
2020-05-13,39025,188,40,6
2020-05-13,39027,43,12,2
2020-05-13,39029,480,132,55
2020-05-13,39031,32,6,0
2020-05-13,39033,106,18,5
2020-05-13,39035,3534,946,263
2020-05-13,39037,134,16,18
2020-05-13,39039,35,13,2
2020-05-13,39041,329,40,13
2020-05-13,39043,147,28,4
2020-05-13,39045,232,36,4
2020-05-13,39047,31,4,0
2020-05-13,39049,4847,710,308
2020-05-13,39055,240,55,35
2020-05-13,39057,109,16,7
2020-05-13,39061,2221,536,163
2020-05-13,39067,9,2,0
2020-05-13,39073,47,13,4
2020-05-13,39075,21,2,2
2020-05-13,39077,64,10,2
2020-05-13,39083,30,6,1
2020-05-13,39085,244,66,14
2020-05-13,39089,219,42,14
2020-05-13,39093,625,109,61
2020-05-13,39095,2191,570,266
2020-05-13,39097,108,17,8
2020-05-13,39099,1286,288,211
2020-05-13,39101,2453,75,26
2020-05-13,39103,253,57,21
2020-05-13,39107,193,36,6
2020-05-13,39109,353,50,30
2020-05-13,39111,59,13,17
2020-05-13,39113,606,156,23
2020-05-13,39119,43,7,0
2020-05-13,39123,71,23,14
2020-05-13,39129,2050,79,41
2020-05-13,39133,314,76,58
2020-05-13,39135,35,6,1
2020-05-13,39137,97,19,17
2020-05-13,39139,172,31,5
2020-05-13,39141,82,22,4
2020-05-13,39151,659,147,102
2020-05-13,39153,1188,332,194
2020-05-13,39155,497,151,53
2020-05-13,39157,283,34,4
2020-05-13,39159,54,5,1
2020-05-13,39165,363,45,23
2020-05-13,39169,240,34,52
2020-05-13,39171,48,6,1
2020-05-13,39173,297,62,52
2020-05-14,39003,232,56,36
2020-05-14,39007,248,51,38
2020-05-14,39011,76,15,4
2020-05-14,39013,326,33,20
2020-05-14,39017,744,145,34
2020-05-14,39023,198,29,5
2020-05-14,39025,190,40,6
2020-05-14,39027,45,13,2
2020-05-14,39029,483,133,55
2020-05-14,39033,108,19,5
2020-05-14,39035,3595,960,267
2020-05-14,39037,140,16,20
2020-05-14,39039,36,13,2
2020-05-14,39041,343,43,15
2020-05-14,39043,170,33,15
2020-05-14,39045,237,36,4
2020-05-14,39047,32,4,0
2020-05-14,39049,4939,722,312
2020-05-14,39055,250,56,35
2020-05-14,39057,111,16,7
2020-05-14,39059,38,5,0
2020-05-14,39061,2282,542,167
2020-05-14,39063,65,11,3
2020-05-14,39073,65,14,7
2020-05-14,39075,25,2,2
2020-05-14,39077,66,10,2
2020-05-14,39081,63,16,2
2020-05-14,39083,31,6,1
2020-05-14,39085,250,67,15
2020-05-14,39089,220,42,14
2020-05-14,39091,45,6,0
2020-05-14,39093,633,112,61
2020-05-14,39095,2221,576,272
2020-05-14,39097,110,17,8
2020-05-14,39099,1309,291,215
2020-05-14,39101,2529,75,27
2020-05-14,39103,260,58,24
2020-05-14,39107,198,36,6
2020-05-14,39109,358,50,30
2020-05-14,39111,61,13,17
2020-05-14,39113,618,161,23
2020-05-14,39117,101,8,1
2020-05-14,39119,44,8,0
2020-05-14,39123,76,23,15
2020-05-14,39129,2058,79,41
2020-05-14,39137,98,19,17
2020-05-14,39139,174,32,5
2020-05-14,39143,62,20,11
2020-05-14,39151,675,149,103
2020-05-14,39153,1214,337,194
2020-05-14,39155,501,151,54
2020-05-14,39157,292,35,6
2020-05-14,39159,56,5,1
2020-05-14,39163,20,6,2
2020-05-14,39165,367,48,23
2020-05-14,39167,120,16,20
2020-05-14,39169,244,34,52
2020-05-14,39173,305,63,53
2020-05-14,39175,44,3,3
2020-05-15,39003,233,57,36
2020-05-15,39005,36,5,0
2020-05-15,39007,252,52,38
2020-05-15,39009,14,1,1
2020-05-15,39011,77,15,4
2020-05-15,39013,332,33,21
2020-05-15,39015,29,5,1
2020-05-15,39017,771,148,34
2020-05-15,39021,33,6,1
2020-05-15,39023,209,31,7
2020-05-15,39025,192,40,6
2020-05-15,39027,46,13,2
2020-05-15,39029,484,134,55
2020-05-15,39033,112,19,5
2020-05-15,39035,3692,986,273
2020-05-15,39037,143,17,21
2020-05-15,39039,37,13,2
2020-05-15,39041,349,45,15
2020-05-15,39043,241,47,23
2020-05-15,39045,243,36,4
2020-05-15,39047,33,4,0
2020-05-15,39049,5045,735,322
2020-05-15,39055,254,59,35
2020-05-15,39057,112,16,7
2020-05-15,39061,2338,552,168
2020-05-15,39069,18,2,1
2020-05-15,39071,21,8,1
2020-05-15,39073,66,14,7
2020-05-15,39075,26,2,2
2020-05-15,39077,75,10,2
2020-05-15,39085,259,68,16
2020-05-15,39087,30,5,0
2020-05-15,39089,223,42,14
2020-05-15,39093,639,113,61
2020-05-15,39095,2239,582,275
2020-05-15,39097,113,17,8
2020-05-15,39099,1328,295,217
2020-05-15,39101,2537,75,27
2020-05-15,39103,265,58,24
2020-05-15,39107,208,38,8
2020-05-15,39109,360,50,30
2020-05-15,39111,63,13,17
2020-05-15,39113,631,164,23
2020-05-15,39117,102,8,1
2020-05-15,39119,46,8,0
2020-05-15,39123,84,24,16
2020-05-15,39129,2067,79,41
2020-05-15,39131,9,0,0
2020-05-15,39133,317,77,58
2020-05-15,39137,100,19,18
2020-05-15,39139,180,32,5
2020-05-15,39141,83,23,5
2020-05-15,39143,66,21,11
2020-05-15,39147,24,6,3
2020-05-15,39149,46,15,4
2020-05-15,39151,709,150,109
2020-05-15,39153,1240,340,196
2020-05-15,39155,516,154,55
2020-05-15,39157,301,37,6
2020-05-15,39165,373,49,23
2020-05-15,39169,253,35,52
2020-05-15,39173,308,63,53
2020-05-16,39003,235,57,36
2020-05-16,39005,37,5,0
2020-05-16,39007,257,53,38
2020-05-16,39009,19,1,1
2020-05-16,39011,78,15,4
2020-05-16,39013,343,33,22
2020-05-16,39015,30,5,1
2020-05-16,39017,787,150,36
2020-05-16,39023,216,32,7
2020-05-16,39025,197,41,6
2020-05-16,39027,47,13,2
2020-05-16,39033,113,19,5
2020-05-16,39035,3765,999,274
2020-05-16,39037,160,19,24
2020-05-16,39039,38,13,2
2020-05-16,39041,350,45,15
2020-05-16,39043,253,47,23
2020-05-16,39045,247,36,4
2020-05-16,39047,34,5,0
2020-05-16,39049,5143,743,331
2020-05-16,39055,256,59,35
2020-05-16,39057,113,16,7
2020-05-16,39061,2366,558,170
2020-05-16,39063,66,11,3
2020-05-16,39065,34,7,0
2020-05-16,39067,10,2,0
2020-05-16,39069,19,2,1
2020-05-16,39071,23,8,1
2020-05-16,39073,68,15,7
2020-05-16,39075,27,2,2
2020-05-16,39077,78,10,2
2020-05-16,39085,263,68,17
2020-05-16,39089,224,42,14
2020-05-16,39093,642,113,61
2020-05-16,39095,2250,585,275
2020-05-16,39097,119,17,8
2020-05-16,39099,1339,297,217
2020-05-16,39101,2545,78,29
2020-05-16,39103,275,60,24
2020-05-16,39107,215,38,8
2020-05-16,39109,361,50,30
2020-05-16,39111,66,13,17
2020-05-16,39113,634,167,23
2020-05-16,39115,9,1,2
2020-05-16,39117,103,8,1
2020-05-16,39119,47,9,1
2020-05-16,39123,85,24,16
2020-05-16,39129,2068,80,41
2020-05-16,39133,319,78,58
2020-05-16,39139,182,32,5
2020-05-16,39143,75,23,12
2020-05-16,39147,27,6,3
2020-05-16,39149,47,15,4
2020-05-16,39151,716,152,109
2020-05-16,39153,1254,340,196
2020-05-16,39155,524,155,55
2020-05-16,39157,305,38,7
2020-05-16,39159,57,5,1
2020-05-16,39165,375,50,23
2020-05-16,39169,256,35,53
2020-05-16,39173,313,63,53
2020-05-17,39003,237,57,36
2020-05-17,39007,266,55,39
2020-05-17,39013,348,33,22
2020-05-17,39017,803,153,36
2020-05-17,39023,228,33,7
2020-05-17,39025,199,41,6
2020-05-17,39029,486,134,55
2020-05-17,39031,35,6,0
2020-05-17,39033,115,19,5
2020-05-17,39035,3826,1013,276
2020-05-17,39037,164,19,24
2020-05-17,39039,39,13,2
2020-05-17,39041,356,45,15
2020-05-17,39043,254,47,23
2020-05-17,39045,252,36,4
2020-05-17,39049,5209,755,337
2020-05-17,39055,260,59,35
2020-05-17,39057,114,17,7
2020-05-17,39059,39,6,0
2020-05-17,39061,2411,568,171
2020-05-17,39063,67,12,3
2020-05-17,39077,81,10,2
2020-05-17,39085,264,68,17
2020-05-17,39089,225,42,14
2020-05-17,39091,46,6,0
2020-05-17,39093,646,114,61
2020-05-17,39095,2267,587,278
2020-05-17,39097,125,18,8
2020-05-17,39099,1345,299,217
2020-05-17,39101,2551,78,29
2020-05-17,39103,288,62,25
2020-05-17,39107,226,38,9
2020-05-17,39109,365,50,30
2020-05-17,39111,67,14,17
2020-05-17,39113,643,170,23
2020-05-17,39117,106,9,1
2020-05-17,39119,48,9,1
2020-05-17,39123,86,24,17
2020-05-17,39129,2069,80,41
2020-05-17,39133,321,78,58
2020-05-17,39139,183,32,5
2020-05-17,39143,77,24,13
2020-05-17,39151,730,157,109
2020-05-17,39153,1279,346,197
2020-05-17,39155,528,156,55
2020-05-17,39157,310,38,7
2020-05-17,39165,379,50,23
2020-05-17,39169,258,35,53
2020-05-17,39173,314,63,53
2020-05-17,39175,46,3,3
2020-05-18,39003,244,57,36
2020-05-18,39007,277,58,39
2020-05-18,39011,80,15,4
2020-05-18,39013,370,33,22
2020-05-18,39015,31,5,1
2020-05-18,39017,833,155,38
2020-05-18,39023,244,35,8
2020-05-18,39025,206,41,6
2020-05-18,39027,48,13,2
2020-05-18,39029,520,134,55
2020-05-18,39033,119,19,5
2020-05-18,39035,3931,1030,282
2020-05-18,39037,168,19,24
2020-05-18,39041,364,47,16
2020-05-18,39043,264,47,26
2020-05-18,39045,257,37,5
2020-05-18,39047,37,5,0
2020-05-18,39049,5336,775,346
2020-05-18,39055,265,60,36
2020-05-18,39059,43,7,1
2020-05-18,39061,2460,575,173
2020-05-18,39063,68,12,3
2020-05-18,39065,36,7,0
2020-05-18,39071,25,8,1
2020-05-18,39075,31,2,2
2020-05-18,39077,85,11,2
2020-05-18,39081,65,16,2
2020-05-18,39085,275,69,17
2020-05-18,39089,230,42,14
2020-05-18,39091,48,6,0
2020-05-18,39093,658,116,62
2020-05-18,39095,2285,589,279
2020-05-18,39097,132,18,8
2020-05-18,39099,1363,305,219
2020-05-18,39101,2571,79,32
2020-05-18,39103,302,65,26
2020-05-18,39107,231,39,9
2020-05-18,39109,369,50,30
2020-05-18,39111,73,14,17
2020-05-18,39113,664,175,23
2020-05-18,39117,107,9,1
2020-05-18,39119,51,9,1
2020-05-18,39123,88,25,18
2020-05-18,39125,21,6,0
2020-05-18,39129,2074,80,41
2020-05-18,39133,323,78,58
2020-05-18,39137,102,19,18
2020-05-18,39139,186,32,5
2020-05-18,39141,84,23,5
2020-05-18,39145,25,1,0
2020-05-18,39147,29,6,3
2020-05-18,39149,48,15,4
2020-05-18,39151,746,159,109
2020-05-18,39153,1337,350,198
2020-05-18,39155,540,157,56
2020-05-18,39157,316,39,7
2020-05-18,39159,59,5,1
2020-05-18,39165,383,52,23
2020-05-18,39169,267,35,54
2020-05-18,39173,315,63,53
2020-05-19,39003,245,57,36
2020-05-19,39007,283,59,39
2020-05-19,39011,81,15,4
2020-05-19,39013,377,33,22
2020-05-19,39017,860,161,40
2020-05-19,39023,254,35,8
2020-05-19,39025,209,42,7
2020-05-19,39029,560,134,55
2020-05-19,39031,36,6,0
2020-05-19,39033,121,19,5
2020-05-19,39035,4034,1051,292
2020-05-19,39037,170,20,24
2020-05-19,39041,369,48,16
2020-05-19,39043,273,49,27
2020-05-19,39045,263,37,5
2020-05-19,39049,5435,784,351
2020-05-19,39055,274,60,38
2020-05-19,39057,116,18,7
2020-05-19,39061,2510,580,176
2020-05-19,39063,69,12,3
2020-05-19,39065,39,7,0
2020-05-19,39073,69,15,7
2020-05-19,39083,33,6,1
2020-05-19,39085,284,70,18
2020-05-19,39089,236,43,14
2020-05-19,39091,52,7,1
2020-05-19,39093,665,116,62
2020-05-19,39095,2321,590,280
2020-05-19,39097,139,18,8
2020-05-19,39099,1380,308,220
2020-05-19,39101,2595,81,36
2020-05-19,39103,310,66,27
2020-05-19,39107,237,39,9
2020-05-19,39109,370,50,30
2020-05-19,39111,74,14,17
2020-05-19,39113,682,177,23
2020-05-19,39117,108,9,1
2020-05-19,39119,52,9,1
2020-05-19,39121,9,2,0
2020-05-19,39123,91,25,19
2020-05-19,39127,20,6,1
2020-05-19,39131,10,0,0
2020-05-19,39133,328,78,58
2020-05-19,39139,190,32,5
2020-05-19,39151,763,163,110
2020-05-19,39153,1365,354,198
2020-05-19,39155,550,157,57
2020-05-19,39157,322,39,7
2020-05-19,39159,61,5,1
2020-05-19,39163,21,6,2
2020-05-19,39165,387,52,23
2020-05-19,39169,271,36,54
2020-05-19,39171,49,6,1
2020-05-19,39173,318,63,53
2020-05-20,39003,247,59,36
2020-05-20,39007,287,61,39
2020-05-20,39011,89,15,4
2020-05-20,39013,383,33,23
2020-05-20,39017,880,164,40
2020-05-20,39023,268,36,8
2020-05-20,39025,215,42,7
2020-05-20,39029,603,134,55
2020-05-20,39031,43,6,0
2020-05-20,39035,4153,1069,300
2020-05-20,39037,174,20,24
2020-05-20,39041,373,50,16
2020-05-20,39045,266,37,5
2020-05-20,39049,5534,804,357
2020-05-20,39051,37,6,0
2020-05-20,39055,283,62,38
2020-05-20,39057,118,18,7
2020-05-20,39061,2571,590,180
2020-05-20,39065,40,8,1
2020-05-20,39073,70,15,7
2020-05-20,39075,34,2,2
2020-05-20,39077,87,11,2
2020-05-20,39081,66,16,2
2020-05-20,39083,34,6,1
2020-05-20,39085,288,71,18
2020-05-20,39089,238,43,14
2020-05-20,39093,670,116,62
2020-05-20,39095,2343,591,281
2020-05-20,39097,150,19,8
2020-05-20,39099,1402,312,221
2020-05-20,39101,2614,81,36
2020-05-20,39103,317,68,29
2020-05-20,39105,6,0,0
2020-05-20,39107,239,39,9
2020-05-20,39111,75,14,17
2020-05-20,39113,689,177,23
2020-05-20,39123,99,26,21
2020-05-20,39129,2078,80,41
2020-05-20,39133,330,78,58
2020-05-20,39139,192,32,5
2020-05-20,39141,89,24,5
2020-05-20,39143,79,26,13
2020-05-20,39147,30,6,3
2020-05-20,39151,773,165,110
2020-05-20,39153,1397,362,200
2020-05-20,39155,560,159,57
2020-05-20,39157,331,40,7
2020-05-20,39159,65,5,1
2020-05-20,39161,11,2,0
2020-05-20,39165,394,53,23
2020-05-20,39169,275,36,54
2020-05-20,39173,326,64,55
2020-05-20,39175,47,3,3
2020-05-21,39001,12,1,1
2020-05-21,39003,249,59,36
2020-05-21,39007,301,61,39
2020-05-21,39009,20,1,1
2020-05-21,39013,388,33,23
2020-05-21,39015,32,5,1
2020-05-21,39017,901,167,40
2020-05-21,39023,278,36,9
2020-05-21,39025,221,43,7
2020-05-21,39029,640,137,58
2020-05-21,39031,45,6,0
2020-05-21,39035,4241,1087,307
2020-05-21,39037,175,20,24
2020-05-21,39041,378,50,16
2020-05-21,39043,274,49,27
2020-05-21,39045,270,38,5
2020-05-21,39049,5606,815,359
2020-05-21,39051,38,6,0
2020-05-21,39055,285,63,38
2020-05-21,39057,119,18,7
2020-05-21,39061,2618,597,182
2020-05-21,39063,70,12,3
2020-05-21,39065,41,8,1
2020-05-21,39071,29,9,1
2020-05-21,39073,71,16,7
2020-05-21,39077,89,11,2
2020-05-21,39085,298,71,18
2020-05-21,39089,244,43,14
2020-05-21,39093,674,117,62
2020-05-21,39095,2364,593,285
2020-05-21,39099,1406,313,221
2020-05-21,39101,2628,81,37
2020-05-21,39103,320,68,29
2020-05-21,39107,241,39,9
2020-05-21,39109,371,51,30
2020-05-21,39111,76,14,18
2020-05-21,39113,699,177,23
2020-05-21,39119,53,9,1
2020-05-21,39129,2085,81,41
2020-05-21,39131,11,0,0
2020-05-21,39133,332,78,58
2020-05-21,39135,36,6,1
2020-05-21,39137,104,19,18
2020-05-21,39139,194,32,5
2020-05-21,39141,90,24,5
2020-05-21,39143,83,27,13
2020-05-21,39147,31,6,3
2020-05-21,39149,49,15,4
2020-05-21,39151,779,167,112
2020-05-21,39153,1429,367,200
2020-05-21,39155,567,161,58
2020-05-21,39157,342,42,8
2020-05-21,39159,66,5,1
2020-05-21,39161,12,2,0
2020-05-21,39163,22,6,2
2020-05-21,39165,400,54,23
2020-05-21,39169,279,37,54
2020-05-21,39171,52,6,1
2020-05-21,39173,329,65,55
2020-05-21,39175,50,4,4
2020-05-22,39001,13,1,1
2020-05-22,39007,319,64,40
2020-05-22,39013,404,33,23
2020-05-22,39017,913,167,40
2020-05-22,39023,288,37,9
2020-05-22,39025,224,43,7
2020-05-22,39029,705,137,58
2020-05-22,39031,47,6,0
2020-05-22,39033,122,20,5
2020-05-22,39035,4341,1104,310
2020-05-22,39037,176,20,24
2020-05-22,39041,384,50,16
2020-05-22,39043,301,53,28
2020-05-22,39045,275,38,5
2020-05-22,39047,38,5,0
2020-05-22,39049,5701,825,365
2020-05-22,39053,12,4,1
2020-05-22,39055,286,63,38
2020-05-22,39057,120,19,7
2020-05-22,39061,2658,600,185
2020-05-22,39065,43,9,1
2020-05-22,39069,21,2,1
2020-05-22,39073,75,17,7
2020-05-22,39075,37,2,3
2020-05-22,39077,90,11,2
2020-05-22,39081,67,16,2
2020-05-22,39083,35,6,1
2020-05-22,39085,305,71,18
2020-05-22,39089,253,43,14
2020-05-22,39093,679,118,62
2020-05-22,39095,2379,596,285
2020-05-22,39097,155,20,8
2020-05-22,39099,1417,314,223
2020-05-22,39101,2631,82,38
2020-05-22,39103,341,70,31
2020-05-22,39105,7,0,0
2020-05-22,39107,243,39,9
2020-05-22,39109,372,51,30
2020-05-22,39113,710,179,23
2020-05-22,39119,54,9,1
2020-05-22,39123,104,27,22
2020-05-22,39127,21,6,1
2020-05-22,39129,2093,81,41
2020-05-22,39139,199,32,5
2020-05-22,39141,92,24,5
2020-05-22,39143,86,27,13
2020-05-22,39145,26,1,0
2020-05-22,39149,50,15,4
2020-05-22,39151,785,167,113
2020-05-22,39153,1447,369,201
2020-05-22,39155,578,162,58
2020-05-22,39157,351,46,8
2020-05-22,39159,68,5,1
2020-05-22,39165,402,54,23
2020-05-22,39167,121,16,20
2020-05-22,39169,287,38,54
2020-05-22,39171,53,6,1
2020-05-22,39173,330,65,55
2020-05-22,39175,51,4,4
2020-05-23,39003,251,60,37
2020-05-23,39007,320,64,40
2020-05-23,39013,407,34,24
2020-05-23,39015,33,5,2
2020-05-23,39017,921,168,40
2020-05-23,39019,38,9,4
2020-05-23,39023,298,38,9
2020-05-23,39025,225,43,7
2020-05-23,39029,707,137,58
2020-05-23,39035,4396,1118,314
2020-05-23,39037,178,20,24
2020-05-23,39041,387,50,16
2020-05-23,39043,303,53,28
2020-05-23,39047,39,6,0
2020-05-23,39049,5767,833,367
2020-05-23,39051,40,6,0
2020-05-23,39055,290,65,38
2020-05-23,39059,44,8,2
2020-05-23,39061,2693,606,187
2020-05-23,39075,41,2,3
2020-05-23,39077,91,12,2
2020-05-23,39083,36,7,1
2020-05-23,39085,307,71,18
2020-05-23,39089,257,43,14
2020-05-23,39093,686,121,62
2020-05-23,39095,2399,597,289
2020-05-23,39097,156,20,8
2020-05-23,39099,1425,315,223
2020-05-23,39101,2633,82,39
2020-05-23,39103,348,71,31
2020-05-23,39107,246,41,9
2020-05-23,39109,373,51,30
2020-05-23,39111,79,15,18
2020-05-23,39113,714,180,23
2020-05-23,39119,55,9,1
2020-05-23,39123,105,27,22
2020-05-23,39129,2094,81,41
2020-05-23,39131,12,0,0
2020-05-23,39133,333,78,58
2020-05-23,39135,37,6,1
2020-05-23,39137,105,19,18
2020-05-23,39139,202,32,5
2020-05-23,39141,93,25,5
2020-05-23,39151,794,169,113
2020-05-23,39153,1467,371,201
2020-05-23,39155,583,162,58
2020-05-23,39157,356,48,9
2020-05-23,39165,406,54,23
2020-05-23,39169,292,38,54
2020-05-23,39171,55,6,1
2020-05-23,39173,331,65,55
2020-05-23,39175,53,4,5
2020-05-24,39003,254,60,37
2020-05-24,39005,39,6,0
2020-05-24,39007,321,64,40
2020-05-24,39011,90,15,4
2020-05-24,39013,409,34,24
2020-05-24,39017,929,170,41
2020-05-24,39023,302,38,9
2020-05-24,39029,709,138,58
2020-05-24,39031,49,6,0
2020-05-24,39035,4444,1132,317
2020-05-24,39037,180,20,24
2020-05-24,39041,389,50,16
2020-05-24,39043,304,53,28
2020-05-24,39045,281,39,5
2020-05-24,39049,5831,842,371
2020-05-24,39055,291,66,38
2020-05-24,39061,2717,613,190
2020-05-24,39065,44,9,1
2020-05-24,39075,44,2,3
2020-05-24,39083,37,7,1
2020-05-24,39085,310,71,18
2020-05-24,39089,268,43,14
2020-05-24,39091,54,7,1
2020-05-24,39093,687,121,62
2020-05-24,39095,2401,597,290
2020-05-24,39097,158,20,8
2020-05-24,39099,1449,319,232
2020-05-24,39101,2634,82,39
2020-05-24,39103,350,71,31
2020-05-24,39107,247,41,9
2020-05-24,39113,721,181,23
2020-05-24,39119,56,9,1
2020-05-24,39123,107,27,23
2020-05-24,39129,2096,81,41
2020-05-24,39133,336,78,58
2020-05-24,39139,204,32,5
2020-05-24,39141,95,26,5
2020-05-24,39143,87,27,13
2020-05-24,39147,32,7,3
2020-05-24,39151,797,170,114
2020-05-24,39153,1488,374,202
2020-05-24,39155,590,164,58
2020-05-24,39157,358,48,9
2020-05-24,39159,69,5,1
2020-05-24,39165,415,57,23
2020-05-24,39169,293,38,54
2020-05-24,39171,56,6,1
2020-05-24,39175,54,5,5
2020-05-25,39001,14,1,1
2020-05-25,39003,255,60,37
2020-05-25,39007,326,67,41
2020-05-25,39013,410,34,24
2020-05-25,39017,945,173,43
2020-05-25,39023,308,38,9
2020-05-25,39025,228,43,7
2020-05-25,39029,710,138,58
2020-05-25,39031,52,6,0
2020-05-25,39035,4509,1157,322
2020-05-25,39037,185,20,24
2020-05-25,39039,40,13,2
2020-05-25,39041,391,50,16
2020-05-25,39043,306,54,28
2020-05-25,39045,285,40,6
2020-05-25,39047,40,6,0
2020-05-25,39049,5919,860,375
2020-05-25,39055,295,68,38
2020-05-25,39057,121,19,7
2020-05-25,39059,46,8,2
2020-05-25,39061,2734,619,190
2020-05-25,39063,71,13,3
2020-05-25,39065,46,9,2
2020-05-25,39073,77,17,7
2020-05-25,39075,47,2,3
2020-05-25,39083,38,7,1
2020-05-25,39085,312,71,18
2020-05-25,39089,272,43,14
2020-05-25,39093,695,123,62
2020-05-25,39095,2413,600,293
2020-05-25,39099,1484,322,236
2020-05-25,39101,2639,82,39
2020-05-25,39103,351,71,31
2020-05-25,39107,248,41,9
2020-05-25,39109,374,51,30
2020-05-25,39111,80,15,18
2020-05-25,39113,732,183,24
2020-05-25,39117,109,9,1
2020-05-25,39119,58,10,1
2020-05-25,39131,13,0,0
2020-05-25,39133,338,78,58
2020-05-25,39137,107,19,18
2020-05-25,39143,89,29,13
2020-05-25,39147,33,8,3
2020-05-25,39149,51,16,4
2020-05-25,39151,806,170,114
2020-05-25,39153,1513,378,204
2020-05-25,39155,597,166,58
2020-05-25,39157,362,48,9
2020-05-25,39165,419,58,23
2020-05-25,39169,297,38,54
2020-05-25,39173,334,65,55
2020-05-25,39175,56,6,6
2020-05-26,39003,258,60,37
2020-05-26,39007,331,67,41
2020-05-26,39011,93,15,4
2020-05-26,39013,428,36,24
2020-05-26,39015,34,6,3
2020-05-26,39017,964,176,44
2020-05-26,39021,34,6,1
2020-05-26,39023,318,38,9
2020-05-26,39025,232,43,7
2020-05-26,39027,49,13,2
2020-05-26,39029,772,138,58
2020-05-26,39031,53,6,0
2020-05-26,39033,123,20,5
2020-05-26,39035,4599,1174,329
2020-05-26,39037,187,20,24
2020-05-26,39041,402,52,16
2020-05-26,39043,307,55,28
2020-05-26,39045,291,41,6
2020-05-26,39047,41,6,0
2020-05-26,39049,5997,866,377
2020-05-26,39051,42,7,0
2020-05-26,39055,302,71,39
2020-05-26,39057,122,19,7
2020-05-26,39061,2774,624,193
2020-05-26,39063,72,13,3
2020-05-26,39065,55,11,5
2020-05-26,39071,30,9,1
2020-05-26,39073,78,17,7
2020-05-26,39075,49,3,3
2020-05-26,39077,92,12,2
2020-05-26,39085,314,71,18
2020-05-26,39087,31,5,0
2020-05-26,39089,275,43,14
2020-05-26,39093,703,123,62
2020-05-26,39095,2429,604,295
2020-05-26,39097,162,20,8
2020-05-26,39099,1498,323,237
2020-05-26,39101,2656,82,39
2020-05-26,39103,361,71,32
2020-05-26,39107,249,42,9
2020-05-26,39113,751,188,25
2020-05-26,39117,110,9,1
2020-05-26,39119,59,10,1
2020-05-26,39121,10,2,0
2020-05-26,39123,110,27,23
2020-05-26,39129,2098,81,41
2020-05-26,39133,341,78,58
2020-05-26,39139,206,32,5
2020-05-26,39143,93,31,14
2020-05-26,39147,35,10,3
2020-05-26,39149,52,17,4
2020-05-26,39151,813,171,114
2020-05-26,39153,1544,383,206
2020-05-26,39155,598,166,58
2020-05-26,39157,364,49,9
2020-05-26,39165,428,58,23
2020-05-26,39169,312,41,55
2020-05-26,39173,338,65,55
2020-05-27,39003,264,62,38
2020-05-27,39007,337,67,41
2020-05-27,39011,95,15,4
2020-05-27,39013,433,36,24
2020-05-27,39017,974,177,44
2020-05-27,39023,332,41,10
2020-05-27,39025,233,43,7
2020-05-27,39027,50,14,2
2020-05-27,39029,803,139,58
2020-05-27,39031,55,6,0
2020-05-27,39033,127,20,5
2020-05-27,39035,4678,1187,333
2020-05-27,39037,193,20,24
2020-05-27,39039,41,13,2
2020-05-27,39041,403,52,17
2020-05-27,39043,310,55,28
2020-05-27,39045,297,43,7
2020-05-27,39049,6109,880,392
2020-05-27,39053,13,4,1
2020-05-27,39055,304,71,39
2020-05-27,39057,123,20,7
2020-05-27,39059,47,8,2
2020-05-27,39061,2806,627,194
2020-05-27,39063,76,14,3
2020-05-27,39065,60,12,6
2020-05-27,39071,32,10,1
2020-05-27,39075,54,3,3
2020-05-27,39077,93,12,2
2020-05-27,39079,17,1,0
2020-05-27,39081,68,16,2
2020-05-27,39083,48,7,1
2020-05-27,39085,319,71,18
2020-05-27,39087,32,5,0
2020-05-27,39089,282,44,14
2020-05-27,39093,710,123,62
2020-05-27,39095,2451,605,297
2020-05-27,39097,164,20,8
2020-05-27,39099,1508,323,238
2020-05-27,39101,2669,83,40
2020-05-27,39103,369,72,32
2020-05-27,39107,254,42,9
2020-05-27,39113,758,191,25
2020-05-27,39117,113,9,1
2020-05-27,39119,61,10,1
2020-05-27,39123,111,28,23
2020-05-27,39131,14,0,0
2020-05-27,39133,343,78,58
2020-05-27,39135,38,6,1
2020-05-27,39137,108,19,18
2020-05-27,39139,213,33,6
2020-05-27,39141,97,27,5
2020-05-27,39143,96,31,14
2020-05-27,39147,56,11,3
2020-05-27,39149,54,17,4
2020-05-27,39151,821,174,114
2020-05-27,39153,1569,387,207
2020-05-27,39155,611,167,59
2020-05-27,39157,365,49,9
2020-05-27,39159,70,5,1
2020-05-27,39161,13,2,0
2020-05-27,39165,430,58,23
2020-05-27,39169,322,41,55
2020-05-27,39173,339,65,55
2020-05-27,39175,59,6,6
2020-05-28,39003,266,63,38
2020-05-28,39007,342,68,41
2020-05-28,39013,439,36,24
2020-05-28,39015,38,6,3
2020-05-28,39017,989,180,44
2020-05-28,39019,39,9,4
2020-05-28,39021,35,6,1
2020-05-28,39023,339,44,10
2020-05-28,39025,246,43,7
2020-05-28,39029,868,139,58
2020-05-28,39031,56,6,0
2020-05-28,39035,4732,1199,339
2020-05-28,39037,195,21,25
2020-05-28,39041,407,52,17
2020-05-28,39045,302,44,7
2020-05-28,39049,6209,889,395
2020-05-28,39051,45,7,0
2020-05-28,39055,313,71,39
2020-05-28,39059,48,9,3
2020-05-28,39061,2838,635,196
2020-05-28,39065,63,13,6
2020-05-28,39071,33,10,1
2020-05-28,39075,55,3,3
2020-05-28,39085,321,71,18
2020-05-28,39089,288,44,14
2020-05-28,39091,55,7,1
2020-05-28,39093,713,123,62
2020-05-28,39095,2482,607,299
2020-05-28,39097,167,21,8
2020-05-28,39099,1517,325,238
2020-05-28,39101,2674,83,40
2020-05-28,39103,376,72,32
2020-05-28,39107,256,42,9
2020-05-28,39109,376,51,30
2020-05-28,39111,81,15,18
2020-05-28,39113,778,193,25
2020-05-28,39119,64,10,1
2020-05-28,39127,22,7,1
2020-05-28,39129,2099,81,41
2020-05-28,39133,345,78,58
2020-05-28,39135,42,6,1
2020-05-28,39137,109,19,18
2020-05-28,39139,216,34,6
2020-05-28,39145,27,2,1
2020-05-28,39151,825,175,114
2020-05-28,39153,1589,391,208
2020-05-28,39155,618,167,59
2020-05-28,39157,378,49,9
2020-05-28,39159,72,5,1
2020-05-28,39163,23,6,2
2020-05-28,39165,435,59,24
2020-05-28,39169,326,42,55
2020-05-28,39173,343,65,55
2020-05-28,39175,60,6,6
2020-05-29,39003,267,63,38
2020-05-29,39007,343,68,41
2020-05-29,39013,444,36,24
2020-05-29,39017,1001,182,44
2020-05-29,39023,346,46,10
2020-05-29,39025,250,43,7
2020-05-29,39029,904,140,58
2020-05-29,39031,57,7,0
2020-05-29,39035,4794,1208,343
2020-05-29,39037,197,21,26
2020-05-29,39041,410,52,17
2020-05-29,39045,313,45,9
2020-05-29,39049,6313,899,398
2020-05-29,39051,47,7,0
2020-05-29,39055,317,73,39
2020-05-29,39057,124,20,7
2020-05-29,39059,49,9,3
2020-05-29,39061,2865,638,197
2020-05-29,39065,66,14,7
2020-05-29,39075,60,3,3
2020-05-29,39083,49,7,1
2020-05-29,39085,323,71,18
2020-05-29,39089,297,44,14
2020-05-29,39093,722,125,63
2020-05-29,39095,2494,608,299
2020-05-29,39097,168,21,8
2020-05-29,39099,1522,325,239
2020-05-29,39101,2682,84,40
2020-05-29,39103,381,72,32
2020-05-29,39107,259,43,9
2020-05-29,39109,378,53,31
2020-05-29,39113,793,194,25
2020-05-29,39123,112,28,23
2020-05-29,39129,2101,81,41
2020-05-29,39139,218,35,6
2020-05-29,39141,99,27,5
2020-05-29,39143,103,32,15
2020-05-29,39147,57,11,3
2020-05-29,39149,55,17,4
2020-05-29,39151,835,175,114
2020-05-29,39153,1602,393,208
2020-05-29,39155,621,167,59
2020-05-29,39157,382,49,9
2020-05-29,39159,74,5,1
2020-05-29,39161,14,2,0
2020-05-29,39165,443,59,24
2020-05-29,39169,328,42,55
2020-05-29,39171,57,7,2
2020-05-29,39173,345,65,55
2020-05-30,39007,345,69,41
2020-05-30,39013,445,36,24
2020-05-30,39017,1014,184,45
2020-05-30,39019,40,9,4
2020-05-30,39023,357,49,11
2020-05-30,39025,252,43,7
2020-05-30,39029,905,140,58
2020-05-30,39031,58,7,0
2020-05-30,39035,4857,1218,346
2020-05-30,39041,412,52,17
2020-05-30,39043,311,55,28
2020-05-30,39045,342,50,15
2020-05-30,39049,6392,914,402
2020-05-30,39051,48,7,0
2020-05-30,39055,318,73,39
2020-05-30,39057,125,20,7
2020-05-30,39059,50,10,3
2020-05-30,39061,2881,639,198
2020-05-30,39063,79,14,3
2020-05-30,39065,68,14,7
2020-05-30,39073,79,18,8
2020-05-30,39075,61,3,3
2020-05-30,39077,94,12,2
2020-05-30,39085,327,71,18
2020-05-30,39089,303,44,14
2020-05-30,39091,56,7,1
2020-05-30,39093,732,127,63
2020-05-30,39095,2499,610,299
2020-05-30,39097,169,21,8
2020-05-30,39099,1531,326,240
2020-05-30,39101,2683,84,40
2020-05-30,39103,384,72,32
2020-05-30,39107,260,43,9
2020-05-30,39109,379,53,31
2020-05-30,39111,82,15,18
2020-05-30,39113,801,194,25
2020-05-30,39117,114,9,1
2020-05-30,39129,2107,81,41
2020-05-30,39131,15,1,0
2020-05-30,39133,347,78,58
2020-05-30,39139,219,35,6
2020-05-30,39141,100,27,5
2020-05-30,39143,104,32,15
2020-05-30,39147,58,11,3
2020-05-30,39149,56,18,4
2020-05-30,39151,840,176,114
2020-05-30,39153,1615,395,208
2020-05-30,39155,624,168,60
2020-05-30,39157,386,51,9
2020-05-30,39161,15,2,0
2020-05-30,39165,451,60,24
2020-05-30,39169,329,42,55
2020-05-30,39173,346,65,55
2020-05-31,39003,269,63,38
2020-05-31,39013,446,36,24
2020-05-31,39017,1022,186,45
2020-05-31,39019,41,10,4
2020-05-31,39023,367,50,11
2020-05-31,39025,255,43,7
2020-05-31,39033,131,20,5
2020-05-31,39035,4889,1227,349
2020-05-31,39037,198,21,26
2020-05-31,39041,416,52,17
2020-05-31,39043,313,55,28
2020-05-31,39045,346,50,15
2020-05-31,39049,6448,920,405
2020-05-31,39055,322,74,39
2020-05-31,39057,126,20,7
2020-05-31,39059,51,10,3
2020-05-31,39061,2896,641,198
2020-05-31,39065,72,16,9
2020-05-31,39075,63,3,3
2020-05-31,39085,329,72,18
2020-05-31,39089,306,44,14
2020-05-31,39093,738,129,63
2020-05-31,39095,2505,613,301
2020-05-31,39097,170,21,8
2020-05-31,39099,1537,327,240
2020-05-31,39103,385,72,32
2020-05-31,39107,262,44,9
2020-05-31,39109,381,53,31
2020-05-31,39113,812,195,25
2020-05-31,39119,65,10,1
2020-05-31,39123,113,28,23
2020-05-31,39127,23,7,1
2020-05-31,39133,350,79,58
2020-05-31,39139,220,36,6
2020-05-31,39141,101,28,5
2020-05-31,39143,105,32,15
2020-05-31,39147,59,12,4
2020-05-31,39151,846,177,114
2020-05-31,39153,1625,396,208
2020-05-31,39155,625,168,60
2020-05-31,39157,387,51,9
2020-05-31,39165,454,60,24
2020-05-31,39169,333,42,55
2020-05-31,39171,58,7,2
2020-05-31,39175,61,6,6
2020-06-01,39003,271,64,39
2020-06-01,39005,40,6,0
2020-06-01,39007,347,69,41
2020-06-01,39011,97,15,4
2020-06-01,39013,451,36,24
2020-06-01,39017,1032,186,45
2020-06-01,39021,36,6,1
2020-06-01,39023,380,50,11
2020-06-01,39025,258,43,7
2020-06-01,39029,909,140,58
2020-06-01,39031,59,7,0
2020-06-01,39035,4953,1243,356
2020-06-01,39037,201,21,27
2020-06-01,39041,421,52,17
2020-06-01,39045,348,50,15
2020-06-01,39049,6547,927,407
2020-06-01,39051,50,7,0
2020-06-01,39053,14,4,1
2020-06-01,39055,324,76,40
2020-06-01,39057,127,20,7
2020-06-01,39061,2934,645,200
2020-06-01,39063,83,15,3
2020-06-01,39065,73,17,10
2020-06-01,39069,22,2,1
2020-06-01,39075,71,5,3
2020-06-01,39077,96,12,2
2020-06-01,39079,18,1,0
2020-06-01,39081,70,17,2
2020-06-01,39083,50,7,1
2020-06-01,39085,333,73,18
2020-06-01,39089,309,44,14
2020-06-01,39091,58,7,1
2020-06-01,39093,744,131,63
2020-06-01,39095,2527,617,303
2020-06-01,39099,1557,329,241
2020-06-01,39101,2687,84,40
2020-06-01,39103,388,73,32
2020-06-01,39107,266,44,9
2020-06-01,39109,382,53,31
2020-06-01,39113,836,198,25
2020-06-01,39123,116,28,23
2020-06-01,39129,2110,81,41
2020-06-01,39133,353,81,58
2020-06-01,39139,224,37,6
2020-06-01,39141,102,28,5
2020-06-01,39143,108,33,16
2020-06-01,39145,29,4,1
2020-06-01,39147,60,12,4
2020-06-01,39151,855,178,114
2020-06-01,39153,1640,397,208
2020-06-01,39155,632,169,61
2020-06-01,39157,396,52,9
2020-06-01,39165,462,61,24
2020-06-01,39169,338,42,55
2020-06-01,39173,349,66,55
2020-06-02,39001,15,2,1
2020-06-02,39007,368,71,41
2020-06-02,39013,456,37,24
2020-06-02,39017,1046,188,46
2020-06-02,39023,391,50,11
2020-06-02,39025,260,43,7
2020-06-02,39027,51,14,2
2020-06-02,39029,916,140,58
2020-06-02,39035,5010,1252,359
2020-06-02,39037,204,21,27
2020-06-02,39039,42,14,2
2020-06-02,39041,427,53,17
2020-06-02,39045,354,50,15
2020-06-02,39047,42,6,0
2020-06-02,39049,6653,942,413
2020-06-02,39055,326,76,40
2020-06-02,39057,129,21,7
2020-06-02,39061,2971,651,200
2020-06-02,39063,85,15,3
2020-06-02,39065,76,17,10
2020-06-02,39071,35,10,1
2020-06-02,39075,75,5,3
2020-06-02,39077,97,13,2
2020-06-02,39085,335,74,18
2020-06-02,39089,314,44,14
2020-06-02,39093,762,133,63
2020-06-02,39095,2542,617,304
2020-06-02,39097,175,22,8
2020-06-02,39099,1572,331,241
2020-06-02,39101,2691,84,40
2020-06-02,39103,394,73,32
2020-06-02,39107,267,44,9
2020-06-02,39109,383,53,31
2020-06-02,39113,851,199,25
2020-06-02,39123,120,28,23
2020-06-02,39127,24,7,1
2020-06-02,39133,357,82,58
2020-06-02,39137,111,19,18
2020-06-02,39139,228,37,6
2020-06-02,39143,111,33,16
2020-06-02,39147,68,12,4
2020-06-02,39149,58,18,5
2020-06-02,39151,892,180,114
2020-06-02,39153,1660,400,209
2020-06-02,39155,635,170,62
2020-06-02,39157,401,53,9
2020-06-02,39161,16,2,0
2020-06-02,39165,476,63,24
2020-06-02,39169,339,42,55
2020-06-02,39173,352,67,55
2020-06-03,39003,275,67,40
2020-06-03,39005,42,6,0
2020-06-03,39007,371,71,42
2020-06-03,39011,98,15,4
2020-06-03,39013,458,38,25
2020-06-03,39015,39,7,3
2020-06-03,39017,1059,192,47
2020-06-03,39019,42,10,4
2020-06-03,39021,39,6,1
2020-06-03,39023,405,50,12
2020-06-03,39025,263,44,7
2020-06-03,39029,918,141,58
2020-06-03,39031,60,7,0
2020-06-03,39035,5069,1261,360
2020-06-03,39037,206,22,27
2020-06-03,39039,43,15,2
2020-06-03,39041,431,53,17
2020-06-03,39045,358,50,15
2020-06-03,39047,44,6,0
2020-06-03,39049,6747,950,414
2020-06-03,39051,51,7,0
2020-06-03,39055,328,77,40
2020-06-03,39057,131,21,7
2020-06-03,39059,53,10,3
2020-06-03,39061,3000,654,200
2020-06-03,39063,86,16,3
2020-06-03,39065,80,17,10
2020-06-03,39073,80,19,8
2020-06-03,39075,83,5,3
2020-06-03,39077,98,13,2
2020-06-03,39083,62,7,1
2020-06-03,39085,336,74,18
2020-06-03,39089,318,44,14
2020-06-03,39091,59,7,1
2020-06-03,39093,770,133,63
2020-06-03,39095,2550,619,304
2020-06-03,39097,176,22,8
2020-06-03,39099,1579,332,241
2020-06-03,39101,2693,84,40
2020-06-03,39103,398,73,32
2020-06-03,39107,273,45,9
2020-06-03,39109,386,53,31
2020-06-03,39113,872,202,25
2020-06-03,39117,115,9,1
2020-06-03,39119,66,11,1
2020-06-03,39127,25,7,1
2020-06-03,39129,2113,81,41
2020-06-03,39133,359,84,58
2020-06-03,39139,234,37,6
2020-06-03,39141,103,28,5
2020-06-03,39143,112,33,16
2020-06-03,39151,898,182,115
2020-06-03,39153,1677,402,209
2020-06-03,39155,639,170,62
2020-06-03,39157,404,53,10
2020-06-03,39165,490,64,24
2020-06-03,39169,343,42,55
2020-06-03,39173,354,67,55
2020-06-03,39175,69,6,6
2020-06-04,39007,373,71,42
2020-06-04,39013,459,38,25
2020-06-04,39015,40,7,3
2020-06-04,39017,1071,196,48
2020-06-04,39019,44,11,4
2020-06-04,39021,40,6,1
2020-06-04,39023,417,52,12
2020-06-04,39025,267,45,7
2020-06-04,39027,54,14,2
2020-06-04,39029,921,141,58
2020-06-04,39031,61,7,0
2020-06-04,39035,5127,1273,363
2020-06-04,39037,209,23,27
2020-06-04,39039,44,15,2
2020-06-04,39041,433,53,17
2020-06-04,39043,315,55,28
2020-06-04,39045,366,50,15
2020-06-04,39049,6834,956,416
2020-06-04,39051,52,7,0
2020-06-04,39055,331,77,41
2020-06-04,39057,133,21,7
2020-06-04,39059,54,10,3
2020-06-04,39061,3035,661,200
2020-06-04,39063,87,16,3
2020-06-04,39067,11,3,1
2020-06-04,39069,24,3,1
2020-06-04,39071,37,10,1
2020-06-04,39075,86,5,3
2020-06-04,39077,99,13,2
2020-06-04,39083,64,8,1
2020-06-04,39085,338,74,18
2020-06-04,39089,321,45,14
2020-06-04,39091,61,7,1
2020-06-04,39093,780,133,64
2020-06-04,39095,2559,622,305
2020-06-04,39097,177,22,8
2020-06-04,39099,1588,334,242
2020-06-04,39101,2697,84,40
2020-06-04,39103,401,73,32
2020-06-04,39107,276,46,9
2020-06-04,39109,389,53,31
2020-06-04,39113,906,204,26
2020-06-04,39115,10,1,2
2020-06-04,39119,67,11,1
2020-06-04,39123,121,28,23
2020-06-04,39129,2117,81,41
2020-06-04,39133,360,84,58
2020-06-04,39135,43,6,1
2020-06-04,39139,236,37,6
2020-06-04,39147,69,12,4
2020-06-04,39149,59,18,5
2020-06-04,39151,901,182,115
2020-06-04,39153,1697,404,210
2020-06-04,39155,643,171,62
2020-06-04,39157,408,54,10
2020-06-04,39159,78,5,1
2020-06-04,39165,496,65,24
2020-06-04,39169,345,42,55
2020-06-05,39005,43,6,0
2020-06-05,39007,376,72,43
2020-06-05,39009,21,1,1
2020-06-05,39011,100,15,4
2020-06-05,39013,462,38,25
2020-06-05,39015,42,7,3
2020-06-05,39017,1077,197,48
2020-06-05,39023,428,53,12
2020-06-05,39025,268,45,7
2020-06-05,39029,922,141,58
2020-06-05,39035,5167,1285,366
2020-06-05,39037,211,23,27
2020-06-05,39041,439,53,17
2020-06-05,39045,374,50,15
2020-06-05,39049,6967,973,425
2020-06-05,39051,53,7,0
2020-06-05,39055,333,77,41
2020-06-05,39057,140,23,8
2020-06-05,39061,3065,662,200
2020-06-05,39063,88,16,3
2020-06-05,39065,84,17,10
2020-06-05,39075,89,5,3
2020-06-05,39077,102,14,3
2020-06-05,39083,66,8,1
2020-06-05,39085,341,74,18
2020-06-05,39087,33,5,0
2020-06-05,39089,323,45,14
2020-06-05,39091,63,7,1
2020-06-05,39093,783,134,64
2020-06-05,39095,2565,622,305
2020-06-05,39099,1593,334,244
2020-06-05,39101,2702,85,40
2020-06-05,39103,402,73,32
2020-06-05,39107,279,46,9
2020-06-05,39109,392,53,31
2020-06-05,39113,934,208,27
2020-06-05,39123,122,28,23
2020-06-05,39129,2121,81,41
2020-06-05,39133,364,85,59
2020-06-05,39139,240,37,6
2020-06-05,39141,104,28,5
2020-06-05,39143,113,33,16
2020-06-05,39151,904,182,115
2020-06-05,39153,1718,405,211
2020-06-05,39155,651,172,62
2020-06-05,39157,412,56,10
2020-06-05,39161,18,2,0
2020-06-05,39165,510,65,24
2020-06-05,39167,122,16,20
2020-06-05,39169,346,42,55
2020-06-05,39173,356,67,55
2020-06-06,39003,276,67,40
2020-06-06,39011,101,15,4
2020-06-06,39013,464,39,25
2020-06-06,39017,1083,197,48
2020-06-06,39021,41,6,1
2020-06-06,39023,432,53,12
2020-06-06,39027,56,14,2
2020-06-06,39029,924,141,58
2020-06-06,39035,5204,1291,367
2020-06-06,39037,213,23,27
2020-06-06,39041,441,53,17
2020-06-06,39043,316,55,28
2020-06-06,39045,381,50,15
2020-06-06,39047,45,6,0
2020-06-06,39049,7071,986,432
2020-06-06,39055,339,78,43
2020-06-06,39061,3095,666,200
2020-06-06,39065,86,18,11
2020-06-06,39071,38,10,1
2020-06-06,39073,81,19,8
2020-06-06,39075,91,5,3
2020-06-06,39085,345,74,18
2020-06-06,39089,326,45,14
2020-06-06,39093,792,134,64
2020-06-06,39095,2571,623,306
2020-06-06,39099,1601,334,244
2020-06-06,39101,2704,85,40
2020-06-06,39103,403,73,32
2020-06-06,39107,283,46,9
2020-06-06,39109,393,53,31
2020-06-06,39113,941,209,27
2020-06-06,39123,123,29,23
2020-06-06,39129,2124,81,41
2020-06-06,39133,365,85,59
2020-06-06,39135,44,6,1
2020-06-06,39137,112,20,18
2020-06-06,39139,242,38,7
2020-06-06,39141,105,28,5
2020-06-06,39145,30,5,1
2020-06-06,39151,908,183,115
2020-06-06,39153,1730,405,211
2020-06-06,39155,657,174,63
2020-06-06,39157,415,56,10
2020-06-06,39161,19,3,0
2020-06-06,39165,523,66,24
2020-06-06,39169,348,42,55
2020-06-07,39005,44,6,0
2020-06-07,39011,102,15,4
2020-06-07,39015,43,8,3
2020-06-07,39017,1092,197,48
2020-06-07,39023,434,53,12
2020-06-07,39025,271,45,7
2020-06-07,39029,925,141,58
2020-06-07,39031,62,7,0
2020-06-07,39035,5234,1300,370
2020-06-07,39037,214,23,27
2020-06-07,39041,442,53,17
2020-06-07,39045,389,52,17
2020-06-07,39049,7133,996,434
2020-06-07,39051,54,7,0
2020-06-07,39055,342,78,43
2020-06-07,39057,143,25,8
2020-06-07,39061,3125,669,200
2020-06-07,39075,96,5,3
2020-06-07,39079,19,2,0
2020-06-07,39081,71,17,2
2020-06-07,39083,67,9,1
2020-06-07,39089,331,46,14
2020-06-07,39093,797,135,64
2020-06-07,39095,2574,624,306
2020-06-07,39099,1606,335,244
2020-06-07,39103,404,73,32
2020-06-07,39107,284,47,9
2020-06-07,39109,394,53,31
2020-06-07,39113,956,211,27
2020-06-07,39127,26,7,1
2020-06-07,39129,2127,81,41
2020-06-07,39135,45,6,1
2020-06-07,39137,113,20,18
2020-06-07,39139,244,38,7
2020-06-07,39145,31,5,1
2020-06-07,39151,914,184,115
2020-06-07,39153,1742,405,211
2020-06-07,39155,661,174,63
2020-06-07,39157,417,56,10
2020-06-07,39159,79,5,1
2020-06-07,39163,24,7,2
2020-06-07,39165,533,67,24
2020-06-07,39169,349,42,55
2020-06-07,39173,357,67,55
2020-06-08,39003,280,67,40
2020-06-08,39005,45,6,0
2020-06-08,39007,379,72,43
2020-06-08,39009,22,1,1
2020-06-08,39013,468,39,25
2020-06-08,39015,45,8,3
2020-06-08,39017,1103,198,48
2020-06-08,39023,443,53,12
2020-06-08,39025,272,45,7
2020-06-08,39029,930,141,58
2020-06-08,39031,63,7,0
2020-06-08,39035,5281,1306,374
2020-06-08,39037,216,23,27
2020-06-08,39039,45,16,3
2020-06-08,39041,443,53,17
2020-06-08,39045,394,52,17
2020-06-08,39049,7223,1001,436
2020-06-08,39051,55,7,0
2020-06-08,39055,350,78,43
2020-06-08,39057,151,25,8
2020-06-08,39061,3188,679,202
2020-06-08,39075,97,5,3
2020-06-08,39077,105,14,3
2020-06-08,39081,72,17,2
2020-06-08,39083,68,10,1
2020-06-08,39085,347,74,18
2020-06-08,39089,340,47,14
2020-06-08,39093,806,137,65
2020-06-08,39095,2578,625,306
2020-06-08,39099,1613,337,245
2020-06-08,39103,407,73,32
2020-06-08,39109,400,53,31
2020-06-08,39111,84,15,18
2020-06-08,39113,996,213,28
2020-06-08,39129,2128,81,41
2020-06-08,39133,369,86,59
2020-06-08,39135,46,7,1
2020-06-08,39137,114,20,18
2020-06-08,39139,249,38,7
2020-06-08,39141,106,28,5
2020-06-08,39143,115,33,16
2020-06-08,39145,32,5,1
2020-06-08,39151,920,186,115
2020-06-08,39153,1755,405,211
2020-06-08,39155,671,175,64
2020-06-08,39157,419,57,10
2020-06-08,39161,20,3,0
2020-06-08,39165,548,68,24
2020-06-08,39169,352,42,55
2020-06-08,39173,358,67,55
2020-06-09,39003,281,68,41
2020-06-09,39009,24,2,1
2020-06-09,39011,106,15,4
2020-06-09,39013,472,39,25
2020-06-09,39017,1124,199,49
2020-06-09,39019,45,11,4
2020-06-09,39021,43,6,1
2020-06-09,39023,449,54,13
2020-06-09,39025,273,45,7
2020-06-09,39029,931,141,58
2020-06-09,39035,5337,1315,379
2020-06-09,39037,235,24,27
2020-06-09,39041,447,53,17
2020-06-09,39045,397,52,17
2020-06-09,39049,7311,1008,438
2020-06-09,39055,351,78,43
2020-06-09,39057,155,26,9
2020-06-09,39061,3249,683,202
2020-06-09,39065,96,21,13
2020-06-09,39075,101,6,3
2020-06-09,39077,113,14,3
2020-06-09,39083,71,10,1
2020-06-09,39085,349,74,18
2020-06-09,39087,34,5,0
2020-06-09,39089,344,47,14
2020-06-09,39093,813,137,65
2020-06-09,39095,2588,626,306
2020-06-09,39099,1619,337,245
2020-06-09,39101,2707,86,40
2020-06-09,39103,409,73,32
2020-06-09,39107,286,48,9
2020-06-09,39109,402,53,31
2020-06-09,39113,1019,213,28
2020-06-09,39123,124,30,23
2020-06-09,39125,23,6,0
2020-06-09,39129,2132,81,41
2020-06-09,39131,16,1,0
2020-06-09,39135,47,7,1
2020-06-09,39139,253,39,7
2020-06-09,39141,108,28,5
2020-06-09,39151,922,187,115
2020-06-09,39153,1769,405,212
2020-06-09,39155,677,177,64
2020-06-09,39157,425,59,12
2020-06-09,39159,81,5,1
2020-06-09,39165,556,68,24
2020-06-09,39169,355,43,55
2020-06-09,39173,360,67,55
2020-06-10,39001,17,2,1
2020-06-10,39003,283,69,42
2020-06-10,39005,46,6,0
2020-06-10,39009,25,3,1
2020-06-10,39017,1138,202,49
2020-06-10,39019,46,11,4
2020-06-10,39023,456,54,13
2020-06-10,39025,278,46,7
2020-06-10,39029,937,142,58
2020-06-10,39035,5392,1324,382
2020-06-10,39037,236,24,27
2020-06-10,39039,46,17,3
2020-06-10,39041,449,53,17
2020-06-10,39043,317,56,28
2020-06-10,39045,403,52,17
2020-06-10,39049,7386,1014,442
2020-06-10,39055,352,78,43
2020-06-10,39057,159,26,9
2020-06-10,39061,3315,688,203
2020-06-10,39065,100,22,13
2020-06-10,39071,41,10,1
2020-06-10,39075,106,6,3
2020-06-10,39077,116,14,3
2020-06-10,39085,354,75,18
2020-06-10,39089,348,47,14
2020-06-10,39093,822,138,66
2020-06-10,39095,2591,626,306
2020-06-10,39099,1623,339,245
2020-06-10,39101,2708,86,40
2020-06-10,39105,8,0,0
2020-06-10,39109,403,54,31
2020-06-10,39111,85,15,18
2020-06-10,39113,1063,220,29
2020-06-10,39119,70,13,1
2020-06-10,39125,24,6,0
2020-06-10,39129,2134,82,41
2020-06-10,39131,17,2,0
2020-06-10,39133,371,86,59
2020-06-10,39135,51,7,1
2020-06-10,39137,115,20,18
2020-06-10,39139,255,40,7
2020-06-10,39141,109,28,5
2020-06-10,39145,33,5,1
2020-06-10,39151,928,187,115
2020-06-10,39153,1781,407,212
2020-06-10,39155,685,179,64
2020-06-10,39157,427,59,12
2020-06-10,39165,568,69,24
2020-06-10,39167,123,16,20
2020-06-10,39169,359,43,55
2020-06-11,39001,18,2,1
2020-06-11,39003,286,69,43
2020-06-11,39005,47,6,0
2020-06-11,39007,380,72,43
2020-06-11,39013,474,39,25
2020-06-11,39017,1147,202,49
2020-06-11,39023,468,56,13
2020-06-11,39027,57,14,2
2020-06-11,39029,940,144,58
2020-06-11,39031,65,8,0
2020-06-11,39035,5428,1332,385
2020-06-11,39039,47,18,3
2020-06-11,39041,451,53,17
2020-06-11,39045,408,54,17
2020-06-11,39047,46,6,0
2020-06-11,39049,7484,1018,448
2020-06-11,39055,355,79,43
2020-06-11,39057,164,27,9
2020-06-11,39059,55,11,3
2020-06-11,39061,3391,692,205
2020-06-11,39075,108,6,3
2020-06-11,39083,72,10,1
2020-06-11,39085,356,75,18
2020-06-11,39087,37,5,0
2020-06-11,39089,352,47,14
2020-06-11,39091,64,7,1
2020-06-11,39093,829,141,67
2020-06-11,39095,2595,626,306
2020-06-11,39099,1630,341,246
2020-06-11,39101,2716,86,40
2020-06-11,39103,411,73,32
2020-06-11,39107,289,48,9
2020-06-11,39111,86,15,18
2020-06-11,39113,1095,227,31
2020-06-11,39123,125,30,23
2020-06-11,39127,28,7,1
2020-06-11,39129,2141,82,41
2020-06-11,39133,373,88,59
2020-06-11,39135,52,7,1
2020-06-11,39139,257,40,7
2020-06-11,39143,117,34,16
2020-06-11,39151,938,189,116
2020-06-11,39153,1791,408,212
2020-06-11,39155,697,181,64
2020-06-11,39157,429,59,12
2020-06-11,39159,82,5,1
2020-06-11,39161,22,3,0
2020-06-11,39163,25,7,2
2020-06-11,39165,580,69,24
2020-06-11,39169,361,44,55
2020-06-11,39171,59,7,2
2020-06-12,39001,19,2,1
2020-06-12,39003,288,70,43
2020-06-12,39005,49,8,0
2020-06-12,39007,387,75,44
2020-06-12,39011,107,16,5
2020-06-12,39013,476,39,25
2020-06-12,39015,48,8,3
2020-06-12,39017,1168,205,49
2020-06-12,39023,474,56,13
2020-06-12,39025,281,47,7
2020-06-12,39027,58,14,2
2020-06-12,39029,942,145,58
2020-06-12,39031,67,8,0
2020-06-12,39035,5495,1340,388
2020-06-12,39037,237,24,27
2020-06-12,39041,459,55,17
2020-06-12,39043,318,57,28
2020-06-12,39045,416,56,18
2020-06-12,39049,7586,1027,454
2020-06-12,39055,357,79,43
2020-06-12,39057,166,27,9
2020-06-12,39061,3472,694,205
2020-06-12,39065,101,22,13
2020-06-12,39071,42,10,1
2020-06-12,39075,111,6,3
2020-06-12,39077,119,15,3
2020-06-12,39085,360,76,19
2020-06-12,39087,39,5,0
2020-06-12,39089,357,48,14
2020-06-12,39093,833,142,67
2020-06-12,39095,2601,627,306
2020-06-12,39099,1640,344,247
2020-06-12,39101,2717,86,40
2020-06-12,39103,413,73,32
2020-06-12,39107,293,48,9
2020-06-12,39109,405,54,31
2020-06-12,39113,1159,235,34
2020-06-12,39119,71,13,1
2020-06-12,39125,25,6,0
2020-06-12,39133,377,88,59
2020-06-12,39137,117,20,18
2020-06-12,39139,266,42,7
2020-06-12,39141,110,29,5
2020-06-12,39147,70,12,4
2020-06-12,39149,60,18,5
2020-06-12,39151,953,191,116
2020-06-12,39153,1801,408,212
2020-06-12,39155,703,181,64
2020-06-12,39157,433,60,12
2020-06-12,39159,83,5,1
2020-06-12,39161,23,3,0
2020-06-12,39165,588,69,24
2020-06-12,39169,364,44,55
2020-06-12,39173,361,67,55
2020-06-13,39003,291,70,43
2020-06-13,39005,50,9,0
2020-06-13,39007,389,75,44
2020-06-13,39013,478,39,25
2020-06-13,39017,1180,208,49
2020-06-13,39023,669,58,13
2020-06-13,39025,287,48,7
2020-06-13,39031,68,8,0
2020-06-13,39033,132,20,5
2020-06-13,39035,5548,1352,389
2020-06-13,39039,48,18,3
2020-06-13,39041,462,56,17
2020-06-13,39043,319,57,28
2020-06-13,39045,420,56,18
2020-06-13,39047,47,6,0
2020-06-13,39049,7677,1036,459
2020-06-13,39055,358,79,43
2020-06-13,39057,171,27,9
2020-06-13,39061,3533,702,206
2020-06-13,39063,89,16,3
2020-06-13,39065,102,22,13
2020-06-13,39069,25,3,1
2020-06-13,39075,114,6,3
2020-06-13,39077,121,15,3
2020-06-13,39079,20,2,0
2020-06-13,39081,73,17,2
2020-06-13,39085,361,76,19
2020-06-13,39087,42,5,0
2020-06-13,39093,837,143,67
2020-06-13,39095,2604,627,306
2020-06-13,39099,1651,345,247
2020-06-13,39103,414,73,32
2020-06-13,39109,410,54,31
2020-06-13,39113,1193,242,38
2020-06-13,39127,29,7,1
2020-06-13,39133,380,88,59
2020-06-13,39135,54,7,1
2020-06-13,39139,267,43,7
2020-06-13,39141,111,29,5
2020-06-13,39143,118,34,16
2020-06-13,39151,961,191,116
2020-06-13,39153,1810,410,212
2020-06-13,39155,714,182,64
2020-06-13,39157,434,60,12
2020-06-13,39159,84,5,1
2020-06-13,39165,601,70,24
2020-06-13,39169,366,44,55
2020-06-13,39173,362,67,55
2020-06-14,39007,390,75,44
2020-06-14,39009,26,3,1
2020-06-14,39017,1192,210,49
2020-06-14,39021,44,6,1
2020-06-14,39023,683,59,13
2020-06-14,39025,290,48,7
2020-06-14,39031,69,9,0
2020-06-14,39035,5609,1363,389
2020-06-14,39037,238,24,27
2020-06-14,39039,49,18,3
2020-06-14,39041,465,56,17
2020-06-14,39045,424,57,18
2020-06-14,39049,7755,1045,461
2020-06-14,39055,360,79,43
2020-06-14,39057,180,30,9
2020-06-14,39061,3612,709,206
2020-06-14,39075,119,6,3
2020-06-14,39077,124,16,3
2020-06-14,39085,364,76,19
2020-06-14,39087,43,6,0
2020-06-14,39089,359,48,14
2020-06-14,39091,65,7,1
2020-06-14,39093,841,143,67
2020-06-14,39095,2612,632,306
2020-06-14,39099,1658,347,247
2020-06-14,39103,416,73,32
2020-06-14,39105,9,0,0
2020-06-14,39107,295,48,9
2020-06-14,39109,412,55,31
2020-06-14,39113,1211,248,39
2020-06-14,39135,55,7,1
2020-06-14,39137,118,20,18
2020-06-14,39139,269,43,7
2020-06-14,39143,120,34,16
2020-06-14,39151,979,191,116
2020-06-14,39153,1815,412,213
2020-06-14,39155,720,184,65
2020-06-14,39157,437,60,12
2020-06-14,39159,85,5,1
2020-06-14,39165,608,71,24
2020-06-14,39169,368,46,56
2020-06-15,39001,21,2,1
2020-06-15,39003,292,70,43
2020-06-15,39005,53,9,0
2020-06-15,39007,398,75,44
2020-06-15,39009,27,3,1
2020-06-15,39013,479,39,25
2020-06-15,39015,50,8,3
2020-06-15,39017,1210,211,49
2020-06-15,39019,47,11,4
2020-06-15,39021,45,6,1
2020-06-15,39023,699,59,13
2020-06-15,39025,296,49,7
2020-06-15,39029,961,145,58
2020-06-15,39031,74,10,0
2020-06-15,39035,5736,1370,395
2020-06-15,39041,470,57,17
2020-06-15,39043,320,57,28
2020-06-15,39045,433,57,18
2020-06-15,39047,48,7,0
2020-06-15,39049,7883,1058,464
2020-06-15,39055,362,79,43
2020-06-15,39057,184,31,9
2020-06-15,39061,3736,715,207
2020-06-15,39065,106,23,13
2020-06-15,39069,27,3,1
2020-06-15,39075,127,6,3
2020-06-15,39077,130,16,3
2020-06-15,39083,73,10,1
2020-06-15,39085,366,76,19
2020-06-15,39087,45,7,0
2020-06-15,39089,370,50,14
2020-06-15,39093,851,145,67
2020-06-15,39095,2620,632,306
2020-06-15,39097,178,22,8
2020-06-15,39099,1662,347,247
2020-06-15,39101,2718,86,40
2020-06-15,39103,418,73,32
2020-06-15,39107,299,48,9
2020-06-15,39109,414,55,31
2020-06-15,39113,1271,254,40
2020-06-15,39129,2145,82,41
2020-06-15,39131,20,2,0
2020-06-15,39133,384,88,59
2020-06-15,39137,120,20,18
2020-06-15,39139,276,43,7
2020-06-15,39141,113,29,5
2020-06-15,39151,992,193,118
2020-06-15,39153,1831,418,215
2020-06-15,39155,732,187,67
2020-06-15,39159,86,5,1
2020-06-15,39161,24,3,0
2020-06-15,39165,622,71,24
2020-06-15,39169,371,46,56
2020-06-15,39173,363,67,55
2020-06-16,39003,295,70,43
2020-06-16,39005,60,9,2
2020-06-16,39007,400,75,44
2020-06-16,39009,28,4,1
2020-06-16,39011,109,17,5
2020-06-16,39013,483,39,25
2020-06-16,39017,1230,211,49
2020-06-16,39023,710,60,13
2020-06-16,39025,300,49,7
2020-06-16,39027,59,14,2
2020-06-16,39029,991,145,58
2020-06-16,39031,80,11,1
2020-06-16,39035,5841,1389,399
2020-06-16,39037,239,24,27
2020-06-16,39041,473,57,17
2020-06-16,39043,321,57,28
2020-06-16,39045,438,58,18
2020-06-16,39049,8018,1069,467
2020-06-16,39055,369,79,43
2020-06-16,39057,190,31,9
2020-06-16,39059,57,12,3
2020-06-16,39061,3853,721,208
2020-06-16,39063,90,16,3
2020-06-16,39065,112,23,14
2020-06-16,39075,128,6,3
2020-06-16,39077,142,16,3
2020-06-16,39081,76,17,2
2020-06-16,39085,374,77,19
2020-06-16,39087,46,7,0
2020-06-16,39089,373,51,14
2020-06-16,39093,859,147,67
2020-06-16,39095,2625,632,306
2020-06-16,39097,179,22,8
2020-06-16,39099,1672,347,248
2020-06-16,39101,2719,86,41
2020-06-16,39103,423,73,32
2020-06-16,39109,419,55,31
2020-06-16,39111,87,15,18
2020-06-16,39113,1316,259,43
2020-06-16,39119,73,13,1
2020-06-16,39121,12,2,0
2020-06-16,39123,126,30,23
2020-06-16,39125,26,6,0
2020-06-16,39129,2152,83,41
2020-06-16,39131,21,3,0
2020-06-16,39133,385,88,59
2020-06-16,39137,122,20,18
2020-06-16,39139,280,44,7
2020-06-16,39143,122,34,16
2020-06-16,39145,35,5,1
2020-06-16,39149,61,18,5
2020-06-16,39151,1007,196,120
2020-06-16,39153,1847,419,215
2020-06-16,39155,745,188,68
2020-06-16,39157,443,61,12
2020-06-16,39159,87,5,1
2020-06-16,39165,637,72,25
2020-06-16,39169,373,46,56
2020-06-16,39173,364,67,55
2020-06-16,39175,71,6,6
2020-06-17,39003,299,70,43
2020-06-17,39007,420,77,44
2020-06-17,39013,484,39,25
2020-06-17,39015,51,8,3
2020-06-17,39017,1253,212,50
2020-06-17,39019,53,11,4
2020-06-17,39023,717,63,13
2020-06-17,39025,309,53,7
2020-06-17,39029,994,147,59
2020-06-17,39031,82,11,1
2020-06-17,39035,5951,1397,402
2020-06-17,39037,241,25,27
2020-06-17,39041,477,57,17
2020-06-17,39043,322,57,28
2020-06-17,39045,449,58,18
2020-06-17,39049,8138,1080,467
2020-06-17,39051,56,7,0
2020-06-17,39055,372,79,43
2020-06-17,39057,196,32,9
2020-06-17,39059,58,13,3
2020-06-17,39061,3985,727,210
2020-06-17,39065,113,23,14
2020-06-17,39071,45,10,1
2020-06-17,39075,145,6,3
2020-06-17,39077,151,17,3
2020-06-17,39081,77,17,2
2020-06-17,39083,74,10,1
2020-06-17,39085,395,78,19
2020-06-17,39087,50,7,0
2020-06-17,39089,380,52,14
2020-06-17,39093,866,147,67
2020-06-17,39095,2630,633,306
2020-06-17,39097,181,22,8
2020-06-17,39099,1681,348,249
2020-06-17,39101,2720,86,41
2020-06-17,39103,427,73,32
2020-06-17,39109,424,56,31
2020-06-17,39113,1359,263,44
2020-06-17,39119,74,13,1
2020-06-17,39129,2156,83,41
2020-06-17,39133,389,89,59
2020-06-17,39135,56,7,1
2020-06-17,39137,123,20,18
2020-06-17,39139,283,45,7
2020-06-17,39141,114,29,5
2020-06-17,39143,124,34,16
2020-06-17,39145,36,5,1
2020-06-17,39149,62,18,5
2020-06-17,39151,1021,197,120
2020-06-17,39153,1862,420,215
2020-06-17,39155,760,192,69
2020-06-17,39157,460,63,12
2020-06-17,39159,88,5,1
2020-06-17,39161,27,3,0
2020-06-17,39165,657,76,25
2020-06-17,39167,125,16,20
2020-06-17,39169,377,46,56
2020-06-17,39171,60,7,2
2020-06-17,39173,368,68,55
2020-06-18,39003,303,71,43
2020-06-18,39007,454,77,44
2020-06-18,39011,111,18,6
2020-06-18,39013,492,39,25
2020-06-18,39015,54,8,3
2020-06-18,39017,1273,214,50
2020-06-18,39023,727,64,13
2020-06-18,39025,314,54,7
2020-06-18,39029,999,147,59
2020-06-18,39035,6040,1408,406
2020-06-18,39037,242,25,27
2020-06-18,39041,483,57,17
2020-06-18,39043,324,57,28
2020-06-18,39045,455,59,18
2020-06-18,39049,8267,1098,469
2020-06-18,39055,374,80,43
2020-06-18,39057,206,34,9
2020-06-18,39059,59,14,4
2020-06-18,39061,4129,735,210
2020-06-18,39063,91,16,3
2020-06-18,39069,28,3,1
2020-06-18,39071,46,10,1
2020-06-18,39075,162,6,3
2020-06-18,39077,165,18,3
2020-06-18,39081,78,17,2
2020-06-18,39085,404,78,19
2020-06-18,39089,385,52,14
2020-06-18,39093,870,147,67
2020-06-18,39095,2637,634,306
2020-06-18,39097,182,22,8
2020-06-18,39099,1686,350,249
2020-06-18,39103,432,73,32
2020-06-18,39109,426,56,31
2020-06-18,39113,1408,271,45
2020-06-18,39123,127,30,23
2020-06-18,39125,27,6,0
2020-06-18,39129,2159,83,41
2020-06-18,39131,22,3,0
2020-06-18,39133,391,90,59
2020-06-18,39137,125,20,18
2020-06-18,39139,287,46,7
2020-06-18,39141,117,29,5
2020-06-18,39143,126,35,17
2020-06-18,39145,38,5,1
2020-06-18,39147,71,12,4
2020-06-18,39149,64,18,5
2020-06-18,39151,1031,198,120
2020-06-18,39153,1875,420,215
2020-06-18,39155,772,195,72
2020-06-18,39157,472,64,12
2020-06-18,39159,89,5,1
2020-06-18,39165,664,76,25
2020-06-18,39169,384,46,56
2020-06-18,39171,61,7,2
2020-06-18,39173,371,70,56
2020-06-19,39001,22,2,1
2020-06-19,39003,306,71,43
2020-06-19,39005,62,10,2
2020-06-19,39007,455,77,44
2020-06-19,39011,113,18,6
2020-06-19,39013,500,39,25
2020-06-19,39015,56,10,3
2020-06-19,39017,1299,217,51
2020-06-19,39019,54,12,5
2020-06-19,39023,734,65,13
2020-06-19,39025,328,55,7
2020-06-19,39029,1011,147,59
2020-06-19,39033,133,20,5
2020-06-19,39035,6128,1423,408
2020-06-19,39041,494,57,17
2020-06-19,39045,462,60,18
2020-06-19,39049,8399,1112,472
2020-06-19,39055,380,81,43
2020-06-19,39057,213,34,9
2020-06-19,39059,60,14,4
2020-06-19,39061,4267,743,210
2020-06-19,39063,93,16,3
2020-06-19,39075,165,7,4
2020-06-19,39077,168,18,3
2020-06-19,39085,411,78,19
2020-06-19,39089,393,53,14
2020-06-19,39091,66,7,1
2020-06-19,39093,897,150,67
2020-06-19,39095,2646,634,306
2020-06-19,39099,1712,351,249
2020-06-19,39103,439,74,32
2020-06-19,39105,10,0,0
2020-06-19,39107,300,48,9
2020-06-19,39109,430,56,31
2020-06-19,39113,1466,278,46
2020-06-19,39119,76,13,1
2020-06-19,39123,130,30,23
2020-06-19,39129,2160,83,41
2020-06-19,39131,24,3,0
2020-06-19,39133,395,91,59
2020-06-19,39135,57,8,1
2020-06-19,39137,126,20,18
2020-06-19,39139,295,46,7
2020-06-19,39141,118,29,5
2020-06-19,39143,127,36,17
2020-06-19,39145,40,5,1
2020-06-19,39147,72,13,4
2020-06-19,39151,1035,199,120
2020-06-19,39153,1897,421,215
2020-06-19,39155,802,201,76
2020-06-19,39157,481,64,12
2020-06-19,39159,92,6,1
2020-06-19,39161,30,3,0
2020-06-19,39165,677,78,25
2020-06-19,39169,389,46,56
2020-06-19,39173,373,70,56
2020-06-20,39001,23,2,1
2020-06-20,39003,307,71,43
2020-06-20,39005,65,10,3
2020-06-20,39007,458,77,44
2020-06-20,39009,31,4,1
2020-06-20,39011,114,18,6
2020-06-20,39013,509,39,25
2020-06-20,39017,1323,217,52
2020-06-20,39019,55,12,5
2020-06-20,39023,740,65,13
2020-06-20,39025,339,56,7
2020-06-20,39027,61,14,2
2020-06-20,39029,1013,147,59
2020-06-20,39031,83,12,1
2020-06-20,39033,134,20,5
2020-06-20,39035,6229,1436,411
2020-06-20,39037,243,25,27
2020-06-20,39041,500,57,17
2020-06-20,39043,325,58,28
2020-06-20,39045,467,61,18
2020-06-20,39049,8520,1124,475
2020-06-20,39055,382,81,43
2020-06-20,39057,221,34,9
2020-06-20,39059,63,17,6
2020-06-20,39061,4382,747,211
2020-06-20,39063,96,16,3
2020-06-20,39065,114,23,14
2020-06-20,39069,29,3,1
2020-06-20,39071,49,11,1
2020-06-20,39073,83,19,8
2020-06-20,39075,180,9,4
2020-06-20,39077,172,19,3
2020-06-20,39083,77,11,1
2020-06-20,39085,416,80,19
2020-06-20,39087,54,7,0
2020-06-20,39089,398,53,14
2020-06-20,39091,67,7,1
2020-06-20,39093,901,151,67
2020-06-20,39095,2650,634,306
2020-06-20,39099,1721,353,249
2020-06-20,39101,2721,86,41
2020-06-20,39103,445,75,32
2020-06-20,39105,11,0,0
2020-06-20,39109,431,56,31
2020-06-20,39113,1505,285,47
2020-06-20,39117,117,10,1
2020-06-20,39119,77,14,1
2020-06-20,39125,29,6,0
2020-06-20,39129,2161,83,41
2020-06-20,39131,25,3,0
2020-06-20,39133,397,91,59
2020-06-20,39135,58,8,1
2020-06-20,39137,127,20,18
2020-06-20,39139,297,47,7
2020-06-20,39145,41,5,1
2020-06-20,39151,1045,199,120
2020-06-20,39153,1919,422,215
2020-06-20,39155,810,203,77
2020-06-20,39157,486,64,12
2020-06-20,39161,31,3,0
2020-06-20,39165,695,78,25
2020-06-20,39169,390,46,56
2020-06-20,39171,62,7,2
2020-06-20,39173,378,70,56
2020-06-21,39003,312,71,43
2020-06-21,39005,66,10,3
2020-06-21,39009,32,4,1
2020-06-21,39011,116,18,6
2020-06-21,39013,512,39,25
2020-06-21,39015,59,10,3
2020-06-21,39017,1341,219,54
2020-06-21,39023,748,66,14
2020-06-21,39025,347,56,7
2020-06-21,39027,63,14,2
2020-06-21,39029,1015,148,59
2020-06-21,39035,6370,1450,417
2020-06-21,39037,245,26,27
2020-06-21,39041,502,57,17
2020-06-21,39045,481,62,18
2020-06-21,39049,8641,1133,478
2020-06-21,39055,384,82,43
2020-06-21,39057,225,34,9
2020-06-21,39059,64,17,6
2020-06-21,39061,4475,755,212
2020-06-21,39063,97,16,3
2020-06-21,39065,115,23,14
2020-06-21,39075,184,9,4
2020-06-21,39077,176,19,3
2020-06-21,39083,79,11,1
2020-06-21,39085,422,82,20
2020-06-21,39089,401,53,14
2020-06-21,39091,68,7,1
2020-06-21,39093,911,152,67
2020-06-21,39095,2656,635,307
2020-06-21,39097,183,22,8
2020-06-21,39099,1724,353,249
2020-06-21,39101,2722,86,41
2020-06-21,39103,455,75,32
2020-06-21,39105,12,0,0
2020-06-21,39109,435,56,31
2020-06-21,39113,1537,287,47
2020-06-21,39119,78,14,1
2020-06-21,39129,2163,84,41
2020-06-21,39133,402,93,59
2020-06-21,39139,300,47,7
2020-06-21,39141,119,30,5
2020-06-21,39145,42,6,1
2020-06-21,39149,65,18,5
2020-06-21,39151,1055,202,120
2020-06-21,39153,1936,423,215
2020-06-21,39155,826,204,77
2020-06-21,39157,501,64,12
2020-06-21,39159,93,6,1
2020-06-21,39161,33,3,0
2020-06-21,39165,700,78,25
2020-06-21,39167,127,16,20
2020-06-21,39169,391,46,56
2020-06-21,39173,380,70,56
2020-06-22,39003,317,72,43
2020-06-22,39005,70,11,3
2020-06-22,39007,461,77,44
2020-06-22,39009,34,4,1
2020-06-22,39013,525,40,25
2020-06-22,39015,60,10,3
2020-06-22,39017,1382,223,56
2020-06-22,39019,60,13,5
2020-06-22,39023,755,67,14
2020-06-22,39025,359,56,7
2020-06-22,39027,66,14,2
2020-06-22,39029,1080,149,59
2020-06-22,39031,87,13,1
2020-06-22,39035,6572,1478,425
2020-06-22,39037,246,26,27
2020-06-22,39039,51,18,3
2020-06-22,39041,507,57,17
2020-06-22,39043,326,58,28
2020-06-22,39045,488,62,18
2020-06-22,39049,8860,1146,486
2020-06-22,39051,57,7,0
2020-06-22,39053,15,4,1
2020-06-22,39055,386,83,43
2020-06-22,39057,231,34,9
2020-06-22,39059,66,18,6
2020-06-22,39061,4634,765,213
2020-06-22,39063,98,16,3
2020-06-22,39065,116,23,14
2020-06-22,39067,12,4,1
2020-06-22,39073,84,19,8
2020-06-22,39075,192,9,4
2020-06-22,39077,184,19,3
2020-06-22,39079,21,2,0
2020-06-22,39085,435,83,20
2020-06-22,39087,58,7,0
2020-06-22,39089,414,54,14
2020-06-22,39091,70,7,1
2020-06-22,39093,927,154,67
2020-06-22,39095,2677,638,308
2020-06-22,39097,184,22,8
2020-06-22,39099,1734,354,249
2020-06-22,39103,472,75,32
2020-06-22,39107,304,49,10
2020-06-22,39109,440,57,31
2020-06-22,39111,88,15,18
2020-06-22,39113,1609,296,49
2020-06-22,39119,80,15,1
2020-06-22,39123,131,30,23
2020-06-22,39129,2167,85,41
2020-06-22,39133,407,93,59
2020-06-22,39137,128,20,18
2020-06-22,39139,307,48,7
2020-06-22,39141,125,30,5
2020-06-22,39143,131,37,17
2020-06-22,39145,43,6,1
2020-06-22,39149,68,18,5
2020-06-22,39151,1070,203,120
2020-06-22,39153,1963,424,215
2020-06-22,39155,855,207,80
2020-06-22,39157,535,65,12
2020-06-22,39161,35,4,1
2020-06-22,39165,744,85,28
2020-06-22,39169,394,46,56
2020-06-22,39171,64,7,2
2020-06-22,39173,385,70,56
2020-06-23,39003,319,72,43
2020-06-23,39005,72,11,3
2020-06-23,39007,462,77,44
2020-06-23,39011,117,18,6
2020-06-23,39013,528,40,25
2020-06-23,39017,1416,226,57
2020-06-23,39019,62,13,5
2020-06-23,39021,46,6,1
2020-06-23,39023,764,67,14
2020-06-23,39025,369,56,7
2020-06-23,39027,67,14,2
2020-06-23,39029,1131,150,59
2020-06-23,39031,94,13,1
2020-06-23,39035,6759,1499,428
2020-06-23,39037,247,26,27
2020-06-23,39039,53,19,4
2020-06-23,39041,517,57,17
2020-06-23,39043,328,58,28
2020-06-23,39045,514,66,19
2020-06-23,39047,49,7,0
2020-06-23,39049,9036,1162,489
2020-06-23,39051,58,7,0
2020-06-23,39053,17,5,1
2020-06-23,39055,389,83,43
2020-06-23,39057,238,34,9
2020-06-23,39061,4829,771,214
2020-06-23,39065,117,23,14
2020-06-23,39069,31,3,1
2020-06-23,39071,50,11,1
2020-06-23,39075,201,11,4
2020-06-23,39077,201,21,3
2020-06-23,39079,22,2,0
2020-06-23,39081,80,17,2
2020-06-23,39083,81,11,1
2020-06-23,39085,448,85,21
2020-06-23,39087,61,7,0
2020-06-23,39089,423,54,14
2020-06-23,39091,71,7,1
2020-06-23,39093,943,159,69
2020-06-23,39095,2688,639,309
2020-06-23,39097,189,22,8
2020-06-23,39099,1754,355,249
2020-06-23,39103,483,75,32
2020-06-23,39107,308,49,10
2020-06-23,39109,442,57,31
2020-06-23,39111,90,15,18
2020-06-23,39113,1674,302,49
2020-06-23,39115,11,1,2
2020-06-23,39121,13,2,0
2020-06-23,39123,135,30,23
2020-06-23,39129,2176,85,41
2020-06-23,39131,26,4,0
2020-06-23,39133,411,93,59
2020-06-23,39135,60,9,1
2020-06-23,39139,311,48,7
2020-06-23,39141,128,30,5
2020-06-23,39143,132,37,17
2020-06-23,39145,45,6,1
2020-06-23,39149,69,18,5
2020-06-23,39151,1083,204,120
2020-06-23,39153,1987,425,216
2020-06-23,39155,875,209,84
2020-06-23,39157,546,66,12
2020-06-23,39161,36,4,1
2020-06-23,39165,759,85,28
2020-06-23,39167,129,16,20
2020-06-23,39169,399,46,57
2020-06-23,39173,398,70,56
2020-06-23,39175,72,7,6
2020-06-24,39003,327,72,43
2020-06-24,39005,77,11,3
2020-06-24,39007,463,78,44
2020-06-24,39009,36,4,1
2020-06-24,39011,118,18,6
2020-06-24,39013,529,41,25
2020-06-24,39017,1451,231,58
2020-06-24,39019,64,13,5
2020-06-24,39021,47,7,2
2020-06-24,39023,776,67,14
2020-06-24,39025,378,57,7
2020-06-24,39029,1204,151,59
2020-06-24,39031,95,13,1
2020-06-24,39033,136,20,5
2020-06-24,39035,6921,1524,430
2020-06-24,39037,248,26,27
2020-06-24,39039,54,19,4
2020-06-24,39041,528,57,17
2020-06-24,39043,332,59,28
2020-06-24,39045,525,66,19
2020-06-24,39049,9233,1175,501
2020-06-24,39055,393,84,43
2020-06-24,39057,251,36,9
2020-06-24,39059,70,19,6
2020-06-24,39061,5018,780,214
2020-06-24,39063,102,16,3
2020-06-24,39065,119,24,14
2020-06-24,39071,51,11,1
2020-06-24,39075,209,12,4
2020-06-24,39083,82,11,1
2020-06-24,39085,459,85,21
2020-06-24,39087,67,9,0
2020-06-24,39089,435,56,14
2020-06-24,39093,960,163,70
2020-06-24,39095,2705,640,309
2020-06-24,39097,190,22,8
2020-06-24,39099,1765,357,249
2020-06-24,39101,2724,86,41
2020-06-24,39103,492,75,32
2020-06-24,39105,13,0,0
2020-06-24,39107,311,50,10
2020-06-24,39109,447,58,31
2020-06-24,39113,1746,308,51
2020-06-24,39115,16,1,2
2020-06-24,39117,118,10,1
2020-06-24,39119,81,15,1
2020-06-24,39123,138,30,23
2020-06-24,39129,2179,85,41
2020-06-24,39131,28,5,0
2020-06-24,39133,415,94,59
2020-06-24,39135,63,9,1
2020-06-24,39137,130,20,18
2020-06-24,39139,313,48,7
2020-06-24,39143,134,37,17
2020-06-24,39145,48,7,1
2020-06-24,39147,73,13,4
2020-06-24,39151,1117,204,120
2020-06-24,39153,2026,427,216
2020-06-24,39155,901,214,89
2020-06-24,39157,553,67,13
2020-06-24,39159,94,6,1
2020-06-24,39161,38,4,1
2020-06-24,39165,776,86,28
2020-06-24,39167,131,16,20
2020-06-24,39169,401,46,57
2020-06-24,39173,406,70,56
2020-06-25,39003,332,73,43
2020-06-25,39005,82,11,3
2020-06-25,39009,38,4,1
2020-06-25,39011,120,18,6
2020-06-25,39013,532,41,25
2020-06-25,39015,61,10,3
2020-06-25,39017,1482,233,58
2020-06-25,39019,67,13,5
2020-06-25,39023,780,68,14
2020-06-25,39025,389,59,8
2020-06-25,39027,68,14,2
2020-06-25,39029,1245,154,59
2020-06-25,39031,99,14,2
2020-06-25,39033,137,20,5
2020-06-25,39035,7074,1545,431
2020-06-25,39039,55,19,4
2020-06-25,39041,539,58,17
2020-06-25,39043,333,60,28
2020-06-25,39045,554,70,20
2020-06-25,39047,50,7,0
2020-06-25,39049,9411,1188,504
2020-06-25,39051,59,7,0
2020-06-25,39055,395,85,43
2020-06-25,39057,266,38,9
2020-06-25,39059,76,20,7
2020-06-25,39061,5171,792,215
2020-06-25,39063,108,16,3
2020-06-25,39069,32,3,1
2020-06-25,39071,52,11,1
2020-06-25,39073,85,19,8
2020-06-25,39075,216,12,4
2020-06-25,39077,214,21,3
2020-06-25,39083,83,11,1
2020-06-25,39085,469,85,21
2020-06-25,39087,70,9,0
2020-06-25,39089,446,57,14
2020-06-25,39091,72,7,1
2020-06-25,39093,974,163,71
2020-06-25,39095,2724,640,309
2020-06-25,39097,193,22,8
2020-06-25,39099,1777,360,250
2020-06-25,39101,2728,86,41
2020-06-25,39103,499,76,33
2020-06-25,39107,313,51,10
2020-06-25,39109,454,58,31
2020-06-25,39113,1873,319,51
2020-06-25,39115,17,1,2
2020-06-25,39117,119,10,1
2020-06-25,39119,84,15,1
2020-06-25,39123,139,30,23
2020-06-25,39129,2183,85,41
2020-06-25,39131,29,6,0
2020-06-25,39133,418,94,59
2020-06-25,39137,133,21,18
2020-06-25,39139,318,48,7
2020-06-25,39141,135,30,5
2020-06-25,39143,138,37,17
2020-06-25,39147,74,13,4
2020-06-25,39149,70,18,5
2020-06-25,39151,1146,206,120
2020-06-25,39153,2057,429,216
2020-06-25,39155,932,220,95
2020-06-25,39157,561,67,13
2020-06-25,39161,40,4,1
2020-06-25,39165,791,90,28
2020-06-25,39169,403,46,57
2020-06-25,39171,65,7,2
2020-06-25,39173,424,70,56
2020-06-26,39003,342,73,43
2020-06-26,39005,84,11,3
2020-06-26,39007,466,79,44
2020-06-26,39009,43,5,1
2020-06-26,39011,122,18,6
2020-06-26,39013,539,41,25
2020-06-26,39017,1515,234,58
2020-06-26,39023,784,69,15
2020-06-26,39025,402,61,9
2020-06-26,39027,70,14,2
2020-06-26,39029,1256,155,59
2020-06-26,39031,101,14,3
2020-06-26,39033,139,21,5
2020-06-26,39035,7238,1560,435
2020-06-26,39041,553,58,17
2020-06-26,39043,335,60,28
2020-06-26,39045,572,72,20
2020-06-26,39049,9612,1196,505
2020-06-26,39055,396,85,43
2020-06-26,39057,274,39,9
2020-06-26,39059,77,20,7
2020-06-26,39061,5337,808,218
2020-06-26,39063,109,16,3
2020-06-26,39065,120,24,14
2020-06-26,39069,33,4,1
2020-06-26,39073,86,19,8
2020-06-26,39075,221,13,4
2020-06-26,39077,225,21,3
2020-06-26,39079,23,2,0
2020-06-26,39081,85,17,2
2020-06-26,39083,85,11,1
2020-06-26,39085,480,85,21
2020-06-26,39087,74,10,0
2020-06-26,39089,458,59,14
2020-06-26,39091,75,7,1
2020-06-26,39093,989,164,71
2020-06-26,39095,2771,645,310
2020-06-26,39097,194,23,9
2020-06-26,39099,1792,365,250
2020-06-26,39103,505,76,33
2020-06-26,39107,314,51,10
2020-06-26,39109,458,58,31
2020-06-26,39113,1921,324,51
2020-06-26,39123,141,31,23
2020-06-26,39125,30,6,0
2020-06-26,39127,30,7,1
2020-06-26,39129,2188,85,41
2020-06-26,39133,426,96,59
2020-06-26,39135,64,9,1
2020-06-26,39137,134,21,18
2020-06-26,39139,323,48,7
2020-06-26,39141,136,30,5
2020-06-26,39143,142,37,17
2020-06-26,39149,72,18,5
2020-06-26,39151,1181,209,122
2020-06-26,39153,2089,430,216
2020-06-26,39155,952,222,96
2020-06-26,39157,570,68,13
2020-06-26,39159,96,6,1
2020-06-26,39161,43,6,2
2020-06-26,39165,817,92,28
2020-06-26,39167,136,16,20
2020-06-26,39171,67,7,2
2020-06-26,39173,428,70,56
2020-06-26,39175,73,7,6
2020-06-27,39003,347,73,43
2020-06-27,39005,88,12,3
2020-06-27,39007,467,79,44
2020-06-27,39009,44,5,1
2020-06-27,39013,541,41,25
2020-06-27,39015,63,10,3
2020-06-27,39017,1536,236,58
2020-06-27,39023,788,69,15
2020-06-27,39025,417,61,9
2020-06-27,39027,71,15,2
2020-06-27,39029,1257,155,59
2020-06-27,39031,105,15,3
2020-06-27,39033,140,21,5
2020-06-27,39035,7383,1577,437
2020-06-27,39037,251,27,27
2020-06-27,39041,560,58,17
2020-06-27,39043,336,60,28
2020-06-27,39045,584,72,20
2020-06-27,39049,9778,1209,507
2020-06-27,39055,399,85,43
2020-06-27,39057,278,40,9
2020-06-27,39059,81,20,7
2020-06-27,39061,5463,816,218
2020-06-27,39063,110,16,3
2020-06-27,39065,121,24,14
2020-06-27,39071,53,11,1
2020-06-27,39075,228,15,5
2020-06-27,39077,226,21,3
2020-06-27,39079,24,2,0
2020-06-27,39083,87,11,1
2020-06-27,39085,488,85,21
2020-06-27,39087,76,10,0
2020-06-27,39089,482,62,14
2020-06-27,39091,76,7,1
2020-06-27,39093,1001,166,71
2020-06-27,39095,2790,645,310
2020-06-27,39097,197,24,10
2020-06-27,39099,1802,365,250
2020-06-27,39101,2730,86,41
2020-06-27,39103,518,78,33
2020-06-27,39107,315,51,11
2020-06-27,39109,463,58,31
2020-06-27,39113,1962,334,52
2020-06-27,39121,14,2,0
2020-06-27,39123,144,31,24
2020-06-27,39129,2196,88,42
2020-06-27,39133,429,96,59
2020-06-27,39135,66,10,1
2020-06-27,39137,136,21,18
2020-06-27,39139,326,48,7
2020-06-27,39143,143,37,17
2020-06-27,39145,51,7,1
2020-06-27,39149,75,18,5
2020-06-27,39151,1189,210,122
2020-06-27,39153,2129,432,217
2020-06-27,39155,966,222,96
2020-06-27,39157,573,68,13
2020-06-27,39159,99,8,1
2020-06-27,39161,46,6,2
2020-06-27,39165,834,92,28
2020-06-27,39167,140,16,20
2020-06-27,39169,404,46,57
2020-06-27,39171,70,8,3
2020-06-27,39173,439,71,56
2020-06-28,39001,24,2,1
2020-06-28,39003,351,73,43
2020-06-28,39007,470,80,44
2020-06-28,39009,47,5,1
2020-06-28,39011,123,18,6
2020-06-28,39013,544,43,26
2020-06-28,39017,1551,237,58
2020-06-28,39019,70,14,5
2020-06-28,39021,48,7,2
2020-06-28,39023,791,69,15
2020-06-28,39025,428,61,9
2020-06-28,39029,1258,155,59
2020-06-28,39031,109,17,4
2020-06-28,39035,7522,1593,441
2020-06-28,39037,253,27,27
2020-06-28,39041,574,59,17
2020-06-28,39043,341,61,28
2020-06-28,39045,595,72,20
2020-06-28,39049,9976,1227,509
2020-06-28,39051,60,7,0
2020-06-28,39053,18,5,1
2020-06-28,39055,405,85,43
2020-06-28,39057,288,40,9
2020-06-28,39059,82,20,7
2020-06-28,39061,5546,827,219
2020-06-28,39065,124,24,14
2020-06-28,39071,54,11,1
2020-06-28,39075,232,15,5
2020-06-28,39077,230,21,3
2020-06-28,39079,25,2,0
2020-06-28,39083,92,12,1
2020-06-28,39085,497,86,22
2020-06-28,39087,77,10,0
2020-06-28,39089,494,62,14
2020-06-28,39093,1006,167,71
2020-06-28,39095,2809,646,310
2020-06-28,39099,1811,365,250
2020-06-28,39101,2737,86,41
2020-06-28,39103,528,78,33
2020-06-28,39107,319,53,12
2020-06-28,39109,468,58,31
2020-06-28,39113,2018,347,57
2020-06-28,39117,120,10,1
2020-06-28,39121,15,2,0
2020-06-28,39123,146,31,24
2020-06-28,39125,31,7,0
2020-06-28,39127,33,7,1
2020-06-28,39129,2200,88,42
2020-06-28,39131,30,7,0
2020-06-28,39133,437,97,60
2020-06-28,39135,68,10,1
2020-06-28,39137,139,21,18
2020-06-28,39139,327,48,7
2020-06-28,39141,143,32,5
2020-06-28,39143,146,37,17
2020-06-28,39145,52,7,1
2020-06-28,39149,77,18,5
2020-06-28,39151,1207,213,122
2020-06-28,39153,2172,433,217
2020-06-28,39155,979,222,96
2020-06-28,39157,585,68,13
2020-06-28,39159,100,8,1
2020-06-28,39161,47,6,2
2020-06-28,39165,850,94,29
2020-06-28,39167,141,16,20
2020-06-28,39169,409,47,58
2020-06-28,39173,449,71,56
2020-06-28,39175,74,7,6
2020-06-29,39003,359,74,43
2020-06-29,39005,90,12,3
2020-06-29,39007,473,80,44
2020-06-29,39009,55,7,1
2020-06-29,39011,124,18,6
2020-06-29,39013,548,43,26
2020-06-29,39017,1598,240,59
2020-06-29,39021,50,7,2
2020-06-29,39023,800,69,15
2020-06-29,39025,439,61,9
2020-06-29,39027,72,15,2
2020-06-29,39029,1277,155,59
2020-06-29,39031,113,17,4
2020-06-29,39033,141,21,5
2020-06-29,39035,7682,1615,446
2020-06-29,39037,262,27,27
2020-06-29,39039,56,19,4
2020-06-29,39041,593,59,17
2020-06-29,39043,348,61,28
2020-06-29,39045,615,74,20
2020-06-29,39049,10242,1240,511
2020-06-29,39051,62,9,0
2020-06-29,39053,21,7,1
2020-06-29,39055,407,85,43
2020-06-29,39057,303,42,9
2020-06-29,39059,84,20,7
2020-06-29,39061,5792,836,225
2020-06-29,39065,125,24,14
2020-06-29,39069,34,4,1
2020-06-29,39075,239,16,5
2020-06-29,39077,234,21,3
2020-06-29,39079,26,2,0
2020-06-29,39081,86,17,2
2020-06-29,39083,96,12,1
2020-06-29,39085,508,86,22
2020-06-29,39089,509,62,14
2020-06-29,39091,79,7,1
2020-06-29,39093,1029,168,73
2020-06-29,39095,2849,647,310
2020-06-29,39097,198,24,10
2020-06-29,39099,1829,367,250
2020-06-29,39101,2740,86,41
2020-06-29,39103,531,79,34
2020-06-29,39109,474,60,31
2020-06-29,39113,2093,356,59
2020-06-29,39115,18,1,2
2020-06-29,39117,121,10,1
2020-06-29,39119,89,18,1
2020-06-29,39121,16,2,0
2020-06-29,39123,150,31,24
2020-06-29,39127,35,7,1
2020-06-29,39129,2201,88,42
2020-06-29,39131,31,7,0
2020-06-29,39133,444,97,60
2020-06-29,39135,71,10,1
2020-06-29,39137,140,21,18
2020-06-29,39139,334,49,7
2020-06-29,39141,148,33,5
2020-06-29,39143,151,37,17
2020-06-29,39145,54,7,1
2020-06-29,39147,75,13,4
2020-06-29,39151,1228,215,122
2020-06-29,39153,2210,434,217
2020-06-29,39155,994,226,98
2020-06-29,39157,592,69,14
2020-06-29,39159,103,8,1
2020-06-29,39161,51,6,2
2020-06-29,39165,873,96,29
2020-06-29,39167,142,16,20
2020-06-29,39169,411,47,58
2020-06-29,39171,71,8,3
2020-06-29,39173,464,71,56
2020-06-29,39175,75,7,6
2020-06-30,39001,25,2,1
2020-06-30,39003,366,75,43
2020-06-30,39005,92,13,3
2020-06-30,39007,477,81,44
2020-06-30,39009,59,8,1
2020-06-30,39011,125,18,6
2020-06-30,39015,65,10,3
2020-06-30,39017,1648,240,59
2020-06-30,39021,51,7,2
2020-06-30,39023,810,69,15
2020-06-30,39025,454,63,10
2020-06-30,39027,73,15,2
2020-06-30,39029,1336,156,59
2020-06-30,39031,122,18,4
2020-06-30,39033,143,22,5
2020-06-30,39035,7885,1641,450
2020-06-30,39037,263,27,27
2020-06-30,39041,618,60,17
2020-06-30,39043,351,62,28
2020-06-30,39045,627,74,20
2020-06-30,39049,10497,1253,513
2020-06-30,39051,63,10,0
2020-06-30,39055,416,86,43
2020-06-30,39057,315,42,9
2020-06-30,39059,86,20,7
2020-06-30,39061,6020,850,227
2020-06-30,39063,113,16,3
2020-06-30,39065,126,24,14
2020-06-30,39071,55,12,1
2020-06-30,39075,249,16,5
2020-06-30,39077,247,21,3
2020-06-30,39079,27,2,0
2020-06-30,39081,88,17,2
2020-06-30,39083,98,13,2
2020-06-30,39085,518,86,22
2020-06-30,39087,79,10,0
2020-06-30,39089,527,62,14
2020-06-30,39091,82,7,1
2020-06-30,39093,1040,168,73
2020-06-30,39095,2898,649,312
2020-06-30,39097,200,24,10
2020-06-30,39099,1870,371,250
2020-06-30,39101,2743,86,41
2020-06-30,39103,537,79,34
2020-06-30,39107,324,53,12
2020-06-30,39109,480,60,31
2020-06-30,39113,2223,367,60
2020-06-30,39115,20,1,2
2020-06-30,39119,91,18,1
2020-06-30,39123,153,31,24
2020-06-30,39125,32,7,0
2020-06-30,39127,37,7,1
2020-06-30,39129,2207,90,42
2020-06-30,39133,451,97,60
2020-06-30,39135,74,11,1
2020-06-30,39137,142,21,18
2020-06-30,39139,343,52,7
2020-06-30,39141,157,34,5
2020-06-30,39143,155,37,17
2020-06-30,39147,76,13,4
2020-06-30,39151,1241,215,122
2020-06-30,39153,2249,438,218
2020-06-30,39155,1020,229,98
2020-06-30,39157,602,70,14
2020-06-30,39159,104,8,1
2020-06-30,39161,54,6,2
2020-06-30,39165,890,96,29
2020-06-30,39167,144,16,20
2020-06-30,39169,414,47,58
2020-06-30,39171,72,8,3
2020-06-30,39173,475,71,56
2020-07-01,39001,26,2,1
2020-07-01,39003,369,76,43
2020-07-01,39005,95,14,3
2020-07-01,39007,482,81,44
2020-07-01,39009,63,8,1
2020-07-01,39011,131,18,6
2020-07-01,39013,552,43,26
2020-07-01,39017,1682,242,59
2020-07-01,39019,71,14,5
2020-07-01,39021,54,7,2
2020-07-01,39023,821,70,15
2020-07-01,39025,471,65,10
2020-07-01,39027,83,17,5
2020-07-01,39029,1344,157,60
2020-07-01,39031,149,19,7
2020-07-01,39035,8100,1668,453
2020-07-01,39037,267,27,27
2020-07-01,39041,629,60,17
2020-07-01,39043,364,63,28
2020-07-01,39045,647,74,20
2020-07-01,39049,10804,1264,519
2020-07-01,39051,65,10,0
2020-07-01,39053,23,7,1
2020-07-01,39055,422,86,43
2020-07-01,39057,328,43,9
2020-07-01,39059,89,20,7
2020-07-01,39061,6206,862,230
2020-07-01,39063,115,16,3
2020-07-01,39065,127,24,14
2020-07-01,39069,35,4,1
2020-07-01,39071,57,12,1
2020-07-01,39075,253,17,5
2020-07-01,39077,255,22,3
2020-07-01,39079,29,2,0
2020-07-01,39081,91,17,2
2020-07-01,39083,99,14,2
2020-07-01,39085,537,89,23
2020-07-01,39087,80,10,0
2020-07-01,39089,553,63,16
2020-07-01,39091,94,8,1
2020-07-01,39093,1061,171,73
2020-07-01,39095,2939,652,312
2020-07-01,39097,204,24,10
2020-07-01,39099,1888,372,250
2020-07-01,39101,2744,86,41
2020-07-01,39103,548,79,34
2020-07-01,39107,329,55,14
2020-07-01,39109,509,62,31
2020-07-01,39111,91,15,18
2020-07-01,39113,2311,376,60
2020-07-01,39117,122,10,1
2020-07-01,39119,95,18,1
2020-07-01,39121,17,2,0
2020-07-01,39123,157,31,24
2020-07-01,39127,38,7,1
2020-07-01,39129,2212,90,42
2020-07-01,39131,32,7,0
2020-07-01,39133,458,97,60
2020-07-01,39135,77,12,1
2020-07-01,39139,347,53,7
2020-07-01,39141,162,34,5
2020-07-01,39143,160,38,17
2020-07-01,39145,57,7,1
2020-07-01,39147,77,13,4
2020-07-01,39149,104,18,5
2020-07-01,39151,1260,216,123
2020-07-01,39153,2272,441,219
2020-07-01,39155,1045,235,101
2020-07-01,39157,616,71,14
2020-07-01,39159,109,10,1
2020-07-01,39161,58,6,2
2020-07-01,39165,913,98,30
2020-07-01,39167,145,16,20
2020-07-01,39169,417,48,58
2020-07-01,39171,74,8,3
2020-07-01,39173,488,71,56
2020-07-02,39001,27,2,1
2020-07-02,39003,381,79,43
2020-07-02,39005,97,14,3
2020-07-02,39007,485,81,44
2020-07-02,39009,71,9,1
2020-07-02,39011,134,18,6
2020-07-02,39013,557,43,26
2020-07-02,39017,1737,242,59
2020-07-02,39021,55,7,2
2020-07-02,39023,831,70,15
2020-07-02,39025,489,66,10
2020-07-02,39027,84,18,5
2020-07-02,39029,1349,159,60
2020-07-02,39031,150,19,8
2020-07-02,39035,8284,1692,457
2020-07-02,39037,271,27,27
2020-07-02,39041,641,60,17
2020-07-02,39043,367,65,28
2020-07-02,39045,665,75,20
2020-07-02,39047,52,7,0
2020-07-02,39049,11036,1269,520
2020-07-02,39053,25,7,1
2020-07-02,39055,424,86,43
2020-07-02,39057,341,44,9
2020-07-02,39059,91,20,7
2020-07-02,39061,6373,876,235
2020-07-02,39065,128,24,14
2020-07-02,39069,36,4,1
2020-07-02,39071,59,12,1
2020-07-02,39073,88,19,8
2020-07-02,39075,257,18,5
2020-07-02,39077,260,24,3
2020-07-02,39081,93,17,2
2020-07-02,39085,551,90,23
2020-07-02,39089,574,65,17
2020-07-02,39091,95,8,1
2020-07-02,39093,1074,171,73
2020-07-02,39095,2986,656,312
2020-07-02,39097,205,24,10
2020-07-02,39099,1907,372,251
2020-07-02,39101,2746,86,41
2020-07-02,39103,555,79,34
2020-07-02,39107,333,55,14
2020-07-02,39109,515,63,31
2020-07-02,39113,2374,387,62
2020-07-02,39119,97,18,1
2020-07-02,39123,164,31,24
2020-07-02,39125,33,7,0
2020-07-02,39127,39,7,1
2020-07-02,39129,2218,90,42
2020-07-02,39133,468,98,60
2020-07-02,39135,80,12,1
2020-07-02,39139,352,54,8
2020-07-02,39143,168,40,17
2020-07-02,39145,60,8,1
2020-07-02,39147,79,13,4
2020-07-02,39149,108,18,5
2020-07-02,39151,1269,216,123
2020-07-02,39153,2311,446,219
2020-07-02,39155,1058,235,101
2020-07-02,39157,627,73,16
2020-07-02,39159,111,10,1
2020-07-02,39161,59,6,2
2020-07-02,39165,935,100,31
2020-07-02,39167,149,16,20
2020-07-02,39169,419,49,58
2020-07-02,39171,75,8,3
2020-07-02,39173,495,72,56
2020-07-03,39003,388,80,43
2020-07-03,39005,101,15,3
2020-07-03,39007,487,82,44
2020-07-03,39009,83,9,1
2020-07-03,39011,136,18,6
2020-07-03,39013,558,43,26
2020-07-03,39017,1770,246,60
2020-07-03,39021,59,8,2
2020-07-03,39023,835,70,15
2020-07-03,39025,502,68,11
2020-07-03,39029,1355,159,60
2020-07-03,39031,153,21,8
2020-07-03,39033,144,22,5
2020-07-03,39035,8432,1716,464
2020-07-03,39041,658,61,17
2020-07-03,39043,371,65,28
2020-07-03,39045,679,75,20
2020-07-03,39047,53,7,0
2020-07-03,39049,11243,1284,521
2020-07-03,39051,66,10,0
2020-07-03,39055,427,86,43
2020-07-03,39057,349,45,10
2020-07-03,39059,92,20,7
2020-07-03,39061,6487,885,235
2020-07-03,39063,117,16,3
2020-07-03,39065,129,24,14
2020-07-03,39069,38,5,1
2020-07-03,39073,90,19,8
2020-07-03,39075,259,18,5
2020-07-03,39077,263,24,3
2020-07-03,39081,96,17,2
2020-07-03,39085,569,92,24
2020-07-03,39087,82,10,0
2020-07-03,39089,594,65,21
2020-07-03,39091,98,8,1
2020-07-03,39093,1090,173,73
2020-07-03,39095,3011,660,313
2020-07-03,39097,208,24,10
2020-07-03,39099,1917,374,253
2020-07-03,39103,563,79,34
2020-07-03,39105,15,0,0
2020-07-03,39107,338,55,14
2020-07-03,39109,521,63,32
2020-07-03,39113,2431,395,62
2020-07-03,39117,124,11,1
2020-07-03,39119,98,18,1
2020-07-03,39123,169,32,24
2020-07-03,39125,34,7,0
2020-07-03,39127,41,7,1
2020-07-03,39129,2227,92,42
2020-07-03,39131,33,8,0
2020-07-03,39133,474,98,60
2020-07-03,39135,82,12,1
2020-07-03,39137,146,24,19
2020-07-03,39139,363,56,8
2020-07-03,39141,165,36,5
2020-07-03,39143,174,40,17
2020-07-03,39145,64,10,1
2020-07-03,39149,109,18,5
2020-07-03,39151,1283,218,123
2020-07-03,39153,2340,447,219
2020-07-03,39155,1073,237,101
2020-07-03,39157,635,75,16
2020-07-03,39159,115,10,1
2020-07-03,39161,61,6,2
2020-07-03,39165,960,101,31
2020-07-03,39167,154,16,20
2020-07-03,39169,423,49,58
2020-07-03,39171,77,8,3
2020-07-03,39173,501,73,56
2020-07-03,39175,76,7,6
2020-07-04,39001,28,2,2
2020-07-04,39003,391,81,43
2020-07-04,39005,102,15,3
2020-07-04,39007,488,82,44
2020-07-04,39009,88,9,1
2020-07-04,39011,137,18,6
2020-07-04,39013,560,43,26
2020-07-04,39015,66,10,3
2020-07-04,39017,1799,248,60
2020-07-04,39021,62,8,2
2020-07-04,39023,843,70,15
2020-07-04,39025,513,70,11
2020-07-04,39027,86,18,5
2020-07-04,39029,1360,159,60
2020-07-04,39031,156,21,8
2020-07-04,39035,8582,1745,467
2020-07-04,39037,272,27,27
2020-07-04,39041,670,62,17
2020-07-04,39043,377,66,29
2020-07-04,39045,695,75,20
2020-07-04,39047,57,7,0
2020-07-04,39049,11425,1297,523
2020-07-04,39051,67,10,0
2020-07-04,39055,429,86,43
2020-07-04,39057,361,46,11
2020-07-04,39061,6559,889,236
2020-07-04,39063,118,16,3
2020-07-04,39069,39,5,1
2020-07-04,39071,62,12,1
2020-07-04,39077,267,24,3
2020-07-04,39079,30,2,0
2020-07-04,39081,97,17,2
2020-07-04,39083,100,14,2
2020-07-04,39085,576,92,24
2020-07-04,39087,83,10,0
2020-07-04,39089,609,66,21
2020-07-04,39091,101,9,1
2020-07-04,39093,1103,175,73
2020-07-04,39095,3036,663,313
2020-07-04,39097,212,25,11
2020-07-04,39099,1927,375,253
2020-07-04,39101,2750,86,41
2020-07-04,39103,569,79,34
2020-07-04,39107,342,55,14
2020-07-04,39109,526,64,32
2020-07-04,39113,2472,400,64
2020-07-04,39119,100,18,1
2020-07-04,39123,174,32,24
2020-07-04,39127,42,7,1
2020-07-04,39129,2230,92,42
2020-07-04,39131,35,8,0
2020-07-04,39133,480,98,60
2020-07-04,39135,84,12,1
2020-07-04,39137,147,24,19
2020-07-04,39139,366,56,8
2020-07-04,39141,168,37,5
2020-07-04,39143,177,40,17
2020-07-04,39145,67,10,1
2020-07-04,39147,80,13,4
2020-07-04,39151,1299,220,123
2020-07-04,39153,2360,447,219
2020-07-04,39155,1084,239,101
2020-07-04,39157,641,75,16
2020-07-04,39163,26,7,2
2020-07-04,39165,979,103,31
2020-07-04,39167,155,16,20
2020-07-04,39169,424,49,58
2020-07-04,39173,507,74,56
2020-07-05,39003,400,82,43
2020-07-05,39005,103,15,3
2020-07-05,39007,489,83,44
2020-07-05,39009,106,9,1
2020-07-05,39011,138,18,6
2020-07-05,39015,67,10,3
2020-07-05,39017,1827,254,62
2020-07-05,39023,848,71,15
2020-07-05,39025,527,70,11
2020-07-05,39029,1361,159,60
2020-07-05,39031,158,23,8
2020-07-05,39033,145,22,5
2020-07-05,39035,8775,1776,469
2020-07-05,39037,273,27,27
2020-07-05,39041,694,63,17
2020-07-05,39043,388,68,29
2020-07-05,39045,719,78,20
2020-07-05,39049,11667,1321,526
2020-07-05,39051,72,11,0
2020-07-05,39055,434,87,43
2020-07-05,39057,372,46,11
2020-07-05,39059,93,20,7
2020-07-05,39061,6656,898,236
2020-07-05,39063,119,16,3
2020-07-05,39071,63,12,1
2020-07-05,39073,91,19,8
2020-07-05,39075,262,18,5
2020-07-05,39077,271,24,3
2020-07-05,39079,34,3,0
2020-07-05,39081,100,19,2
2020-07-05,39085,595,94,25
2020-07-05,39087,84,10,0
2020-07-05,39089,613,66,21
2020-07-05,39091,102,9,1
2020-07-05,39093,1112,176,73
2020-07-05,39095,3082,670,313
2020-07-05,39097,218,25,11
2020-07-05,39099,1947,377,253
2020-07-05,39101,2753,86,41
2020-07-05,39103,584,79,34
2020-07-05,39109,535,64,32
2020-07-05,39113,2512,408,65
2020-07-05,39117,127,12,1
2020-07-05,39119,103,18,1
2020-07-05,39123,177,33,24
2020-07-05,39125,35,7,0
2020-07-05,39127,43,7,1
2020-07-05,39129,2233,92,42
2020-07-05,39131,36,8,0
2020-07-05,39133,496,99,60
2020-07-05,39135,86,12,1
2020-07-05,39137,148,24,19
2020-07-05,39139,374,56,8
2020-07-05,39143,182,41,17
2020-07-05,39145,68,10,1
2020-07-05,39149,110,19,5
2020-07-05,39151,1323,220,124
2020-07-05,39153,2392,449,219
2020-07-05,39155,1098,241,102
2020-07-05,39157,651,76,16
2020-07-05,39159,118,10,1
2020-07-05,39165,1001,104,32
2020-07-05,39167,156,16,20
2020-07-05,39169,427,49,58
2020-07-05,39171,79,8,3
2020-07-05,39173,519,74,56
2020-07-05,39175,77,7,6
2020-07-06,39001,29,2,2
2020-07-06,39003,409,83,43
2020-07-06,39005,105,15,3
2020-07-06,39007,495,84,44
2020-07-06,39009,135,9,1
2020-07-06,39011,141,18,6
2020-07-06,39013,567,43,26
2020-07-06,39015,69,10,3
2020-07-06,39017,1870,256,62
2020-07-06,39019,73,15,6
2020-07-06,39021,63,8,2
2020-07-06,39023,865,71,15
2020-07-06,39025,542,70,11
2020-07-06,39027,90,18,5
2020-07-06,39029,1381,159,60
2020-07-06,39031,168,23,8
2020-07-06,39033,147,22,5
2020-07-06,39035,9041,1805,470
2020-07-06,39037,274,27,27
2020-07-06,39039,62,19,4
2020-07-06,39041,731,65,17
2020-07-06,39043,405,70,30
2020-07-06,39045,749,79,20
2020-07-06,39047,60,7,0
2020-07-06,39049,12029,1341,530
2020-07-06,39051,73,11,0
2020-07-06,39053,27,7,1
2020-07-06,39055,438,87,43
2020-07-06,39057,392,48,11
2020-07-06,39061,6852,906,240
2020-07-06,39063,121,17,3
2020-07-06,39067,13,4,1
2020-07-06,39069,40,5,1
2020-07-06,39071,65,12,1
2020-07-06,39075,268,20,5
2020-07-06,39077,283,25,4
2020-07-06,39079,35,3,0
2020-07-06,39081,102,19,2
2020-07-06,39083,105,14,2
2020-07-06,39085,618,95,25
2020-07-06,39087,89,11,0
2020-07-06,39089,632,69,23
2020-07-06,39091,103,9,1
2020-07-06,39093,1142,180,73
2020-07-06,39095,3162,676,314
2020-07-06,39097,225,25,11
2020-07-06,39099,1978,380,254
2020-07-06,39101,2756,86,41
2020-07-06,39103,608,82,34
2020-07-06,39107,345,55,14
2020-07-06,39109,542,64,32
2020-07-06,39113,2600,423,67
2020-07-06,39115,21,1,2
2020-07-06,39119,107,19,1
2020-07-06,39123,190,35,25
2020-07-06,39125,36,7,0
2020-07-06,39127,44,7,1
2020-07-06,39129,2236,93,42
2020-07-06,39133,508,99,60
2020-07-06,39135,89,14,2
2020-07-06,39137,153,24,19
2020-07-06,39139,380,56,8
2020-07-06,39141,173,39,5
2020-07-06,39143,192,41,17
2020-07-06,39145,74,10,1
2020-07-06,39147,85,13,4
2020-07-06,39149,113,19,5
2020-07-06,39151,1348,223,125
2020-07-06,39153,2451,452,219
2020-07-06,39155,1117,244,106
2020-07-06,39157,662,76,16
2020-07-06,39159,122,10,1
2020-07-06,39161,63,6,2
2020-07-06,39165,1041,105,32
2020-07-06,39167,159,16,20
2020-07-06,39169,432,49,58
2020-07-06,39171,81,8,3
2020-07-06,39173,534,76,56
2020-07-06,39175,78,7,6
2020-07-07,39003,428,85,43
2020-07-07,39005,108,16,4
2020-07-07,39007,498,85,44
2020-07-07,39009,161,9,1
2020-07-07,39013,575,43,26
2020-07-07,39015,71,11,3
2020-07-07,39017,1924,258,62
2020-07-07,39019,76,16,7
2020-07-07,39021,66,8,2
2020-07-07,39023,877,71,15
2020-07-07,39025,565,70,11
2020-07-07,39027,91,18,5
2020-07-07,39029,1410,160,60
2020-07-07,39031,174,23,9
2020-07-07,39035,9314,1838,475
2020-07-07,39037,276,27,27
2020-07-07,39039,64,19,4
2020-07-07,39041,765,65,17
2020-07-07,39043,416,72,31
2020-07-07,39045,784,80,20
2020-07-07,39049,12414,1358,532
2020-07-07,39055,441,87,43
2020-07-07,39057,408,48,11
2020-07-07,39059,94,20,7
2020-07-07,39061,7015,917,243
2020-07-07,39063,123,17,3
2020-07-07,39065,130,24,14
2020-07-07,39067,14,4,1
2020-07-07,39069,41,6,1
2020-07-07,39073,92,20,9
2020-07-07,39075,273,20,5
2020-07-07,39077,290,26,4
2020-07-07,39081,106,20,2
2020-07-07,39083,107,14,2
2020-07-07,39085,640,98,27
2020-07-07,39087,96,11,0
2020-07-07,39089,653,72,24
2020-07-07,39091,105,9,1
2020-07-07,39093,1161,181,73
2020-07-07,39095,3257,682,315
2020-07-07,39097,231,25,11
2020-07-07,39099,1998,383,255
2020-07-07,39101,2759,86,41
2020-07-07,39103,615,82,34
2020-07-07,39107,347,55,14
2020-07-07,39109,555,64,32
2020-07-07,39113,2686,436,73
2020-07-07,39117,128,12,1
2020-07-07,39119,112,19,1
2020-07-07,39121,18,2,0
2020-07-07,39123,196,35,25
2020-07-07,39125,37,7,0
2020-07-07,39127,47,7,1
2020-07-07,39129,2241,93,42
2020-07-07,39131,38,8,0
2020-07-07,39133,523,100,60
2020-07-07,39135,94,14,2
2020-07-07,39137,155,24,19
2020-07-07,39139,383,57,8
2020-07-07,39141,182,39,5
2020-07-07,39143,203,41,17
2020-07-07,39145,79,11,1
2020-07-07,39147,87,14,4
2020-07-07,39149,114,19,5
2020-07-07,39151,1373,226,125
2020-07-07,39153,2498,455,220
2020-07-07,39155,1135,246,107
2020-07-07,39157,669,76,16
2020-07-07,39159,129,10,1
2020-07-07,39161,64,6,2
2020-07-07,39165,1084,109,33
2020-07-07,39167,163,16,20
2020-07-07,39169,434,49,58
2020-07-07,39171,82,8,3
2020-07-07,39173,545,76,56
2020-07-08,39001,30,2,2
2020-07-08,39003,444,87,43
2020-07-08,39005,109,16,4
2020-07-08,39007,503,85,44
2020-07-08,39009,194,9,1
2020-07-08,39013,576,43,26
2020-07-08,39017,1979,259,62
2020-07-08,39019,77,16,7
2020-07-08,39021,70,8,2
2020-07-08,39023,890,71,15
2020-07-08,39025,584,71,12
2020-07-08,39027,102,19,7
2020-07-08,39029,1440,160,60
2020-07-08,39031,176,23,9
2020-07-08,39033,148,22,5
2020-07-08,39035,9552,1863,476
2020-07-08,39037,277,27,27
2020-07-08,39039,66,19,4
2020-07-08,39041,799,65,17
2020-07-08,39043,426,74,32
2020-07-08,39045,815,84,21
2020-07-08,39047,61,7,0
2020-07-08,39049,12713,1373,534
2020-07-08,39051,76,11,0
2020-07-08,39055,446,87,43
2020-07-08,39057,419,50,11
2020-07-08,39059,95,20,7
2020-07-08,39061,7227,923,247
2020-07-08,39063,126,17,3
2020-07-08,39069,44,6,1
2020-07-08,39071,66,12,1
2020-07-08,39073,95,20,9
2020-07-08,39075,275,21,5
2020-07-08,39077,297,26,4
2020-07-08,39079,36,3,0
2020-07-08,39081,118,22,2
2020-07-08,39083,113,14,2
2020-07-08,39085,665,99,27
2020-07-08,39087,106,11,0
2020-07-08,39089,679,73,25
2020-07-08,39091,106,9,1
2020-07-08,39093,1193,182,73
2020-07-08,39095,3330,686,315
2020-07-08,39097,232,25,11
2020-07-08,39099,2031,388,260
2020-07-08,39101,2760,86,41
2020-07-08,39103,630,82,34
2020-07-08,39105,16,0,0
2020-07-08,39107,355,55,14
2020-07-08,39109,569,65,32
2020-07-08,39113,2755,446,74
2020-07-08,39117,131,12,1
2020-07-08,39119,118,19,1
2020-07-08,39121,19,2,0
2020-07-08,39123,210,36,25
2020-07-08,39125,43,8,0
2020-07-08,39127,49,7,1
2020-07-08,39129,2254,93,42
2020-07-08,39131,39,8,0
2020-07-08,39133,536,100,60
2020-07-08,39135,98,14,2
2020-07-08,39137,160,24,19
2020-07-08,39139,391,58,9
2020-07-08,39141,189,40,5
2020-07-08,39143,205,41,17
2020-07-08,39145,85,11,1
2020-07-08,39147,89,15,5
2020-07-08,39149,115,19,5
2020-07-08,39151,1404,226,125
2020-07-08,39153,2544,465,222
2020-07-08,39155,1146,247,107
2020-07-08,39157,679,77,16
2020-07-08,39159,134,10,1
2020-07-08,39165,1119,110,33
2020-07-08,39167,166,16,20
2020-07-08,39169,436,49,58
2020-07-08,39171,84,9,3
2020-07-08,39173,561,76,56
2020-07-08,39175,82,7,6
2020-07-09,39003,452,89,43
2020-07-09,39005,110,16,4
2020-07-09,39007,505,85,44
2020-07-09,39009,219,10,1
2020-07-09,39011,142,18,6
2020-07-09,39013,578,44,26
2020-07-09,39015,72,11,3
2020-07-09,39017,2037,262,62
2020-07-09,39019,80,16,7
2020-07-09,39021,71,9,2
2020-07-09,39023,902,72,15
2020-07-09,39025,605,72,13
2020-07-09,39027,103,19,7
2020-07-09,39029,1454,163,61
2020-07-09,39031,178,23,9
2020-07-09,39033,149,23,5
2020-07-09,39035,9809,1897,484
2020-07-09,39039,67,19,4
2020-07-09,39041,843,65,17
2020-07-09,39043,441,78,33
2020-07-09,39045,844,85,21
2020-07-09,39047,63,7,0
2020-07-09,39049,13043,1393,536
2020-07-09,39051,79,11,0
2020-07-09,39053,28,7,1
2020-07-09,39055,448,87,43
2020-07-09,39057,430,51,11
2020-07-09,39059,100,22,7
2020-07-09,39061,7370,931,250
2020-07-09,39063,129,17,3
2020-07-09,39065,132,24,14
2020-07-09,39069,46,6,1
2020-07-09,39071,67,12,1
2020-07-09,39073,97,20,9
2020-07-09,39075,279,22,5
2020-07-09,39077,308,26,4
2020-07-09,39081,127,24,3
2020-07-09,39083,115,14,2
2020-07-09,39085,681,99,27
2020-07-09,39087,113,12,0
2020-07-09,39089,704,74,27
2020-07-09,39091,107,9,1
2020-07-09,39093,1211,182,73
2020-07-09,39095,3403,688,316
2020-07-09,39097,235,25,11
2020-07-09,39099,2046,390,261
2020-07-09,39101,2762,86,41
2020-07-09,39103,641,83,34
2020-07-09,39107,356,55,14
2020-07-09,39109,577,65,32
2020-07-09,39113,2818,457,78
2020-07-09,39117,132,12,1
2020-07-09,39119,120,19,1
2020-07-09,39123,218,37,25
2020-07-09,39125,45,8,0
2020-07-09,39127,50,7,1
2020-07-09,39129,2263,93,42
2020-07-09,39131,41,9,0
2020-07-09,39133,542,100,60
2020-07-09,39135,101,14,2
2020-07-09,39137,161,24,19
2020-07-09,39139,403,58,9
2020-07-09,39141,198,42,5
2020-07-09,39143,207,41,17
2020-07-09,39145,90,12,1
2020-07-09,39147,90,15,5
2020-07-09,39151,1428,230,127
2020-07-09,39153,2583,465,222
2020-07-09,39155,1156,251,107
2020-07-09,39157,683,78,16
2020-07-09,39159,146,11,1
2020-07-09,39165,1155,113,33
2020-07-09,39167,168,16,20
2020-07-09,39169,440,50,59
2020-07-09,39171,85,9,3
2020-07-09,39173,576,78,56
2020-07-10,39001,31,2,2
2020-07-10,39003,469,92,44
2020-07-10,39005,112,16,4
2020-07-10,39007,508,85,44
2020-07-10,39009,238,10,1
2020-07-10,39013,581,44,26
2020-07-10,39015,76,11,3
2020-07-10,39017,2083,268,64
2020-07-10,39019,83,16,7
2020-07-10,39021,75,10,2
2020-07-10,39023,916,73,15
2020-07-10,39025,625,72,13
2020-07-10,39027,108,20,8
2020-07-10,39029,1462,163,61
2020-07-10,39031,180,23,9
2020-07-10,39033,152,24,5
2020-07-10,39035,10028,1916,486
2020-07-10,39037,278,27,27
2020-07-10,39039,70,19,4
2020-07-10,39041,882,66,17
2020-07-10,39043,459,80,33
2020-07-10,39045,874,85,23
2020-07-10,39049,13394,1404,539
2020-07-10,39051,80,11,0
2020-07-10,39053,31,7,1
2020-07-10,39055,454,87,43
2020-07-10,39057,453,52,11
2020-07-10,39061,7506,938,252
2020-07-10,39063,134,18,3
2020-07-10,39069,48,7,2
2020-07-10,39071,68,12,1
2020-07-10,39073,99,20,9
2020-07-10,39075,285,23,5
2020-07-10,39077,314,27,5
2020-07-10,39079,37,4,0
2020-07-10,39081,137,25,3
2020-07-10,39085,698,101,28
2020-07-10,39087,119,12,0
2020-07-10,39089,724,76,28
2020-07-10,39091,108,9,1
2020-07-10,39093,1264,183,73
2020-07-10,39095,3481,694,317
2020-07-10,39097,240,26,11
2020-07-10,39099,2075,390,261
2020-07-10,39101,2768,86,41
2020-07-10,39103,659,84,34
2020-07-10,39107,358,55,14
2020-07-10,39109,586,66,32
2020-07-10,39113,2897,465,80
2020-07-10,39115,22,1,2
2020-07-10,39119,127,19,1
2020-07-10,39123,255,39,25
2020-07-10,39125,46,8,0
2020-07-10,39127,55,7,1
2020-07-10,39129,2268,94,42
2020-07-10,39131,42,9,0
2020-07-10,39133,548,100,60
2020-07-10,39135,107,15,2
2020-07-10,39137,164,24,19
2020-07-10,39139,410,59,9
2020-07-10,39141,207,42,5
2020-07-10,39143,214,43,18
2020-07-10,39145,92,12,1
2020-07-10,39147,93,15,5
2020-07-10,39149,116,19,5
2020-07-10,39151,1449,233,128
2020-07-10,39153,2625,467,222
2020-07-10,39155,1174,252,107
2020-07-10,39157,689,80,16
2020-07-10,39159,154,11,1
2020-07-10,39163,27,7,2
2020-07-10,39165,1195,116,33
2020-07-10,39167,171,16,20
2020-07-10,39169,445,51,59
2020-07-10,39171,86,9,3
2020-07-10,39173,592,79,57
2020-07-10,39175,85,7,6
2020-07-11,39003,479,92,44
2020-07-11,39005,114,16,4
2020-07-11,39007,511,85,44
2020-07-11,39009,259,11,1
2020-07-11,39011,144,18,6
2020-07-11,39013,586,45,26
2020-07-11,39015,78,11,3
2020-07-11,39017,2105,270,64
2020-07-11,39019,88,17,7
2020-07-11,39023,930,75,15
2020-07-11,39025,636,73,13
2020-07-11,39027,109,20,8
2020-07-11,39029,1465,163,61
2020-07-11,39031,181,23,9
2020-07-11,39033,153,24,5
2020-07-11,39035,10213,1935,489
2020-07-11,39039,71,19,4
2020-07-11,39041,910,67,17
2020-07-11,39043,473,81,33
2020-07-11,39045,891,87,23
2020-07-11,39049,13641,1420,540
2020-07-11,39051,81,12,0
2020-07-11,39053,32,7,1
2020-07-11,39055,458,87,43
2020-07-11,39057,465,52,11
2020-07-11,39059,102,22,7
2020-07-11,39061,7626,951,253
2020-07-11,39063,139,18,4
2020-07-11,39065,134,25,14
2020-07-11,39069,51,7,2
2020-07-11,39071,71,12,1
2020-07-11,39073,100,21,9
2020-07-11,39075,287,23,5
2020-07-11,39077,317,28,5
2020-07-11,39079,38,4,0
2020-07-11,39081,142,25,3
2020-07-11,39083,116,14,2
2020-07-11,39085,715,101,29
2020-07-11,39087,125,12,0
2020-07-11,39089,738,77,29
2020-07-11,39091,110,9,1
2020-07-11,39093,1289,183,74
2020-07-11,39095,3528,698,317
2020-07-11,39097,246,26,11
2020-07-11,39099,2080,390,261
2020-07-11,39101,2770,86,41
2020-07-11,39103,669,84,34
2020-07-11,39105,17,0,0
2020-07-11,39107,362,56,14
2020-07-11,39109,598,67,32
2020-07-11,39113,2950,473,82
2020-07-11,39117,134,13,2
2020-07-11,39119,128,19,1
2020-07-11,39123,276,39,25
2020-07-11,39127,57,7,1
2020-07-11,39129,2270,94,42
2020-07-11,39133,552,100,60
2020-07-11,39135,108,16,2
2020-07-11,39137,167,24,19
2020-07-11,39139,421,60,9
2020-07-11,39141,209,42,5
2020-07-11,39143,217,43,18
2020-07-11,39145,94,12,1
2020-07-11,39147,96,15,5
2020-07-11,39149,117,19,5
2020-07-11,39151,1477,236,130
2020-07-11,39153,2652,468,222
2020-07-11,39155,1190,253,107
2020-07-11,39157,693,81,16
2020-07-11,39159,161,11,1
2020-07-11,39163,28,7,2
2020-07-11,39165,1224,119,33
2020-07-11,39167,172,16,20
2020-07-11,39169,453,52,59
2020-07-11,39173,612,81,57
2020-07-11,39175,86,7,6
2020-07-12,39001,33,2,2
2020-07-12,39003,487,93,44
2020-07-12,39005,118,16,4
2020-07-12,39007,512,85,44
2020-07-12,39009,276,12,1
2020-07-12,39011,148,18,6
2020-07-12,39013,587,45,26
2020-07-12,39017,2135,274,64
2020-07-12,39021,79,10,2
2020-07-12,39023,938,77,15
2020-07-12,39025,655,73,13
2020-07-12,39027,113,20,8
2020-07-12,39029,1469,163,61
2020-07-12,39031,185,23,9
2020-07-12,39035,10378,1955,493
2020-07-12,39041,931,68,18
2020-07-12,39043,476,82,33
2020-07-12,39045,914,87,23
2020-07-12,39049,13926,1434,541
2020-07-12,39053,33,7,1
2020-07-12,39055,463,88,43
2020-07-12,39057,477,53,11
2020-07-12,39059,104,22,7
2020-07-12,39061,7725,958,255
2020-07-12,39063,141,18,4
2020-07-12,39065,136,25,14
2020-07-12,39069,55,7,2
2020-07-12,39073,102,22,9
2020-07-12,39075,291,24,6
2020-07-12,39077,325,29,5
2020-07-12,39079,40,4,0
2020-07-12,39081,144,27,3
2020-07-12,39083,120,15,2
2020-07-12,39085,731,104,30
2020-07-12,39087,132,12,0
2020-07-12,39089,760,78,31
2020-07-12,39091,112,9,1
2020-07-12,39093,1298,185,74
2020-07-12,39095,3592,708,319
2020-07-12,39097,250,26,11
2020-07-12,39099,2100,392,262
2020-07-12,39101,2774,87,41
2020-07-12,39103,683,84,34
2020-07-12,39105,18,1,0
2020-07-12,39107,369,56,14
2020-07-12,39109,606,68,32
2020-07-12,39113,3013,482,83
2020-07-12,39117,137,14,2
2020-07-12,39119,131,19,1
2020-07-12,39123,279,39,25
2020-07-12,39125,47,8,0
2020-07-12,39127,59,7,1
2020-07-12,39129,2275,95,42
2020-07-12,39133,557,100,60
2020-07-12,39135,109,17,2
2020-07-12,39139,429,61,10
2020-07-12,39141,215,43,5
2020-07-12,39143,223,45,18
2020-07-12,39145,98,12,1
2020-07-12,39147,97,15,5
2020-07-12,39151,1494,236,130
2020-07-12,39153,2695,471,222
2020-07-12,39155,1211,255,108
2020-07-12,39157,706,82,16
2020-07-12,39159,167,11,1
2020-07-12,39161,65,6,2
2020-07-12,39165,1250,122,35
2020-07-12,39167,173,16,20
2020-07-12,39169,457,53,59
2020-07-12,39173,631,82,57
2020-07-12,39175,87,7,6
2020-07-13,39001,34,2,2
2020-07-13,39003,506,96,44
2020-07-13,39005,126,16,4
2020-07-13,39007,514,85,44
2020-07-13,39009,290,12,1
2020-07-13,39011,155,18,6
2020-07-13,39013,589,45,26
2020-07-13,39015,81,11,3
2020-07-13,39017,2191,276,64
2020-07-13,39019,95,17,7
2020-07-13,39021,83,10,2
2020-07-13,39023,955,78,15
2020-07-13,39025,669,73,13
2020-07-13,39027,114,20,8
2020-07-13,39029,1478,163,61
2020-07-13,39031,186,23,9
2020-07-13,39035,10645,1992,496
2020-07-13,39037,281,28,27
2020-07-13,39039,78,20,4
2020-07-13,39041,969,69,18
2020-07-13,39043,491,84,34
2020-07-13,39045,937,87,23
2020-07-13,39049,14302,1459,544
2020-07-13,39051,87,13,1
2020-07-13,39053,34,7,1
2020-07-13,39055,466,89,43
2020-07-13,39057,492,54,11
2020-07-13,39059,108,22,7
2020-07-13,39061,7873,964,256
2020-07-13,39063,153,20,4
2020-07-13,39065,140,25,14
2020-07-13,39069,60,7,2
2020-07-13,39071,72,12,1
2020-07-13,39073,103,22,9
2020-07-13,39075,295,25,6
2020-07-13,39077,332,30,5
2020-07-13,39081,153,28,3
2020-07-13,39083,128,15,2
2020-07-13,39085,752,105,31
2020-07-13,39087,139,13,0
2020-07-13,39089,796,80,37
2020-07-13,39091,113,9,1
2020-07-13,39093,1335,186,74
2020-07-13,39095,3692,713,319
2020-07-13,39097,262,27,11
2020-07-13,39099,2145,395,267
2020-07-13,39101,2780,88,41
2020-07-13,39103,697,85,34
2020-07-13,39105,20,1,0
2020-07-13,39107,379,57,14
2020-07-13,39109,618,69,32
2020-07-13,39113,3098,491,84
2020-07-13,39117,141,14,2
2020-07-13,39119,132,19,1
2020-07-13,39123,292,41,25
2020-07-13,39125,49,8,0
2020-07-13,39127,63,7,1
2020-07-13,39129,2288,95,42
2020-07-13,39131,46,10,0
2020-07-13,39133,574,101,60
2020-07-13,39135,112,19,2
2020-07-13,39137,169,25,19
2020-07-13,39139,435,61,11
2020-07-13,39141,221,43,5
2020-07-13,39143,233,47,18
2020-07-13,39145,104,12,1
2020-07-13,39147,102,16,5
2020-07-13,39149,118,19,5
2020-07-13,39151,1537,238,136
2020-07-13,39153,2752,475,222
2020-07-13,39155,1235,258,112
2020-07-13,39157,712,82,16
2020-07-13,39159,174,11,1
2020-07-13,39161,67,6,2
2020-07-13,39165,1303,123,36
2020-07-13,39167,177,16,21
2020-07-13,39169,460,53,59
2020-07-13,39171,88,9,3
2020-07-13,39173,665,85,57
2020-07-14,39001,35,2,2
2020-07-14,39003,521,97,44
2020-07-14,39005,128,16,4
2020-07-14,39007,519,86,44
2020-07-14,39009,302,13,1
2020-07-14,39011,166,18,6
2020-07-14,39013,592,45,26
2020-07-14,39015,83,11,3
2020-07-14,39017,2240,280,66
2020-07-14,39019,96,17,7
2020-07-14,39021,88,10,2
2020-07-14,39023,967,80,15
2020-07-14,39025,692,75,13
2020-07-14,39027,117,20,8
2020-07-14,39029,1489,163,61
2020-07-14,39031,187,23,9
2020-07-14,39033,156,25,5
2020-07-14,39035,10832,2019,500
2020-07-14,39037,283,28,27
2020-07-14,39039,89,20,4
2020-07-14,39041,989,69,18
2020-07-14,39043,499,85,34
2020-07-14,39045,982,90,24
2020-07-14,39047,64,7,0
2020-07-14,39049,14639,1479,550
2020-07-14,39051,93,13,1
2020-07-14,39055,472,90,43
2020-07-14,39057,515,56,11
2020-07-14,39059,109,23,7
2020-07-14,39061,8038,971,260
2020-07-14,39063,167,20,4
2020-07-14,39065,143,25,14
2020-07-14,39069,76,8,2
2020-07-14,39071,77,13,1
2020-07-14,39073,106,23,9
2020-07-14,39075,298,25,6
2020-07-14,39077,336,30,5
2020-07-14,39079,43,4,0
2020-07-14,39081,155,29,3
2020-07-14,39083,132,15,2
2020-07-14,39085,783,107,31
2020-07-14,39087,156,13,0
2020-07-14,39089,830,81,42
2020-07-14,39091,114,9,1
2020-07-14,39093,1360,188,74
2020-07-14,39095,3783,719,322
2020-07-14,39097,266,28,11
2020-07-14,39099,2171,398,269
2020-07-14,39101,2796,88,43
2020-07-14,39103,715,87,34
2020-07-14,39105,21,1,0
2020-07-14,39107,393,57,14
2020-07-14,39109,625,70,34
2020-07-14,39113,3185,502,90
2020-07-14,39119,137,19,1
2020-07-14,39123,301,41,26
2020-07-14,39125,52,8,0
2020-07-14,39127,64,7,1
2020-07-14,39129,2294,95,42
2020-07-14,39131,50,10,0
2020-07-14,39133,587,102,60
2020-07-14,39137,171,25,19
2020-07-14,39139,442,65,11
2020-07-14,39141,231,43,5
2020-07-14,39143,242,49,18
2020-07-14,39145,109,13,1
2020-07-14,39147,109,16,6
2020-07-14,39149,123,19,5
2020-07-14,39151,1561,241,138
2020-07-14,39153,2803,480,223
2020-07-14,39155,1245,259,112
2020-07-14,39157,723,82,16
2020-07-14,39159,183,11,1
2020-07-14,39161,68,6,2
2020-07-14,39165,1334,126,36
2020-07-14,39169,469,53,59
2020-07-14,39171,94,9,3
2020-07-14,39173,686,86,57
2020-07-15,39003,530,98,44
2020-07-15,39005,130,16,4
2020-07-15,39007,520,86,44
2020-07-15,39009,314,13,1
2020-07-15,39011,179,19,6
2020-07-15,39013,596,45,26
2020-07-15,39015,84,11,3
2020-07-15,39017,2286,283,67
2020-07-15,39019,100,17,7
2020-07-15,39021,90,10,2
2020-07-15,39023,997,83,16
2020-07-15,39025,706,75,13
2020-07-15,39027,121,21,8
2020-07-15,39029,1504,164,61
2020-07-15,39031,189,23,9
2020-07-15,39033,158,26,5
2020-07-15,39035,11032,2035,503
2020-07-15,39037,285,28,27
2020-07-15,39039,97,21,4
2020-07-15,39041,1017,70,18
2020-07-15,39043,508,86,34
2020-07-15,39045,1019,94,27
2020-07-15,39049,14963,1498,552
2020-07-15,39051,101,13,1
2020-07-15,39053,35,7,1
2020-07-15,39055,475,92,43
2020-07-15,39057,541,56,11
2020-07-15,39059,112,23,7
2020-07-15,39061,8173,982,264
2020-07-15,39063,181,20,4
2020-07-15,39065,144,25,14
2020-07-15,39067,15,4,1
2020-07-15,39069,86,9,2
2020-07-15,39071,82,13,1
2020-07-15,39073,107,23,9
2020-07-15,39075,306,25,6
2020-07-15,39077,349,32,6
2020-07-15,39079,46,4,0
2020-07-15,39081,160,29,3
2020-07-15,39083,138,15,2
2020-07-15,39085,813,108,31
2020-07-15,39087,165,13,0
2020-07-15,39089,855,84,43
2020-07-15,39091,118,9,1
2020-07-15,39093,1388,188,74
2020-07-15,39095,3883,727,323
2020-07-15,39097,273,28,11
2020-07-15,39099,2193,399,269
2020-07-15,39101,2802,88,43
2020-07-15,39103,728,87,34
2020-07-15,39105,22,1,0
2020-07-15,39107,416,57,14
2020-07-15,39109,636,70,34
2020-07-15,39113,3286,516,92
2020-07-15,39115,23,1,2
2020-07-15,39117,143,14,2
2020-07-15,39119,143,19,1
2020-07-15,39123,305,41,26
2020-07-15,39125,53,8,0
2020-07-15,39127,66,7,1
2020-07-15,39129,2300,95,42
2020-07-15,39133,604,104,60
2020-07-15,39135,116,20,3
2020-07-15,39137,173,25,19
2020-07-15,39139,452,66,11
2020-07-15,39141,236,44,5
2020-07-15,39143,251,50,18
2020-07-15,39145,113,13,1
2020-07-15,39147,126,17,6
2020-07-15,39149,127,19,5
2020-07-15,39151,1593,243,139
2020-07-15,39153,2849,482,223
2020-07-15,39155,1265,260,115
2020-07-15,39157,738,82,16
2020-07-15,39159,188,11,1
2020-07-15,39161,69,6,2
2020-07-15,39165,1369,128,38
2020-07-15,39167,183,16,21
2020-07-15,39169,480,55,60
2020-07-15,39171,99,9,3
2020-07-15,39173,718,87,57
2020-07-15,39175,88,7,6
2020-07-16,39001,37,2,2
2020-07-16,39003,540,99,44
2020-07-16,39005,132,16,4
2020-07-16,39007,529,88,45
2020-07-16,39009,322,14,1
2020-07-16,39011,180,19,6
2020-07-16,39013,598,45,26
2020-07-16,39017,2336,287,68
2020-07-16,39021,91,10,2
2020-07-16,39023,1007,83,17
2020-07-16,39025,721,75,13
2020-07-16,39027,126,21,8
2020-07-16,39029,1509,164,61
2020-07-16,39031,191,24,10
2020-07-16,39035,11205,2055,508
2020-07-16,39037,287,28,27
2020-07-16,39039,109,21,4
2020-07-16,39041,1039,71,18
2020-07-16,39043,520,86,34
2020-07-16,39045,1040,96,27
2020-07-16,39047,65,7,0
2020-07-16,39049,15235,1516,557
2020-07-16,39051,105,13,1
2020-07-16,39053,43,8,1
2020-07-16,39055,482,92,43
2020-07-16,39057,553,59,12
2020-07-16,39059,113,23,7
2020-07-16,39061,8288,988,267
2020-07-16,39063,198,21,4
2020-07-16,39069,93,9,2
2020-07-16,39071,87,15,1
2020-07-16,39073,116,25,9
2020-07-16,39075,307,25,6
2020-07-16,39077,359,32,6
2020-07-16,39079,50,4,0
2020-07-16,39081,163,30,4
2020-07-16,39083,141,17,3
2020-07-16,39085,844,109,32
2020-07-16,39087,170,14,1
2020-07-16,39089,891,88,44
2020-07-16,39091,120,9,1
2020-07-16,39093,1407,188,74
2020-07-16,39095,3966,730,325
2020-07-16,39097,276,29,11
2020-07-16,39099,2210,402,269
2020-07-16,39101,2812,88,45
2020-07-16,39103,737,87,34
2020-07-16,39105,24,1,0
2020-07-16,39107,431,59,14
2020-07-16,39109,651,72,36
2020-07-16,39113,3374,531,97
2020-07-16,39117,145,14,2
2020-07-16,39119,147,20,1
2020-07-16,39123,309,41,26
2020-07-16,39125,55,8,0
2020-07-16,39127,69,7,1
2020-07-16,39129,2306,95,42
2020-07-16,39131,51,10,0
2020-07-16,39133,611,105,60
2020-07-16,39135,119,20,3
2020-07-16,39137,175,25,19
2020-07-16,39139,459,67,11
2020-07-16,39141,244,45,5
2020-07-16,39143,255,52,19
2020-07-16,39145,114,13,1
2020-07-16,39147,132,17,6
2020-07-16,39149,133,19,5
2020-07-16,39151,1613,245,139
2020-07-16,39153,2899,486,223
2020-07-16,39155,1285,265,116
2020-07-16,39157,744,82,16
2020-07-16,39159,190,11,1
2020-07-16,39165,1384,128,38
2020-07-16,39167,184,16,21
2020-07-16,39169,485,58,61
2020-07-16,39173,737,88,58
2020-07-16,39175,89,7,6
2020-07-17,39001,39,2,2
2020-07-17,39003,557,100,45
2020-07-17,39005,134,16,4
2020-07-17,39007,532,88,45
2020-07-17,39009,323,14,1
2020-07-17,39011,188,20,6
2020-07-17,39013,601,45,26
2020-07-17,39015,86,12,3
2020-07-17,39017,2381,288,70
2020-07-17,39019,102,17,7
2020-07-17,39021,94,10,2
2020-07-17,39023,1016,84,17
2020-07-17,39025,742,76,13
2020-07-17,39027,130,21,8
2020-07-17,39029,1520,165,61
2020-07-17,39031,192,25,10
2020-07-17,39035,11362,2077,513
2020-07-17,39037,290,28,27
2020-07-17,39039,112,22,5
2020-07-17,39041,1068,72,19
2020-07-17,39043,533,88,35
2020-07-17,39045,1071,97,28
2020-07-17,39047,67,7,0
2020-07-17,39049,15514,1531,560
2020-07-17,39051,110,13,1
2020-07-17,39053,45,8,1
2020-07-17,39055,487,93,43
2020-07-17,39057,566,61,12
2020-07-17,39059,123,23,7
2020-07-17,39061,8442,994,269
2020-07-17,39063,210,21,4
2020-07-17,39065,147,25,14
2020-07-17,39069,98,10,2
2020-07-17,39071,90,16,1
2020-07-17,39075,308,25,6
2020-07-17,39077,369,32,6
2020-07-17,39079,52,4,0
2020-07-17,39081,166,30,4
2020-07-17,39083,151,17,4
2020-07-17,39085,866,110,36
2020-07-17,39087,175,14,1
2020-07-17,39089,938,88,49
2020-07-17,39091,122,9,1
2020-07-17,39093,1432,189,74
2020-07-17,39095,4068,736,327
2020-07-17,39097,281,29,11
2020-07-17,39099,2247,404,269
2020-07-17,39101,2820,88,45
2020-07-17,39103,751,87,34
2020-07-17,39107,445,59,14
2020-07-17,39109,670,74,38
2020-07-17,39113,3470,541,97
2020-07-17,39117,147,14,2
2020-07-17,39119,148,20,1
2020-07-17,39123,313,41,26
2020-07-17,39125,57,8,0
2020-07-17,39127,71,7,1
2020-07-17,39129,2316,95,42
2020-07-17,39131,52,10,0
2020-07-17,39133,623,106,60
2020-07-17,39135,123,22,3
2020-07-17,39137,177,25,19
2020-07-17,39139,466,67,11
2020-07-17,39141,262,45,5
2020-07-17,39143,260,52,19
2020-07-17,39145,116,13,1
2020-07-17,39147,138,17,6
2020-07-17,39149,137,19,5
2020-07-17,39151,1636,249,140
2020-07-17,39153,2951,494,224
2020-07-17,39155,1309,266,117
2020-07-17,39157,750,82,16
2020-07-17,39159,198,12,1
2020-07-17,39161,70,6,2
2020-07-17,39163,29,7,2
2020-07-17,39165,1414,130,39
2020-07-17,39167,185,16,21
2020-07-17,39169,491,60,61
2020-07-17,39171,103,10,3
2020-07-17,39173,760,89,59
2020-07-17,39175,92,7,6
2020-07-18,39001,42,3,2
2020-07-18,39003,572,104,45
2020-07-18,39005,135,16,4
2020-07-18,39007,540,89,45
2020-07-18,39009,326,14,1
2020-07-18,39011,191,20,6
2020-07-18,39015,92,12,3
2020-07-18,39017,2422,289,70
2020-07-18,39019,103,17,7
2020-07-18,39021,95,10,2
2020-07-18,39023,1020,84,17
2020-07-18,39025,751,76,13
2020-07-18,39027,132,22,8
2020-07-18,39029,1522,165,61
2020-07-18,39031,194,25,10
2020-07-18,39033,160,26,5
2020-07-18,39035,11502,2093,515
2020-07-18,39037,292,28,27
2020-07-18,39039,114,22,5
2020-07-18,39041,1090,73,19
2020-07-18,39043,541,89,35
2020-07-18,39045,1098,100,29
2020-07-18,39047,69,7,0
2020-07-18,39049,15712,1543,562
2020-07-18,39051,113,13,1
2020-07-18,39053,47,9,1
2020-07-18,39055,495,94,43
2020-07-18,39057,574,63,12
2020-07-18,39061,8503,997,270
2020-07-18,39063,222,21,4
2020-07-18,39065,148,25,14
2020-07-18,39069,101,11,2
2020-07-18,39071,92,16,1
2020-07-18,39073,117,25,9
2020-07-18,39075,310,26,6
2020-07-18,39077,376,32,6
2020-07-18,39079,53,4,0
2020-07-18,39081,168,30,4
2020-07-18,39083,163,20,6
2020-07-18,39085,889,112,37
2020-07-18,39087,177,14,1
2020-07-18,39089,960,90,50
2020-07-18,39091,126,10,1
2020-07-18,39093,1448,190,74
2020-07-18,39095,4130,744,329
2020-07-18,39097,284,29,11
2020-07-18,39099,2267,404,269
2020-07-18,39101,2825,88,45
2020-07-18,39103,769,91,35
2020-07-18,39107,455,59,14
2020-07-18,39109,685,74,38
2020-07-18,39113,3520,554,101
2020-07-18,39115,24,1,2
2020-07-18,39117,149,14,2
2020-07-18,39119,149,20,1
2020-07-18,39123,319,41,26
2020-07-18,39125,58,8,0
2020-07-18,39127,74,7,1
2020-07-18,39129,2320,95,42
2020-07-18,39133,635,109,62
2020-07-18,39135,128,22,3
2020-07-18,39137,179,25,19
2020-07-18,39139,474,70,11
2020-07-18,39141,267,45,5
2020-07-18,39143,267,52,19
2020-07-18,39145,123,14,1
2020-07-18,39147,147,18,8
2020-07-18,39149,142,19,5
2020-07-18,39151,1647,249,140
2020-07-18,39153,2997,499,224
2020-07-18,39155,1317,267,118
2020-07-18,39157,757,82,16
2020-07-18,39159,204,13,1
2020-07-18,39163,30,7,2
2020-07-18,39165,1431,133,40
2020-07-18,39167,186,16,21
2020-07-18,39169,498,61,61
2020-07-18,39171,105,10,3
2020-07-18,39173,769,90,59
2020-07-18,39175,94,7,6
2020-07-19,39001,45,3,2
2020-07-19,39003,577,104,45
2020-07-19,39005,137,16,4
2020-07-19,39007,545,89,45
2020-07-19,39009,328,15,1
2020-07-19,39011,198,20,6
2020-07-19,39013,603,45,26
2020-07-19,39015,94,12,3
2020-07-19,39017,2460,294,73
2020-07-19,39019,104,17,7
2020-07-19,39021,98,11,2
2020-07-19,39023,1031,84,17
2020-07-19,39025,758,77,13
2020-07-19,39027,133,22,8
2020-07-19,39029,1523,165,61
2020-07-19,39035,11622,2109,519
2020-07-19,39037,294,28,27
2020-07-19,39039,116,22,5
2020-07-19,39041,1094,73,19
2020-07-19,39043,549,92,35
2020-07-19,39045,1111,100,29
2020-07-19,39049,15897,1556,564
2020-07-19,39051,114,13,1
2020-07-19,39053,48,9,1
2020-07-19,39055,503,94,43
2020-07-19,39057,577,63,12
2020-07-19,39059,124,23,7
2020-07-19,39061,8584,999,274
2020-07-19,39063,233,21,4
2020-07-19,39069,103,11,2
2020-07-19,39071,99,16,1
2020-07-19,39075,313,27,6
2020-07-19,39077,380,33,6
2020-07-19,39079,54,5,0
2020-07-19,39081,169,30,4
2020-07-19,39083,170,21,7
2020-07-19,39085,900,113,37
2020-07-19,39087,179,14,1
2020-07-19,39089,988,93,51
2020-07-19,39091,128,10,1
2020-07-19,39093,1461,191,74
2020-07-19,39095,4194,747,331
2020-07-19,39097,289,30,11
2020-07-19,39099,2279,406,270
2020-07-19,39101,2826,88,45
2020-07-19,39103,776,91,36
2020-07-19,39107,468,60,14
2020-07-19,39109,692,74,38
2020-07-19,39113,3565,561,102
2020-07-19,39117,151,14,2
2020-07-19,39119,151,20,1
2020-07-19,39123,322,41,27
2020-07-19,39125,59,8,0
2020-07-19,39127,75,8,2
2020-07-19,39129,2324,95,42
2020-07-19,39133,643,110,62
2020-07-19,39137,181,25,19
2020-07-19,39139,481,70,11
2020-07-19,39141,276,48,6
2020-07-19,39143,273,52,19
2020-07-19,39145,128,15,1
2020-07-19,39147,153,18,8
2020-07-19,39149,146,19,5
2020-07-19,39151,1657,250,140
2020-07-19,39153,3042,507,225
2020-07-19,39155,1325,268,118
2020-07-19,39157,758,82,16
2020-07-19,39159,208,13,1
2020-07-19,39165,1452,137,40
2020-07-19,39167,187,17,21
2020-07-19,39169,504,62,62
2020-07-19,39171,106,10,3
2020-07-19,39173,786,91,59
2020-07-19,39175,95,7,6
2020-07-20,39001,46,3,2
2020-07-20,39003,597,105,45
2020-07-20,39005,141,18,4
2020-07-20,39007,549,89,45
2020-07-20,39009,333,15,1
2020-07-20,39011,208,20,6
2020-07-20,39013,610,45,26
2020-07-20,39015,96,12,3
2020-07-20,39017,2502,294,74
2020-07-20,39021,100,11,2
2020-07-20,39023,1046,85,17
2020-07-20,39025,780,78,13
2020-07-20,39027,139,22,8
2020-07-20,39029,1530,166,61
2020-07-20,39031,196,26,11
2020-07-20,39033,161,26,5
2020-07-20,39035,11837,2132,534
2020-07-20,39039,120,22,5
2020-07-20,39041,1117,76,19
2020-07-20,39043,559,92,35
2020-07-20,39045,1160,102,34
2020-07-20,39047,73,7,0
2020-07-20,39049,16230,1566,565
2020-07-20,39051,122,14,1
2020-07-20,39053,49,9,1
2020-07-20,39055,507,95,43
2020-07-20,39057,583,64,13
2020-07-20,39061,8710,1003,276
2020-07-20,39063,252,23,4
2020-07-20,39067,17,5,1
2020-07-20,39069,106,12,3
2020-07-20,39071,106,18,2
2020-07-20,39073,120,26,9
2020-07-20,39077,382,33,6
2020-07-20,39079,58,6,0
2020-07-20,39081,175,31,4
2020-07-20,39083,179,23,8
2020-07-20,39085,925,115,39
2020-07-20,39087,184,15,1
2020-07-20,39089,1034,98,51
2020-07-20,39091,130,10,1
2020-07-20,39093,1482,191,77
2020-07-20,39095,4304,752,334
2020-07-20,39097,294,30,11
2020-07-20,39099,2307,410,271
2020-07-20,39101,2835,88,45
2020-07-20,39103,789,91,36
2020-07-20,39107,488,60,14
2020-07-20,39109,715,75,40
2020-07-20,39113,3674,568,105
2020-07-20,39117,154,14,2
2020-07-20,39119,158,21,1
2020-07-20,39123,329,41,27
2020-07-20,39125,62,8,0
2020-07-20,39129,2331,95,42
2020-07-20,39131,53,10,0
2020-07-20,39133,655,110,62
2020-07-20,39135,134,22,3
2020-07-20,39137,182,25,19
2020-07-20,39139,489,70,11
2020-07-20,39141,297,50,7
2020-07-20,39143,276,52,19
2020-07-20,39145,133,15,1
2020-07-20,39147,155,19,8
2020-07-20,39149,156,19,5
2020-07-20,39151,1678,251,142
2020-07-20,39153,3104,512,227
2020-07-20,39155,1346,270,118
2020-07-20,39157,762,82,16
2020-07-20,39159,217,13,1
2020-07-20,39161,71,6,2
2020-07-20,39165,1488,143,42
2020-07-20,39169,509,63,62
2020-07-20,39171,108,10,3
2020-07-20,39173,817,93,61
2020-07-20,39175,99,7,6
2020-07-21,39003,616,106,45
2020-07-21,39005,143,18,4
2020-07-21,39007,552,89,45
2020-07-21,39009,339,16,1
2020-07-21,39011,215,21,6
2020-07-21,39013,613,45,26
2020-07-21,39015,100,12,3
2020-07-21,39017,2550,297,75
2020-07-21,39019,108,17,7
2020-07-21,39021,103,13,2
2020-07-21,39023,1061,86,17
2020-07-21,39025,794,80,13
2020-07-21,39027,143,22,8
2020-07-21,39029,1534,166,61
2020-07-21,39031,198,26,11
2020-07-21,39033,165,27,5
2020-07-21,39035,11970,2150,539
2020-07-21,39037,296,28,27
2020-07-21,39039,123,23,5
2020-07-21,39041,1136,77,19
2020-07-21,39043,566,92,35
2020-07-21,39045,1179,105,36
2020-07-21,39047,75,7,0
2020-07-21,39049,16451,1575,567
2020-07-21,39051,126,14,1
2020-07-21,39053,52,9,1
2020-07-21,39055,515,95,43
2020-07-21,39057,590,66,14
2020-07-21,39059,125,23,7
2020-07-21,39061,8805,1007,276
2020-07-21,39063,273,25,4
2020-07-21,39065,149,25,14
2020-07-21,39067,18,5,1
2020-07-21,39069,109,12,3
2020-07-21,39071,110,18,2
2020-07-21,39073,122,26,9
2020-07-21,39075,316,28,7
2020-07-21,39077,391,33,7
2020-07-21,39079,62,7,0
2020-07-21,39081,177,31,4
2020-07-21,39083,187,23,8
2020-07-21,39085,938,115,39
2020-07-21,39087,193,17,1
2020-07-21,39089,1061,98,53
2020-07-21,39091,132,10,1
2020-07-21,39093,1507,191,77
2020-07-21,39095,4422,755,334
2020-07-21,39097,299,30,11
2020-07-21,39099,2333,411,271
2020-07-21,39101,2841,89,45
2020-07-21,39103,798,91,36
2020-07-21,39105,25,1,0
2020-07-21,39107,498,60,14
2020-07-21,39109,734,75,40
2020-07-21,39113,3724,576,107
2020-07-21,39115,26,1,2
2020-07-21,39117,156,15,2
2020-07-21,39119,166,23,1
2020-07-21,39123,343,42,28
2020-07-21,39125,64,8,0
2020-07-21,39127,77,9,2
2020-07-21,39129,2337,95,42
2020-07-21,39131,54,10,0
2020-07-21,39133,677,111,62
2020-07-21,39135,143,23,3
2020-07-21,39137,185,25,19
2020-07-21,39139,497,71,11
2020-07-21,39141,310,52,9
2020-07-21,39143,288,53,19
2020-07-21,39145,135,15,1
2020-07-21,39147,161,19,8
2020-07-21,39149,160,19,5
2020-07-21,39151,1700,254,142
2020-07-21,39153,3154,516,227
2020-07-21,39155,1367,275,119
2020-07-21,39157,769,82,16
2020-07-21,39159,222,14,1
2020-07-21,39165,1524,144,42
2020-07-21,39167,191,17,22
2020-07-21,39169,512,64,62
2020-07-21,39171,110,10,3
2020-07-21,39173,852,93,63
2020-07-21,39175,103,8,6
2020-07-22,39001,47,3,2
2020-07-22,39003,629,110,45
2020-07-22,39005,144,18,4
2020-07-22,39007,557,89,45
2020-07-22,39009,344,16,1
2020-07-22,39011,223,22,6
2020-07-22,39013,615,45,26
2020-07-22,39015,102,12,3
2020-07-22,39017,2588,298,75
2020-07-22,39019,110,17,7
2020-07-22,39021,105,13,2
2020-07-22,39023,1076,86,17
2020-07-22,39025,802,82,13
2020-07-22,39027,146,22,8
2020-07-22,39029,1543,167,61
2020-07-22,39031,203,26,11
2020-07-22,39033,166,27,5
2020-07-22,39035,12116,2160,543
2020-07-22,39037,298,28,27
2020-07-22,39041,1158,77,19
2020-07-22,39043,584,95,36
2020-07-22,39045,1205,106,37
2020-07-22,39047,79,8,0
2020-07-22,39049,16699,1590,571
2020-07-22,39051,127,14,1
2020-07-22,39053,53,9,1
2020-07-22,39055,517,96,44
2020-07-22,39057,604,66,14
2020-07-22,39059,127,23,7
2020-07-22,39061,8908,1011,278
2020-07-22,39063,293,29,4
2020-07-22,39065,151,26,14
2020-07-22,39071,115,19,3
2020-07-22,39073,123,26,9
2020-07-22,39075,317,29,7
2020-07-22,39077,399,35,7
2020-07-22,39079,63,7,0
2020-07-22,39081,178,31,4
2020-07-22,39083,189,24,9
2020-07-22,39085,973,117,40
2020-07-22,39087,197,19,1
2020-07-22,39089,1098,100,54
2020-07-22,39091,135,10,1
2020-07-22,39093,1528,192,77
2020-07-22,39095,4511,759,334
2020-07-22,39097,301,30,11
2020-07-22,39099,2363,414,272
2020-07-22,39101,2846,90,45
2020-07-22,39103,813,92,36
2020-07-22,39105,30,1,0
2020-07-22,39107,512,60,14
2020-07-22,39109,743,77,40
2020-07-22,39113,3781,584,110
2020-07-22,39117,158,16,2
2020-07-22,39119,173,24,1
2020-07-22,39123,348,42,28
2020-07-22,39125,67,8,0
2020-07-22,39127,83,10,2
2020-07-22,39129,2342,96,42
2020-07-22,39131,57,10,0
2020-07-22,39133,686,111,62
2020-07-22,39135,147,23,3
2020-07-22,39137,187,25,19
2020-07-22,39139,500,71,11
2020-07-22,39141,332,52,9
2020-07-22,39143,297,53,19
2020-07-22,39145,138,16,1
2020-07-22,39147,169,21,8
2020-07-22,39149,167,20,5
2020-07-22,39151,1716,255,143
2020-07-22,39153,3219,525,231
2020-07-22,39155,1386,277,119
2020-07-22,39157,771,83,16
2020-07-22,39159,227,14,1
2020-07-22,39161,72,7,2
2020-07-22,39165,1539,145,42
2020-07-22,39167,193,17,22
2020-07-22,39169,517,64,62
2020-07-22,39171,112,10,3
2020-07-22,39173,873,95,64
2020-07-22,39175,109,8,7
2020-07-23,39003,643,112,45
2020-07-23,39007,561,89,45
2020-07-23,39009,349,16,1
2020-07-23,39011,229,22,6
2020-07-23,39013,622,46,26
2020-07-23,39015,107,13,3
2020-07-23,39017,2648,302,76
2020-07-23,39019,113,17,7
2020-07-23,39021,108,13,2
2020-07-23,39023,1082,86,17
2020-07-23,39025,816,83,13
2020-07-23,39027,149,23,8
2020-07-23,39029,1561,169,61
2020-07-23,39035,12280,2178,550
2020-07-23,39037,301,29,28
2020-07-23,39039,129,24,5
2020-07-23,39041,1174,78,19
2020-07-23,39043,590,95,36
2020-07-23,39045,1241,109,38
2020-07-23,39047,83,9,0
2020-07-23,39049,16910,1603,572
2020-07-23,39051,130,14,1
2020-07-23,39055,521,96,44
2020-07-23,39057,611,68,14
2020-07-23,39061,9007,1013,278
2020-07-23,39063,308,30,4
2020-07-23,39071,117,19,3
2020-07-23,39075,319,30,7
2020-07-23,39077,407,37,7
2020-07-23,39079,64,7,0
2020-07-23,39081,182,31,4
2020-07-23,39083,191,24,9
2020-07-23,39085,992,120,41
2020-07-23,39087,205,19,1
2020-07-23,39089,1116,101,54
2020-07-23,39093,1552,192,77
2020-07-23,39095,4615,764,337
2020-07-23,39097,309,30,11
2020-07-23,39099,2380,414,272
2020-07-23,39101,2851,93,45
2020-07-23,39103,819,93,36
2020-07-23,39107,519,60,14
2020-07-23,39109,755,77,40
2020-07-23,39113,3846,591,112
2020-07-23,39117,159,16,2
2020-07-23,39119,178,24,1
2020-07-23,39123,354,42,28
2020-07-23,39125,70,8,0
2020-07-23,39129,2345,96,42
2020-07-23,39131,60,10,0
2020-07-23,39133,703,112,62
2020-07-23,39135,150,23,3
2020-07-23,39137,189,26,19
2020-07-23,39139,504,72,12
2020-07-23,39141,342,54,10
2020-07-23,39143,299,53,19
2020-07-23,39145,147,18,1
2020-07-23,39147,175,21,8
2020-07-23,39149,173,20,5
2020-07-23,39151,1741,256,143
2020-07-23,39153,3269,528,231
2020-07-23,39155,1398,280,119
2020-07-23,39157,774,83,16
2020-07-23,39159,229,14,1
2020-07-23,39165,1564,150,43
2020-07-23,39167,194,17,22
2020-07-23,39169,522,64,62
2020-07-23,39173,901,97,66
2020-07-23,39175,124,11,10
2020-07-24,39001,51,3,2
2020-07-24,39003,661,116,45
2020-07-24,39005,146,19,4
2020-07-24,39007,566,89,45
2020-07-24,39009,352,18,1
2020-07-24,39011,234,22,6
2020-07-24,39013,623,46,26
2020-07-24,39015,108,13,3
2020-07-24,39017,2690,304,76
2020-07-24,39021,111,13,2
2020-07-24,39023,1091,86,17
2020-07-24,39025,820,83,13
2020-07-24,39027,153,23,8
2020-07-24,39029,1568,169,61
2020-07-24,39031,207,27,11
2020-07-24,39033,167,27,5
2020-07-24,39035,12402,2186,551
2020-07-24,39037,304,29,28
2020-07-24,39039,133,24,5
2020-07-24,39041,1195,80,19
2020-07-24,39043,607,97,36
2020-07-24,39045,1249,110,38
2020-07-24,39047,87,10,0
2020-07-24,39049,17112,1622,572
2020-07-24,39051,136,14,1
2020-07-24,39053,55,10,2
2020-07-24,39055,524,98,44
2020-07-24,39057,621,70,14
2020-07-24,39059,129,23,7
2020-07-24,39061,9069,1016,279
2020-07-24,39063,326,31,4
2020-07-24,39065,152,27,14
2020-07-24,39069,110,12,3
2020-07-24,39071,122,20,3
2020-07-24,39075,320,30,7
2020-07-24,39077,413,37,7
2020-07-24,39079,65,7,0
2020-07-24,39081,186,31,4
2020-07-24,39083,201,27,12
2020-07-24,39085,1017,121,41
2020-07-24,39087,210,20,1
2020-07-24,39089,1134,102,54
2020-07-24,39091,140,10,1
2020-07-24,39093,1573,192,77
2020-07-24,39095,4690,769,339
2020-07-24,39097,316,31,11
2020-07-24,39099,2410,416,273
2020-07-24,39101,2857,93,45
2020-07-24,39103,824,94,36
2020-07-24,39107,525,61,14
2020-07-24,39109,763,77,41
2020-07-24,39113,3908,597,115
2020-07-24,39115,27,1,2
2020-07-24,39117,160,17,2
2020-07-24,39119,187,24,1
2020-07-24,39123,358,42,28
2020-07-24,39127,84,10,2
2020-07-24,39129,2352,96,42
2020-07-24,39131,62,10,0
2020-07-24,39133,712,113,63
2020-07-24,39135,153,23,3
2020-07-24,39137,190,26,19
2020-07-24,39139,507,73,12
2020-07-24,39141,354,56,10
2020-07-24,39143,304,54,19
2020-07-24,39145,157,18,1
2020-07-24,39147,178,22,8
2020-07-24,39149,181,20,5
2020-07-24,39151,1762,257,144
2020-07-24,39153,3302,532,232
2020-07-24,39155,1410,283,119
2020-07-24,39157,776,83,16
2020-07-24,39159,230,15,1
2020-07-24,39161,73,8,3
2020-07-24,39165,1594,154,43
2020-07-24,39167,200,17,22
2020-07-24,39169,527,64,62
2020-07-24,39171,115,10,3
2020-07-24,39173,916,99,67
2020-07-24,39175,129,11,10
2020-07-25,39001,53,3,2
2020-07-25,39003,675,116,46
2020-07-25,39005,150,19,4
2020-07-25,39007,570,89,45
2020-07-25,39009,354,18,1
2020-07-25,39011,236,23,7
2020-07-25,39013,625,46,26
2020-07-25,39015,115,13,3
2020-07-25,39017,2709,304,76
2020-07-25,39019,114,17,7
2020-07-25,39021,114,13,2
2020-07-25,39023,1105,86,17
2020-07-25,39025,831,83,13
2020-07-25,39027,154,23,8
2020-07-25,39029,1575,172,62
2020-07-25,39035,12520,2198,555
2020-07-25,39037,308,30,28
2020-07-25,39039,135,24,5
2020-07-25,39041,1211,80,19
2020-07-25,39043,614,99,36
2020-07-25,39045,1267,112,39
2020-07-25,39047,89,10,0
2020-07-25,39049,17263,1629,576
2020-07-25,39051,138,14,1
2020-07-25,39053,57,10,2
2020-07-25,39055,530,98,44
2020-07-25,39057,629,71,15
2020-07-25,39059,130,23,7
2020-07-25,39061,9144,1024,279
2020-07-25,39063,332,31,4
2020-07-25,39065,153,28,14
2020-07-25,39069,111,12,3
2020-07-25,39071,126,20,3
2020-07-25,39073,124,26,9
2020-07-25,39077,418,38,7
2020-07-25,39079,67,7,0
2020-07-25,39081,190,34,5
2020-07-25,39083,202,27,12
2020-07-25,39085,1033,121,41
2020-07-25,39087,214,20,1
2020-07-25,39089,1145,103,54
2020-07-25,39091,143,10,1
2020-07-25,39093,1584,192,79
2020-07-25,39095,4749,771,339
2020-07-25,39097,320,32,11
2020-07-25,39099,2424,418,274
2020-07-25,39101,2861,95,46
2020-07-25,39103,834,94,36
2020-07-25,39107,533,61,14
2020-07-25,39109,770,78,42
2020-07-25,39113,3957,606,118
2020-07-25,39115,28,1,2
2020-07-25,39117,161,17,2
2020-07-25,39119,189,24,1
2020-07-25,39123,366,44,28
2020-07-25,39129,2356,96,42
2020-07-25,39131,65,10,0
2020-07-25,39133,721,113,63
2020-07-25,39135,159,24,3
2020-07-25,39137,196,26,19
2020-07-25,39139,514,73,12
2020-07-25,39141,372,60,13
2020-07-25,39143,310,54,19
2020-07-25,39145,165,19,1
2020-07-25,39147,185,23,8
2020-07-25,39149,185,21,5
2020-07-25,39151,1777,257,145
2020-07-25,39153,3342,533,232
2020-07-25,39155,1428,288,119
2020-07-25,39157,784,84,16
2020-07-25,39159,232,15,1
2020-07-25,39165,1614,154,43
2020-07-25,39167,201,17,22
2020-07-25,39169,533,65,62
2020-07-25,39171,118,10,3
2020-07-25,39173,927,99,67
2020-07-25,39175,130,11,10
2020-07-26,39001,54,3,2
2020-07-26,39003,687,117,47
2020-07-26,39005,151,19,4
2020-07-26,39007,571,89,45
2020-07-26,39009,355,18,1
2020-07-26,39011,241,23,7
2020-07-26,39015,119,13,3
2020-07-26,39017,2733,306,76
2020-07-26,39019,117,17,7
2020-07-26,39021,116,13,2
2020-07-26,39023,1115,86,17
2020-07-26,39025,844,83,13
2020-07-26,39027,156,23,8
2020-07-26,39029,1582,173,62
2020-07-26,39033,169,27,5
2020-07-26,39035,12612,2212,558
2020-07-26,39037,327,33,29
2020-07-26,39039,136,24,5
2020-07-26,39041,1223,80,19
2020-07-26,39043,620,101,37
2020-07-26,39045,1284,115,41
2020-07-26,39047,94,10,0
2020-07-26,39049,17409,1638,578
2020-07-26,39051,141,14,1
2020-07-26,39055,536,99,45
2020-07-26,39057,637,72,15
2020-07-26,39061,9188,1025,279
2020-07-26,39063,337,32,4
2020-07-26,39065,155,28,14
2020-07-26,39067,19,5,1
2020-07-26,39069,114,12,3
2020-07-26,39071,127,20,3
2020-07-26,39075,321,31,7
2020-07-26,39077,420,38,7
2020-07-26,39079,69,7,0
2020-07-26,39081,195,35,5
2020-07-26,39083,205,27,12
2020-07-26,39085,1046,123,41
2020-07-26,39087,216,20,1
2020-07-26,39089,1160,105,55
2020-07-26,39091,147,10,1
2020-07-26,39093,1597,192,79
2020-07-26,39095,4801,775,340
2020-07-26,39097,322,32,11
2020-07-26,39099,2440,419,274
2020-07-26,39101,2868,96,46
2020-07-26,39103,844,94,36
2020-07-26,39107,543,63,14
2020-07-26,39109,774,78,42
2020-07-26,39113,4013,614,119
2020-07-26,39115,29,1,2
2020-07-26,39117,162,17,2
2020-07-26,39119,194,24,1
2020-07-26,39123,368,44,28
2020-07-26,39127,89,12,3
2020-07-26,39129,2359,96,42
2020-07-26,39131,69,10,0
2020-07-26,39133,726,114,64
2020-07-26,39135,165,25,3
2020-07-26,39137,198,26,19
2020-07-26,39139,522,73,12
2020-07-26,39141,376,61,13
2020-07-26,39143,313,55,19
2020-07-26,39145,176,20,1
2020-07-26,39147,191,23,9
2020-07-26,39149,186,21,5
2020-07-26,39151,1793,257,145
2020-07-26,39153,3384,537,233
2020-07-26,39155,1443,289,119
2020-07-26,39157,788,84,16
2020-07-26,39159,238,15,1
2020-07-26,39161,74,8,3
2020-07-26,39165,1630,154,43
2020-07-26,39167,202,17,22
2020-07-26,39169,544,67,62
2020-07-26,39171,121,10,3
2020-07-26,39173,938,99,67
2020-07-26,39175,134,11,11
2020-07-27,39001,55,3,2
2020-07-27,39003,704,119,48
2020-07-27,39007,579,91,45
2020-07-27,39009,356,18,1
2020-07-27,39011,244,23,7
2020-07-27,39013,628,46,26
2020-07-27,39015,122,13,3
2020-07-27,39017,2777,309,77
2020-07-27,39019,119,17,7
2020-07-27,39021,118,13,2
2020-07-27,39023,1127,87,17
2020-07-27,39025,865,85,13
2020-07-27,39027,159,24,9
2020-07-27,39029,1591,173,63
2020-07-27,39033,172,27,5
2020-07-27,39035,12727,2222,562
2020-07-27,39037,330,33,29
2020-07-27,39039,141,24,5
2020-07-27,39041,1247,80,20
2020-07-27,39043,628,102,37
2020-07-27,39045,1308,116,43
2020-07-27,39047,100,10,0
2020-07-27,39049,17632,1654,581
2020-07-27,39051,142,14,1
2020-07-27,39053,61,11,3
2020-07-27,39055,544,99,46
2020-07-27,39057,646,73,15
2020-07-27,39059,131,23,7
2020-07-27,39061,9262,1027,281
2020-07-27,39063,354,34,5
2020-07-27,39065,159,28,14
2020-07-27,39069,117,12,3
2020-07-27,39071,133,20,3
2020-07-27,39073,126,26,9
2020-07-27,39075,323,31,7
2020-07-27,39077,421,38,7
2020-07-27,39079,70,7,0
2020-07-27,39081,204,36,5
2020-07-27,39083,211,29,12
2020-07-27,39085,1061,125,42
2020-07-27,39087,225,21,1
2020-07-27,39089,1181,107,55
2020-07-27,39091,153,11,1
2020-07-27,39093,1614,194,79
2020-07-27,39095,4887,780,343
2020-07-27,39097,336,33,12
2020-07-27,39099,2457,421,274
2020-07-27,39101,2878,96,46
2020-07-27,39103,854,96,37
2020-07-27,39107,556,65,14
2020-07-27,39109,782,78,42
2020-07-27,39111,92,15,18
2020-07-27,39113,4105,629,123
2020-07-27,39115,30,1,2
2020-07-27,39117,164,17,2
2020-07-27,39119,205,24,1
2020-07-27,39123,372,46,28
2020-07-27,39127,92,13,5
2020-07-27,39129,2366,96,42
2020-07-27,39131,70,10,0
2020-07-27,39133,735,115,64
2020-07-27,39135,167,25,3
2020-07-27,39137,203,27,19
2020-07-27,39139,548,77,14
2020-07-27,39141,397,62,13
2020-07-27,39143,324,56,19
2020-07-27,39145,188,21,1
2020-07-27,39147,207,25,9
2020-07-27,39149,192,21,5
2020-07-27,39151,1823,259,147
2020-07-27,39153,3441,542,235
2020-07-27,39155,1461,291,119
2020-07-27,39157,792,85,17
2020-07-27,39159,242,15,1
2020-07-27,39163,31,7,2
2020-07-27,39165,1661,155,44
2020-07-27,39167,204,17,22
2020-07-27,39169,552,68,62
2020-07-27,39171,125,10,3
2020-07-27,39173,958,100,67
2020-07-27,39175,136,12,12
2020-07-28,39001,57,3,2
2020-07-28,39003,715,121,48
2020-07-28,39005,154,19,4
2020-07-28,39007,584,92,45
2020-07-28,39009,358,18,1
2020-07-28,39011,255,23,7
2020-07-28,39013,629,46,26
2020-07-28,39015,128,13,3
2020-07-28,39017,2807,309,77
2020-07-28,39019,120,17,7
2020-07-28,39021,121,13,2
2020-07-28,39023,1138,87,17
2020-07-28,39025,881,85,13
2020-07-28,39027,163,24,9
2020-07-28,39029,1606,174,63
2020-07-28,39031,208,27,11
2020-07-28,39035,12905,2230,572
2020-07-28,39037,335,36,30
2020-07-28,39039,144,24,5
2020-07-28,39041,1266,81,20
2020-07-28,39043,641,104,37
2020-07-28,39045,1336,118,45
2020-07-28,39047,104,11,0
2020-07-28,39049,17840,1669,583
2020-07-28,39051,144,14,1
2020-07-28,39053,64,11,3
2020-07-28,39055,545,99,46
2020-07-28,39057,656,73,15
2020-07-28,39059,132,23,7
2020-07-28,39061,9373,1032,284
2020-07-28,39063,362,36,5
2020-07-28,39067,20,5,1
2020-07-28,39069,120,12,3
2020-07-28,39071,140,21,3
2020-07-28,39073,128,26,9
2020-07-28,39075,326,31,7
2020-07-28,39077,429,39,7
2020-07-28,39079,74,8,0
2020-07-28,39081,207,38,5
2020-07-28,39083,219,30,12
2020-07-28,39085,1073,125,42
2020-07-28,39087,228,21,1
2020-07-28,39089,1212,110,59
2020-07-28,39091,158,12,2
2020-07-28,39093,1641,195,80
2020-07-28,39095,4990,783,343
2020-07-28,39097,339,34,12
2020-07-28,39099,2474,421,274
2020-07-28,39101,2880,96,46
2020-07-28,39103,871,98,37
2020-07-28,39107,574,67,15
2020-07-28,39109,793,80,43
2020-07-28,39111,93,15,18
2020-07-28,39113,4171,637,124
2020-07-28,39117,165,17,2
2020-07-28,39119,210,24,1
2020-07-28,39123,377,48,28
2020-07-28,39127,96,13,5
2020-07-28,39129,2371,96,42
2020-07-28,39131,75,10,0
2020-07-28,39133,738,116,64
2020-07-28,39135,172,25,3
2020-07-28,39137,206,27,19
2020-07-28,39139,556,78,14
2020-07-28,39141,436,62,13
2020-07-28,39143,332,56,19
2020-07-28,39145,193,21,1
2020-07-28,39147,216,26,9
2020-07-28,39149,198,21,5
2020-07-28,39151,1856,261,147
2020-07-28,39153,3482,545,236
2020-07-28,39155,1479,296,119
2020-07-28,39157,799,85,17
2020-07-28,39159,243,15,1
2020-07-28,39161,75,8,3
2020-07-28,39163,32,7,2
2020-07-28,39165,1688,156,44
2020-07-28,39167,205,17,22
2020-07-28,39169,561,68,62
2020-07-28,39171,127,10,3
2020-07-28,39173,974,100,67
2020-07-28,39175,138,14,12
2020-07-29,39001,58,3,2
2020-07-29,39003,731,122,48
2020-07-29,39005,156,19,4
2020-07-29,39007,588,92,45
2020-07-29,39009,359,18,1
2020-07-29,39011,261,24,7
2020-07-29,39013,632,46,26
2020-07-29,39015,131,15,4
2020-07-29,39017,2840,309,77
2020-07-29,39019,121,18,8
2020-07-29,39021,125,13,2
2020-07-29,39023,1148,89,17
2020-07-29,39025,891,86,13
2020-07-29,39027,164,24,9
2020-07-29,39029,1616,174,63
2020-07-29,39031,210,27,11
2020-07-29,39033,174,27,5
2020-07-29,39035,13044,2241,575
2020-07-29,39037,342,36,30
2020-07-29,39039,148,24,5
2020-07-29,39041,1277,81,20
2020-07-29,39043,651,106,37
2020-07-29,39045,1348,120,45
2020-07-29,39047,108,11,0
2020-07-29,39049,18022,1679,583
2020-07-29,39053,70,13,5
2020-07-29,39055,550,99,46
2020-07-29,39057,667,73,15
2020-07-29,39059,134,23,7
2020-07-29,39061,9457,1040,286
2020-07-29,39063,368,37,5
2020-07-29,39065,163,28,14
2020-07-29,39067,21,5,1
2020-07-29,39071,145,21,3
2020-07-29,39075,329,31,7
2020-07-29,39077,433,39,7
2020-07-29,39079,77,9,0
2020-07-29,39081,209,38,5
2020-07-29,39083,223,32,12
2020-07-29,39085,1081,126,42
2020-07-29,39087,234,23,2
2020-07-29,39089,1237,111,59
2020-07-29,39091,165,14,2
2020-07-29,39093,1661,196,80
2020-07-29,39095,5091,786,346
2020-07-29,39097,342,34,12
2020-07-29,39099,2491,422,274
2020-07-29,39101,2899,102,47
2020-07-29,39103,881,98,37
2020-07-29,39107,587,70,15
2020-07-29,39109,811,80,44
2020-07-29,39113,4226,640,125
2020-07-29,39117,168,17,2
2020-07-29,39119,218,24,1
2020-07-29,39123,383,48,28
2020-07-29,39125,71,9,0
2020-07-29,39127,113,13,5
2020-07-29,39129,2378,96,42
2020-07-29,39131,77,10,0
2020-07-29,39133,748,116,64
2020-07-29,39135,176,25,3
2020-07-29,39137,209,28,19
2020-07-29,39139,562,78,14
2020-07-29,39141,443,63,14
2020-07-29,39143,334,56,19
2020-07-29,39145,207,25,2
2020-07-29,39147,225,26,9
2020-07-29,39149,202,22,5
2020-07-29,39151,1878,264,147
2020-07-29,39153,3536,547,237
2020-07-29,39155,1497,296,119
2020-07-29,39157,802,85,17
2020-07-29,39159,246,15,1
2020-07-29,39161,78,9,3
2020-07-29,39165,1720,157,44
2020-07-29,39167,206,17,22
2020-07-29,39169,572,68,62
2020-07-29,39171,129,10,3
2020-07-29,39173,988,102,67
2020-07-29,39175,144,14,12
2020-07-30,39003,737,124,49
2020-07-30,39005,160,21,4
2020-07-30,39007,590,92,45
2020-07-30,39009,360,18,1
2020-07-30,39011,267,24,7
2020-07-30,39013,633,46,26
2020-07-30,39015,134,15,4
2020-07-30,39017,2865,310,77
2020-07-30,39023,1156,91,17
2020-07-30,39025,909,88,14
2020-07-30,39027,166,24,9
2020-07-30,39029,1628,174,63
2020-07-30,39035,13177,2253,578
2020-07-30,39037,345,36,30
2020-07-30,39039,150,24,5
2020-07-30,39041,1293,81,20
2020-07-30,39043,660,106,37
2020-07-30,39045,1371,121,46
2020-07-30,39047,110,12,0
2020-07-30,39049,18177,1690,584
2020-07-30,39055,552,99,46
2020-07-30,39057,678,73,17
2020-07-30,39061,9529,1041,289
2020-07-30,39063,376,38,6
2020-07-30,39065,165,28,14
2020-07-30,39067,22,5,1
2020-07-30,39069,123,12,3
2020-07-30,39071,147,22,3
2020-07-30,39073,130,26,9
2020-07-30,39077,438,39,7
2020-07-30,39079,78,9,0
2020-07-30,39081,214,38,5
2020-07-30,39083,244,33,15
2020-07-30,39085,1094,127,42
2020-07-30,39087,239,25,3
2020-07-30,39089,1253,111,59
2020-07-30,39091,170,14,2
2020-07-30,39093,1684,201,82
2020-07-30,39095,5194,793,348
2020-07-30,39097,346,34,12
2020-07-30,39099,2512,422,274
2020-07-30,39101,2912,103,47
2020-07-30,39103,892,99,38
2020-07-30,39107,607,73,15
2020-07-30,39109,829,81,44
2020-07-30,39113,4281,645,126
2020-07-30,39119,222,25,1
2020-07-30,39123,388,49,28
2020-07-30,39127,115,13,5
2020-07-30,39129,2380,96,42
2020-07-30,39131,79,10,0
2020-07-30,39133,754,116,64
2020-07-30,39135,183,26,3
2020-07-30,39137,211,28,19
2020-07-30,39139,566,79,14
2020-07-30,39141,456,65,14
2020-07-30,39143,338,56,19
2020-07-30,39145,212,25,2
2020-07-30,39147,238,26,11
2020-07-30,39149,206,23,5
2020-07-30,39151,1893,264,148
2020-07-30,39153,3582,550,237
2020-07-30,39155,1513,297,119
2020-07-30,39157,804,85,17
2020-07-30,39159,248,15,1
2020-07-30,39161,79,9,3
2020-07-30,39165,1746,157,44
2020-07-30,39169,578,69,62
2020-07-30,39171,131,10,3
2020-07-30,39173,1012,102,67
2020-07-30,39175,146,14,12
2020-07-31,39003,749,125,49
2020-07-31,39005,162,22,5
2020-07-31,39007,592,92,45
2020-07-31,39009,363,20,1
2020-07-31,39011,270,25,7
2020-07-31,39013,634,46,26
2020-07-31,39015,135,15,4
2020-07-31,39017,2898,311,77
2020-07-31,39019,122,18,8
2020-07-31,39021,128,13,2
2020-07-31,39023,1164,94,19
2020-07-31,39025,928,90,15
2020-07-31,39027,168,26,9
2020-07-31,39029,1659,180,67
2020-07-31,39035,13291,2266,580
2020-07-31,39037,362,38,32
2020-07-31,39039,151,24,5
2020-07-31,39041,1320,84,20
2020-07-31,39043,671,106,37
2020-07-31,39045,1404,121,49
2020-07-31,39047,112,12,0
2020-07-31,39049,18322,1700,586
2020-07-31,39051,145,14,1
2020-07-31,39053,73,13,5
2020-07-31,39055,554,99,46
2020-07-31,39057,689,74,17
2020-07-31,39061,9590,1048,292
2020-07-31,39063,385,39,6
2020-07-31,39065,166,28,14
2020-07-31,39069,124,12,3
2020-07-31,39071,152,22,3
2020-07-31,39077,442,39,7
2020-07-31,39079,80,9,0
2020-07-31,39081,216,39,5
2020-07-31,39083,248,33,15
2020-07-31,39085,1107,128,42
2020-07-31,39087,247,26,4
2020-07-31,39089,1278,111,59
2020-07-31,39091,176,14,2
2020-07-31,39093,1709,202,82
2020-07-31,39095,5271,799,350
2020-07-31,39097,348,34,12
2020-07-31,39099,2545,424,274
2020-07-31,39101,2919,103,47
2020-07-31,39103,904,100,38
2020-07-31,39105,31,2,0
2020-07-31,39107,619,73,15
2020-07-31,39109,838,82,45
2020-07-31,39113,4324,647,126
2020-07-31,39115,33,1,2
2020-07-31,39117,172,18,2
2020-07-31,39119,231,27,1
2020-07-31,39123,393,49,28
2020-07-31,39125,72,9,0
2020-07-31,39127,125,13,5
2020-07-31,39129,2384,96,42
2020-07-31,39131,82,11,0
2020-07-31,39133,763,117,64
2020-07-31,39135,190,26,3
2020-07-31,39137,214,29,19
2020-07-31,39139,574,79,14
2020-07-31,39141,462,68,15
2020-07-31,39143,342,56,19
2020-07-31,39145,213,25,2
2020-07-31,39147,242,26,11
2020-07-31,39149,211,23,5
2020-07-31,39151,1904,266,149
2020-07-31,39153,3612,551,237
2020-07-31,39155,1531,300,120
2020-07-31,39157,808,85,17
2020-07-31,39159,249,15,1
2020-07-31,39165,1768,158,44
2020-07-31,39169,586,69,62
2020-07-31,39171,132,10,3
2020-07-31,39173,1029,102,67
2020-07-31,39175,150,14,12
2020-08-01,39001,59,3,2
2020-08-01,39003,757,127,50
2020-08-01,39005,165,22,5
2020-08-01,39007,594,92,45
2020-08-01,39011,272,25,7
2020-08-01,39013,635,47,26
2020-08-01,39015,140,15,4
2020-08-01,39017,2936,315,77
2020-08-01,39021,169,15,2
2020-08-01,39023,1170,94,19
2020-08-01,39025,937,91,15
2020-08-01,39027,170,26,9
2020-08-01,39029,1662,181,67
2020-08-01,39031,212,27,11
2020-08-01,39033,176,27,5
2020-08-01,39035,13401,2278,584
2020-08-01,39037,368,41,33
2020-08-01,39039,152,24,5
2020-08-01,39041,1333,84,20
2020-08-01,39043,675,106,37
2020-08-01,39045,1419,121,49
2020-08-01,39047,116,12,0
2020-08-01,39049,18487,1709,590
2020-08-01,39051,146,14,1
2020-08-01,39055,555,99,46
2020-08-01,39057,705,78,18
2020-08-01,39059,137,23,7
2020-08-01,39061,9659,1053,294
2020-08-01,39063,387,40,6
2020-08-01,39065,169,28,14
2020-08-01,39069,126,12,3
2020-08-01,39071,155,22,3
2020-08-01,39073,134,26,9
2020-08-01,39077,446,39,7
2020-08-01,39081,219,39,5
2020-08-01,39083,253,34,15
2020-08-01,39085,1116,131,42
2020-08-01,39087,250,26,4
2020-08-01,39089,1297,111,60
2020-08-01,39091,182,14,2
2020-08-01,39093,1723,204,83
2020-08-01,39095,5312,805,351
2020-08-01,39097,353,34,12
2020-08-01,39099,2562,425,274
2020-08-01,39101,2922,104,47
2020-08-01,39103,916,100,38
2020-08-01,39105,32,2,0
2020-08-01,39107,631,76,15
2020-08-01,39109,846,84,45
2020-08-01,39113,4347,653,127
2020-08-01,39115,37,1,2
2020-08-01,39117,174,18,2
2020-08-01,39119,241,28,1
2020-08-01,39123,397,49,28
2020-08-01,39125,73,9,0
2020-08-01,39127,127,13,5
2020-08-01,39129,2389,96,42
2020-08-01,39131,83,11,0
2020-08-01,39133,769,118,64
2020-08-01,39135,194,27,3
2020-08-01,39139,577,79,14
2020-08-01,39141,469,71,17
2020-08-01,39143,351,56,19
2020-08-01,39145,219,25,2
2020-08-01,39147,247,26,11
2020-08-01,39149,213,23,5
2020-08-01,39151,1931,269,150
2020-08-01,39153,3660,554,238
2020-08-01,39155,1538,301,120
2020-08-01,39157,810,85,17
2020-08-01,39159,251,15,1
2020-08-01,39163,33,7,2
2020-08-01,39165,1803,160,44
2020-08-01,39169,588,69,62
2020-08-01,39171,133,10,3
2020-08-01,39173,1046,102,67
2020-08-01,39175,152,14,12
2020-08-02,39001,60,3,2
2020-08-02,39003,768,129,50
2020-08-02,39005,166,22,5
2020-08-02,39011,282,27,7
2020-08-02,39013,636,48,27
2020-08-02,39015,144,17,4
2020-08-02,39017,2952,316,78
2020-08-02,39021,172,15,2
2020-08-02,39023,1176,96,19
2020-08-02,39025,952,91,15
2020-08-02,39027,171,27,10
2020-08-02,39029,1670,184,67
2020-08-02,39031,214,27,11
2020-08-02,39033,177,27,5
2020-08-02,39035,13481,2287,585
2020-08-02,39037,372,41,33
2020-08-02,39039,154,24,5
2020-08-02,39041,1349,84,21
2020-08-02,39043,680,106,37
2020-08-02,39045,1438,121,49
2020-08-02,39047,118,13,0
2020-08-02,39049,18606,1719,592
2020-08-02,39051,148,14,1
2020-08-02,39053,75,13,5
2020-08-02,39055,558,99,46
2020-08-02,39057,717,80,18
2020-08-02,39061,9712,1053,294
2020-08-02,39063,395,40,7
2020-08-02,39065,170,28,14
2020-08-02,39069,127,12,3
2020-08-02,39071,156,22,3
2020-08-02,39073,135,26,9
2020-08-02,39077,447,39,7
2020-08-02,39081,220,40,5
2020-08-02,39083,255,34,15
2020-08-02,39085,1124,132,42
2020-08-02,39087,253,27,4
2020-08-02,39089,1313,112,61
2020-08-02,39091,186,14,2
2020-08-02,39093,1734,204,83
2020-08-02,39095,5348,807,351
2020-08-02,39097,357,34,12
2020-08-02,39099,2578,426,274
2020-08-02,39101,2926,104,47
2020-08-02,39103,927,100,38
2020-08-02,39105,33,2,0
2020-08-02,39107,638,77,16
2020-08-02,39109,851,85,45
2020-08-02,39113,4391,655,130
2020-08-02,39119,246,30,2
2020-08-02,39123,401,49,28
2020-08-02,39127,131,13,5
2020-08-02,39129,2391,96,42
2020-08-02,39131,84,11,0
2020-08-02,39133,776,118,64
2020-08-02,39135,197,27,3
2020-08-02,39137,216,29,19
2020-08-02,39139,582,80,14
2020-08-02,39141,481,73,18
2020-08-02,39143,356,56,19
2020-08-02,39145,227,26,2
2020-08-02,39147,250,26,11
2020-08-02,39149,217,23,5
2020-08-02,39151,1949,269,150
2020-08-02,39153,3698,556,240
2020-08-02,39155,1544,301,120
2020-08-02,39157,813,86,17
2020-08-02,39159,252,15,1
2020-08-02,39161,80,9,3
2020-08-02,39165,1827,161,44
2020-08-02,39169,591,69,62
2020-08-02,39171,135,10,3
2020-08-02,39173,1061,105,67
2020-08-02,39175,153,14,12
2020-08-03,39001,64,4,3
2020-08-03,39003,785,130,51
2020-08-03,39005,167,22,5
2020-08-03,39007,600,93,46
2020-08-03,39011,289,30,7
2020-08-03,39013,642,48,27
2020-08-03,39015,147,17,4
2020-08-03,39017,2995,318,78
2020-08-03,39021,177,15,2
2020-08-03,39023,1188,98,20
2020-08-03,39025,967,93,15
2020-08-03,39027,176,28,10
2020-08-03,39029,1672,184,67
2020-08-03,39031,216,27,11
2020-08-03,39033,178,27,5
2020-08-03,39035,13601,2300,591
2020-08-03,39037,380,43,34
2020-08-03,39039,157,24,5
2020-08-03,39041,1363,84,21
2020-08-03,39043,685,107,37
2020-08-03,39045,1473,124,49
2020-08-03,39049,18800,1732,595
2020-08-03,39051,150,14,1
2020-08-03,39053,76,13,5
2020-08-03,39055,562,100,47
2020-08-03,39057,730,82,20
2020-08-03,39059,139,23,7
2020-08-03,39061,9797,1054,295
2020-08-03,39063,403,40,7
2020-08-03,39065,176,28,14
2020-08-03,39067,23,5,1
2020-08-03,39069,129,12,3
2020-08-03,39071,163,23,3
2020-08-03,39073,137,26,9
2020-08-03,39077,449,39,7
2020-08-03,39079,81,9,0
2020-08-03,39081,228,42,5
2020-08-03,39083,262,34,15
2020-08-03,39085,1132,134,42
2020-08-03,39087,257,27,4
2020-08-03,39089,1337,114,62
2020-08-03,39091,189,14,2
2020-08-03,39093,1754,204,83
2020-08-03,39095,5402,811,351
2020-08-03,39097,362,34,12
2020-08-03,39099,2603,427,275
2020-08-03,39101,2929,104,47
2020-08-03,39103,948,102,39
2020-08-03,39105,34,3,0
2020-08-03,39107,649,78,16
2020-08-03,39109,866,85,45
2020-08-03,39113,4449,660,131
2020-08-03,39115,38,1,2
2020-08-03,39117,180,18,2
2020-08-03,39119,251,30,2
2020-08-03,39123,407,49,28
2020-08-03,39125,74,9,0
2020-08-03,39127,141,13,5
2020-08-03,39129,2394,96,42
2020-08-03,39131,86,12,0
2020-08-03,39133,779,118,64
2020-08-03,39135,201,28,3
2020-08-03,39137,219,30,19
2020-08-03,39139,605,83,15
2020-08-03,39141,494,73,18
2020-08-03,39143,361,56,19
2020-08-03,39147,260,27,11
2020-08-03,39149,226,24,5
2020-08-03,39151,1973,272,150
2020-08-03,39153,3743,558,241
2020-08-03,39155,1554,302,120
2020-08-03,39157,822,88,18
2020-08-03,39159,255,15,1
2020-08-03,39165,1856,165,44
2020-08-03,39167,208,17,22
2020-08-03,39169,595,69,62
2020-08-03,39171,136,10,3
2020-08-03,39173,1082,106,67
2020-08-03,39175,155,14,12
2020-08-04,39001,65,4,3
2020-08-04,39003,808,135,60
2020-08-04,39005,172,22,5
2020-08-04,39007,606,94,46
2020-08-04,39011,293,30,7
2020-08-04,39013,643,48,27
2020-08-04,39015,152,17,4
2020-08-04,39017,3038,319,78
2020-08-04,39019,123,18,8
2020-08-04,39021,182,15,2
2020-08-04,39023,1198,99,20
2020-08-04,39025,989,96,15
2020-08-04,39027,178,28,10
2020-08-04,39029,1684,185,67
2020-08-04,39031,218,27,11
2020-08-04,39035,13716,2308,594
2020-08-04,39037,389,45,35
2020-08-04,39041,1373,85,21
2020-08-04,39043,692,108,37
2020-08-04,39045,1485,125,49
2020-08-04,39047,121,13,0
2020-08-04,39049,18950,1740,596
2020-08-04,39051,153,14,1
2020-08-04,39055,564,100,47
2020-08-04,39057,740,83,20
2020-08-04,39059,140,23,7
2020-08-04,39061,9878,1058,296
2020-08-04,39063,417,41,8
2020-08-04,39067,26,5,1
2020-08-04,39071,168,24,3
2020-08-04,39073,138,26,9
2020-08-04,39077,451,39,7
2020-08-04,39079,82,9,0
2020-08-04,39083,264,34,15
2020-08-04,39085,1145,136,42
2020-08-04,39087,264,29,4
2020-08-04,39089,1359,114,63
2020-08-04,39091,196,14,2
2020-08-04,39093,1784,207,83
2020-08-04,39095,5473,813,351
2020-08-04,39097,370,34,12
2020-08-04,39099,2626,428,275
2020-08-04,39101,2930,104,47
2020-08-04,39103,964,102,39
2020-08-04,39105,36,4,0
2020-08-04,39107,670,78,16
2020-08-04,39109,877,86,45
2020-08-04,39113,4492,665,131
2020-08-04,39115,39,1,2
2020-08-04,39117,182,18,2
2020-08-04,39119,261,31,2
2020-08-04,39121,20,2,0
2020-08-04,39123,412,49,28
2020-08-04,39125,75,9,0
2020-08-04,39127,143,13,5
2020-08-04,39129,2397,97,43
2020-08-04,39133,783,119,64
2020-08-04,39135,204,28,3
2020-08-04,39137,222,30,19
2020-08-04,39139,613,84,16
2020-08-04,39141,513,75,20
2020-08-04,39143,369,56,19
2020-08-04,39145,234,27,2
2020-08-04,39147,263,27,11
2020-08-04,39149,234,25,5
2020-08-04,39151,2001,276,151
2020-08-04,39153,3792,565,242
2020-08-04,39155,1569,303,120
2020-08-04,39157,825,88,18
2020-08-04,39159,258,16,1
2020-08-04,39165,1888,166,44
2020-08-04,39167,210,17,22
2020-08-04,39169,607,70,62
2020-08-04,39171,137,10,3
2020-08-04,39173,1099,107,67
2020-08-04,39175,160,14,12
2020-08-05,39001,67,6,4
2020-08-05,39003,819,136,60
2020-08-05,39005,174,22,5
2020-08-05,39007,609,94,46
2020-08-05,39009,366,21,2
2020-08-05,39011,298,30,7
2020-08-05,39013,646,48,27
2020-08-05,39015,155,17,4
2020-08-05,39017,3076,323,78
2020-08-05,39021,197,15,2
2020-08-05,39023,1212,100,20
2020-08-05,39025,1003,99,15
2020-08-05,39027,183,31,10
2020-08-05,39029,1693,185,67
2020-08-05,39031,219,27,11
2020-08-05,39033,182,29,7
2020-08-05,39035,13848,2316,598
2020-08-05,39037,416,47,39
2020-08-05,39039,159,24,5
2020-08-05,39041,1387,85,21
2020-08-05,39043,700,110,38
2020-08-05,39045,1502,125,49
2020-08-05,39047,122,13,0
2020-08-05,39049,19123,1749,598
2020-08-05,39051,157,14,1
2020-08-05,39053,79,13,5
2020-08-05,39055,565,100,47
2020-08-05,39057,760,85,20
2020-08-05,39059,141,23,7
2020-08-05,39061,9955,1060,298
2020-08-05,39063,431,41,8
2020-08-05,39065,179,29,14
2020-08-05,39067,27,5,1
2020-08-05,39069,130,12,3
2020-08-05,39071,173,25,3
2020-08-05,39075,330,32,7
2020-08-05,39077,454,41,7
2020-08-05,39081,235,46,5
2020-08-05,39083,270,36,15
2020-08-05,39085,1160,136,43
2020-08-05,39087,284,31,6
2020-08-05,39089,1386,116,63
2020-08-05,39091,201,14,2
2020-08-05,39093,1814,211,83
2020-08-05,39095,5539,815,351
2020-08-05,39097,377,35,13
2020-08-05,39099,2656,429,276
2020-08-05,39101,2938,104,47
2020-08-05,39103,974,102,39
2020-08-05,39105,37,4,0
2020-08-05,39107,696,79,16
2020-08-05,39109,892,88,46
2020-08-05,39111,96,15,18
2020-08-05,39113,4566,667,134
2020-08-05,39117,184,19,2
2020-08-05,39119,268,31,2
2020-08-05,39121,21,2,0
2020-08-05,39123,416,50,29
2020-08-05,39127,151,13,6
2020-08-05,39129,2401,97,43
2020-08-05,39133,791,119,65
2020-08-05,39135,208,29,4
2020-08-05,39137,225,30,19
2020-08-05,39139,623,86,16
2020-08-05,39141,517,76,20
2020-08-05,39143,376,57,19
2020-08-05,39145,241,27,2
2020-08-05,39147,273,28,11
2020-08-05,39149,242,25,5
2020-08-05,39151,2027,283,154
2020-08-05,39153,3839,571,243
2020-08-05,39155,1575,304,121
2020-08-05,39157,829,88,18
2020-08-05,39159,267,16,1
2020-08-05,39163,35,7,2
2020-08-05,39165,1917,168,44
2020-08-05,39167,212,17,22
2020-08-05,39169,620,70,62
2020-08-05,39171,139,10,3
2020-08-05,39173,1113,109,69
2020-08-05,39175,163,14,12
2020-08-06,39003,838,139,60
2020-08-06,39005,175,22,5
2020-08-06,39007,613,94,46
2020-08-06,39011,307,31,7
2020-08-06,39013,651,49,27
2020-08-06,39015,158,18,4
2020-08-06,39017,3127,325,78
2020-08-06,39019,125,18,8
2020-08-06,39021,202,17,3
2020-08-06,39023,1241,105,29
2020-08-06,39025,1017,101,15
2020-08-06,39029,1704,186,68
2020-08-06,39031,220,27,11
2020-08-06,39035,13980,2332,604
2020-08-06,39037,421,47,39
2020-08-06,39039,161,24,5
2020-08-06,39041,1401,85,21
2020-08-06,39043,707,110,38
2020-08-06,39045,1517,126,49
2020-08-06,39047,124,14,0
2020-08-06,39049,19282,1759,601
2020-08-06,39051,159,14,1
2020-08-06,39053,82,14,6
2020-08-06,39055,567,100,47
2020-08-06,39057,768,86,20
2020-08-06,39061,10014,1062,298
2020-08-06,39063,433,41,8
2020-08-06,39065,182,30,14
2020-08-06,39069,132,13,3
2020-08-06,39071,177,26,4
2020-08-06,39073,140,26,9
2020-08-06,39075,332,32,7
2020-08-06,39077,461,41,7
2020-08-06,39081,237,46,5
2020-08-06,39083,272,38,16
2020-08-06,39085,1169,136,43
2020-08-06,39087,303,37,10
2020-08-06,39089,1405,116,63
2020-08-06,39091,202,14,2
2020-08-06,39093,1842,213,83
2020-08-06,39095,5583,818,353
2020-08-06,39097,393,36,13
2020-08-06,39099,2678,430,277
2020-08-06,39101,2944,104,47
2020-08-06,39103,982,103,39
2020-08-06,39105,40,5,1
2020-08-06,39107,707,80,16
2020-08-06,39109,906,92,46
2020-08-06,39113,4623,672,138
2020-08-06,39115,42,1,2
2020-08-06,39117,185,19,2
2020-08-06,39119,269,31,2
2020-08-06,39123,422,50,29
2020-08-06,39125,77,9,0
2020-08-06,39127,156,13,6
2020-08-06,39129,2406,97,43
2020-08-06,39133,798,120,65
2020-08-06,39135,227,32,6
2020-08-06,39137,228,31,19
2020-08-06,39139,630,86,16
2020-08-06,39141,530,76,20
2020-08-06,39143,382,57,19
2020-08-06,39145,247,28,2
2020-08-06,39147,275,28,11
2020-08-06,39149,256,25,5
2020-08-06,39151,2049,284,155
2020-08-06,39153,3883,574,244
2020-08-06,39155,1591,306,121
2020-08-06,39157,833,88,18
2020-08-06,39159,273,17,1
2020-08-06,39161,82,9,3
2020-08-06,39165,1943,170,45
2020-08-06,39169,636,70,62
2020-08-06,39173,1121,109,69
2020-08-06,39175,164,14,12
2020-08-07,39003,851,142,60
2020-08-07,39007,621,95,46
2020-08-07,39009,367,21,2
2020-08-07,39011,310,33,7
2020-08-07,39013,652,49,27
2020-08-07,39017,3160,326,78
2020-08-07,39019,126,18,8
2020-08-07,39021,205,17,3
2020-08-07,39023,1254,105,29
2020-08-07,39025,1024,102,15
2020-08-07,39027,184,32,11
2020-08-07,39029,1713,186,68
2020-08-07,39031,222,27,11
2020-08-07,39033,183,29,7
2020-08-07,39035,14103,2345,606
2020-08-07,39037,431,48,40
2020-08-07,39041,1418,85,21
2020-08-07,39043,716,112,38
2020-08-07,39045,1538,128,50
2020-08-07,39049,19440,1765,601
2020-08-07,39051,160,14,1
2020-08-07,39053,85,16,8
2020-08-07,39055,569,100,47
2020-08-07,39057,785,88,21
2020-08-07,39061,10096,1066,300
2020-08-07,39063,437,42,8
2020-08-07,39065,185,31,14
2020-08-07,39069,134,13,3
2020-08-07,39071,179,26,4
2020-08-07,39075,334,32,7
2020-08-07,39077,468,43,7
2020-08-07,39079,83,10,0
2020-08-07,39081,240,47,5
2020-08-07,39083,275,40,16
2020-08-07,39085,1182,139,43
2020-08-07,39087,309,37,10
2020-08-07,39089,1423,116,64
2020-08-07,39091,206,15,2
2020-08-07,39093,1874,214,83
2020-08-07,39095,5625,821,353
2020-08-07,39097,407,37,13
2020-08-07,39099,2694,431,277
2020-08-07,39101,2945,104,47
2020-08-07,39103,988,103,39
2020-08-07,39105,51,6,3
2020-08-07,39107,721,82,17
2020-08-07,39109,924,93,46
2020-08-07,39111,100,16,18
2020-08-07,39113,4691,677,140
2020-08-07,39117,190,19,2
2020-08-07,39119,271,31,2
2020-08-07,39121,22,2,0
2020-08-07,39123,428,50,29
2020-08-07,39125,78,9,0
2020-08-07,39127,159,14,6
2020-08-07,39129,2408,97,43
2020-08-07,39133,802,120,65
2020-08-07,39135,232,33,6
2020-08-07,39137,232,32,19
2020-08-07,39139,636,87,16
2020-08-07,39141,544,77,21
2020-08-07,39143,403,60,19
2020-08-07,39145,254,30,2
2020-08-07,39147,281,28,11
2020-08-07,39149,262,25,5
2020-08-07,39151,2079,289,157
2020-08-07,39153,3915,575,244
2020-08-07,39155,1605,307,121
2020-08-07,39157,840,89,19
2020-08-07,39159,275,17,1
2020-08-07,39161,83,9,3
2020-08-07,39163,36,7,2
2020-08-07,39165,1971,173,45
2020-08-07,39167,218,17,22
2020-08-07,39169,643,71,63
2020-08-07,39171,140,10,3
2020-08-07,39173,1133,111,69
2020-08-07,39175,165,14,12
2020-08-08,39001,68,6,4
2020-08-08,39003,855,143,60
2020-08-08,39005,177,22,5
2020-08-08,39007,623,95,46
2020-08-08,39009,368,21,2
2020-08-08,39011,312,33,7
2020-08-08,39013,654,49,27
2020-08-08,39015,163,18,4
2020-08-08,39017,3188,328,79
2020-08-08,39021,208,18,3
2020-08-08,39023,1265,105,30
2020-08-08,39025,1039,104,15
2020-08-08,39027,188,33,11
2020-08-08,39029,1719,186,68
2020-08-08,39031,223,27,11
2020-08-08,39033,184,29,7
2020-08-08,39035,14175,2351,608
2020-08-08,39037,442,50,40
2020-08-08,39039,164,24,5
2020-08-08,39041,1434,85,21
2020-08-08,39043,720,112,38
2020-08-08,39045,1559,132,50
2020-08-08,39047,129,14,0
2020-08-08,39049,19544,1773,603
2020-08-08,39051,161,14,1
2020-08-08,39053,90,17,8
2020-08-08,39057,797,91,21
2020-08-08,39059,142,23,7
2020-08-08,39061,10146,1070,301
2020-08-08,39063,445,44,8
2020-08-08,39065,187,31,14
2020-08-08,39071,182,27,4
2020-08-08,39073,141,27,9
2020-08-08,39075,337,32,7
2020-08-08,39077,471,43,7
2020-08-08,39081,243,48,5
2020-08-08,39083,278,40,16
2020-08-08,39085,1189,141,43
2020-08-08,39087,313,37,10
2020-08-08,39089,1437,116,64
2020-08-08,39091,208,15,2
2020-08-08,39093,1898,216,84
2020-08-08,39095,5674,824,354
2020-08-08,39097,419,38,13
2020-08-08,39099,2702,431,277
2020-08-08,39101,2954,105,47
2020-08-08,39103,998,103,39
2020-08-08,39105,53,6,3
2020-08-08,39107,732,82,17
2020-08-08,39109,928,93,47
2020-08-08,39113,4720,682,140
2020-08-08,39117,192,19,2
2020-08-08,39119,275,31,2
2020-08-08,39121,23,2,0
2020-08-08,39123,431,50,29
2020-08-08,39125,80,9,0
2020-08-08,39127,161,15,6
2020-08-08,39129,2411,97,43
2020-08-08,39131,87,12,0
2020-08-08,39133,804,120,65
2020-08-08,39135,241,34,7
2020-08-08,39137,237,32,19
2020-08-08,39139,642,87,16
2020-08-08,39141,550,77,21
2020-08-08,39143,409,60,19
2020-08-08,39145,260,31,2
2020-08-08,39147,288,31,12
2020-08-08,39149,268,26,5
2020-08-08,39151,2096,292,157
2020-08-08,39153,3953,580,244
2020-08-08,39155,1615,310,122
2020-08-08,39157,844,89,19
2020-08-08,39159,278,17,1
2020-08-08,39165,1986,174,45
2020-08-08,39169,648,71,63
2020-08-08,39171,141,10,3
2020-08-08,39173,1142,111,69
2020-08-09,39001,70,6,4
2020-08-09,39003,873,144,60
2020-08-09,39005,178,22,5
2020-08-09,39007,625,95,46
2020-08-09,39011,316,34,8
2020-08-09,39015,166,18,4
2020-08-09,39017,3211,330,80
2020-08-09,39021,211,18,3
2020-08-09,39023,1277,107,30
2020-08-09,39025,1048,105,16
2020-08-09,39027,193,35,12
2020-08-09,39029,1723,187,68
2020-08-09,39031,225,27,11
2020-08-09,39035,14258,2361,611
2020-08-09,39037,450,51,40
2020-08-09,39039,167,27,5
2020-08-09,39041,1446,85,21
2020-08-09,39043,724,114,38
2020-08-09,39045,1568,133,51
2020-08-09,39047,130,14,0
2020-08-09,39049,19669,1782,603
2020-08-09,39051,164,14,1
2020-08-09,39053,93,18,8
2020-08-09,39055,574,100,47
2020-08-09,39057,805,91,21
2020-08-09,39061,10208,1073,303
2020-08-09,39063,450,44,8
2020-08-09,39069,136,13,3
2020-08-09,39073,142,27,9
2020-08-09,39075,339,32,7
2020-08-09,39077,474,43,7
2020-08-09,39079,85,10,0
2020-08-09,39081,245,48,5
2020-08-09,39083,280,40,16
2020-08-09,39085,1194,142,44
2020-08-09,39087,316,38,11
2020-08-09,39089,1446,116,64
2020-08-09,39091,214,17,3
2020-08-09,39093,1912,217,84
2020-08-09,39095,5696,825,354
2020-08-09,39097,422,38,13
2020-08-09,39099,2711,434,279
2020-08-09,39101,2957,105,47
2020-08-09,39103,1006,103,39
2020-08-09,39105,57,6,3
2020-08-09,39107,741,83,18
2020-08-09,39109,936,94,49
2020-08-09,39113,4746,687,140
2020-08-09,39117,196,19,2
2020-08-09,39119,277,31,2
2020-08-09,39123,432,50,29
2020-08-09,39127,167,16,6
2020-08-09,39129,2413,97,43
2020-08-09,39133,809,121,65
2020-08-09,39135,249,34,7
2020-08-09,39139,643,87,16
2020-08-09,39141,560,77,22
2020-08-09,39143,414,60,19
2020-08-09,39145,265,31,2
2020-08-09,39147,291,31,12
2020-08-09,39149,272,27,5
2020-08-09,39151,2115,295,157
2020-08-09,39153,3985,583,245
2020-08-09,39155,1626,312,123
2020-08-09,39157,849,89,19
2020-08-09,39159,290,17,1
2020-08-09,39165,2003,174,45
2020-08-09,39169,652,72,63
2020-08-09,39171,142,10,3
2020-08-09,39173,1151,112,69
2020-08-09,39175,168,14,12
2020-08-10,39001,72,7,4
2020-08-10,39003,900,147,60
2020-08-10,39005,179,22,5
2020-08-10,39007,627,96,46
2020-08-10,39009,370,21,2
2020-08-10,39011,331,34,9
2020-08-10,39013,658,49,27
2020-08-10,39015,168,18,4
2020-08-10,39017,3250,330,81
2020-08-10,39019,129,19,8
2020-08-10,39021,218,20,3
2020-08-10,39023,1288,109,31
2020-08-10,39025,1062,105,16
2020-08-10,39027,194,35,12
2020-08-10,39029,1738,187,69
2020-08-10,39033,185,29,7
2020-08-10,39035,14404,2378,615
2020-08-10,39037,461,53,41
2020-08-10,39039,171,28,5
2020-08-10,39041,1458,85,21
2020-08-10,39043,735,115,40
2020-08-10,39045,1591,134,51
2020-08-10,39047,132,16,1
2020-08-10,39049,19886,1786,606
2020-08-10,39051,166,14,1
2020-08-10,39055,576,100,47
2020-08-10,39057,817,92,22
2020-08-10,39059,143,23,7
2020-08-10,39061,10304,1077,303
2020-08-10,39063,460,46,8
2020-08-10,39065,190,32,14
2020-08-10,39069,141,14,3
2020-08-10,39071,183,27,4
2020-08-10,39073,143,27,9
2020-08-10,39075,341,32,7
2020-08-10,39077,477,44,7
2020-08-10,39079,86,10,1
2020-08-10,39081,246,49,5
2020-08-10,39083,282,41,16
2020-08-10,39085,1201,144,45
2020-08-10,39087,343,41,14
2020-08-10,39089,1460,116,64
2020-08-10,39091,217,18,3
2020-08-10,39093,1935,220,85
2020-08-10,39095,5762,828,354
2020-08-10,39097,604,39,13
2020-08-10,39099,2726,435,279
2020-08-10,39101,2968,105,47
2020-08-10,39103,1020,103,39
2020-08-10,39105,62,7,3
2020-08-10,39107,749,84,18
2020-08-10,39109,947,96,49
2020-08-10,39113,4795,694,142
2020-08-10,39115,43,1,2
2020-08-10,39117,201,19,2
2020-08-10,39119,282,31,2
2020-08-10,39123,435,50,30
2020-08-10,39127,177,17,6
2020-08-10,39129,2422,97,43
2020-08-10,39133,813,121,65
2020-08-10,39135,260,35,7
2020-08-10,39137,241,33,19
2020-08-10,39139,651,89,17
2020-08-10,39141,574,80,23
2020-08-10,39143,422,61,19
2020-08-10,39145,281,32,2
2020-08-10,39147,298,34,13
2020-08-10,39149,279,27,5
2020-08-10,39151,2142,295,157
2020-08-10,39153,4028,590,247
2020-08-10,39155,1642,314,123
2020-08-10,39157,854,90,19
2020-08-10,39159,299,17,1
2020-08-10,39165,2031,174,45
2020-08-10,39167,219,18,23
2020-08-10,39169,661,72,63
2020-08-10,39171,143,10,3
2020-08-10,39173,1168,115,72
2020-08-10,39175,169,14,12
2020-08-11,39001,74,7,4
2020-08-11,39003,930,152,63
2020-08-11,39007,628,96,46
2020-08-11,39009,371,21,2
2020-08-11,39011,337,35,9
2020-08-11,39013,660,49,27
2020-08-11,39015,171,18,4
2020-08-11,39017,3297,332,82
2020-08-11,39021,222,20,3
2020-08-11,39023,1308,109,32
2020-08-11,39025,1074,105,16
2020-08-11,39029,1747,187,69
2020-08-11,39033,189,29,7
2020-08-11,39035,14524,2385,617
2020-08-11,39037,474,55,41
2020-08-11,39039,184,30,7
2020-08-11,39041,1465,85,21
2020-08-11,39043,741,115,41
2020-08-11,39045,1608,134,51
2020-08-11,39047,137,17,1
2020-08-11,39049,20045,1792,609
2020-08-11,39051,169,14,1
2020-08-11,39053,95,20,9
2020-08-11,39055,578,100,47
2020-08-11,39057,830,92,22
2020-08-11,39059,144,23,7
2020-08-11,39061,10379,1079,305
2020-08-11,39063,470,47,9
2020-08-11,39065,195,33,14
2020-08-11,39069,150,14,3
2020-08-11,39073,144,27,9
2020-08-11,39075,342,32,7
2020-08-11,39077,480,44,7
2020-08-11,39079,88,10,1
2020-08-11,39081,247,49,5
2020-08-11,39085,1214,144,45
2020-08-11,39087,356,41,15
2020-08-11,39089,1478,118,64
2020-08-11,39091,220,18,3
2020-08-11,39093,1960,222,85
2020-08-11,39095,5802,829,354
2020-08-11,39097,613,39,13
2020-08-11,39099,2739,435,279
2020-08-11,39101,2971,105,47
2020-08-11,39103,1028,103,39
2020-08-11,39105,69,8,4
2020-08-11,39107,756,85,18
2020-08-11,39109,963,97,49
2020-08-11,39113,4838,696,142
2020-08-11,39117,204,19,2
2020-08-11,39119,288,33,2
2020-08-11,39123,438,50,30
2020-08-11,39125,88,10,0
2020-08-11,39127,184,17,7
2020-08-11,39129,2428,98,43
2020-08-11,39133,814,121,65
2020-08-11,39135,271,37,7
2020-08-11,39137,246,34,19
2020-08-11,39139,658,89,17
2020-08-11,39141,590,82,24
2020-08-11,39143,428,62,19
2020-08-11,39145,285,32,2
2020-08-11,39147,303,34,13
2020-08-11,39149,285,27,5
2020-08-11,39151,2168,298,157
2020-08-11,39153,4056,595,248
2020-08-11,39155,1667,317,125
2020-08-11,39157,856,90,19
2020-08-11,39159,304,17,1
2020-08-11,39161,93,9,3
2020-08-11,39165,2055,174,45
2020-08-11,39167,220,18,23
2020-08-11,39169,666,72,63
2020-08-11,39171,146,10,3
2020-08-11,39173,1187,116,73
2020-08-11,39175,174,14,13
2020-08-12,39001,77,8,4
2020-08-12,39003,940,152,63
2020-08-12,39005,180,22,5
2020-08-12,39007,631,96,46
2020-08-12,39011,343,35,9
2020-08-12,39013,665,49,27
2020-08-12,39015,175,19,4
2020-08-12,39017,3357,334,92
2020-08-12,39021,224,20,3
2020-08-12,39023,1314,109,33
2020-08-12,39025,1090,107,17
2020-08-12,39027,195,35,12
2020-08-12,39029,1761,189,70
2020-08-12,39031,227,28,11
2020-08-12,39035,14649,2400,626
2020-08-12,39037,488,58,41
2020-08-12,39039,190,32,8
2020-08-12,39041,1479,85,21
2020-08-12,39043,766,117,44
2020-08-12,39045,1621,134,51
2020-08-12,39047,141,17,1
2020-08-12,39049,20209,1804,612
2020-08-12,39053,98,20,9
2020-08-12,39055,579,100,47
2020-08-12,39057,843,92,23
2020-08-12,39061,10467,1085,307
2020-08-12,39063,477,47,9
2020-08-12,39065,198,33,14
2020-08-12,39069,151,14,3
2020-08-12,39071,184,27,4
2020-08-12,39073,146,27,9
2020-08-12,39075,344,32,7
2020-08-12,39081,254,51,5
2020-08-12,39085,1221,144,45
2020-08-12,39087,364,45,15
2020-08-12,39089,1497,118,64
2020-08-12,39091,228,19,3
2020-08-12,39093,1985,223,86
2020-08-12,39095,5856,833,355
2020-08-12,39097,615,39,13
2020-08-12,39099,2755,438,279
2020-08-12,39101,2976,106,47
2020-08-12,39103,1036,104,39
2020-08-12,39105,72,8,4
2020-08-12,39107,767,85,18
2020-08-12,39109,974,100,50
2020-08-12,39111,101,16,18
2020-08-12,39113,4903,705,144
2020-08-12,39115,44,1,2
2020-08-12,39117,205,20,2
2020-08-12,39123,439,50,30
2020-08-12,39125,89,10,0
2020-08-12,39127,188,18,7
2020-08-12,39129,2433,98,43
2020-08-12,39131,89,12,0
2020-08-12,39133,815,121,65
2020-08-12,39135,275,38,8
2020-08-12,39137,252,34,19
2020-08-12,39139,662,89,17
2020-08-12,39141,599,82,24
2020-08-12,39143,435,65,19
2020-08-12,39145,286,32,2
2020-08-12,39147,309,34,13
2020-08-12,39149,295,28,5
2020-08-12,39151,2191,301,157
2020-08-12,39153,4096,603,249
2020-08-12,39155,1687,318,127
2020-08-12,39157,858,91,20
2020-08-12,39159,312,17,1
2020-08-12,39161,96,10,3
2020-08-12,39165,2074,177,46
2020-08-12,39167,222,18,23
2020-08-12,39169,670,73,64
2020-08-12,39173,1196,116,73
2020-08-12,39175,175,14,13
2020-08-13,39001,80,8,4
2020-08-13,39003,959,155,63
2020-08-13,39005,183,23,5
2020-08-13,39009,373,21,2
2020-08-13,39011,348,35,9
2020-08-13,39013,666,49,27
2020-08-13,39015,180,19,4
2020-08-13,39017,3396,336,96
2020-08-13,39021,228,20,3
2020-08-13,39023,1329,110,34
2020-08-13,39025,1110,109,17
2020-08-13,39027,199,35,12
2020-08-13,39029,1771,190,70
2020-08-13,39035,14743,2406,632
2020-08-13,39037,498,61,41
2020-08-13,39039,192,32,8
2020-08-13,39041,1506,85,21
2020-08-13,39043,788,117,44
2020-08-13,39045,1635,136,52
2020-08-13,39047,146,18,1
2020-08-13,39049,20326,1809,613
2020-08-13,39053,110,24,10
2020-08-13,39055,581,100,47
2020-08-13,39057,852,92,23
2020-08-13,39061,10536,1085,307
2020-08-13,39063,482,47,10
2020-08-13,39065,201,34,14
2020-08-13,39069,160,19,4
2020-08-13,39071,185,27,4
2020-08-13,39073,147,27,9
2020-08-13,39075,345,32,7
2020-08-13,39077,485,44,7
2020-08-13,39079,93,10,1
2020-08-13,39081,257,52,5
2020-08-13,39083,286,41,16
2020-08-13,39085,1228,144,45
2020-08-13,39087,368,45,15
2020-08-13,39089,1506,119,64
2020-08-13,39091,233,20,3
2020-08-13,39093,2005,224,86
2020-08-13,39095,5908,836,359
2020-08-13,39097,616,39,13
2020-08-13,39099,2768,439,279
2020-08-13,39101,2978,106,47
2020-08-13,39103,1051,106,39
2020-08-13,39105,79,9,4
2020-08-13,39107,779,87,18
2020-08-13,39109,984,100,50
2020-08-13,39113,4951,711,145
2020-08-13,39117,208,20,2
2020-08-13,39119,290,33,2
2020-08-13,39123,444,50,30
2020-08-13,39127,191,18,7
2020-08-13,39129,2435,98,43
2020-08-13,39131,93,12,0
2020-08-13,39133,822,121,65
2020-08-13,39135,299,40,11
2020-08-13,39137,254,34,19
2020-08-13,39139,669,91,18
2020-08-13,39141,609,85,25
2020-08-13,39143,466,70,20
2020-08-13,39145,287,33,2
2020-08-13,39147,310,34,13
2020-08-13,39149,303,28,5
2020-08-13,39151,2230,305,159
2020-08-13,39153,4125,606,249
2020-08-13,39155,1697,320,127
2020-08-13,39157,861,92,20
2020-08-13,39159,321,17,1
2020-08-13,39163,37,7,2
2020-08-13,39165,2092,178,46
2020-08-13,39167,223,18,23
2020-08-13,39169,676,74,64
2020-08-13,39173,1210,117,73
2020-08-13,39175,177,14,13
2020-08-14,39001,83,8,4
2020-08-14,39003,977,156,63
2020-08-14,39007,633,96,46
2020-08-14,39009,377,21,2
2020-08-14,39011,360,35,9
2020-08-14,39013,668,49,27
2020-08-14,39015,187,19,4
2020-08-14,39017,3433,338,96
2020-08-14,39019,131,19,8
2020-08-14,39021,234,21,3
2020-08-14,39023,1339,112,36
2020-08-14,39025,1128,111,18
2020-08-14,39027,205,36,12
2020-08-14,39029,1779,191,70
2020-08-14,39031,230,29,11
2020-08-14,39035,14828,2415,635
2020-08-14,39037,507,62,42
2020-08-14,39039,193,32,8
2020-08-14,39041,1521,85,21
2020-08-14,39043,795,118,45
2020-08-14,39045,1646,136,52
2020-08-14,39047,152,18,2
2020-08-14,39049,20467,1814,614
2020-08-14,39051,171,14,1
2020-08-14,39053,113,24,10
2020-08-14,39055,588,100,47
2020-08-14,39057,861,93,24
2020-08-14,39059,145,23,7
2020-08-14,39061,10578,1086,308
2020-08-14,39063,488,47,10
2020-08-14,39065,202,34,14
2020-08-14,39067,28,5,1
2020-08-14,39069,170,20,5
2020-08-14,39071,191,27,4
2020-08-14,39073,148,27,9
2020-08-14,39079,101,12,2
2020-08-14,39081,263,54,5
2020-08-14,39085,1237,146,45
2020-08-14,39087,381,45,15
2020-08-14,39089,1517,119,64
2020-08-14,39091,236,20,3
2020-08-14,39093,2021,226,87
2020-08-14,39095,5954,839,360
2020-08-14,39097,632,39,13
2020-08-14,39099,2776,440,279
2020-08-14,39101,2980,106,47
2020-08-14,39103,1062,106,39
2020-08-14,39105,81,9,4
2020-08-14,39107,786,87,18
2020-08-14,39109,989,100,50
2020-08-14,39113,4990,714,146
2020-08-14,39115,45,1,2
2020-08-14,39117,210,20,2
2020-08-14,39119,304,33,2
2020-08-14,39121,24,2,0
2020-08-14,39123,448,50,30
2020-08-14,39127,192,18,7
2020-08-14,39129,2441,98,43
2020-08-14,39131,94,12,0
2020-08-14,39133,827,121,65
2020-08-14,39135,302,40,11
2020-08-14,39137,262,37,22
2020-08-14,39139,671,91,18
2020-08-14,39141,620,89,25
2020-08-14,39143,475,73,20
2020-08-14,39145,291,33,2
2020-08-14,39147,322,34,13
2020-08-14,39149,312,28,5
2020-08-14,39151,2263,308,161
2020-08-14,39153,4154,607,249
2020-08-14,39155,1709,320,130
2020-08-14,39157,865,92,20
2020-08-14,39159,325,17,1
2020-08-14,39161,97,10,3
2020-08-14,39163,38,8,3
2020-08-14,39165,2103,180,46
2020-08-14,39167,224,18,23
2020-08-14,39169,684,74,64
2020-08-14,39173,1223,118,73
2020-08-14,39175,178,15,13
2020-08-15,39001,84,9,4
2020-08-15,39003,989,157,63
2020-08-15,39007,634,97,46
2020-08-15,39011,366,35,9
2020-08-15,39013,670,49,27
2020-08-15,39015,188,20,4
2020-08-15,39017,3454,339,97
2020-08-15,39023,1343,112,36
2020-08-15,39025,1139,112,18
2020-08-15,39027,208,36,12
2020-08-15,39029,1783,193,71
2020-08-15,39033,191,29,7
2020-08-15,39035,14888,2424,635
2020-08-15,39037,512,62,42
2020-08-15,39039,199,33,9
2020-08-15,39041,1530,85,21
2020-08-15,39043,800,119,45
2020-08-15,39045,1660,139,52
2020-08-15,39047,156,18,3
2020-08-15,39049,20582,1824,615
2020-08-15,39051,172,14,1
2020-08-15,39053,117,25,10
2020-08-15,39055,590,100,47
2020-08-15,39057,867,94,24
2020-08-15,39061,10610,1088,309
2020-08-15,39063,492,47,10
2020-08-15,39065,205,34,14
2020-08-15,39069,184,20,5
2020-08-15,39071,193,27,4
2020-08-15,39073,149,27,9
2020-08-15,39079,104,12,2
2020-08-15,39081,265,54,5
2020-08-15,39085,1243,146,45
2020-08-15,39087,391,46,15
2020-08-15,39089,1521,119,64
2020-08-15,39091,241,20,3
2020-08-15,39093,2026,226,87
2020-08-15,39095,5979,841,362
2020-08-15,39097,638,39,13
2020-08-15,39099,2788,440,279
2020-08-15,39101,2981,107,47
2020-08-15,39103,1068,106,39
2020-08-15,39107,796,87,18
2020-08-15,39109,996,101,50
2020-08-15,39111,103,16,18
2020-08-15,39113,5022,715,148
2020-08-15,39117,213,20,2
2020-08-15,39123,449,51,30
2020-08-15,39127,193,18,7
2020-08-15,39129,2444,98,43
2020-08-15,39131,95,12,0
2020-08-15,39133,830,121,65
2020-08-15,39135,306,41,12
2020-08-15,39137,268,37,22
2020-08-15,39139,672,91,18
2020-08-15,39141,632,89,25
2020-08-15,39143,478,73,20
2020-08-15,39145,293,33,2
2020-08-15,39147,329,35,13
2020-08-15,39149,314,28,5
2020-08-15,39151,2276,311,163
2020-08-15,39153,4177,608,249
2020-08-15,39155,1715,323,132
2020-08-15,39157,869,94,20
2020-08-15,39159,329,17,1
2020-08-15,39161,98,11,3
2020-08-15,39165,2120,181,46
2020-08-15,39169,688,74,64
2020-08-15,39171,147,10,3
2020-08-15,39173,1233,120,74
2020-08-15,39175,179,15,13
2020-08-16,39001,86,10,4
2020-08-16,39003,1003,159,63
2020-08-16,39007,635,97,46
2020-08-16,39011,375,36,10
2020-08-16,39013,675,49,27
2020-08-16,39015,194,20,4
2020-08-16,39017,3472,341,97
2020-08-16,39021,239,21,3
2020-08-16,39023,1350,113,38
2020-08-16,39025,1154,115,19
2020-08-16,39029,1790,194,71
2020-08-16,39035,14951,2429,636
2020-08-16,39037,520,62,42
2020-08-16,39039,201,33,9
2020-08-16,39041,1541,85,21
2020-08-16,39043,801,119,45
2020-08-16,39045,1668,140,52
2020-08-16,39047,157,18,3
2020-08-16,39049,20699,1830,615
2020-08-16,39051,174,14,1
2020-08-16,39053,118,25,10
2020-08-16,39055,595,100,47
2020-08-16,39057,875,94,24
2020-08-16,39061,10649,1091,309
2020-08-16,39063,497,47,10
2020-08-16,39069,187,21,6
2020-08-16,39075,346,32,7
2020-08-16,39079,108,12,2
2020-08-16,39081,266,54,5
2020-08-16,39083,288,42,17
2020-08-16,39085,1250,146,45
2020-08-16,39087,397,48,16
2020-08-16,39089,1527,119,64
2020-08-16,39091,244,20,3
2020-08-16,39093,2033,227,87
2020-08-16,39095,6030,846,363
2020-08-16,39097,639,39,13
2020-08-16,39099,2798,440,279
2020-08-16,39101,2982,107,47
2020-08-16,39103,1078,106,39
2020-08-16,39105,82,9,4
2020-08-16,39107,805,89,18
2020-08-16,39109,1003,103,50
2020-08-16,39113,5063,720,149
2020-08-16,39117,216,21,2
2020-08-16,39119,305,33,2
2020-08-16,39123,452,51,30
2020-08-16,39125,90,10,0
2020-08-16,39127,198,19,8
2020-08-16,39129,2446,98,43
2020-08-16,39131,97,12,0
2020-08-16,39133,832,121,65
2020-08-16,39135,308,41,12
2020-08-16,39137,272,37,22
2020-08-16,39139,673,91,18
2020-08-16,39141,642,91,25
2020-08-16,39143,483,73,20
2020-08-16,39145,297,33,2
2020-08-16,39147,336,36,13
2020-08-16,39149,316,29,5
2020-08-16,39151,2296,314,163
2020-08-16,39153,4207,611,250
2020-08-16,39155,1718,324,132
2020-08-16,39157,871,94,20
2020-08-16,39159,332,17,1
2020-08-16,39161,100,11,3
2020-08-16,39165,2134,182,46
2020-08-16,39169,698,74,64
2020-08-16,39171,149,10,3
2020-08-16,39173,1242,121,75
2020-08-16,39175,181,16,13
2020-08-17,39003,1037,163,65
2020-08-17,39007,637,97,46
2020-08-17,39009,378,21,2
2020-08-17,39011,386,37,11
2020-08-17,39013,676,49,27
2020-08-17,39015,196,20,4
2020-08-17,39017,3527,342,98
2020-08-17,39019,132,19,8
2020-08-17,39021,243,21,3
2020-08-17,39023,1354,113,38
2020-08-17,39025,1175,115,20
2020-08-17,39027,212,36,12
2020-08-17,39029,1799,195,73
2020-08-17,39031,231,29,11
2020-08-17,39033,194,29,7
2020-08-17,39035,15052,2442,639
2020-08-17,39037,529,63,43
2020-08-17,39039,204,34,9
2020-08-17,39041,1562,86,21
2020-08-17,39043,808,121,45
2020-08-17,39045,1683,140,52
2020-08-17,39047,171,18,5
2020-08-17,39049,20845,1833,615
2020-08-17,39051,175,14,1
2020-08-17,39055,596,100,47
2020-08-17,39057,887,95,24
2020-08-17,39061,10723,1093,312
2020-08-17,39063,499,47,10
2020-08-17,39065,207,35,14
2020-08-17,39069,191,21,6
2020-08-17,39071,197,27,4
2020-08-17,39077,486,44,7
2020-08-17,39079,110,12,2
2020-08-17,39083,289,42,17
2020-08-17,39085,1261,147,45
2020-08-17,39087,410,50,16
2020-08-17,39089,1539,119,64
2020-08-17,39091,248,20,3
2020-08-17,39093,2051,230,88
2020-08-17,39095,6086,848,364
2020-08-17,39097,648,40,13
2020-08-17,39099,2810,442,279
2020-08-17,39101,2983,108,47
2020-08-17,39103,1090,107,40
2020-08-17,39107,818,89,18
2020-08-17,39109,1009,104,50
2020-08-17,39113,5121,726,151
2020-08-17,39115,46,1,2
2020-08-17,39117,221,21,2
2020-08-17,39119,306,33,2
2020-08-17,39121,25,2,0
2020-08-17,39123,453,51,30
2020-08-17,39125,91,10,0
2020-08-17,39127,202,19,8
2020-08-17,39129,2454,98,43
2020-08-17,39131,102,12,0
2020-08-17,39133,837,121,65
2020-08-17,39135,312,41,12
2020-08-17,39137,280,39,22
2020-08-17,39139,680,92,18
2020-08-17,39141,657,91,25
2020-08-17,39143,489,73,20
2020-08-17,39145,303,33,2
2020-08-17,39147,358,36,13
2020-08-17,39149,319,29,5
2020-08-17,39151,2318,315,163
2020-08-17,39153,4248,615,250
2020-08-17,39155,1726,326,134
2020-08-17,39157,876,96,20
2020-08-17,39159,338,18,2
2020-08-17,39163,39,8,3
2020-08-17,39165,2155,183,46
2020-08-17,39167,225,18,23
2020-08-17,39169,711,74,64
2020-08-17,39171,150,10,3
2020-08-17,39173,1261,122,77
2020-08-17,39175,186,16,15
2020-08-18,39001,88,10,4
2020-08-18,39003,1055,163,65
2020-08-18,39007,638,97,46
2020-08-18,39011,396,38,11
2020-08-18,39013,680,49,27
2020-08-18,39015,197,20,4
2020-08-18,39017,3570,344,99
2020-08-18,39021,247,21,3
2020-08-18,39023,1374,116,39
2020-08-18,39025,1189,116,20
2020-08-18,39027,221,36,13
2020-08-18,39029,1801,195,73
2020-08-18,39031,232,29,11
2020-08-18,39035,15139,2448,642
2020-08-18,39037,547,63,43
2020-08-18,39039,208,34,9
2020-08-18,39041,1587,86,21
2020-08-18,39043,814,122,46
2020-08-18,39045,1695,142,52
2020-08-18,39047,175,18,5
2020-08-18,39049,21000,1843,618
2020-08-18,39051,177,14,1
2020-08-18,39053,122,26,11
2020-08-18,39055,599,100,47
2020-08-18,39057,896,96,24
2020-08-18,39059,146,23,7
2020-08-18,39061,10770,1094,312
2020-08-18,39063,506,48,10
2020-08-18,39065,210,35,14
2020-08-18,39069,195,21,6
2020-08-18,39079,114,12,2
2020-08-18,39085,1271,147,45
2020-08-18,39087,415,51,17
2020-08-18,39089,1551,120,66
2020-08-18,39091,250,20,3
2020-08-18,39093,2058,232,88
2020-08-18,39095,6139,851,364
2020-08-18,39097,661,40,13
2020-08-18,39099,2824,445,279
2020-08-18,39101,2987,108,47
2020-08-18,39103,1106,108,40
2020-08-18,39105,83,9,4
2020-08-18,39107,827,89,18
2020-08-18,39109,1025,105,50
2020-08-18,39113,5196,736,155
2020-08-18,39115,47,1,2
2020-08-18,39117,225,21,2
2020-08-18,39119,308,33,2
2020-08-18,39123,456,51,30
2020-08-18,39127,207,20,8
2020-08-18,39129,2459,98,44
2020-08-18,39131,103,13,0
2020-08-18,39133,842,121,65
2020-08-18,39135,318,43,12
2020-08-18,39137,286,39,22
2020-08-18,39139,683,92,18
2020-08-18,39141,667,93,25
2020-08-18,39143,494,74,20
2020-08-18,39145,311,33,3
2020-08-18,39147,366,36,13
2020-08-18,39149,327,30,6
2020-08-18,39151,2330,315,163
2020-08-18,39153,4283,617,251
2020-08-18,39155,1732,327,134
2020-08-18,39157,879,96,20
2020-08-18,39159,342,19,2
2020-08-18,39161,101,11,3
2020-08-18,39165,2175,183,46
2020-08-18,39167,228,18,23
2020-08-18,39169,721,75,64
2020-08-18,39171,151,10,3
2020-08-18,39173,1273,123,77
2020-08-18,39175,187,16,15
2020-08-19,39001,90,10,4
2020-08-19,39003,1072,163,65
2020-08-19,39005,185,23,5
2020-08-19,39009,379,21,2
2020-08-19,39011,404,40,11
2020-08-19,39013,681,49,27
2020-08-19,39015,199,20,4
2020-08-19,39017,3637,347,100
2020-08-19,39021,250,21,3
2020-08-19,39023,1383,117,39
2020-08-19,39025,1201,119,21
2020-08-19,39027,225,36,13
2020-08-19,39029,1809,199,74
2020-08-19,39031,234,29,11
2020-08-19,39033,195,29,7
2020-08-19,39035,15216,2450,643
2020-08-19,39037,558,63,43
2020-08-19,39039,209,34,9
2020-08-19,39041,1595,86,21
2020-08-19,39043,824,122,47
2020-08-19,39045,1705,142,52
2020-08-19,39047,178,19,5
2020-08-19,39049,21160,1850,618
2020-08-19,39051,180,14,1
2020-08-19,39053,127,26,11
2020-08-19,39055,600,101,47
2020-08-19,39057,910,98,24
2020-08-19,39061,10813,1094,312
2020-08-19,39063,518,48,10
2020-08-19,39065,215,35,14
2020-08-19,39069,208,22,8
2020-08-19,39073,151,27,9
2020-08-19,39075,348,32,7
2020-08-19,39077,487,44,7
2020-08-19,39079,124,13,2
2020-08-19,39081,267,54,5
2020-08-19,39083,291,42,17
2020-08-19,39085,1282,148,46
2020-08-19,39087,428,53,18
2020-08-19,39089,1564,120,66
2020-08-19,39091,254,20,3
2020-08-19,39093,2073,234,88
2020-08-19,39095,6195,855,364
2020-08-19,39097,666,40,13
2020-08-19,39099,2832,445,279
2020-08-19,39101,2991,109,47
2020-08-19,39103,1123,108,40
2020-08-19,39105,86,9,5
2020-08-19,39107,840,89,18
2020-08-19,39109,1029,105,50
2020-08-19,39111,104,16,18
2020-08-19,39113,5283,745,159
2020-08-19,39115,48,1,2
2020-08-19,39117,227,21,2
2020-08-19,39123,457,51,30
2020-08-19,39127,209,20,8
2020-08-19,39129,2462,98,44
2020-08-19,39131,105,13,0
2020-08-19,39133,847,121,65
2020-08-19,39135,324,44,12
2020-08-19,39137,291,39,23
2020-08-19,39139,686,92,18
2020-08-19,39141,674,95,25
2020-08-19,39143,498,74,20
2020-08-19,39145,326,36,4
2020-08-19,39147,377,36,14
2020-08-19,39149,335,30,6
2020-08-19,39151,2345,317,163
2020-08-19,39153,4318,621,251
2020-08-19,39155,1741,327,134
2020-08-19,39157,880,96,20
2020-08-19,39159,343,19,2
2020-08-19,39165,2194,185,46
2020-08-19,39167,230,18,23
2020-08-19,39169,730,77,64
2020-08-19,39171,154,10,3
2020-08-19,39173,1285,125,77
2020-08-19,39175,192,16,15
2020-08-20,39003,1100,163,66
2020-08-20,39007,639,98,46
2020-08-20,39011,408,40,12
2020-08-20,39013,682,49,27
2020-08-20,39015,202,21,4
2020-08-20,39017,3691,350,101
2020-08-20,39019,133,20,8
2020-08-20,39021,256,21,3
2020-08-20,39023,1398,118,39
2020-08-20,39025,1209,119,21
2020-08-20,39027,229,36,13
2020-08-20,39029,1819,199,74
2020-08-20,39033,196,29,7
2020-08-20,39035,15326,2467,647
2020-08-20,39037,577,64,43
2020-08-20,39039,210,34,9
2020-08-20,39041,1612,86,21
2020-08-20,39043,828,123,48
2020-08-20,39045,1717,143,53
2020-08-20,39049,21292,1858,618
2020-08-20,39053,133,26,11
2020-08-20,39055,604,101,47
2020-08-20,39057,927,98,24
2020-08-20,39059,147,23,7
2020-08-20,39061,10875,1098,313
2020-08-20,39063,526,48,10
2020-08-20,39065,217,35,14
2020-08-20,39067,29,5,1
2020-08-20,39069,212,23,8
2020-08-20,39071,199,27,4
2020-08-20,39073,153,27,9
2020-08-20,39077,489,44,7
2020-08-20,39079,132,13,2
2020-08-20,39081,269,55,5
2020-08-20,39083,293,42,17
2020-08-20,39085,1288,148,46
2020-08-20,39087,434,54,18
2020-08-20,39089,1574,121,66
2020-08-20,39091,258,20,3
2020-08-20,39093,2093,235,89
2020-08-20,39095,6245,860,365
2020-08-20,39097,669,40,13
2020-08-20,39099,2846,447,280
2020-08-20,39101,2999,109,47
2020-08-20,39103,1134,108,40
2020-08-20,39105,87,9,5
2020-08-20,39107,850,91,19
2020-08-20,39109,1035,106,50
2020-08-20,39111,105,16,18
2020-08-20,39113,5357,749,160
2020-08-20,39115,49,1,2
2020-08-20,39117,228,21,2
2020-08-20,39123,459,51,30
2020-08-20,39127,213,21,8
2020-08-20,39129,2465,98,44
2020-08-20,39133,852,121,65
2020-08-20,39135,333,46,14
2020-08-20,39137,301,39,23
2020-08-20,39139,689,92,18
2020-08-20,39141,684,96,25
2020-08-20,39143,501,74,20
2020-08-20,39145,331,36,4
2020-08-20,39147,381,36,14
2020-08-20,39149,338,30,6
2020-08-20,39151,2362,319,163
2020-08-20,39153,4351,625,252
2020-08-20,39155,1748,329,134
2020-08-20,39157,883,97,20
2020-08-20,39159,350,19,2
2020-08-20,39161,103,11,3
2020-08-20,39165,2211,188,46
2020-08-20,39167,231,18,23
2020-08-20,39169,739,77,64
2020-08-20,39173,1297,125,77
2020-08-20,39175,195,16,15
2020-08-21,39003,1114,165,66
2020-08-21,39009,381,21,2
2020-08-21,39011,416,40,12
2020-08-21,39013,683,49,27
2020-08-21,39015,206,22,4
2020-08-21,39017,3782,356,104
2020-08-21,39019,134,20,8
2020-08-21,39021,262,22,3
2020-08-21,39023,1412,119,40
2020-08-21,39025,1224,119,21
2020-08-21,39027,233,37,13
2020-08-21,39029,1831,199,74
2020-08-21,39035,15407,2473,648
2020-08-21,39037,580,65,43
2020-08-21,39039,211,35,9
2020-08-21,39041,1622,88,21
2020-08-21,39043,859,126,52
2020-08-21,39045,1738,143,53
2020-08-21,39047,180,20,5
2020-08-21,39049,21421,1863,618
2020-08-21,39051,181,14,1
2020-08-21,39053,141,26,11
2020-08-21,39055,605,101,47
2020-08-21,39057,938,98,24
2020-08-21,39061,10947,1101,313
2020-08-21,39063,529,49,10
2020-08-21,39065,218,35,14
2020-08-21,39069,230,26,11
2020-08-21,39073,156,28,9
2020-08-21,39075,351,32,7
2020-08-21,39077,491,45,7
2020-08-21,39079,134,13,2
2020-08-21,39081,274,55,5
2020-08-21,39085,1298,149,46
2020-08-21,39087,441,55,18
2020-08-21,39089,1588,121,66
2020-08-21,39091,259,20,3
2020-08-21,39093,2107,235,89
2020-08-21,39095,6289,862,366
2020-08-21,39097,677,41,13
2020-08-21,39099,2869,454,282
2020-08-21,39101,3000,109,47
2020-08-21,39103,1147,108,40
2020-08-21,39105,91,9,6
2020-08-21,39107,857,93,19
2020-08-21,39109,1048,108,50
2020-08-21,39113,5454,754,161
2020-08-21,39117,230,21,2
2020-08-21,39119,309,33,2
2020-08-21,39123,460,51,30
2020-08-21,39125,92,10,0
2020-08-21,39127,224,21,9
2020-08-21,39129,2472,99,44
2020-08-21,39131,108,13,0
2020-08-21,39133,853,121,65
2020-08-21,39135,337,47,14
2020-08-21,39137,311,39,23
2020-08-21,39139,693,92,18
2020-08-21,39141,692,97,25
2020-08-21,39143,513,74,20
2020-08-21,39145,334,36,4
2020-08-21,39147,386,36,14
2020-08-21,39149,346,31,7
2020-08-21,39151,2378,322,164
2020-08-21,39153,4382,628,252
2020-08-21,39155,1755,330,134
2020-08-21,39157,885,98,20
2020-08-21,39159,355,21,2
2020-08-21,39161,104,11,3
2020-08-21,39163,40,8,3
2020-08-21,39165,2233,190,46
2020-08-21,39169,745,78,66
2020-08-21,39171,155,10,3
2020-08-21,39173,1310,126,77
2020-08-22,39003,1121,166,66
2020-08-22,39005,186,23,5
2020-08-22,39011,419,40,12
2020-08-22,39015,211,22,4
2020-08-22,39017,3845,361,104
2020-08-22,39019,135,20,8
2020-08-22,39023,1418,120,40
2020-08-22,39025,1237,121,21
2020-08-22,39027,237,37,13
2020-08-22,39029,1833,199,74
2020-08-22,39031,235,29,11
2020-08-22,39033,197,29,7
2020-08-22,39035,15499,2483,651
2020-08-22,39037,584,65,43
2020-08-22,39039,213,37,9
2020-08-22,39041,1638,88,21
2020-08-22,39043,867,127,52
2020-08-22,39045,1758,144,53
2020-08-22,39047,184,20,5
2020-08-22,39049,21537,1868,619
2020-08-22,39051,183,14,1
2020-08-22,39053,144,27,12
2020-08-22,39055,606,101,47
2020-08-22,39057,948,98,24
2020-08-22,39061,11000,1103,314
2020-08-22,39063,533,51,10
2020-08-22,39065,220,35,14
2020-08-22,39069,231,26,11
2020-08-22,39071,200,27,4
2020-08-22,39073,158,28,9
2020-08-22,39077,492,45,7
2020-08-22,39079,152,16,2
2020-08-22,39085,1312,151,46
2020-08-22,39087,449,55,18
2020-08-22,39089,1597,122,66
2020-08-22,39091,261,20,3
2020-08-22,39093,2120,235,89
2020-08-22,39095,6319,864,366
2020-08-22,39097,681,43,13
2020-08-22,39099,2873,454,282
2020-08-22,39101,3001,109,47
2020-08-22,39103,1169,108,40
2020-08-22,39105,95,10,6
2020-08-22,39107,861,94,19
2020-08-22,39109,1054,109,50
2020-08-22,39113,5544,756,161
2020-08-22,39115,50,2,2
2020-08-22,39123,463,51,30
2020-08-22,39125,93,11,0
2020-08-22,39129,2475,99,44
2020-08-22,39131,109,13,0
2020-08-22,39133,861,122,65
2020-08-22,39135,341,48,14
2020-08-22,39137,317,39,23
2020-08-22,39139,696,93,19
2020-08-22,39141,700,98,25
2020-08-22,39143,518,74,20
2020-08-22,39145,335,36,4
2020-08-22,39147,388,36,14
2020-08-22,39149,355,31,8
2020-08-22,39151,2390,323,164
2020-08-22,39153,4412,633,253
2020-08-22,39155,1760,330,134
2020-08-22,39157,890,99,21
2020-08-22,39159,358,21,2
2020-08-22,39161,106,11,3
2020-08-22,39163,41,8,3
2020-08-22,39165,2255,194,47
2020-08-22,39167,232,18,23
2020-08-22,39169,751,80,66
2020-08-22,39171,156,10,3
2020-08-22,39173,1320,127,77
2020-08-22,39175,196,17,15
2020-08-23,39003,1131,166,66
2020-08-23,39007,642,99,47
2020-08-23,39009,383,21,2
2020-08-23,39011,425,41,12
2020-08-23,39015,213,22,4
2020-08-23,39017,3961,363,104
2020-08-23,39023,1422,120,40
2020-08-23,39025,1252,122,21
2020-08-23,39027,239,37,13
2020-08-23,39029,1837,201,74
2020-08-23,39031,237,30,11
2020-08-23,39035,15583,2491,653
2020-08-23,39037,591,65,43
2020-08-23,39039,214,37,9
2020-08-23,39041,1651,88,21
2020-08-23,39043,873,129,52
2020-08-23,39045,1776,145,54
2020-08-23,39047,187,20,6
2020-08-23,39049,21646,1869,619
2020-08-23,39051,186,16,1
2020-08-23,39053,146,29,13
2020-08-23,39055,608,101,47
2020-08-23,39057,958,99,24
2020-08-23,39061,11055,1105,316
2020-08-23,39063,539,51,10
2020-08-23,39065,224,35,14
2020-08-23,39069,232,26,11
2020-08-23,39071,201,27,4
2020-08-23,39075,352,32,7
2020-08-23,39077,496,45,7
2020-08-23,39079,159,17,3
2020-08-23,39083,296,42,17
2020-08-23,39085,1321,152,46
2020-08-23,39087,450,55,18
2020-08-23,39089,1609,122,66
2020-08-23,39091,262,20,3
2020-08-23,39093,2138,235,89
2020-08-23,39095,6345,867,366
2020-08-23,39097,682,43,13
2020-08-23,39099,2876,454,282
2020-08-23,39101,3003,110,47
2020-08-23,39103,1184,109,40
2020-08-23,39105,97,11,7
2020-08-23,39107,871,95,20
2020-08-23,39109,1061,109,50
2020-08-23,39113,5677,761,162
2020-08-23,39117,232,21,2
2020-08-23,39127,229,21,9
2020-08-23,39129,2478,99,44
2020-08-23,39131,110,14,0
2020-08-23,39133,868,123,65
2020-08-23,39135,343,48,14
2020-08-23,39137,326,42,23
2020-08-23,39139,698,93,19
2020-08-23,39141,705,100,25
2020-08-23,39143,520,74,20
2020-08-23,39145,338,37,5
2020-08-23,39147,392,36,14
2020-08-23,39149,372,31,9
2020-08-23,39151,2400,325,165
2020-08-23,39153,4441,643,254
2020-08-23,39155,1762,331,135
2020-08-23,39159,365,21,2
2020-08-23,39161,109,11,3
2020-08-23,39165,2275,195,47
2020-08-23,39169,758,80,66
2020-08-23,39173,1330,127,77
2020-08-24,39001,93,10,4
2020-08-24,39003,1150,168,67
2020-08-24,39005,190,23,5
2020-08-24,39007,643,99,47
2020-08-24,39009,390,21,2
2020-08-24,39011,433,41,12
2020-08-24,39015,220,22,4
2020-08-24,39017,4116,366,104
2020-08-24,39021,264,23,3
2020-08-24,39023,1430,120,40
2020-08-24,39025,1284,123,21
2020-08-24,39027,241,37,13
2020-08-24,39029,1845,203,75
2020-08-24,39033,199,29,7
2020-08-24,39035,15683,2495,654
2020-08-24,39037,610,67,43
2020-08-24,39039,217,37,9
2020-08-24,39041,1674,88,21
2020-08-24,39043,876,129,52
2020-08-24,39045,1798,146,54
2020-08-24,39047,190,21,6
2020-08-24,39049,21880,1876,621
2020-08-24,39051,187,16,1
2020-08-24,39055,610,102,47
2020-08-24,39057,980,100,25
2020-08-24,39059,148,23,7
2020-08-24,39061,11180,1109,318
2020-08-24,39063,550,52,10
2020-08-24,39065,228,35,14
2020-08-24,39069,233,26,11
2020-08-24,39071,204,27,4
2020-08-24,39073,159,28,9
2020-08-24,39075,354,32,7
2020-08-24,39079,161,17,3
2020-08-24,39083,298,42,17
2020-08-24,39085,1332,152,46
2020-08-24,39087,454,57,18
2020-08-24,39089,1626,122,66
2020-08-24,39091,265,22,3
2020-08-24,39093,2152,236,89
2020-08-24,39095,6405,870,368
2020-08-24,39097,694,43,13
2020-08-24,39099,2889,456,283
2020-08-24,39101,3008,110,47
2020-08-24,39103,1200,109,40
2020-08-24,39105,105,12,8
2020-08-24,39107,881,95,20
2020-08-24,39109,1072,109,50
2020-08-24,39113,5865,771,165
2020-08-24,39117,234,21,2
2020-08-24,39119,313,33,2
2020-08-24,39125,94,11,0
2020-08-24,39127,232,21,10
2020-08-24,39129,2489,99,44
2020-08-24,39131,114,14,0
2020-08-24,39133,876,124,65
2020-08-24,39135,349,48,15
2020-08-24,39137,339,44,23
2020-08-24,39139,700,93,19
2020-08-24,39141,715,101,25
2020-08-24,39143,523,74,20
2020-08-24,39145,342,37,5
2020-08-24,39147,399,36,14
2020-08-24,39149,389,32,10
2020-08-24,39151,2438,328,165
2020-08-24,39153,4479,649,254
2020-08-24,39155,1767,332,135
2020-08-24,39157,897,100,21
2020-08-24,39159,370,21,2
2020-08-24,39161,112,11,3
2020-08-24,39165,2310,201,50
2020-08-24,39167,233,18,23
2020-08-24,39169,783,80,67
2020-08-24,39171,157,10,3
2020-08-24,39173,1343,128,80
2020-08-25,39001,97,11,4
2020-08-25,39003,1180,170,68
2020-08-25,39007,645,99,47
2020-08-25,39009,391,21,2
2020-08-25,39011,442,42,12
2020-08-25,39013,684,49,27
2020-08-25,39017,4261,369,104
2020-08-25,39019,136,20,8
2020-08-25,39023,1444,121,40
2020-08-25,39025,1301,123,21
2020-08-25,39027,244,38,13
2020-08-25,39029,1852,205,77
2020-08-25,39031,238,30,11
2020-08-25,39035,15771,2499,657
2020-08-25,39037,626,67,43
2020-08-25,39039,218,37,9
2020-08-25,39041,1688,89,22
2020-08-25,39043,887,130,52
2020-08-25,39045,1813,146,54
2020-08-25,39047,191,22,6
2020-08-25,39049,22083,1885,623
2020-08-25,39051,189,16,1
2020-08-25,39053,150,29,13
2020-08-25,39055,616,102,48
2020-08-25,39057,995,101,25
2020-08-25,39061,11298,1110,320
2020-08-25,39063,555,54,11
2020-08-25,39065,231,35,14
2020-08-25,39069,238,27,12
2020-08-25,39077,497,45,7
2020-08-25,39079,170,19,3
2020-08-25,39081,275,55,5
2020-08-25,39083,299,42,17
2020-08-25,39085,1341,153,46
2020-08-25,39087,455,57,18
2020-08-25,39089,1641,123,66
2020-08-25,39091,268,22,3
2020-08-25,39093,2158,237,89
2020-08-25,39095,6466,875,370
2020-08-25,39097,701,43,13
2020-08-25,39099,2897,457,284
2020-08-25,39101,3010,110,47
2020-08-25,39103,1215,111,40
2020-08-25,39105,127,17,9
2020-08-25,39107,891,95,20
2020-08-25,39109,1082,110,50
2020-08-25,39113,6027,773,165
2020-08-25,39117,238,22,2
2020-08-25,39119,317,34,2
2020-08-25,39123,465,51,30
2020-08-25,39125,98,11,0
2020-08-25,39127,236,21,10
2020-08-25,39129,2494,99,44
2020-08-25,39131,115,15,0
2020-08-25,39133,881,124,65
2020-08-25,39135,355,49,15
2020-08-25,39137,356,46,23
2020-08-25,39139,703,93,19
2020-08-25,39141,756,105,25
2020-08-25,39143,527,74,20
2020-08-25,39145,348,38,5
2020-08-25,39147,404,36,14
2020-08-25,39149,398,32,10
2020-08-25,39151,2459,331,166
2020-08-25,39153,4520,654,255
2020-08-25,39155,1771,333,135
2020-08-25,39157,905,100,21
2020-08-25,39159,371,21,2
2020-08-25,39163,42,8,3
2020-08-25,39165,2340,202,50
2020-08-25,39167,234,18,23
2020-08-25,39169,788,80,67
2020-08-25,39173,1355,128,80
2020-08-25,39175,198,17,15
2020-08-26,39003,1202,173,69
2020-08-26,39005,192,23,5
2020-08-26,39007,648,99,47
2020-08-26,39009,397,21,2
2020-08-26,39011,453,43,14
2020-08-26,39013,685,49,27
2020-08-26,39015,224,22,4
2020-08-26,39017,4379,372,105
2020-08-26,39023,1456,122,42
2020-08-26,39025,1326,124,22
2020-08-26,39027,246,38,13
2020-08-26,39029,1860,206,78
2020-08-26,39033,201,29,7
2020-08-26,39035,15851,2503,659
2020-08-26,39037,635,67,43
2020-08-26,39039,223,38,9
2020-08-26,39041,1705,90,22
2020-08-26,39043,898,131,52
2020-08-26,39045,1835,146,54
2020-08-26,39047,194,22,6
2020-08-26,39049,22294,1894,625
2020-08-26,39051,190,16,1
2020-08-26,39053,152,30,13
2020-08-26,39055,620,102,48
2020-08-26,39057,1009,102,26
2020-08-26,39059,149,24,7
2020-08-26,39061,11407,1113,320
2020-08-26,39063,556,54,11
2020-08-26,39065,232,35,14
2020-08-26,39069,243,28,13
2020-08-26,39073,161,28,9
2020-08-26,39077,498,45,7
2020-08-26,39079,171,19,3
2020-08-26,39081,276,55,5
2020-08-26,39083,300,42,17
2020-08-26,39085,1354,156,46
2020-08-26,39087,465,60,20
2020-08-26,39089,1654,124,66
2020-08-26,39091,271,22,3
2020-08-26,39093,2165,237,89
2020-08-26,39095,6515,877,370
2020-08-26,39097,705,43,13
2020-08-26,39099,2904,458,284
2020-08-26,39101,3013,110,47
2020-08-26,39103,1235,111,40
2020-08-26,39105,131,17,9
2020-08-26,39107,903,98,20
2020-08-26,39109,1093,112,50
2020-08-26,39111,106,16,18
2020-08-26,39113,6160,779,165
2020-08-26,39117,241,22,2
2020-08-26,39119,318,34,2
2020-08-26,39127,237,21,10
2020-08-26,39129,2503,99,44
2020-08-26,39133,890,125,65
2020-08-26,39135,363,49,15
2020-08-26,39137,366,47,23
2020-08-26,39139,706,93,19
2020-08-26,39141,762,106,25
2020-08-26,39143,532,75,20
2020-08-26,39145,359,39,5
2020-08-26,39147,405,36,14
2020-08-26,39149,410,32,10
2020-08-26,39151,2472,331,166
2020-08-26,39153,4554,661,255
2020-08-26,39155,1774,333,135
2020-08-26,39157,907,101,21
2020-08-26,39159,374,21,2
2020-08-26,39165,2379,206,51
2020-08-26,39167,235,18,23
2020-08-26,39169,827,81,69
2020-08-26,39171,161,11,3
2020-08-26,39173,1370,130,80
2020-08-26,39175,199,17,15
2020-08-27,39003,1211,175,70
2020-08-27,39005,193,23,5
2020-08-27,39007,651,99,47
2020-08-27,39009,398,21,2
2020-08-27,39011,462,44,14
2020-08-27,39013,687,49,27
2020-08-27,39015,228,22,4
2020-08-27,39017,4511,375,105
2020-08-27,39019,138,20,8
2020-08-27,39021,266,24,3
2020-08-27,39023,1465,123,42
2020-08-27,39025,1340,124,22
2020-08-27,39027,250,38,13
2020-08-27,39029,1870,210,80
2020-08-27,39031,239,30,11
2020-08-27,39035,15939,2513,661
2020-08-27,39037,643,68,43
2020-08-27,39039,225,39,10
2020-08-27,39041,1723,90,22
2020-08-27,39043,912,131,52
2020-08-27,39045,1849,146,54
2020-08-27,39047,196,22,6
2020-08-27,39049,22500,1899,626
2020-08-27,39051,191,16,1
2020-08-27,39053,157,30,13
2020-08-27,39055,624,102,48
2020-08-27,39057,1018,103,27
2020-08-27,39059,150,24,7
2020-08-27,39061,11518,1115,320
2020-08-27,39063,563,54,11
2020-08-27,39065,234,35,14
2020-08-27,39069,244,28,13
2020-08-27,39073,162,28,9
2020-08-27,39075,355,32,7
2020-08-27,39077,503,45,7
2020-08-27,39079,174,19,3
2020-08-27,39085,1362,156,46
2020-08-27,39087,472,62,20
2020-08-27,39089,1669,125,66
2020-08-27,39091,273,22,3
2020-08-27,39093,2175,238,89
2020-08-27,39095,6558,878,373
2020-08-27,39097,710,43,13
2020-08-27,39099,2907,458,284
2020-08-27,39103,1248,111,40
2020-08-27,39105,134,17,9
2020-08-27,39107,914,99,20
2020-08-27,39109,1099,113,50
2020-08-27,39113,6295,781,165
2020-08-27,39117,242,22,2
2020-08-27,39119,321,34,2
2020-08-27,39121,26,2,0
2020-08-27,39123,467,51,30
2020-08-27,39127,241,23,10
2020-08-27,39129,2504,99,44
2020-08-27,39133,899,125,65
2020-08-27,39135,368,52,17
2020-08-27,39137,374,48,23
2020-08-27,39139,710,93,19
2020-08-27,39141,766,108,26
2020-08-27,39143,535,77,20
2020-08-27,39145,369,39,5
2020-08-27,39147,410,36,14
2020-08-27,39149,418,32,10
2020-08-27,39151,2498,334,168
2020-08-27,39153,4579,662,255
2020-08-27,39155,1779,334,135
2020-08-27,39157,910,101,21
2020-08-27,39159,379,21,2
2020-08-27,39161,114,11,3
2020-08-27,39163,43,8,3
2020-08-27,39165,2406,209,52
2020-08-27,39169,830,81,69
2020-08-27,39173,1391,131,81
2020-08-28,39003,1225,176,70
2020-08-28,39005,194,24,5
2020-08-28,39007,653,100,48
2020-08-28,39009,402,22,2
2020-08-28,39011,475,46,14
2020-08-28,39013,689,49,27
2020-08-28,39015,229,22,4
2020-08-28,39017,4619,378,107
2020-08-28,39019,139,20,8
2020-08-28,39021,268,24,3
2020-08-28,39023,1482,124,42
2020-08-28,39025,1352,124,22
2020-08-28,39027,255,38,13
2020-08-28,39029,1879,210,82
2020-08-28,39033,202,29,7
2020-08-28,39035,16011,2520,664
2020-08-28,39037,649,68,43
2020-08-28,39039,227,40,10
2020-08-28,39041,1740,90,23
2020-08-28,39043,916,131,52
2020-08-28,39045,1861,146,54
2020-08-28,39047,197,22,6
2020-08-28,39049,22674,1909,630
2020-08-28,39053,159,31,13
2020-08-28,39055,627,102,48
2020-08-28,39057,1035,104,27
2020-08-28,39061,11588,1116,321
2020-08-28,39063,572,54,11
2020-08-28,39065,235,35,14
2020-08-28,39067,30,5,1
2020-08-28,39069,247,29,14
2020-08-28,39071,205,27,4
2020-08-28,39073,163,28,9
2020-08-28,39075,356,32,7
2020-08-28,39077,505,45,7
2020-08-28,39079,180,19,4
2020-08-28,39081,279,55,5
2020-08-28,39085,1375,156,48
2020-08-28,39087,476,62,20
2020-08-28,39089,1681,125,66
2020-08-28,39091,275,22,3
2020-08-28,39093,2180,239,89
2020-08-28,39095,6617,880,373
2020-08-28,39097,717,43,14
2020-08-28,39099,2916,459,284
2020-08-28,39101,3016,111,47
2020-08-28,39103,1259,112,40
2020-08-28,39105,135,17,9
2020-08-28,39107,923,101,21
2020-08-28,39109,1117,114,50
2020-08-28,39113,6393,786,165
2020-08-28,39115,51,2,2
2020-08-28,39117,243,22,2
2020-08-28,39119,324,34,2
2020-08-28,39123,469,51,30
2020-08-28,39125,99,12,0
2020-08-28,39127,245,23,10
2020-08-28,39129,2508,99,44
2020-08-28,39131,117,15,0
2020-08-28,39133,904,125,65
2020-08-28,39135,374,54,17
2020-08-28,39137,388,52,25
2020-08-28,39139,713,96,19
2020-08-28,39141,781,110,27
2020-08-28,39143,538,77,20
2020-08-28,39145,374,40,5
2020-08-28,39147,414,36,14
2020-08-28,39149,428,33,10
2020-08-28,39151,2523,334,169
2020-08-28,39153,4623,669,256
2020-08-28,39155,1784,335,136
2020-08-28,39157,911,101,21
2020-08-28,39165,2428,210,52
2020-08-28,39169,835,81,69
2020-08-28,39171,164,11,3
2020-08-28,39173,1401,132,81
2020-08-28,39175,200,17,15
2020-08-29,39003,1231,177,71
2020-08-29,39005,197,24,5
2020-08-29,39007,655,100,48
2020-08-29,39009,407,22,2
2020-08-29,39011,480,46,14
2020-08-29,39015,231,22,4
2020-08-29,39017,4696,378,107
2020-08-29,39023,1493,124,42
2020-08-29,39025,1368,124,22
2020-08-29,39027,256,39,13
2020-08-29,39029,1882,211,83
2020-08-29,39033,203,29,7
2020-08-29,39035,16059,2522,664
2020-08-29,39037,653,68,43
2020-08-29,39039,230,40,10
2020-08-29,39041,1752,91,23
2020-08-29,39043,918,131,52
2020-08-29,39045,1872,148,54
2020-08-29,39047,199,22,6
2020-08-29,39049,22821,1919,631
2020-08-29,39051,192,17,1
2020-08-29,39053,161,31,13
2020-08-29,39055,632,102,48
2020-08-29,39057,1045,107,27
2020-08-29,39061,11635,1119,321
2020-08-29,39063,576,54,11
2020-08-29,39065,237,35,14
2020-08-29,39067,31,5,1
2020-08-29,39075,358,33,7
2020-08-29,39077,506,45,7
2020-08-29,39079,182,19,4
2020-08-29,39081,284,55,5
2020-08-29,39083,302,43,17
2020-08-29,39085,1383,157,49
2020-08-29,39089,1694,126,66
2020-08-29,39091,277,22,3
2020-08-29,39093,2184,240,89
2020-08-29,39095,6643,880,373
2020-08-29,39097,720,43,14
2020-08-29,39099,2917,459,284
2020-08-29,39101,3021,111,47
2020-08-29,39103,1271,112,40
2020-08-29,39107,928,101,21
2020-08-29,39109,1128,117,50
2020-08-29,39113,6444,786,165
2020-08-29,39119,326,34,2
2020-08-29,39125,100,12,0
2020-08-29,39127,247,23,10
2020-08-29,39129,2509,99,44
2020-08-29,39131,118,15,0
2020-08-29,39133,913,126,65
2020-08-29,39135,378,54,17
2020-08-29,39137,398,54,25
2020-08-29,39139,716,97,19
2020-08-29,39141,789,110,27
2020-08-29,39143,540,78,20
2020-08-29,39145,383,41,6
2020-08-29,39149,439,33,10
2020-08-29,39151,2536,335,169
2020-08-29,39153,4651,672,256
2020-08-29,39155,1786,335,136
2020-08-29,39157,912,101,21
2020-08-29,39159,383,21,2
2020-08-29,39161,115,11,3
2020-08-29,39163,44,9,3
2020-08-29,39165,2459,210,52
2020-08-29,39169,846,81,69
2020-08-29,39171,165,11,3
2020-08-29,39173,1417,133,81
2020-08-30,39003,1242,177,71
2020-08-30,39005,199,24,5
2020-08-30,39007,658,101,48
2020-08-30,39009,418,23,2
2020-08-30,39011,481,46,14
2020-08-30,39015,234,22,4
2020-08-30,39017,4750,378,107
2020-08-30,39019,140,20,8
2020-08-30,39023,1506,125,42
2020-08-30,39025,1377,124,22
2020-08-30,39027,258,39,13
2020-08-30,39029,1884,212,83
2020-08-30,39031,240,30,11
2020-08-30,39035,16120,2529,665
2020-08-30,39037,660,68,43
2020-08-30,39039,235,41,10
2020-08-30,39041,1764,91,23
2020-08-30,39045,1880,149,54
2020-08-30,39047,203,22,6
2020-08-30,39049,23005,1921,632
2020-08-30,39051,200,18,1
2020-08-30,39053,162,31,13
2020-08-30,39055,633,103,48
2020-08-30,39057,1056,109,28
2020-08-30,39059,153,24,7
2020-08-30,39061,11682,1123,323
2020-08-30,39063,583,56,12
2020-08-30,39065,238,35,14
2020-08-30,39069,248,30,15
2020-08-30,39071,207,27,4
2020-08-30,39073,164,28,9
2020-08-30,39077,507,45,7
2020-08-30,39079,185,20,5
2020-08-30,39083,304,43,17
2020-08-30,39085,1391,158,50
2020-08-30,39087,480,62,20
2020-08-30,39089,1710,126,66
2020-08-30,39091,278,23,3
2020-08-30,39093,2189,242,89
2020-08-30,39095,6671,881,373
2020-08-30,39097,721,43,14
2020-08-30,39099,2929,460,284
2020-08-30,39101,3023,111,47
2020-08-30,39103,1278,112,40
2020-08-30,39105,136,17,9
2020-08-30,39107,935,103,21
2020-08-30,39109,1139,117,50
2020-08-30,39113,6502,791,166
2020-08-30,39119,327,34,2
2020-08-30,39127,252,24,10
2020-08-30,39129,2510,99,44
2020-08-30,39131,121,15,0
2020-08-30,39133,923,126,65
2020-08-30,39135,379,55,17
2020-08-30,39137,407,55,25
2020-08-30,39139,717,97,19
2020-08-30,39141,793,111,28
2020-08-30,39143,541,79,20
2020-08-30,39145,386,42,6
2020-08-30,39147,418,36,14
2020-08-30,39149,450,33,10
2020-08-30,39151,2548,335,169
2020-08-30,39153,4685,674,256
2020-08-30,39155,1791,335,136
2020-08-30,39157,916,101,21
2020-08-30,39159,388,21,2
2020-08-30,39161,116,11,3
2020-08-30,39165,2482,210,52
2020-08-30,39167,236,18,23
2020-08-30,39169,853,81,69
2020-08-30,39173,1430,135,81
2020-08-30,39175,201,17,15
2020-08-31,39003,1253,177,71
2020-08-31,39005,201,24,5
2020-08-31,39007,663,101,48
2020-08-31,39009,428,24,2
2020-08-31,39011,489,49,14
2020-08-31,39013,691,50,27
2020-08-31,39015,236,22,4
2020-08-31,39017,4873,379,109
2020-08-31,39019,141,20,8
2020-08-31,39021,272,25,3
2020-08-31,39023,1523,125,43
2020-08-31,39025,1391,124,22
2020-08-31,39027,261,40,13
2020-08-31,39029,1888,214,83
2020-08-31,39033,206,29,7
2020-08-31,39035,16214,2533,668
2020-08-31,39037,672,68,43
2020-08-31,39039,238,41,10
2020-08-31,39041,1793,91,23
2020-08-31,39043,923,131,52
2020-08-31,39045,1893,150,54
2020-08-31,39049,23350,1927,634
2020-08-31,39051,203,18,1
2020-08-31,39053,164,31,13
2020-08-31,39055,640,104,48
2020-08-31,39057,1086,113,30
2020-08-31,39059,154,24,7
2020-08-31,39061,11782,1127,324
2020-08-31,39063,593,57,14
2020-08-31,39069,254,30,15
2020-08-31,39071,208,27,4
2020-08-31,39075,360,34,7
2020-08-31,39077,510,45,7
2020-08-31,39079,187,20,5
2020-08-31,39081,294,56,5
2020-08-31,39083,309,45,17
2020-08-31,39085,1400,158,50
2020-08-31,39087,486,62,20
2020-08-31,39089,1724,127,66
2020-08-31,39091,280,23,3
2020-08-31,39093,2193,242,89
2020-08-31,39095,6715,881,374
2020-08-31,39097,728,43,14
2020-08-31,39099,2933,460,284
2020-08-31,39101,3024,111,47
2020-08-31,39103,1287,112,40
2020-08-31,39105,140,17,9
2020-08-31,39107,948,104,21
2020-08-31,39109,1155,119,51
2020-08-31,39113,6603,797,168
2020-08-31,39119,331,35,2
2020-08-31,39121,27,3,0
2020-08-31,39129,2515,100,44
2020-08-31,39133,934,127,66
2020-08-31,39135,381,55,17
2020-08-31,39137,420,55,25
2020-08-31,39139,721,98,19
2020-08-31,39141,806,114,29
2020-08-31,39143,543,80,20
2020-08-31,39145,389,43,6
2020-08-31,39147,421,36,14
2020-08-31,39149,467,33,10
2020-08-31,39151,2563,336,169
2020-08-31,39153,4722,678,256
2020-08-31,39155,1796,335,136
2020-08-31,39159,394,21,2
2020-08-31,39161,117,11,3
2020-08-31,39165,2514,212,52
2020-08-31,39169,863,81,69
2020-08-31,39171,166,11,3
2020-08-31,39173,1456,136,81
2020-08-31,39175,202,17,15
2020-09-01,39001,99,11,4
2020-09-01,39003,1267,178,72
2020-09-01,39005,202,24,5
2020-09-01,39009,438,24,2
2020-09-01,39011,497,49,14
2020-09-01,39013,693,50,27
2020-09-01,39015,238,22,4
2020-09-01,39017,4964,383,109
2020-09-01,39019,142,20,8
2020-09-01,39023,1558,125,43
2020-09-01,39025,1410,125,23
2020-09-01,39027,262,40,13
2020-09-01,39029,1900,214,83
2020-09-01,39035,16313,2539,669
2020-09-01,39037,681,68,43
2020-09-01,39039,242,42,11
2020-09-01,39041,1806,92,23
2020-09-01,39043,924,131,52
2020-09-01,39045,1909,151,54
2020-09-01,39047,205,22,6
2020-09-01,39049,23706,1939,636
2020-09-01,39051,204,18,1
2020-09-01,39055,647,104,48
2020-09-01,39057,1103,114,30
2020-09-01,39059,155,24,7
2020-09-01,39061,11874,1132,325
2020-09-01,39063,602,57,14
2020-09-01,39065,241,36,14
2020-09-01,39069,259,31,15
2020-09-01,39071,210,28,4
2020-09-01,39073,165,28,9
2020-09-01,39077,513,45,7
2020-09-01,39079,192,20,6
2020-09-01,39081,296,56,5
2020-09-01,39083,312,45,17
2020-09-01,39085,1431,161,53
2020-09-01,39087,496,63,21
2020-09-01,39089,1742,130,66
2020-09-01,39091,284,24,3
2020-09-01,39093,2207,242,89
2020-09-01,39095,6757,883,374
2020-09-01,39097,731,43,14
2020-09-01,39099,2938,461,284
2020-09-01,39101,3028,112,47
2020-09-01,39103,1300,113,40
2020-09-01,39105,142,17,9
2020-09-01,39107,956,104,21
2020-09-01,39109,1160,119,51
2020-09-01,39113,6699,805,170
2020-09-01,39115,52,2,2
2020-09-01,39119,335,36,2
2020-09-01,39123,470,51,30
2020-09-01,39125,102,12,0
2020-09-01,39127,254,24,10
2020-09-01,39129,2517,100,44
2020-09-01,39131,123,16,0
2020-09-01,39133,947,128,66
2020-09-01,39135,386,56,17
2020-09-01,39137,436,56,25
2020-09-01,39139,724,98,19
2020-09-01,39141,813,114,29
2020-09-01,39143,545,80,20
2020-09-01,39145,403,44,6
2020-09-01,39147,423,36,14
2020-09-01,39149,476,33,10
2020-09-01,39151,2584,338,170
2020-09-01,39153,4752,681,257
2020-09-01,39155,1800,336,136
2020-09-01,39157,920,102,21
2020-09-01,39159,397,21,2
2020-09-01,39161,118,11,3
2020-09-01,39165,2543,212,53
2020-09-01,39169,871,81,69
2020-09-01,39171,168,11,3
2020-09-01,39173,1478,137,81
2020-09-02,39001,100,11,4
2020-09-02,39003,1278,180,73
2020-09-02,39005,203,24,5
2020-09-02,39007,666,101,48
2020-09-02,39009,448,24,2
2020-09-02,39011,504,49,14
2020-09-02,39013,695,50,27
2020-09-02,39015,242,23,4
2020-09-02,39017,5071,387,110
2020-09-02,39019,143,20,8
2020-09-02,39021,274,25,3
2020-09-02,39023,1582,126,44
2020-09-02,39025,1425,126,24
2020-09-02,39027,263,40,13
2020-09-02,39033,210,29,7
2020-09-02,39035,16391,2547,673
2020-09-02,39037,685,69,43
2020-09-02,39039,251,42,11
2020-09-02,39041,1835,92,23
2020-09-02,39043,930,133,53
2020-09-02,39045,1923,153,54
2020-09-02,39047,208,22,6
2020-09-02,39049,23987,1947,636
2020-09-02,39051,206,19,1
2020-09-02,39055,658,105,48
2020-09-02,39057,1120,115,30
2020-09-02,39059,159,24,7
2020-09-02,39061,11959,1135,327
2020-09-02,39063,610,57,14
2020-09-02,39065,242,36,14
2020-09-02,39069,270,31,16
2020-09-02,39071,215,28,4
2020-09-02,39073,167,28,9
2020-09-02,39075,361,34,7
2020-09-02,39077,514,45,7
2020-09-02,39081,298,56,5
2020-09-02,39083,314,46,17
2020-09-02,39085,1457,162,54
2020-09-02,39087,501,64,22
2020-09-02,39089,1754,130,66
2020-09-02,39091,290,24,3
2020-09-02,39093,2213,243,89
2020-09-02,39095,6795,885,375
2020-09-02,39097,736,43,14
2020-09-02,39099,2944,462,284
2020-09-02,39101,3030,112,47
2020-09-02,39103,1311,113,40
2020-09-02,39105,156,18,12
2020-09-02,39107,966,106,22
2020-09-02,39109,1174,121,51
2020-09-02,39113,6779,815,172
2020-09-02,39117,245,22,2
2020-09-02,39119,338,36,2
2020-09-02,39123,472,51,30
2020-09-02,39127,256,24,10
2020-09-02,39129,2524,101,44
2020-09-02,39133,961,128,66
2020-09-02,39135,389,56,17
2020-09-02,39137,449,57,26
2020-09-02,39139,727,98,19
2020-09-02,39141,825,114,29
2020-09-02,39143,546,80,20
2020-09-02,39145,407,45,6
2020-09-02,39147,424,36,14
2020-09-02,39149,493,36,11
2020-09-02,39151,2605,339,171
2020-09-02,39153,4786,683,257
2020-09-02,39155,1804,336,136
2020-09-02,39157,922,102,21
2020-09-02,39159,408,21,2
2020-09-02,39161,120,11,3
2020-09-02,39165,2573,216,54
2020-09-02,39169,889,81,69
2020-09-02,39171,171,11,3
2020-09-02,39173,1499,138,81
2020-09-03,39003,1297,182,73
2020-09-03,39009,455,24,2
2020-09-03,39011,515,51,14
2020-09-03,39015,244,23,4
2020-09-03,39017,5171,388,110
2020-09-03,39021,276,26,3
2020-09-03,39023,1622,126,44
2020-09-03,39025,1443,129,25
2020-09-03,39027,267,40,13
2020-09-03,39029,1902,215,83
2020-09-03,39035,16467,2556,675
2020-09-03,39037,690,69,43
2020-09-03,39039,254,43,11
2020-09-03,39041,1857,92,23
2020-09-03,39043,935,134,53
2020-09-03,39045,1939,154,54
2020-09-03,39049,24212,1952,636
2020-09-03,39051,209,19,1
2020-09-03,39053,167,31,13
2020-09-03,39055,664,105,49
2020-09-03,39057,1148,117,30
2020-09-03,39061,12053,1138,327
2020-09-03,39063,617,57,14
2020-09-03,39065,243,36,14
2020-09-03,39069,275,32,18
2020-09-03,39071,216,28,4
2020-09-03,39073,170,28,9
2020-09-03,39075,364,35,7
2020-09-03,39077,520,45,7
2020-09-03,39081,303,56,5
2020-09-03,39083,315,46,17
2020-09-03,39085,1481,163,54
2020-09-03,39087,510,66,22
2020-09-03,39089,1764,132,66
2020-09-03,39091,291,24,3
2020-09-03,39093,2220,243,89
2020-09-03,39095,6827,888,377
2020-09-03,39097,744,43,14
2020-09-03,39099,2954,462,284
2020-09-03,39101,3032,112,47
2020-09-03,39103,1326,114,40
2020-09-03,39105,158,19,12
2020-09-03,39107,978,106,22
2020-09-03,39109,1179,121,51
2020-09-03,39111,107,16,18
2020-09-03,39113,6840,823,172
2020-09-03,39119,341,38,2
2020-09-03,39127,258,24,10
2020-09-03,39129,2526,101,44
2020-09-03,39131,125,16,0
2020-09-03,39133,971,129,66
2020-09-03,39135,394,59,17
2020-09-03,39137,460,58,26
2020-09-03,39139,728,98,19
2020-09-03,39141,832,115,29
2020-09-03,39143,549,80,20
2020-09-03,39145,411,46,7
2020-09-03,39147,426,36,14
2020-09-03,39149,502,36,12
2020-09-03,39151,2620,340,171
2020-09-03,39153,4821,687,257
2020-09-03,39155,1809,336,136
2020-09-03,39159,418,21,2
2020-09-03,39161,125,11,3
2020-09-03,39163,45,9,3
2020-09-03,39165,2613,217,54
2020-09-03,39167,238,18,23
2020-09-03,39169,898,82,69
2020-09-03,39171,174,12,3
2020-09-03,39173,1518,140,81
2020-09-04,39001,101,12,4
2020-09-04,39003,1307,184,73
2020-09-04,39005,206,25,5
2020-09-04,39007,667,101,48
2020-09-04,39009,466,25,2
2020-09-04,39011,524,51,15
2020-09-04,39015,249,24,4
2020-09-04,39017,5268,392,111
2020-09-04,39019,148,20,8
2020-09-04,39021,277,26,3
2020-09-04,39023,1633,126,44
2020-09-04,39025,1470,133,28
2020-09-04,39027,268,40,13
2020-09-04,39029,1912,215,83
2020-09-04,39033,211,29,7
2020-09-04,39035,16539,2558,676
2020-09-04,39037,698,70,43
2020-09-04,39039,258,44,11
2020-09-04,39041,1872,92,23
2020-09-04,39045,1959,155,55
2020-09-04,39047,210,23,6
2020-09-04,39049,24439,1957,637
2020-09-04,39051,213,19,1
2020-09-04,39053,170,31,13
2020-09-04,39055,667,105,49
2020-09-04,39057,1164,119,32
2020-09-04,39061,12140,1140,329
2020-09-04,39063,624,57,14
2020-09-04,39065,244,36,14
2020-09-04,39067,32,5,1
2020-09-04,39069,279,32,18
2020-09-04,39071,218,29,5
2020-09-04,39073,171,28,9
2020-09-04,39075,365,35,7
2020-09-04,39077,524,45,7
2020-09-04,39079,195,21,6
2020-09-04,39081,306,56,5
2020-09-04,39085,1491,164,54
2020-09-04,39087,517,68,22
2020-09-04,39089,1776,132,66
2020-09-04,39091,295,24,3
2020-09-04,39093,2222,244,89
2020-09-04,39095,6855,892,377
2020-09-04,39097,748,43,14
2020-09-04,39099,2959,462,284
2020-09-04,39103,1337,117,40
2020-09-04,39105,160,19,12
2020-09-04,39107,990,108,22
2020-09-04,39109,1207,123,52
2020-09-04,39113,6921,833,174
2020-09-04,39119,347,39,2
2020-09-04,39123,475,51,30
2020-09-04,39127,261,25,11
2020-09-04,39129,2534,101,44
2020-09-04,39131,128,16,0
2020-09-04,39133,986,132,66
2020-09-04,39135,399,60,17
2020-09-04,39137,472,60,27
2020-09-04,39139,734,99,19
2020-09-04,39141,838,118,30
2020-09-04,39145,412,47,7
2020-09-04,39147,430,36,14
2020-09-04,39149,518,36,12
2020-09-04,39151,2650,341,175
2020-09-04,39153,4850,689,257
2020-09-04,39155,1820,337,136
2020-09-04,39159,421,21,2
2020-09-04,39161,127,12,3
2020-09-04,39165,2656,223,58
2020-09-04,39167,240,18,23
2020-09-04,39169,908,83,69
2020-09-04,39171,176,12,3
2020-09-04,39173,1533,142,81
2020-09-05,39003,1313,184,73
2020-09-05,39005,207,25,5
2020-09-05,39009,476,25,2
2020-09-05,39011,530,51,15
2020-09-05,39013,696,50,27
2020-09-05,39017,5319,395,111
2020-09-05,39019,149,21,8
2020-09-05,39023,1647,126,44
2020-09-05,39025,1476,133,28
2020-09-05,39027,272,40,13
2020-09-05,39029,1916,216,83
2020-09-05,39035,16602,2561,678
2020-09-05,39037,700,70,44
2020-09-05,39039,260,45,12
2020-09-05,39041,1882,92,23
2020-09-05,39043,937,134,53
2020-09-05,39045,1969,158,55
2020-09-05,39047,211,23,6
2020-09-05,39049,24578,1961,638
2020-09-05,39053,171,31,13
2020-09-05,39055,673,105,49
2020-09-05,39057,1170,119,32
2020-09-05,39059,160,24,7
2020-09-05,39061,12190,1140,329
2020-09-05,39063,630,57,14
2020-09-05,39065,245,36,14
2020-09-05,39075,367,35,7
2020-09-05,39079,196,22,6
2020-09-05,39085,1499,164,54
2020-09-05,39087,522,69,22
2020-09-05,39089,1784,132,66
2020-09-05,39091,296,24,3
2020-09-05,39093,2224,245,89
2020-09-05,39095,6884,894,377
2020-09-05,39097,752,43,14
2020-09-05,39099,2964,464,284
2020-09-05,39101,3034,112,47
2020-09-05,39103,1348,117,40
2020-09-05,39105,161,19,12
2020-09-05,39107,1003,110,23
2020-09-05,39109,1217,123,52
2020-09-05,39113,6961,839,175
2020-09-05,39119,349,39,2
2020-09-05,39125,103,12,0
2020-09-05,39127,263,26,11
2020-09-05,39129,2536,101,44
2020-09-05,39131,129,16,0
2020-09-05,39133,993,132,66
2020-09-05,39135,403,61,17
2020-09-05,39137,481,60,27
2020-09-05,39139,739,100,19
2020-09-05,39141,847,118,30
2020-09-05,39143,551,80,20
2020-09-05,39145,413,47,7
2020-09-05,39147,433,37,14
2020-09-05,39149,528,38,13
2020-09-05,39151,2661,341,176
2020-09-05,39153,4875,692,257
2020-09-05,39155,1825,337,136
2020-09-05,39157,923,102,21
2020-09-05,39159,429,21,2
2020-09-05,39165,2673,223,58
2020-09-05,39167,242,18,23
2020-09-05,39169,914,83,69
2020-09-05,39171,178,13,3
2020-09-05,39173,1555,145,82
2020-09-05,39175,203,17,15
2020-09-06,39001,102,12,4
2020-09-06,39003,1326,186,73
2020-09-06,39005,208,25,5
2020-09-06,39007,668,101,48
2020-09-06,39009,487,25,2
2020-09-06,39011,532,51,15
2020-09-06,39015,251,24,4
2020-09-06,39017,5368,397,112
2020-09-06,39019,150,21,8
2020-09-06,39021,281,26,3
2020-09-06,39023,1660,126,44
2020-09-06,39025,1493,134,29
2020-09-06,39027,274,40,13
2020-09-06,39029,1917,216,83
2020-09-06,39033,212,29,7
2020-09-06,39035,16660,2568,678
2020-09-06,39037,705,71,44
2020-09-06,39039,265,45,12
2020-09-06,39041,1893,92,23
2020-09-06,39043,939,134,53
2020-09-06,39045,1980,161,55
2020-09-06,39047,212,23,6
2020-09-06,39049,24704,1966,638
2020-09-06,39051,214,19,1
2020-09-06,39053,174,31,13
2020-09-06,39055,674,105,49
2020-09-06,39057,1178,121,32
2020-09-06,39059,161,24,7
2020-09-06,39061,12239,1141,330
2020-09-06,39063,634,57,14
2020-09-06,39067,41,7,2
2020-09-06,39069,288,34,19
2020-09-06,39071,220,29,5
2020-09-06,39073,173,28,9
2020-09-06,39075,368,35,8
2020-09-06,39077,526,45,7
2020-09-06,39079,197,22,6
2020-09-06,39085,1501,164,54
2020-09-06,39087,525,71,22
2020-09-06,39089,1792,132,66
2020-09-06,39091,299,25,3
2020-09-06,39093,2229,245,89
2020-09-06,39095,6910,894,377
2020-09-06,39099,2966,464,284
2020-09-06,39101,3035,112,47
2020-09-06,39103,1355,117,40
2020-09-06,39107,1007,111,23
2020-09-06,39109,1226,124,52
2020-09-06,39111,108,16,18
2020-09-06,39113,7002,841,175
2020-09-06,39119,354,39,2
2020-09-06,39129,2537,101,44
2020-09-06,39131,130,16,0
2020-09-06,39133,997,132,66
2020-09-06,39135,405,63,17
2020-09-06,39137,485,60,27
2020-09-06,39139,742,102,19
2020-09-06,39141,851,118,30
2020-09-06,39145,419,48,7
2020-09-06,39147,434,37,14
2020-09-06,39149,533,39,14
2020-09-06,39151,2672,341,177
2020-09-06,39153,4893,693,257
2020-09-06,39155,1826,338,136
2020-09-06,39157,924,102,21
2020-09-06,39159,435,21,2
2020-09-06,39161,130,12,3
2020-09-06,39163,46,9,3
2020-09-06,39165,2698,226,59
2020-09-06,39167,243,18,23
2020-09-06,39169,918,83,69
2020-09-06,39173,1567,146,82
2020-09-06,39175,204,17,15
2020-09-07,39001,103,12,4
2020-09-07,39003,1338,187,73
2020-09-07,39005,212,25,5
2020-09-07,39007,669,101,48
2020-09-07,39009,502,25,2
2020-09-07,39011,537,51,16
2020-09-07,39013,698,50,27
2020-09-07,39015,257,24,4
2020-09-07,39017,5425,398,113
2020-09-07,39021,284,26,3
2020-09-07,39023,1673,127,44
2020-09-07,39025,1502,134,29
2020-09-07,39027,275,40,13
2020-09-07,39029,1927,217,84
2020-09-07,39031,242,30,11
2020-09-07,39035,16709,2572,679
2020-09-07,39037,713,72,44
2020-09-07,39039,266,45,12
2020-09-07,39041,1915,92,24
2020-09-07,39045,1997,162,55
2020-09-07,39047,213,24,6
2020-09-07,39049,24883,1972,638
2020-09-07,39051,217,19,1
2020-09-07,39053,178,31,13
2020-09-07,39055,677,105,49
2020-09-07,39057,1197,123,32
2020-09-07,39061,12298,1144,331
2020-09-07,39063,641,57,14
2020-09-07,39065,247,36,14
2020-09-07,39067,43,9,3
2020-09-07,39069,289,35,19
2020-09-07,39075,369,35,8
2020-09-07,39077,527,45,7
2020-09-07,39079,198,23,6
2020-09-07,39083,316,46,17
2020-09-07,39085,1504,164,55
2020-09-07,39087,532,72,22
2020-09-07,39089,1805,135,67
2020-09-07,39091,302,25,3
2020-09-07,39093,2236,248,89
2020-09-07,39095,6931,897,377
2020-09-07,39099,2970,466,284
2020-09-07,39101,3036,113,47
2020-09-07,39103,1361,118,40
2020-09-07,39107,1014,111,23
2020-09-07,39109,1246,125,53
2020-09-07,39113,7060,846,176
2020-09-07,39117,247,22,2
2020-09-07,39119,358,40,3
2020-09-07,39127,266,26,11
2020-09-07,39129,2538,101,44
2020-09-07,39131,133,16,0
2020-09-07,39133,1006,133,66
2020-09-07,39135,408,63,17
2020-09-07,39137,494,60,27
2020-09-07,39139,746,102,19
2020-09-07,39141,853,119,30
2020-09-07,39143,552,80,20
2020-09-07,39145,426,48,7
2020-09-07,39147,436,37,14
2020-09-07,39149,548,41,15
2020-09-07,39151,2693,341,179
2020-09-07,39153,4920,696,257
2020-09-07,39155,1829,338,136
2020-09-07,39159,442,21,2
2020-09-07,39165,2723,227,59
2020-09-07,39167,247,19,23
2020-09-07,39169,923,84,69
2020-09-07,39171,179,13,3
2020-09-07,39173,1582,147,83
2020-09-08,39003,1344,188,73
2020-09-08,39005,215,25,5
2020-09-08,39009,523,25,2
2020-09-08,39011,547,51,16
2020-09-08,39013,700,50,27
2020-09-08,39015,260,25,4
2020-09-08,39017,5498,401,114
2020-09-08,39019,153,21,8
2020-09-08,39021,289,26,3
2020-09-08,39023,1688,127,44
2020-09-08,39025,1526,135,29
2020-09-08,39027,278,41,13
2020-09-08,39029,1931,217,84
2020-09-08,39031,244,30,11
2020-09-08,39033,214,29,7
2020-09-08,39035,16795,2574,679
2020-09-08,39037,719,73,44
2020-09-08,39039,272,47,12
2020-09-08,39041,1955,92,24
2020-09-08,39043,942,134,53
2020-09-08,39045,2013,163,55
2020-09-08,39047,217,25,6
2020-09-08,39049,25154,1980,639
2020-09-08,39051,222,19,1
2020-09-08,39053,179,31,13
2020-09-08,39055,684,105,49
2020-09-08,39057,1227,126,32
2020-09-08,39059,163,25,8
2020-09-08,39061,12393,1145,332
2020-09-08,39063,648,57,15
2020-09-08,39067,46,10,3
2020-09-08,39069,298,37,20
2020-09-08,39075,373,35,8
2020-09-08,39077,530,45,7
2020-09-08,39079,206,24,7
2020-09-08,39081,309,57,5
2020-09-08,39083,322,46,17
2020-09-08,39085,1519,164,55
2020-09-08,39087,541,73,23
2020-09-08,39089,1815,135,67
2020-09-08,39091,306,25,3
2020-09-08,39093,2245,250,89
2020-09-08,39095,6967,900,379
2020-09-08,39097,760,45,14
2020-09-08,39099,2977,467,285
2020-09-08,39101,3042,113,47
2020-09-08,39103,1374,118,40
2020-09-08,39105,162,19,12
2020-09-08,39107,1029,111,23
2020-09-08,39109,1265,125,54
2020-09-08,39113,7130,858,178
2020-09-08,39119,363,41,3
2020-09-08,39123,476,51,30
2020-09-08,39125,105,12,0
2020-09-08,39127,268,27,11
2020-09-08,39129,2545,102,44
2020-09-08,39133,1021,133,66
2020-09-08,39135,410,63,17
2020-09-08,39137,507,61,27
2020-09-08,39139,751,102,19
2020-09-08,39141,857,119,30
2020-09-08,39143,554,80,20
2020-09-08,39145,432,48,7
2020-09-08,39147,442,37,14
2020-09-08,39149,556,43,15
2020-09-08,39151,2720,342,179
2020-09-08,39153,4959,700,258
2020-09-08,39155,1838,339,136
2020-09-08,39157,930,104,21
2020-09-08,39159,450,21,2
2020-09-08,39161,131,12,3
2020-09-08,39165,2759,228,59
2020-09-08,39167,248,19,23
2020-09-08,39169,928,84,69
2020-09-08,39171,181,13,3
2020-09-08,39173,1597,148,84
2020-09-09,39003,1363,189,73
2020-09-09,39005,219,25,5
2020-09-09,39007,671,101,48
2020-09-09,39009,543,26,2
2020-09-09,39011,558,51,17
2020-09-09,39013,703,50,27
2020-09-09,39015,274,25,4
2020-09-09,39017,5556,402,115
2020-09-09,39019,154,21,8
2020-09-09,39021,292,26,3
2020-09-09,39023,1705,127,45
2020-09-09,39025,1550,136,32
2020-09-09,39027,279,41,13
2020-09-09,39029,1933,217,84
2020-09-09,39031,246,30,11
2020-09-09,39035,16873,2575,680
2020-09-09,39037,728,75,45
2020-09-09,39039,274,47,12
2020-09-09,39041,2000,92,25
2020-09-09,39043,959,135,54
2020-09-09,39045,2027,164,55
2020-09-09,39047,218,25,6
2020-09-09,39049,25405,1989,640
2020-09-09,39051,223,20,1
2020-09-09,39053,180,31,13
2020-09-09,39055,688,105,49
2020-09-09,39057,1245,127,33
2020-09-09,39059,165,25,8
2020-09-09,39061,12487,1145,332
2020-09-09,39063,656,57,15
2020-09-09,39065,248,36,14
2020-09-09,39067,58,10,3
2020-09-09,39069,300,38,20
2020-09-09,39071,221,29,5
2020-09-09,39075,374,35,8
2020-09-09,39077,531,45,7
2020-09-09,39081,311,57,5
2020-09-09,39083,324,46,17
2020-09-09,39085,1544,164,57
2020-09-09,39087,548,74,23
2020-09-09,39089,1827,135,67
2020-09-09,39091,309,25,3
2020-09-09,39093,2248,251,89
2020-09-09,39095,7015,900,379
2020-09-09,39097,764,45,14
2020-09-09,39099,2986,471,286
2020-09-09,39101,3043,113,47
2020-09-09,39103,1384,119,40
2020-09-09,39105,163,19,12
2020-09-09,39107,1039,112,24
2020-09-09,39109,1292,128,54
2020-09-09,39113,7228,867,180
2020-09-09,39117,248,22,2
2020-09-09,39119,369,42,4
2020-09-09,39123,479,51,30
2020-09-09,39125,106,12,0
2020-09-09,39127,271,28,11
2020-09-09,39129,2553,102,44
2020-09-09,39131,135,16,0
2020-09-09,39133,1030,133,66
2020-09-09,39135,414,63,17
2020-09-09,39137,513,63,29
2020-09-09,39139,754,102,19
2020-09-09,39141,862,120,30
2020-09-09,39143,558,80,20
2020-09-09,39145,439,50,7
2020-09-09,39147,450,38,14
2020-09-09,39149,561,43,15
2020-09-09,39151,2743,343,179
2020-09-09,39153,4994,703,259
2020-09-09,39155,1848,340,136
2020-09-09,39157,938,105,21
2020-09-09,39159,458,21,2
2020-09-09,39161,132,12,3
2020-09-09,39165,2788,231,59
2020-09-09,39169,939,84,69
2020-09-09,39171,184,14,3
2020-09-09,39173,1615,150,85
2020-09-09,39175,207,17,15
2020-09-10,39001,109,12,4
2020-09-10,39003,1371,190,73
2020-09-10,39005,225,25,5
2020-09-10,39007,674,101,48
2020-09-10,39009,561,26,2
2020-09-10,39011,566,51,17
2020-09-10,39015,277,25,4
2020-09-10,39017,5632,404,119
2020-09-10,39021,294,26,3
2020-09-10,39023,1721,128,46
2020-09-10,39025,1571,139,34
2020-09-10,39027,281,41,13
2020-09-10,39029,1939,217,84
2020-09-10,39031,247,30,11
2020-09-10,39033,215,29,7
2020-09-10,39035,16948,2579,681
2020-09-10,39037,737,75,45
2020-09-10,39039,278,47,12
2020-09-10,39041,2032,92,25
2020-09-10,39043,961,135,54
2020-09-10,39045,2042,167,55
2020-09-10,39047,220,25,6
2020-09-10,39049,25600,1992,641
2020-09-10,39051,226,20,1
2020-09-10,39053,182,31,13
2020-09-10,39055,694,105,49
2020-09-10,39057,1261,128,33
2020-09-10,39059,167,25,8
2020-09-10,39061,12565,1149,333
2020-09-10,39063,661,59,16
2020-09-10,39065,250,36,14
2020-09-10,39067,59,10,3
2020-09-10,39069,302,38,20
2020-09-10,39071,223,29,5
2020-09-10,39073,175,28,9
2020-09-10,39077,535,45,7
2020-09-10,39079,210,25,8
2020-09-10,39081,312,57,5
2020-09-10,39085,1559,165,58
2020-09-10,39087,560,75,24
2020-09-10,39089,1842,135,67
2020-09-10,39091,313,25,3
2020-09-10,39093,2253,251,89
2020-09-10,39095,7039,900,379
2020-09-10,39097,770,45,14
2020-09-10,39099,2996,475,286
2020-09-10,39101,3044,113,47
2020-09-10,39103,1392,119,40
2020-09-10,39105,168,19,12
2020-09-10,39107,1049,112,25
2020-09-10,39109,1308,128,54
2020-09-10,39113,7311,875,182
2020-09-10,39117,250,22,2
2020-09-10,39119,372,43,4
2020-09-10,39125,108,12,0
2020-09-10,39127,272,28,11
2020-09-10,39129,2559,102,45
2020-09-10,39131,142,17,0
2020-09-10,39133,1037,134,66
2020-09-10,39135,417,64,18
2020-09-10,39137,524,65,29
2020-09-10,39139,758,102,19
2020-09-10,39141,867,120,30
2020-09-10,39143,561,80,20
2020-09-10,39145,447,50,7
2020-09-10,39147,455,39,14
2020-09-10,39149,578,43,16
2020-09-10,39151,2762,345,180
2020-09-10,39153,5035,705,259
2020-09-10,39155,1855,340,136
2020-09-10,39157,943,105,21
2020-09-10,39159,461,21,2
2020-09-10,39165,2836,235,61
2020-09-10,39167,250,19,23
2020-09-10,39169,942,84,69
2020-09-10,39171,185,14,3
2020-09-10,39173,1630,151,86
2020-09-10,39175,209,17,15
2020-09-11,39001,115,12,4
2020-09-11,39003,1377,191,73
2020-09-11,39005,228,26,5
2020-09-11,39007,678,101,48
2020-09-11,39009,581,26,2
2020-09-11,39011,573,53,18
2020-09-11,39013,704,50,27
2020-09-11,39015,279,25,4
2020-09-11,39017,5686,405,119
2020-09-11,39023,1732,128,46
2020-09-11,39025,1589,141,34
2020-09-11,39027,284,41,13
2020-09-11,39029,1941,217,84
2020-09-11,39035,17016,2583,682
2020-09-11,39037,750,75,45
2020-09-11,39039,282,50,12
2020-09-11,39041,2065,92,25
2020-09-11,39043,963,135,54
2020-09-11,39045,2057,168,55
2020-09-11,39047,222,25,6
2020-09-11,39049,25767,1999,641
2020-09-11,39051,228,20,1
2020-09-11,39053,184,31,13
2020-09-11,39055,698,105,49
2020-09-11,39057,1283,131,34
2020-09-11,39061,12653,1155,334
2020-09-11,39063,670,61,16
2020-09-11,39065,252,36,14
2020-09-11,39067,60,10,3
2020-09-11,39069,303,38,20
2020-09-11,39071,224,29,5
2020-09-11,39073,176,28,9
2020-09-11,39077,537,45,7
2020-09-11,39079,212,25,8
2020-09-11,39081,316,57,5
2020-09-11,39083,325,46,17
2020-09-11,39085,1564,165,58
2020-09-11,39087,569,77,25
2020-09-11,39089,1853,137,67
2020-09-11,39091,315,25,3
2020-09-11,39093,2260,251,89
2020-09-11,39095,7061,901,380
2020-09-11,39099,3001,475,287
2020-09-11,39101,3046,114,47
2020-09-11,39103,1404,120,40
2020-09-11,39107,1063,112,25
2020-09-11,39109,1327,128,54
2020-09-11,39113,7374,878,182
2020-09-11,39117,252,22,2
2020-09-11,39119,374,43,4
2020-09-11,39125,109,13,0
2020-09-11,39129,2617,102,45
2020-09-11,39131,146,17,0
2020-09-11,39133,1049,135,66
2020-09-11,39135,421,65,18
2020-09-11,39137,528,65,29
2020-09-11,39139,765,102,19
2020-09-11,39141,872,121,30
2020-09-11,39143,564,80,20
2020-09-11,39145,455,50,7
2020-09-11,39147,459,40,14
2020-09-11,39149,587,43,16
2020-09-11,39151,2790,348,181
2020-09-11,39153,5072,708,260
2020-09-11,39155,1862,340,136
2020-09-11,39157,944,105,21
2020-09-11,39159,462,21,2
2020-09-11,39161,136,12,3
2020-09-11,39163,47,9,3
2020-09-11,39165,2885,238,61
2020-09-11,39167,251,19,23
2020-09-11,39169,946,84,69
2020-09-11,39171,190,14,3
2020-09-11,39173,1648,151,86
2020-09-12,39001,119,12,4
2020-09-12,39003,1382,191,73
2020-09-12,39005,231,27,5
2020-09-12,39007,681,101,48
2020-09-12,39009,595,28,2
2020-09-12,39011,576,53,18
2020-09-12,39013,706,50,27
2020-09-12,39017,5713,406,120
2020-09-12,39021,295,26,3
2020-09-12,39023,1737,128,46
2020-09-12,39025,1605,141,34
2020-09-12,39027,286,42,13
2020-09-12,39029,1945,217,84
2020-09-12,39035,17058,2586,682
2020-09-12,39039,286,51,13
2020-09-12,39041,2094,92,25
2020-09-12,39043,967,136,54
2020-09-12,39045,2075,168,55
2020-09-12,39047,224,26,6
2020-09-12,39049,25904,2005,642
2020-09-12,39051,231,21,1
2020-09-12,39055,700,105,49
2020-09-12,39057,1296,133,34
2020-09-12,39059,168,25,8
2020-09-12,39061,12716,1158,334
2020-09-12,39063,673,61,16
2020-09-12,39065,254,36,14
2020-09-12,39069,304,38,20
2020-09-12,39071,225,29,5
2020-09-12,39075,376,35,8
2020-09-12,39077,538,45,7
2020-09-12,39079,215,25,8
2020-09-12,39081,319,57,5
2020-09-12,39083,326,46,17
2020-09-12,39085,1567,166,58
2020-09-12,39087,573,77,25
2020-09-12,39089,1859,137,67
2020-09-12,39093,2263,251,89
2020-09-12,39095,7087,901,380
2020-09-12,39097,775,45,14
2020-09-12,39099,3010,476,287
2020-09-12,39101,3051,114,47
2020-09-12,39103,1415,121,41
2020-09-12,39107,1068,113,25
2020-09-12,39109,1337,128,54
2020-09-12,39113,7417,886,183
2020-09-12,39119,375,43,4
2020-09-12,39121,28,3,0
2020-09-12,39127,274,28,11
2020-09-12,39129,2625,103,45
2020-09-12,39131,149,17,0
2020-09-12,39133,1061,137,66
2020-09-12,39135,422,65,18
2020-09-12,39137,536,66,29
2020-09-12,39139,773,103,19
2020-09-12,39141,875,122,30
2020-09-12,39143,565,80,20
2020-09-12,39145,457,50,7
2020-09-12,39147,461,40,14
2020-09-12,39149,593,43,16
2020-09-12,39151,2808,350,181
2020-09-12,39153,5102,711,260
2020-09-12,39155,1866,340,136
2020-09-12,39157,949,106,22
2020-09-12,39159,466,21,2
2020-09-12,39165,2904,239,61
2020-09-12,39169,949,84,69
2020-09-12,39171,191,14,3
2020-09-12,39173,1664,152,86
2020-09-13,39003,1393,192,73
2020-09-13,39005,235,28,5
2020-09-13,39007,683,101,48
2020-09-13,39009,604,28,2
2020-09-13,39011,579,54,18
2020-09-13,39017,5737,407,120
2020-09-13,39019,155,21,8
2020-09-13,39021,297,26,3
2020-09-13,39023,1742,129,46
2020-09-13,39025,1619,144,34
2020-09-13,39035,17092,2588,682
2020-09-13,39037,751,75,45
2020-09-13,39039,289,51,13
2020-09-13,39041,2122,94,25
2020-09-13,39045,2080,170,55
2020-09-13,39047,225,27,6
2020-09-13,39049,25995,2009,643
2020-09-13,39053,185,31,13
2020-09-13,39057,1313,134,35
2020-09-13,39059,170,26,8
2020-09-13,39061,12766,1162,336
2020-09-13,39063,676,61,16
2020-09-13,39069,305,38,20
2020-09-13,39075,382,35,8
2020-09-13,39077,539,45,7
2020-09-13,39079,217,25,8
2020-09-13,39083,327,47,17
2020-09-13,39085,1573,166,58
2020-09-13,39087,577,77,25
2020-09-13,39089,1869,138,68
2020-09-13,39091,320,25,3
2020-09-13,39093,2270,254,90
2020-09-13,39095,7100,904,381
2020-09-13,39097,778,45,14
2020-09-13,39099,3017,477,287
2020-09-13,39101,3055,114,47
2020-09-13,39103,1421,121,41
2020-09-13,39105,169,19,12
2020-09-13,39107,1074,113,25
2020-09-13,39109,1348,129,54
2020-09-13,39113,7451,893,184
2020-09-13,39119,380,43,4
2020-09-13,39127,281,30,11
2020-09-13,39131,152,17,0
2020-09-13,39133,1073,137,66
2020-09-13,39135,426,68,18
2020-09-13,39137,542,66,29
2020-09-13,39139,777,104,19
2020-09-13,39141,878,123,30
2020-09-13,39143,566,80,20
2020-09-13,39145,463,50,7
2020-09-13,39147,463,41,14
2020-09-13,39149,600,43,16
2020-09-13,39151,2833,353,181
2020-09-13,39153,5130,712,260
2020-09-13,39155,1869,340,136
2020-09-13,39157,953,109,22
2020-09-13,39159,471,21,2
2020-09-13,39163,48,9,3
2020-09-13,39165,2922,241,61
2020-09-13,39167,253,19,23
2020-09-13,39169,952,84,69
2020-09-13,39171,194,16,4
2020-09-13,39173,1681,152,86
2020-09-13,39175,211,17,15
2020-09-14,39001,122,12,4
2020-09-14,39003,1407,194,73
2020-09-14,39005,242,28,5
2020-09-14,39007,684,101,48
2020-09-14,39009,618,28,2
2020-09-14,39011,588,55,18
2020-09-14,39013,708,50,27
2020-09-14,39015,282,25,4
2020-09-14,39017,5785,411,120
2020-09-14,39021,299,26,3
2020-09-14,39023,1751,129,46
2020-09-14,39025,1646,148,36
2020-09-14,39027,289,42,13
2020-09-14,39029,1948,217,84
2020-09-14,39033,221,29,7
2020-09-14,39035,17170,2591,682
2020-09-14,39037,760,76,45
2020-09-14,39039,292,51,13
2020-09-14,39041,2153,94,25
2020-09-14,39043,971,136,54
2020-09-14,39045,2095,171,55
2020-09-14,39047,228,27,6
2020-09-14,39049,26233,2018,646
2020-09-14,39051,235,22,1
2020-09-14,39053,186,31,13
2020-09-14,39055,706,105,50
2020-09-14,39057,1330,134,35
2020-09-14,39061,12856,1165,338
2020-09-14,39063,686,61,17
2020-09-14,39067,62,10,3
2020-09-14,39069,310,39,20
2020-09-14,39071,227,30,5
2020-09-14,39073,177,28,9
2020-09-14,39075,385,36,8
2020-09-14,39079,224,26,8
2020-09-14,39081,321,57,5
2020-09-14,39083,330,47,17
2020-09-14,39085,1592,170,59
2020-09-14,39087,587,78,25
2020-09-14,39089,1890,141,68
2020-09-14,39091,322,25,3
2020-09-14,39093,2274,254,90
2020-09-14,39095,7136,907,383
2020-09-14,39097,786,45,14
2020-09-14,39099,3028,479,287
2020-09-14,39101,3061,115,47
2020-09-14,39103,1429,121,41
2020-09-14,39107,1090,115,25
2020-09-14,39109,1360,129,54
2020-09-14,39113,7520,902,185
2020-09-14,39115,53,2,2
2020-09-14,39117,256,22,2
2020-09-14,39119,384,44,4
2020-09-14,39121,29,3,0
2020-09-14,39123,480,51,30
2020-09-14,39125,111,13,0
2020-09-14,39127,288,31,11
2020-09-14,39129,2627,103,45
2020-09-14,39131,157,17,0
2020-09-14,39133,1085,138,66
2020-09-14,39135,427,68,18
2020-09-14,39137,549,67,29
2020-09-14,39139,781,105,19
2020-09-14,39141,884,124,30
2020-09-14,39145,466,50,7
2020-09-14,39147,476,41,14
2020-09-14,39149,608,44,17
2020-09-14,39151,2862,355,181
2020-09-14,39153,5173,714,260
2020-09-14,39155,1876,341,136
2020-09-14,39157,956,109,22
2020-09-14,39159,479,21,2
2020-09-14,39161,140,12,3
2020-09-14,39165,2942,243,61
2020-09-14,39167,255,19,23
2020-09-14,39169,954,84,69
2020-09-14,39171,198,16,4
2020-09-14,39173,1725,156,86
2020-09-14,39175,212,17,15
2020-09-15,39001,123,13,4
2020-09-15,39003,1410,194,73
2020-09-15,39005,246,29,5
2020-09-15,39007,689,101,48
2020-09-15,39009,623,28,2
2020-09-15,39011,601,56,19
2020-09-15,39013,711,51,27
2020-09-15,39015,287,25,4
2020-09-15,39017,5831,411,120
2020-09-15,39021,301,26,3
2020-09-15,39023,1759,129,47
2020-09-15,39025,1665,150,36
2020-09-15,39027,290,43,13
2020-09-15,39029,1952,217,84
2020-09-15,39033,223,29,7
2020-09-15,39035,17237,2593,683
2020-09-15,39037,763,76,45
2020-09-15,39039,297,51,13
2020-09-15,39041,2169,94,25
2020-09-15,39043,974,136,54
2020-09-15,39045,2111,172,55
2020-09-15,39047,229,27,6
2020-09-15,39049,26403,2027,646
2020-09-15,39051,236,22,1
2020-09-15,39053,189,32,13
2020-09-15,39055,707,105,50
2020-09-15,39057,1342,136,36
2020-09-15,39059,172,26,8
2020-09-15,39061,12937,1167,338
2020-09-15,39063,693,62,17
2020-09-15,39065,255,36,14
2020-09-15,39067,63,10,3
2020-09-15,39069,312,39,20
2020-09-15,39071,229,30,5
2020-09-15,39073,179,28,9
2020-09-15,39075,389,36,8
2020-09-15,39077,546,45,7
2020-09-15,39079,231,27,8
2020-09-15,39081,323,57,5
2020-09-15,39083,331,47,17
2020-09-15,39085,1604,170,59
2020-09-15,39087,594,80,25
2020-09-15,39089,1904,142,68
2020-09-15,39091,325,25,3
2020-09-15,39093,2280,254,90
2020-09-15,39095,7170,909,383
2020-09-15,39097,791,45,14
2020-09-15,39099,3037,481,288
2020-09-15,39101,3063,115,47
2020-09-15,39103,1434,121,41
2020-09-15,39105,170,19,12
2020-09-15,39107,1102,117,26
2020-09-15,39109,1379,130,54
2020-09-15,39113,7596,912,187
2020-09-15,39119,393,46,4
2020-09-15,39125,113,14,0
2020-09-15,39127,290,31,11
2020-09-15,39129,2629,103,45
2020-09-15,39131,168,17,0
2020-09-15,39133,1102,138,66
2020-09-15,39135,431,70,18
2020-09-15,39137,565,69,29
2020-09-15,39139,793,107,19
2020-09-15,39141,887,124,30
2020-09-15,39143,569,81,21
2020-09-15,39145,471,50,7
2020-09-15,39147,490,41,14
2020-09-15,39149,617,44,17
2020-09-15,39151,2883,355,181
2020-09-15,39153,5211,717,262
2020-09-15,39155,1879,342,136
2020-09-15,39157,959,109,22
2020-09-15,39159,488,21,2
2020-09-15,39165,2987,244,64
2020-09-15,39167,256,19,23
2020-09-15,39169,959,84,69
2020-09-15,39171,200,17,4
2020-09-15,39173,1755,158,86
2020-09-15,39175,213,17,15
2020-09-16,39001,125,13,4
2020-09-16,39003,1427,195,73
2020-09-16,39005,252,30,5
2020-09-16,39007,692,101,48
2020-09-16,39009,635,28,2
2020-09-16,39011,604,56,19
2020-09-16,39013,712,51,27
2020-09-16,39015,289,25,4
2020-09-16,39017,5874,413,120
2020-09-16,39019,157,21,8
2020-09-16,39021,303,26,3
2020-09-16,39023,1766,129,47
2020-09-16,39025,1689,155,38
2020-09-16,39027,292,44,13
2020-09-16,39029,1954,218,84
2020-09-16,39031,248,30,11
2020-09-16,39033,224,29,7
2020-09-16,39035,17317,2595,685
2020-09-16,39037,775,76,46
2020-09-16,39039,298,52,13
2020-09-16,39041,2188,94,25
2020-09-16,39043,990,137,56
2020-09-16,39045,2123,173,55
2020-09-16,39049,26556,2037,648
2020-09-16,39051,239,23,1
2020-09-16,39053,190,33,13
2020-09-16,39055,712,106,50
2020-09-16,39057,1358,137,36
2020-09-16,39059,173,26,8
2020-09-16,39061,13010,1167,338
2020-09-16,39063,707,62,17
2020-09-16,39065,256,36,14
2020-09-16,39067,64,10,3
2020-09-16,39069,316,40,20
2020-09-16,39075,393,36,8
2020-09-16,39077,548,45,7
2020-09-16,39079,236,28,8
2020-09-16,39081,326,58,5
2020-09-16,39085,1610,172,60
2020-09-16,39087,602,81,25
2020-09-16,39089,1910,142,68
2020-09-16,39091,329,25,3
2020-09-16,39093,2291,254,90
2020-09-16,39095,7212,911,384
2020-09-16,39097,797,45,14
2020-09-16,39099,3044,482,288
2020-09-16,39101,3067,115,47
2020-09-16,39103,1438,121,41
2020-09-16,39105,171,19,12
2020-09-16,39107,1114,117,26
2020-09-16,39109,1391,130,55
2020-09-16,39113,7663,918,191
2020-09-16,39115,54,2,2
2020-09-16,39117,258,22,2
2020-09-16,39119,402,46,4
2020-09-16,39121,31,3,0
2020-09-16,39123,481,51,30
2020-09-16,39125,114,14,0
2020-09-16,39127,291,31,11
2020-09-16,39129,2635,103,45
2020-09-16,39131,175,18,0
2020-09-16,39133,1113,139,66
2020-09-16,39135,435,70,18
2020-09-16,39137,569,69,29
2020-09-16,39139,808,110,19
2020-09-16,39141,895,125,30
2020-09-16,39143,571,81,21
2020-09-16,39145,476,50,7
2020-09-16,39147,496,41,14
2020-09-16,39149,634,46,17
2020-09-16,39151,2905,357,182
2020-09-16,39153,5247,721,262
2020-09-16,39155,1884,343,136
2020-09-16,39157,966,110,22
2020-09-16,39159,496,21,2
2020-09-16,39161,143,13,3
2020-09-16,39165,3010,244,64
2020-09-16,39167,257,19,23
2020-09-16,39169,968,85,69
2020-09-16,39171,203,17,4
2020-09-16,39173,1788,158,86
2020-09-16,39175,214,17,15
2020-09-17,39001,127,13,4
2020-09-17,39003,1436,195,73
2020-09-17,39005,254,30,5
2020-09-17,39007,693,101,48
2020-09-17,39009,642,28,2
2020-09-17,39011,608,56,19
2020-09-17,39013,717,51,27
2020-09-17,39015,291,25,4
2020-09-17,39017,5918,414,120
2020-09-17,39019,158,21,8
2020-09-17,39021,305,26,3
2020-09-17,39023,1787,130,49
2020-09-17,39025,1703,156,39
2020-09-17,39027,293,44,13
2020-09-17,39029,1955,218,84
2020-09-17,39033,230,30,7
2020-09-17,39035,17369,2595,685
2020-09-17,39037,777,76,46
2020-09-17,39039,303,52,13
2020-09-17,39041,2203,95,25
2020-09-17,39043,995,137,56
2020-09-17,39045,2130,173,55
2020-09-17,39049,26671,2039,648
2020-09-17,39051,241,24,1
2020-09-17,39053,192,34,13
2020-09-17,39055,714,106,50
2020-09-17,39057,1383,138,36
2020-09-17,39059,176,26,8
2020-09-17,39061,13073,1170,339
2020-09-17,39063,711,62,17
2020-09-17,39069,320,41,20
2020-09-17,39071,231,30,6
2020-09-17,39075,395,36,8
2020-09-17,39079,239,28,8
2020-09-17,39081,327,58,5
2020-09-17,39085,1619,172,60
2020-09-17,39087,614,83,25
2020-09-17,39089,1919,142,68
2020-09-17,39091,330,26,3
2020-09-17,39093,2297,254,90
2020-09-17,39095,7257,913,384
2020-09-17,39097,807,45,14
2020-09-17,39099,3054,484,288
2020-09-17,39101,3071,116,48
2020-09-17,39103,1444,121,41
2020-09-17,39105,173,19,12
2020-09-17,39107,1129,118,27
2020-09-17,39109,1408,130,56
2020-09-17,39111,109,16,18
2020-09-17,39113,7711,923,192
2020-09-17,39115,55,2,2
2020-09-17,39117,260,22,2
2020-09-17,39119,407,46,4
2020-09-17,39125,118,15,0
2020-09-17,39127,292,31,11
2020-09-17,39129,2636,103,45
2020-09-17,39131,176,18,0
2020-09-17,39133,1122,139,66
2020-09-17,39135,438,70,18
2020-09-17,39137,576,69,29
2020-09-17,39139,820,115,20
2020-09-17,39141,899,126,31
2020-09-17,39143,572,81,21
2020-09-17,39145,484,50,7
2020-09-17,39147,502,42,14
2020-09-17,39149,642,47,17
2020-09-17,39151,2931,357,183
2020-09-17,39153,5274,722,262
2020-09-17,39155,1890,345,136
2020-09-17,39157,972,111,22
2020-09-17,39159,500,21,2
2020-09-17,39161,145,13,3
2020-09-17,39165,3029,245,64
2020-09-17,39167,259,19,23
2020-09-17,39169,971,86,70
2020-09-17,39171,204,17,4
2020-09-17,39173,1811,159,86
2020-09-17,39175,217,17,15
2020-09-18,39001,128,13,4
2020-09-18,39003,1442,196,73
2020-09-18,39005,258,31,5
2020-09-18,39007,696,102,48
2020-09-18,39009,648,28,2
2020-09-18,39011,610,56,19
2020-09-18,39013,718,51,27
2020-09-18,39017,5972,420,122
2020-09-18,39019,160,21,8
2020-09-18,39021,309,26,3
2020-09-18,39023,1802,130,49
2020-09-18,39025,1710,157,39
2020-09-18,39027,295,44,13
2020-09-18,39029,1959,219,85
2020-09-18,39033,232,30,7
2020-09-18,39035,17421,2598,685
2020-09-18,39037,781,77,46
2020-09-18,39039,305,52,13
2020-09-18,39041,2226,96,25
2020-09-18,39043,998,138,57
2020-09-18,39045,2137,174,55
2020-09-18,39047,230,27,6
2020-09-18,39049,26798,2041,648
2020-09-18,39051,245,24,1
2020-09-18,39053,193,34,13
2020-09-18,39055,715,106,50
2020-09-18,39057,1399,141,37
2020-09-18,39059,179,26,8
2020-09-18,39061,13152,1172,341
2020-09-18,39063,717,64,18
2020-09-18,39069,326,41,20
2020-09-18,39071,232,30,6
2020-09-18,39075,397,36,8
2020-09-18,39077,551,47,7
2020-09-18,39079,242,28,8
2020-09-18,39081,330,58,5
2020-09-18,39085,1627,173,61
2020-09-18,39087,626,83,25
2020-09-18,39089,1934,143,68
2020-09-18,39091,333,26,3
2020-09-18,39093,2305,255,90
2020-09-18,39095,7284,914,384
2020-09-18,39097,808,45,14
2020-09-18,39099,3068,485,288
2020-09-18,39101,3077,117,48
2020-09-18,39103,1451,122,41
2020-09-18,39105,176,19,12
2020-09-18,39107,1137,119,27
2020-09-18,39109,1417,130,56
2020-09-18,39111,111,17,18
2020-09-18,39113,7769,929,192
2020-09-18,39117,264,22,2
2020-09-18,39119,416,48,4
2020-09-18,39123,483,51,30
2020-09-18,39129,2642,103,45
2020-09-18,39131,185,19,0
2020-09-18,39133,1133,140,67
2020-09-18,39135,441,70,18
2020-09-18,39137,586,69,29
2020-09-18,39139,836,117,20
2020-09-18,39141,905,126,31
2020-09-18,39143,573,81,21
2020-09-18,39145,487,50,7
2020-09-18,39147,508,43,14
2020-09-18,39149,650,47,17
2020-09-18,39151,2942,357,183
2020-09-18,39153,5304,725,262
2020-09-18,39155,1897,347,136
2020-09-18,39157,974,111,22
2020-09-18,39159,509,21,2
2020-09-18,39161,147,13,3
2020-09-18,39165,3044,245,64
2020-09-18,39167,262,19,23
2020-09-18,39169,977,86,70
2020-09-18,39171,207,18,4
2020-09-18,39173,1838,160,86
2020-09-18,39175,218,17,15
2020-09-19,39001,130,13,4
2020-09-19,39003,1453,198,73
2020-09-19,39005,262,34,6
2020-09-19,39007,697,102,48
2020-09-19,39009,653,28,2
2020-09-19,39011,615,56,19
2020-09-19,39015,292,25,4
2020-09-19,39017,5995,421,122
2020-09-19,39021,312,28,3
2020-09-19,39023,1808,131,50
2020-09-19,39025,1721,158,39
2020-09-19,39027,298,44,13
2020-09-19,39031,249,30,11
2020-09-19,39033,235,30,7
2020-09-19,39035,17467,2602,685
2020-09-19,39037,783,77,46
2020-09-19,39041,2237,96,25
2020-09-19,39043,1005,139,58
2020-09-19,39045,2143,174,55
2020-09-19,39049,26886,2047,650
2020-09-19,39053,195,34,13
2020-09-19,39055,717,106,50
2020-09-19,39057,1410,142,37
2020-09-19,39059,182,26,8
2020-09-19,39061,13200,1173,342
2020-09-19,39063,719,64,18
2020-09-19,39065,258,36,14
2020-09-19,39069,327,42,20
2020-09-19,39073,180,28,9
2020-09-19,39075,398,36,8
2020-09-19,39077,555,49,8
2020-09-19,39079,248,28,8
2020-09-19,39081,332,58,5
2020-09-19,39083,332,47,17
2020-09-19,39085,1633,173,61
2020-09-19,39087,633,83,25
2020-09-19,39089,1941,143,68
2020-09-19,39091,336,26,3
2020-09-19,39093,2310,255,90
2020-09-19,39095,7305,919,385
2020-09-19,39097,812,46,14
2020-09-19,39099,3077,485,288
2020-09-19,39101,3084,117,48
2020-09-19,39103,1456,123,42
2020-09-19,39107,1145,119,27
2020-09-19,39109,1424,132,56
2020-09-19,39111,112,17,18
2020-09-19,39113,7812,933,194
2020-09-19,39119,423,50,4
2020-09-19,39121,32,3,0
2020-09-19,39125,120,15,0
2020-09-19,39127,293,32,11
2020-09-19,39129,2644,103,45
2020-09-19,39131,189,19,0
2020-09-19,39133,1143,141,67
2020-09-19,39135,445,70,18
2020-09-19,39137,593,69,29
2020-09-19,39139,847,117,20
2020-09-19,39141,907,126,31
2020-09-19,39143,576,81,21
2020-09-19,39145,494,50,7
2020-09-19,39147,512,43,14
2020-09-19,39149,659,47,17
2020-09-19,39151,2959,358,184
2020-09-19,39153,5330,728,262
2020-09-19,39155,1908,349,136
2020-09-19,39157,977,111,22
2020-09-19,39159,514,22,2
2020-09-19,39161,148,13,3
2020-09-19,39165,3065,246,64
2020-09-19,39167,264,19,23
2020-09-19,39169,982,86,70
2020-09-19,39173,1859,160,86
2020-09-19,39175,219,17,15
2020-09-20,39001,131,14,4
2020-09-20,39003,1462,199,73
2020-09-20,39007,698,103,48
2020-09-20,39009,664,28,2
2020-09-20,39011,623,56,19
2020-09-20,39013,719,51,27
2020-09-20,39015,295,25,4
2020-09-20,39017,6014,421,122
2020-09-20,39023,1815,131,50
2020-09-20,39025,1733,159,39
2020-09-20,39029,1964,219,85
2020-09-20,39035,17500,2605,685
2020-09-20,39037,793,77,46
2020-09-20,39039,307,53,13
2020-09-20,39041,2248,96,25
2020-09-20,39045,2153,174,55
2020-09-20,39047,233,28,6
2020-09-20,39049,27019,2053,651
2020-09-20,39051,247,25,1
2020-09-20,39053,199,34,13
2020-09-20,39057,1424,143,37
2020-09-20,39061,13252,1180,342
2020-09-20,39063,724,65,18
2020-09-20,39067,65,10,3
2020-09-20,39069,333,43,20
2020-09-20,39071,233,30,6
2020-09-20,39077,558,51,8
2020-09-20,39079,250,28,8
2020-09-20,39081,335,58,5
2020-09-20,39085,1636,173,61
2020-09-20,39087,639,84,25
2020-09-20,39089,1951,144,68
2020-09-20,39091,338,27,3
2020-09-20,39093,2325,256,90
2020-09-20,39095,7332,919,385
2020-09-20,39097,814,47,14
2020-09-20,39099,3089,487,288
2020-09-20,39101,3087,117,48
2020-09-20,39103,1461,123,42
2020-09-20,39107,1157,121,27
2020-09-20,39109,1436,133,56
2020-09-20,39113,7862,937,196
2020-09-20,39117,265,22,2
2020-09-20,39119,432,53,4
2020-09-20,39121,36,3,0
2020-09-20,39125,121,15,0
2020-09-20,39127,297,32,11
2020-09-20,39129,2648,103,45
2020-09-20,39131,191,19,0
2020-09-20,39133,1152,142,67
2020-09-20,39135,447,71,18
2020-09-20,39137,601,71,29
2020-09-20,39139,856,118,20
2020-09-20,39141,912,127,32
2020-09-20,39143,583,81,21
2020-09-20,39145,503,52,7
2020-09-20,39147,515,43,14
2020-09-20,39149,667,47,17
2020-09-20,39151,2971,359,184
2020-09-20,39153,5354,733,264
2020-09-20,39155,1912,349,136
2020-09-20,39157,982,112,22
2020-09-20,39159,520,22,2
2020-09-20,39165,3084,247,64
2020-09-20,39169,986,86,70
2020-09-20,39171,208,18,4
2020-09-20,39173,1887,161,86
2020-09-21,39001,134,14,4
2020-09-21,39003,1484,199,73
2020-09-21,39005,264,35,6
2020-09-21,39007,699,103,48
2020-09-21,39009,693,28,2
2020-09-21,39011,629,56,19
2020-09-21,39015,296,25,4
2020-09-21,39017,6072,422,123
2020-09-21,39021,314,28,3
2020-09-21,39023,1834,132,50
2020-09-21,39025,1752,160,39
2020-09-21,39027,302,46,13
2020-09-21,39029,1966,219,85
2020-09-21,39031,250,30,11
2020-09-21,39033,237,30,7
2020-09-21,39035,17549,2610,685
2020-09-21,39037,808,80,46
2020-09-21,39039,308,53,13
2020-09-21,39041,2267,96,25
2020-09-21,39043,1012,141,60
2020-09-21,39045,2164,174,55
2020-09-21,39049,27184,2064,651
2020-09-21,39051,248,25,1
2020-09-21,39053,200,34,13
2020-09-21,39055,720,106,50
2020-09-21,39057,1450,145,39
2020-09-21,39059,186,26,8
2020-09-21,39061,13322,1181,343
2020-09-21,39063,735,65,18
2020-09-21,39065,261,37,14
2020-09-21,39069,338,43,20
2020-09-21,39071,236,30,6
2020-09-21,39073,183,28,9
2020-09-21,39075,403,38,9
2020-09-21,39077,564,53,8
2020-09-21,39079,258,29,8
2020-09-21,39081,338,58,5
2020-09-21,39083,335,48,18
2020-09-21,39085,1650,173,62
2020-09-21,39087,654,86,27
2020-09-21,39089,1965,147,68
2020-09-21,39091,341,27,3
2020-09-21,39093,2333,256,90
2020-09-21,39095,7357,919,385
2020-09-21,39097,834,48,14
2020-09-21,39099,3116,489,288
2020-09-21,39101,3097,119,48
2020-09-21,39103,1474,125,42
2020-09-21,39107,1169,121,27
2020-09-21,39109,1460,135,56
2020-09-21,39113,7905,941,196
2020-09-21,39115,56,2,2
2020-09-21,39117,266,22,2
2020-09-21,39119,443,53,4
2020-09-21,39123,486,52,30
2020-09-21,39125,122,15,0
2020-09-21,39127,298,32,11
2020-09-21,39129,2656,104,45
2020-09-21,39131,195,19,0
2020-09-21,39133,1167,142,67
2020-09-21,39135,449,71,18
2020-09-21,39137,611,72,29
2020-09-21,39139,877,126,22
2020-09-21,39141,920,131,34
2020-09-21,39143,586,81,21
2020-09-21,39145,514,52,7
2020-09-21,39147,517,43,14
2020-09-21,39149,676,47,17
2020-09-21,39151,3003,360,184
2020-09-21,39153,5382,737,265
2020-09-21,39155,1924,353,136
2020-09-21,39157,988,112,22
2020-09-21,39159,529,23,2
2020-09-21,39165,3115,249,65
2020-09-21,39167,266,19,23
2020-09-21,39169,993,88,70
2020-09-21,39173,1923,162,86
2020-09-21,39175,220,17,15
2020-09-22,39001,137,16,4
2020-09-22,39003,1492,201,73
2020-09-22,39005,266,36,6
2020-09-22,39007,700,103,48
2020-09-22,39009,711,28,2
2020-09-22,39011,645,59,20
2020-09-22,39013,724,51,27
2020-09-22,39015,298,25,4
2020-09-22,39017,6147,426,125
2020-09-22,39021,318,29,3
2020-09-22,39023,1843,132,50
2020-09-22,39025,1763,161,39
2020-09-22,39029,1967,219,85
2020-09-22,39031,251,31,11
2020-09-22,39033,244,30,8
2020-09-22,39035,17608,2612,686
2020-09-22,39037,812,81,47
2020-09-22,39039,313,54,13
2020-09-22,39041,2290,97,25
2020-09-22,39043,1017,142,60
2020-09-22,39045,2184,176,55
2020-09-22,39047,237,28,6
2020-09-22,39049,27346,2069,652
2020-09-22,39051,252,26,2
2020-09-22,39053,201,34,13
2020-09-22,39055,724,106,50
2020-09-22,39057,1465,145,39
2020-09-22,39059,188,26,8
2020-09-22,39061,13405,1186,345
2020-09-22,39063,747,65,18
2020-09-22,39065,262,37,14
2020-09-22,39069,342,43,20
2020-09-22,39071,238,30,6
2020-09-22,39073,184,28,9
2020-09-22,39075,406,38,9
2020-09-22,39077,567,53,8
2020-09-22,39079,262,29,8
2020-09-22,39081,339,58,5
2020-09-22,39083,337,48,18
2020-09-22,39085,1667,176,63
2020-09-22,39087,665,86,27
2020-09-22,39089,1980,149,68
2020-09-22,39091,343,27,3
2020-09-22,39093,2344,257,90
2020-09-22,39095,7384,921,385
2020-09-22,39097,846,50,14
2020-09-22,39099,3136,493,290
2020-09-22,39101,3100,119,48
2020-09-22,39103,1484,126,42
2020-09-22,39105,177,19,12
2020-09-22,39107,1182,121,27
2020-09-22,39109,1476,137,56
2020-09-22,39111,113,17,18
2020-09-22,39113,7963,948,196
2020-09-22,39117,269,23,2
2020-09-22,39119,457,53,4
2020-09-22,39121,37,3,0
2020-09-22,39123,487,52,30
2020-09-22,39125,124,15,0
2020-09-22,39127,302,32,11
2020-09-22,39129,2658,104,45
2020-09-22,39131,200,19,0
2020-09-22,39133,1180,142,67
2020-09-22,39135,453,71,18
2020-09-22,39137,627,73,30
2020-09-22,39139,899,129,22
2020-09-22,39141,928,134,36
2020-09-22,39143,590,81,21
2020-09-22,39145,523,55,7
2020-09-22,39147,526,44,15
2020-09-22,39149,688,47,17
2020-09-22,39151,3027,363,184
2020-09-22,39153,5412,741,267
2020-09-22,39155,1935,355,136
2020-09-22,39157,992,114,22
2020-09-22,39159,537,23,2
2020-09-22,39161,149,13,3
2020-09-22,39163,50,9,3
2020-09-22,39165,3140,251,65
2020-09-22,39167,267,19,23
2020-09-22,39169,997,89,70
2020-09-22,39171,212,19,4
2020-09-22,39173,1956,162,86
2020-09-22,39175,221,17,15
2020-09-23,39001,138,16,4
2020-09-23,39003,1503,203,74
2020-09-23,39005,270,37,6
2020-09-23,39007,702,103,48
2020-09-23,39009,732,28,2
2020-09-23,39011,656,59,20
2020-09-23,39013,725,51,27
2020-09-23,39015,300,25,4
2020-09-23,39017,6205,429,126
2020-09-23,39019,162,21,8
2020-09-23,39021,323,29,3
2020-09-23,39023,1872,132,54
2020-09-23,39025,1780,162,40
2020-09-23,39027,306,46,13
2020-09-23,39029,1980,221,87
2020-09-23,39031,252,31,11
2020-09-23,39033,245,30,8
2020-09-23,39035,17691,2619,688
2020-09-23,39037,822,81,47
2020-09-23,39039,315,54,13
2020-09-23,39041,2319,98,26
2020-09-23,39043,1027,143,60
2020-09-23,39045,2199,176,55
2020-09-23,39047,239,29,6
2020-09-23,39049,27498,2071,653
2020-09-23,39051,260,26,3
2020-09-23,39053,203,34,13
2020-09-23,39055,730,106,50
2020-09-23,39057,1483,146,39
2020-09-23,39059,194,26,8
2020-09-23,39061,13501,1189,345
2020-09-23,39063,764,67,18
2020-09-23,39065,263,37,14
2020-09-23,39067,66,10,3
2020-09-23,39069,348,44,21
2020-09-23,39071,241,30,6
2020-09-23,39075,409,38,9
2020-09-23,39077,571,55,9
2020-09-23,39079,263,29,8
2020-09-23,39081,340,59,6
2020-09-23,39083,339,49,18
2020-09-23,39085,1671,176,63
2020-09-23,39087,675,87,28
2020-09-23,39089,1990,149,68
2020-09-23,39091,345,27,3
2020-09-23,39093,2355,257,90
2020-09-23,39095,7409,924,385
2020-09-23,39097,857,52,15
2020-09-23,39099,3149,493,290
2020-09-23,39101,3106,120,48
2020-09-23,39103,1495,129,44
2020-09-23,39105,178,19,12
2020-09-23,39107,1196,121,27
2020-09-23,39109,1481,137,56
2020-09-23,39113,8027,952,197
2020-09-23,39115,57,2,2
2020-09-23,39117,271,23,2
2020-09-23,39119,474,57,4
2020-09-23,39121,39,3,0
2020-09-23,39123,488,52,30
2020-09-23,39125,127,15,0
2020-09-23,39127,307,32,11
2020-09-23,39129,2662,104,46
2020-09-23,39131,205,19,0
2020-09-23,39133,1191,142,67
2020-09-23,39135,455,71,18
2020-09-23,39137,639,76,30
2020-09-23,39139,920,136,24
2020-09-23,39141,931,134,36
2020-09-23,39143,591,81,21
2020-09-23,39145,533,56,7
2020-09-23,39147,530,44,15
2020-09-23,39149,693,47,17
2020-09-23,39151,3050,367,184
2020-09-23,39153,5449,746,267
2020-09-23,39155,1951,357,136
2020-09-23,39157,993,114,22
2020-09-23,39159,544,23,2
2020-09-23,39161,155,14,3
2020-09-23,39165,3160,252,65
2020-09-23,39167,268,19,23
2020-09-23,39169,1003,90,70
2020-09-23,39171,215,19,4
2020-09-23,39173,1989,166,89
2020-09-23,39175,222,17,15
2020-09-24,39003,1521,205,76
2020-09-24,39005,277,37,6
2020-09-24,39007,703,104,48
2020-09-24,39009,748,28,2
2020-09-24,39011,661,59,20
2020-09-24,39015,301,25,4
2020-09-24,39017,6281,430,128
2020-09-24,39023,1903,132,59
2020-09-24,39025,1787,162,40
2020-09-24,39027,311,47,13
2020-09-24,39029,1990,223,88
2020-09-24,39031,253,32,11
2020-09-24,39033,251,30,8
2020-09-24,39035,17755,2625,691
2020-09-24,39037,827,82,47
2020-09-24,39039,319,55,13
2020-09-24,39041,2346,98,26
2020-09-24,39043,1044,145,61
2020-09-24,39045,2210,178,56
2020-09-24,39047,242,30,7
2020-09-24,39049,27620,2074,653
2020-09-24,39051,307,28,10
2020-09-24,39053,208,35,13
2020-09-24,39055,735,106,50
2020-09-24,39057,1524,150,41
2020-09-24,39061,13576,1191,346
2020-09-24,39063,776,68,20
2020-09-24,39065,264,37,14
2020-09-24,39069,357,44,21
2020-09-24,39071,243,30,6
2020-09-24,39075,411,38,9
2020-09-24,39077,600,56,12
2020-09-24,39079,268,29,8
2020-09-24,39081,341,59,6
2020-09-24,39083,342,50,18
2020-09-24,39085,1679,176,63
2020-09-24,39087,687,87,28
2020-09-24,39089,1998,150,68
2020-09-24,39091,346,27,3
2020-09-24,39093,2365,258,90
2020-09-24,39095,7446,928,385
2020-09-24,39097,871,52,15
2020-09-24,39099,3176,497,290
2020-09-24,39101,3123,121,48
2020-09-24,39103,1506,131,45
2020-09-24,39105,179,19,12
2020-09-24,39107,1206,121,27
2020-09-24,39109,1495,138,56
2020-09-24,39113,8109,964,200
2020-09-24,39115,58,2,2
2020-09-24,39119,484,57,4
2020-09-24,39121,41,3,0
2020-09-24,39123,490,52,30
2020-09-24,39125,132,15,0
2020-09-24,39127,309,32,11
2020-09-24,39129,2672,104,46
2020-09-24,39131,211,19,0
2020-09-24,39133,1199,142,67
2020-09-24,39135,463,72,18
2020-09-24,39137,653,77,31
2020-09-24,39139,941,143,24
2020-09-24,39141,938,135,36
2020-09-24,39143,597,81,21
2020-09-24,39145,541,57,7
2020-09-24,39147,533,44,15
2020-09-24,39149,700,47,17
2020-09-24,39151,3081,369,187
2020-09-24,39153,5489,747,267
2020-09-24,39155,1964,357,136
2020-09-24,39157,999,115,22
2020-09-24,39159,553,24,2
2020-09-24,39161,156,14,3
2020-09-24,39165,3181,252,65
2020-09-24,39167,271,19,23
2020-09-24,39169,1009,91,70
2020-09-24,39171,218,20,4
2020-09-24,39173,2019,169,89
2020-09-24,39175,225,17,15
2020-09-25,39001,142,17,4
2020-09-25,39003,1534,206,76
2020-09-25,39005,281,37,6
2020-09-25,39007,705,104,48
2020-09-25,39009,764,29,2
2020-09-25,39011,670,60,20
2020-09-25,39013,726,51,27
2020-09-25,39015,302,25,4
2020-09-25,39017,6339,433,129
2020-09-25,39019,166,21,8
2020-09-25,39021,326,29,3
2020-09-25,39023,1916,133,60
2020-09-25,39025,1805,163,40
2020-09-25,39027,314,47,13
2020-09-25,39029,1994,224,89
2020-09-25,39031,254,32,11
2020-09-25,39033,258,30,8
2020-09-25,39035,17808,2628,692
2020-09-25,39037,837,82,47
2020-09-25,39039,353,55,13
2020-09-25,39041,2359,98,26
2020-09-25,39043,1048,145,61
2020-09-25,39045,2234,179,57
2020-09-25,39047,249,31,7
2020-09-25,39049,27756,2083,655
2020-09-25,39051,310,28,10
2020-09-25,39053,211,35,13
2020-09-25,39055,736,106,50
2020-09-25,39057,1549,152,42
2020-09-25,39061,13663,1196,347
2020-09-25,39063,785,69,20
2020-09-25,39069,362,44,21
2020-09-25,39071,244,30,6
2020-09-25,39073,186,28,9
2020-09-25,39075,415,39,10
2020-09-25,39077,605,57,12
2020-09-25,39079,271,29,8
2020-09-25,39081,342,59,6
2020-09-25,39083,345,50,18
2020-09-25,39085,1689,176,63
2020-09-25,39087,697,87,28
2020-09-25,39089,2008,150,68
2020-09-25,39091,350,27,3
2020-09-25,39093,2374,259,90
2020-09-25,39095,7482,929,386
2020-09-25,39097,878,53,15
2020-09-25,39099,3188,499,290
2020-09-25,39101,3131,121,48
2020-09-25,39103,1512,131,45
2020-09-25,39107,1225,123,27
2020-09-25,39109,1514,140,57
2020-09-25,39113,8173,971,200
2020-09-25,39119,494,58,4
2020-09-25,39121,42,3,0
2020-09-25,39123,493,52,30
2020-09-25,39125,134,15,0
2020-09-25,39127,310,32,11
2020-09-25,39129,2698,106,46
2020-09-25,39131,214,19,0
2020-09-25,39133,1214,143,68
2020-09-25,39135,469,72,18
2020-09-25,39137,661,78,31
2020-09-25,39139,957,145,24
2020-09-25,39141,952,139,36
2020-09-25,39143,604,81,21
2020-09-25,39145,545,57,7
2020-09-25,39147,535,44,15
2020-09-25,39149,708,47,17
2020-09-25,39151,3107,373,188
2020-09-25,39153,5527,754,270
2020-09-25,39155,1975,357,136
2020-09-25,39157,1004,115,22
2020-09-25,39159,562,25,2
2020-09-25,39161,158,14,3
2020-09-25,39165,3199,253,65
2020-09-25,39169,1016,91,70
2020-09-25,39171,224,21,4
2020-09-25,39173,2048,171,91
2020-09-26,39001,144,18,4
2020-09-26,39003,1546,208,76
2020-09-26,39005,295,39,10
2020-09-26,39007,707,104,48
2020-09-26,39009,774,29,2
2020-09-26,39011,677,61,20
2020-09-26,39015,303,25,4
2020-09-26,39017,6386,434,129
2020-09-26,39021,328,29,3
2020-09-26,39023,1933,134,60
2020-09-26,39025,1814,163,40
2020-09-26,39027,316,47,13
2020-09-26,39029,1998,224,89
2020-09-26,39031,256,33,11
2020-09-26,39035,17866,2630,692
2020-09-26,39037,848,84,47
2020-09-26,39039,356,55,13
2020-09-26,39041,2371,98,26
2020-09-26,39043,1050,145,61
2020-09-26,39045,2246,181,57
2020-09-26,39047,253,33,7
2020-09-26,39049,27870,2090,655
2020-09-26,39051,316,28,10
2020-09-26,39053,220,36,13
2020-09-26,39055,739,106,50
2020-09-26,39057,1571,154,42
2020-09-26,39059,195,26,8
2020-09-26,39061,13721,1198,347
2020-09-26,39063,792,69,20
2020-09-26,39069,365,44,21
2020-09-26,39071,245,30,6
2020-09-26,39073,187,28,9
2020-09-26,39075,418,39,10
2020-09-26,39077,611,58,12
2020-09-26,39079,272,29,8
2020-09-26,39081,343,59,6
2020-09-26,39083,346,50,18
2020-09-26,39085,1700,178,63
2020-09-26,39087,700,87,28
2020-09-26,39089,2018,151,68
2020-09-26,39091,353,27,3
2020-09-26,39093,2380,259,90
2020-09-26,39095,7502,930,386
2020-09-26,39097,879,53,15
2020-09-26,39099,3201,504,291
2020-09-26,39101,3139,121,48
2020-09-26,39103,1518,131,45
2020-09-26,39105,182,19,12
2020-09-26,39107,1239,126,27
2020-09-26,39109,1537,141,57
2020-09-26,39113,8211,975,200
2020-09-26,39115,60,3,2
2020-09-26,39119,514,61,4
2020-09-26,39121,45,4,0
2020-09-26,39125,135,15,0
2020-09-26,39129,2703,107,47
2020-09-26,39131,217,19,0
2020-09-26,39133,1219,143,68
2020-09-26,39135,471,72,18
2020-09-26,39137,662,78,31
2020-09-26,39139,972,151,25
2020-09-26,39141,962,141,37
2020-09-26,39143,605,81,21
2020-09-26,39145,550,59,7
2020-09-26,39147,536,44,15
2020-09-26,39149,715,48,17
2020-09-26,39151,3126,374,189
2020-09-26,39153,5556,756,271
2020-09-26,39155,1986,357,136
2020-09-26,39157,1009,116,22
2020-09-26,39159,569,26,3
2020-09-26,39163,52,9,3
2020-09-26,39165,3215,253,65
2020-09-26,39169,1019,91,70
2020-09-26,39171,232,22,4
2020-09-26,39173,2068,172,91
2020-09-26,39175,227,17,15
2020-09-27,39001,145,19,5
2020-09-27,39003,1560,209,76
2020-09-27,39005,300,39,10
2020-09-27,39009,793,29,2
2020-09-27,39011,683,61,20
2020-09-27,39017,6420,435,129
2020-09-27,39019,168,22,8
2020-09-27,39021,330,29,3
2020-09-27,39023,1944,135,60
2020-09-27,39025,1829,165,40
2020-09-27,39027,325,49,13
2020-09-27,39029,2002,224,89
2020-09-27,39031,257,33,11
2020-09-27,39033,264,30,8
2020-09-27,39035,17915,2632,693
2020-09-27,39037,859,85,47
2020-09-27,39039,359,55,13
2020-09-27,39041,2395,99,26
2020-09-27,39043,1051,145,61
2020-09-27,39045,2256,181,57
2020-09-27,39047,263,35,8
2020-09-27,39049,27981,2095,656
2020-09-27,39051,321,28,10
2020-09-27,39053,223,36,13
2020-09-27,39055,743,106,50
2020-09-27,39057,1582,154,42
2020-09-27,39059,200,28,8
2020-09-27,39061,13781,1199,347
2020-09-27,39063,796,69,20
2020-09-27,39065,265,37,14
2020-09-27,39069,368,44,21
2020-09-27,39071,247,30,6
2020-09-27,39073,188,29,9
2020-09-27,39075,421,40,10
2020-09-27,39077,615,58,12
2020-09-27,39079,277,29,8
2020-09-27,39081,344,60,6
2020-09-27,39083,347,51,18
2020-09-27,39085,1706,179,63
2020-09-27,39087,706,87,28
2020-09-27,39089,2029,152,69
2020-09-27,39091,361,27,3
2020-09-27,39093,2385,259,90
2020-09-27,39095,7520,930,386
2020-09-27,39097,885,54,15
2020-09-27,39099,3217,507,291
2020-09-27,39101,3147,122,48
2020-09-27,39103,1530,131,45
2020-09-27,39105,183,19,12
2020-09-27,39107,1246,126,27
2020-09-27,39109,1556,145,61
2020-09-27,39113,8256,979,200
2020-09-27,39117,272,23,2
2020-09-27,39119,531,65,4
2020-09-27,39121,48,4,0
2020-09-27,39123,495,53,30
2020-09-27,39125,138,15,0
2020-09-27,39127,311,32,11
2020-09-27,39129,2704,107,47
2020-09-27,39131,219,19,0
2020-09-27,39133,1231,144,68
2020-09-27,39135,474,73,18
2020-09-27,39137,672,78,31
2020-09-27,39139,989,153,25
2020-09-27,39141,974,144,37
2020-09-27,39143,610,81,21
2020-09-27,39145,558,60,7
2020-09-27,39147,538,45,15
2020-09-27,39149,728,49,17
2020-09-27,39151,3141,376,189
2020-09-27,39153,5583,757,271
2020-09-27,39155,1996,358,136
2020-09-27,39157,1014,117,22
2020-09-27,39159,574,26,3
2020-09-27,39161,162,14,3
2020-09-27,39163,54,10,3
2020-09-27,39165,3240,256,65
2020-09-27,39169,1028,91,70
2020-09-27,39171,236,22,4
2020-09-27,39173,2094,173,92
2020-09-28,39001,148,19,5
2020-09-28,39003,1578,215,77
2020-09-28,39005,307,40,10
2020-09-28,39007,711,104,48
2020-09-28,39009,806,29,2
2020-09-28,39011,700,61,20
2020-09-28,39013,727,51,27
2020-09-28,39015,305,25,4
2020-09-28,39017,6534,438,131
2020-09-28,39019,171,23,8
2020-09-28,39021,333,29,3
2020-09-28,39023,1972,136,68
2020-09-28,39025,1852,166,40
2020-09-28,39027,330,49,13
2020-09-28,39029,2009,225,91
2020-09-28,39031,258,33,11
2020-09-28,39033,270,30,8
2020-09-28,39035,17968,2633,693
2020-09-28,39037,903,90,50
2020-09-28,39039,364,55,13
2020-09-28,39041,2415,99,26
2020-09-28,39043,1054,146,61
2020-09-28,39045,2271,182,57
2020-09-28,39047,273,36,9
2020-09-28,39049,28140,2102,656
2020-09-28,39051,331,29,10
2020-09-28,39053,226,36,13
2020-09-28,39055,749,108,50
2020-09-28,39057,1606,156,42
2020-09-28,39059,202,28,8
2020-09-28,39061,13895,1205,347
2020-09-28,39063,812,71,23
2020-09-28,39065,271,37,14
2020-09-28,39067,67,10,3
2020-09-28,39069,373,45,21
2020-09-28,39071,250,30,6
2020-09-28,39075,433,40,10
2020-09-28,39077,625,59,12
2020-09-28,39079,286,30,8
2020-09-28,39081,346,60,6
2020-09-28,39083,349,51,18
2020-09-28,39085,1714,181,64
2020-09-28,39087,717,88,28
2020-09-28,39089,2041,155,69
2020-09-28,39091,367,27,3
2020-09-28,39093,2397,261,90
2020-09-28,39095,7547,931,386
2020-09-28,39097,906,54,15
2020-09-28,39099,3267,513,293
2020-09-28,39101,3159,122,48
2020-09-28,39103,1549,133,46
2020-09-28,39105,185,19,12
2020-09-28,39107,1270,131,28
2020-09-28,39109,1584,149,63
2020-09-28,39113,8353,993,202
2020-09-28,39117,275,23,2
2020-09-28,39119,552,67,4
2020-09-28,39121,53,4,0
2020-09-28,39123,498,53,30
2020-09-28,39125,140,15,0
2020-09-28,39127,315,32,11
2020-09-28,39129,2713,107,47
2020-09-28,39131,222,19,0
2020-09-28,39133,1255,144,68
2020-09-28,39135,478,73,18
2020-09-28,39137,682,80,31
2020-09-28,39139,1011,156,25
2020-09-28,39141,991,145,38
2020-09-28,39143,616,83,22
2020-09-28,39145,564,61,7
2020-09-28,39147,541,46,15
2020-09-28,39149,738,51,17
2020-09-28,39151,3178,377,190
2020-09-28,39153,5635,759,271
2020-09-28,39155,2005,358,136
2020-09-28,39157,1022,118,22
2020-09-28,39159,583,26,3
2020-09-28,39161,165,15,4
2020-09-28,39163,55,10,3
2020-09-28,39165,3281,259,65
2020-09-28,39169,1040,92,70
2020-09-28,39171,244,22,4
2020-09-28,39173,2128,177,92
2020-09-29,39001,153,19,5
2020-09-29,39003,1595,216,77
2020-09-29,39005,320,41,15
2020-09-29,39007,715,104,48
2020-09-29,39009,820,29,2
2020-09-29,39011,716,61,20
2020-09-29,39017,6647,442,131
2020-09-29,39019,173,23,8
2020-09-29,39021,337,29,3
2020-09-29,39023,2002,137,70
2020-09-29,39025,1869,168,41
2020-09-29,39027,335,50,13
2020-09-29,39029,2013,225,91
2020-09-29,39031,259,33,11
2020-09-29,39033,276,30,8
2020-09-29,39035,18025,2634,693
2020-09-29,39037,911,90,50
2020-09-29,39039,372,55,13
2020-09-29,39041,2438,99,26
2020-09-29,39043,1060,146,61
2020-09-29,39045,2295,184,58
2020-09-29,39047,286,39,10
2020-09-29,39049,28307,2107,657
2020-09-29,39051,355,34,16
2020-09-29,39053,230,36,13
2020-09-29,39055,751,108,50
2020-09-29,39057,1647,158,44
2020-09-29,39059,204,28,8
2020-09-29,39061,14006,1212,351
2020-09-29,39063,823,71,23
2020-09-29,39065,272,37,14
2020-09-29,39067,69,10,3
2020-09-29,39069,380,46,22
2020-09-29,39071,252,31,6
2020-09-29,39073,191,30,9
2020-09-29,39075,437,40,10
2020-09-29,39077,630,59,12
2020-09-29,39079,294,30,9
2020-09-29,39081,350,60,6
2020-09-29,39083,350,51,18
2020-09-29,39085,1723,181,64
2020-09-29,39087,724,89,28
2020-09-29,39089,2052,156,69
2020-09-29,39091,369,27,3
2020-09-29,39093,2407,263,90
2020-09-29,39095,7584,934,386
2020-09-29,39097,913,54,15
2020-09-29,39099,3290,514,293
2020-09-29,39101,3175,124,48
2020-09-29,39103,1557,133,46
2020-09-29,39105,188,19,12
2020-09-29,39107,1284,131,29
2020-09-29,39109,1604,150,64
2020-09-29,39113,8446,1001,203
2020-09-29,39115,61,3,2
2020-09-29,39117,279,24,2
2020-09-29,39119,572,72,6
2020-09-29,39121,54,4,0
2020-09-29,39123,505,54,30
2020-09-29,39125,146,15,0
2020-09-29,39129,2719,108,47
2020-09-29,39131,226,20,0
2020-09-29,39133,1273,144,68
2020-09-29,39135,482,73,18
2020-09-29,39137,688,80,31
2020-09-29,39139,1034,159,26
2020-09-29,39141,1004,148,40
2020-09-29,39143,620,84,22
2020-09-29,39145,577,62,8
2020-09-29,39147,543,46,15
2020-09-29,39149,747,52,17
2020-09-29,39151,3204,380,190
2020-09-29,39153,5683,765,272
2020-09-29,39155,2018,358,136
2020-09-29,39157,1028,120,22
2020-09-29,39159,597,26,3
2020-09-29,39161,170,15,4
2020-09-29,39165,3310,261,67
2020-09-29,39169,1048,94,70
2020-09-29,39171,247,23,4
2020-09-29,39173,2140,178,93
2020-09-29,39175,232,18,15
2020-09-30,39001,155,20,7
2020-09-30,39003,1610,217,77
2020-09-30,39005,325,41,15
2020-09-30,39007,718,104,48
2020-09-30,39009,843,29,2
2020-09-30,39011,732,63,20
2020-09-30,39013,728,51,27
2020-09-30,39015,306,26,4
2020-09-30,39017,6766,445,131
2020-09-30,39019,175,23,8
2020-09-30,39021,341,29,3
2020-09-30,39023,2021,138,74
2020-09-30,39025,1886,169,41
2020-09-30,39027,338,50,13
2020-09-30,39029,2019,227,92
2020-09-30,39031,264,33,11
2020-09-30,39033,284,30,8
2020-09-30,39035,18093,2636,695
2020-09-30,39037,918,90,50
2020-09-30,39039,395,55,13
2020-09-30,39041,2464,99,27
2020-09-30,39043,1067,147,61
2020-09-30,39045,2316,184,58
2020-09-30,39047,299,40,11
2020-09-30,39049,28481,2114,657
2020-09-30,39051,367,34,17
2020-09-30,39053,233,36,13
2020-09-30,39055,754,108,50
2020-09-30,39057,1671,160,44
2020-09-30,39061,14103,1212,351
2020-09-30,39063,835,73,24
2020-09-30,39065,274,37,14
2020-09-30,39067,70,10,3
2020-09-30,39069,386,46,22
2020-09-30,39071,259,31,6
2020-09-30,39073,193,31,9
2020-09-30,39075,444,43,11
2020-09-30,39077,639,60,13
2020-09-30,39079,303,30,9
2020-09-30,39081,354,60,6
2020-09-30,39083,353,52,18
2020-09-30,39085,1728,181,64
2020-09-30,39087,736,91,28
2020-09-30,39089,2067,157,69
2020-09-30,39091,372,27,3
2020-09-30,39093,2421,264,90
2020-09-30,39095,7614,934,386
2020-09-30,39097,923,54,15
2020-09-30,39099,3317,519,295
2020-09-30,39101,3187,124,48
2020-09-30,39103,1565,133,46
2020-09-30,39107,1295,131,29
2020-09-30,39109,1633,153,64
2020-09-30,39111,114,17,18
2020-09-30,39113,8538,1012,204
2020-09-30,39117,280,24,2
2020-09-30,39119,592,74,6
2020-09-30,39121,57,4,0
2020-09-30,39123,510,54,30
2020-09-30,39125,147,15,0
2020-09-30,39127,316,32,11
2020-09-30,39129,2740,109,47
2020-09-30,39131,233,20,0
2020-09-30,39133,1294,146,68
2020-09-30,39135,486,74,18
2020-09-30,39137,701,81,31
2020-09-30,39139,1050,165,26
2020-09-30,39141,1030,151,41
2020-09-30,39143,625,85,22
2020-09-30,39145,591,63,8
2020-09-30,39147,547,46,15
2020-09-30,39149,753,52,17
2020-09-30,39151,3230,382,190
2020-09-30,39153,5730,769,273
2020-09-30,39155,2037,359,136
2020-09-30,39157,1036,121,22
2020-09-30,39159,607,26,4
2020-09-30,39161,173,16,4
2020-09-30,39163,58,10,3
2020-09-30,39165,3347,263,68
2020-09-30,39167,275,20,24
2020-09-30,39169,1057,94,70
2020-09-30,39171,248,23,4
2020-09-30,39173,2161,178,94
2020-09-30,39175,237,19,15
2020-10-01,39001,161,21,7
2020-10-01,39003,1633,221,77
2020-10-01,39005,335,42,16
2020-10-01,39007,720,104,48
2020-10-01,39009,870,29,2
2020-10-01,39011,739,64,21
2020-10-01,39013,729,51,27
2020-10-01,39015,307,26,4
2020-10-01,39017,6851,447,131
2020-10-01,39019,178,23,8
2020-10-01,39021,342,29,3
2020-10-01,39023,2042,140,75
2020-10-01,39025,1918,172,43
2020-10-01,39027,339,50,13
2020-10-01,39029,2022,227,92
2020-10-01,39031,266,33,11
2020-10-01,39033,290,30,8
2020-10-01,39035,18155,2643,697
2020-10-01,39037,933,91,51
2020-10-01,39039,401,56,13
2020-10-01,39041,2489,99,27
2020-10-01,39043,1074,147,61
2020-10-01,39045,2338,188,59
2020-10-01,39047,312,43,13
2020-10-01,39049,28623,2118,657
2020-10-01,39051,372,36,17
2020-10-01,39053,235,36,13
2020-10-01,39055,757,109,50
2020-10-01,39057,1698,162,45
2020-10-01,39059,207,28,8
2020-10-01,39061,14199,1219,351
2020-10-01,39063,841,73,24
2020-10-01,39065,277,37,14
2020-10-01,39069,397,48,23
2020-10-01,39071,263,31,6
2020-10-01,39073,194,31,9
2020-10-01,39075,454,44,11
2020-10-01,39077,652,61,15
2020-10-01,39079,309,31,10
2020-10-01,39081,357,60,6
2020-10-01,39083,357,52,18
2020-10-01,39085,1733,181,64
2020-10-01,39087,743,91,28
2020-10-01,39089,2094,159,69
2020-10-01,39091,377,28,3
2020-10-01,39093,2428,265,90
2020-10-01,39095,7643,934,386
2020-10-01,39097,930,54,15
2020-10-01,39099,3334,521,295
2020-10-01,39101,3197,126,48
2020-10-01,39103,1571,133,46
2020-10-01,39105,189,19,12
2020-10-01,39107,1306,132,29
2020-10-01,39109,1648,157,64
2020-10-01,39113,8636,1022,205
2020-10-01,39115,62,3,2
2020-10-01,39117,281,24,2
2020-10-01,39119,601,74,6
2020-10-01,39121,58,4,0
2020-10-01,39123,511,54,30
2020-10-01,39127,321,32,11
2020-10-01,39129,2750,109,47
2020-10-01,39131,234,21,0
2020-10-01,39133,1312,146,68
2020-10-01,39135,491,74,18
2020-10-01,39137,706,81,31
2020-10-01,39139,1060,166,26
2020-10-01,39141,1045,153,41
2020-10-01,39143,628,86,22
2020-10-01,39145,602,65,8
2020-10-01,39147,549,46,15
2020-10-01,39149,758,52,17
2020-10-01,39151,3276,385,191
2020-10-01,39153,5782,775,273
2020-10-01,39155,2054,360,136
2020-10-01,39157,1049,122,23
2020-10-01,39159,617,27,4
2020-10-01,39161,174,16,4
2020-10-01,39165,3375,264,68
2020-10-01,39167,276,20,24
2020-10-01,39169,1062,94,70
2020-10-01,39171,249,23,4
2020-10-01,39173,2185,182,95
2020-10-01,39175,240,19,15
2020-10-02,39001,166,21,7
2020-10-02,39003,1655,223,77
2020-10-02,39005,340,43,16
2020-10-02,39007,722,104,48
2020-10-02,39009,892,31,2
2020-10-02,39011,754,66,22
2020-10-02,39013,731,51,27
2020-10-02,39015,311,26,4
2020-10-02,39017,6920,449,131
2020-10-02,39019,181,23,8
2020-10-02,39021,343,29,3
2020-10-02,39023,2069,144,76
2020-10-02,39025,1936,173,43
2020-10-02,39027,344,50,13
2020-10-02,39029,2030,229,92
2020-10-02,39031,267,33,11
2020-10-02,39033,293,30,8
2020-10-02,39035,18224,2646,698
2020-10-02,39037,942,92,52
2020-10-02,39041,2507,100,27
2020-10-02,39043,1078,148,61
2020-10-02,39045,2362,190,59
2020-10-02,39047,314,44,13
2020-10-02,39049,28752,2121,657
2020-10-02,39051,374,36,17
2020-10-02,39053,240,38,13
2020-10-02,39055,761,111,50
2020-10-02,39057,1729,163,47
2020-10-02,39059,217,29,8
2020-10-02,39061,14313,1228,352
2020-10-02,39063,848,73,25
2020-10-02,39065,280,38,14
2020-10-02,39067,71,11,3
2020-10-02,39069,401,48,23
2020-10-02,39071,272,33,6
2020-10-02,39073,196,31,9
2020-10-02,39075,458,45,11
2020-10-02,39077,656,61,15
2020-10-02,39079,316,32,10
2020-10-02,39081,362,60,6
2020-10-02,39083,361,53,18
2020-10-02,39085,1742,181,64
2020-10-02,39087,751,91,28
2020-10-02,39089,2109,161,70
2020-10-02,39091,380,29,3
2020-10-02,39093,2444,267,90
2020-10-02,39095,7681,941,388
2020-10-02,39097,938,55,15
2020-10-02,39099,3366,525,296
2020-10-02,39101,3205,128,49
2020-10-02,39103,1584,135,47
2020-10-02,39105,190,19,12
2020-10-02,39107,1325,135,29
2020-10-02,39109,1668,158,65
2020-10-02,39113,8776,1039,205
2020-10-02,39115,63,4,2
2020-10-02,39119,620,78,6
2020-10-02,39121,60,4,0
2020-10-02,39123,513,55,30
2020-10-02,39125,150,15,0
2020-10-02,39127,325,32,11
2020-10-02,39129,2763,110,47
2020-10-02,39131,239,22,0
2020-10-02,39133,1332,146,68
2020-10-02,39137,719,81,31
2020-10-02,39139,1094,166,26
2020-10-02,39141,1059,153,42
2020-10-02,39143,635,87,22
2020-10-02,39145,624,67,9
2020-10-02,39147,554,47,16
2020-10-02,39149,773,52,17
2020-10-02,39151,3313,387,193
2020-10-02,39153,5827,777,275
2020-10-02,39155,2068,360,136
2020-10-02,39157,1055,124,24
2020-10-02,39159,622,27,4
2020-10-02,39161,179,17,4
2020-10-02,39165,3410,266,68
2020-10-02,39167,277,20,24
2020-10-02,39169,1077,95,70
2020-10-02,39171,255,24,4
2020-10-02,39173,2200,184,95
2020-10-02,39175,245,19,15
2020-10-03,39003,1678,227,77
2020-10-03,39005,345,44,16
2020-10-03,39007,724,104,48
2020-10-03,39009,909,32,2
2020-10-03,39011,766,66,22
2020-10-03,39013,734,51,27
2020-10-03,39015,312,26,4
2020-10-03,39017,6988,452,131
2020-10-03,39019,182,23,8
2020-10-03,39021,344,29,3
2020-10-03,39023,2089,146,76
2020-10-03,39025,1966,173,43
2020-10-03,39027,346,50,13
2020-10-03,39029,2036,231,93
2020-10-03,39033,298,30,8
2020-10-03,39035,18283,2646,698
2020-10-03,39037,955,92,52
2020-10-03,39039,405,56,13
2020-10-03,39041,2527,101,28
2020-10-03,39043,1087,149,61
2020-10-03,39045,2376,191,59
2020-10-03,39047,321,44,13
2020-10-03,39049,28902,2127,657
2020-10-03,39051,378,36,18
2020-10-03,39053,243,38,13
2020-10-03,39055,762,111,50
2020-10-03,39057,1747,163,47
2020-10-03,39059,219,30,8
2020-10-03,39061,14416,1236,352
2020-10-03,39063,852,74,25
2020-10-03,39069,406,49,23
2020-10-03,39071,287,35,8
2020-10-03,39073,197,31,9
2020-10-03,39075,464,45,11
2020-10-03,39077,659,62,15
2020-10-03,39079,320,32,10
2020-10-03,39081,365,60,6
2020-10-03,39085,1752,182,64
2020-10-03,39087,760,91,28
2020-10-03,39089,2121,161,70
2020-10-03,39091,381,29,3
2020-10-03,39093,2457,268,90
2020-10-03,39095,7712,943,389
2020-10-03,39097,943,55,15
2020-10-03,39099,3382,527,296
2020-10-03,39101,3215,128,49
2020-10-03,39103,1589,135,47
2020-10-03,39105,192,19,12
2020-10-03,39107,1337,135,29
2020-10-03,39109,1690,158,65
2020-10-03,39111,115,17,18
2020-10-03,39113,8835,1045,206
2020-10-03,39117,283,24,2
2020-10-03,39119,645,81,7
2020-10-03,39121,63,5,0
2020-10-03,39123,516,55,30
2020-10-03,39125,153,16,1
2020-10-03,39129,2768,111,47
2020-10-03,39131,242,25,0
2020-10-03,39133,1343,146,68
2020-10-03,39135,498,75,18
2020-10-03,39137,726,83,32
2020-10-03,39139,1105,169,26
2020-10-03,39141,1079,155,42
2020-10-03,39143,637,87,22
2020-10-03,39145,632,67,9
2020-10-03,39147,556,47,16
2020-10-03,39149,779,52,17
2020-10-03,39151,3338,388,193
2020-10-03,39153,5865,780,276
2020-10-03,39155,2072,360,136
2020-10-03,39157,1065,125,24
2020-10-03,39159,643,27,4
2020-10-03,39161,181,17,4
2020-10-03,39163,59,10,3
2020-10-03,39165,3443,268,68
2020-10-03,39169,1084,96,71
2020-10-03,39171,260,25,4
2020-10-03,39173,2213,188,95
2020-10-03,39175,246,19,15
2020-10-04,39001,167,22,7
2020-10-04,39003,1696,231,77
2020-10-04,39005,348,44,16
2020-10-04,39009,938,33,2
2020-10-04,39011,778,66,22
2020-10-04,39015,314,26,4
2020-10-04,39017,7045,453,132
2020-10-04,39021,348,29,3
2020-10-04,39023,2107,147,77
2020-10-04,39025,1985,173,43
2020-10-04,39027,350,51,13
2020-10-04,39029,2043,231,93
2020-10-04,39031,270,34,11
2020-10-04,39033,305,31,8
2020-10-04,39035,18342,2653,700
2020-10-04,39037,967,93,52
2020-10-04,39039,414,56,13
2020-10-04,39041,2547,101,28
2020-10-04,39043,1095,151,61
2020-10-04,39045,2390,192,59
2020-10-04,39047,332,48,13
2020-10-04,39049,29043,2136,658
2020-10-04,39051,387,38,18
2020-10-04,39053,245,38,13
2020-10-04,39055,763,111,50
2020-10-04,39057,1766,164,47
2020-10-04,39059,223,30,8
2020-10-04,39061,14514,1242,352
2020-10-04,39063,860,74,25
2020-10-04,39065,283,38,14
2020-10-04,39067,72,11,3
2020-10-04,39069,408,49,23
2020-10-04,39071,290,35,8
2020-10-04,39073,198,31,9
2020-10-04,39075,467,46,11
2020-10-04,39077,664,62,15
2020-10-04,39079,323,32,10
2020-10-04,39081,369,61,6
2020-10-04,39083,363,54,18
2020-10-04,39085,1758,183,64
2020-10-04,39087,765,92,28
2020-10-04,39089,2138,161,70
2020-10-04,39091,384,30,3
2020-10-04,39093,2472,269,90
2020-10-04,39095,7739,944,389
2020-10-04,39097,952,55,15
2020-10-04,39099,3392,527,296
2020-10-04,39101,3223,128,49
2020-10-04,39103,1597,135,47
2020-10-04,39105,193,19,12
2020-10-04,39107,1346,135,29
2020-10-04,39109,1701,158,65
2020-10-04,39113,8887,1051,207
2020-10-04,39115,64,4,2
2020-10-04,39117,286,24,2
2020-10-04,39119,655,83,7
2020-10-04,39121,70,6,0
2020-10-04,39123,518,55,30
2020-10-04,39125,154,16,1
2020-10-04,39127,326,32,11
2020-10-04,39129,2773,111,47
2020-10-04,39131,246,26,0
2020-10-04,39133,1353,146,68
2020-10-04,39135,504,76,18
2020-10-04,39137,743,84,32
2020-10-04,39139,1114,172,27
2020-10-04,39141,1095,155,42
2020-10-04,39143,644,88,23
2020-10-04,39145,640,69,9
2020-10-04,39147,560,47,16
2020-10-04,39149,784,52,17
2020-10-04,39151,3362,393,194
2020-10-04,39153,5901,782,277
2020-10-04,39155,2080,360,136
2020-10-04,39157,1072,126,24
2020-10-04,39159,647,27,4
2020-10-04,39161,185,17,4
2020-10-04,39163,63,11,4
2020-10-04,39165,3463,268,68
2020-10-04,39167,279,21,24
2020-10-04,39169,1098,98,71
2020-10-04,39171,265,27,5
2020-10-04,39173,2232,190,96
2020-10-04,39175,250,20,15
2020-10-05,39001,170,22,7
2020-10-05,39003,1735,237,77
2020-10-05,39005,358,45,17
2020-10-05,39007,726,105,48
2020-10-05,39009,971,33,2
2020-10-05,39011,789,66,22
2020-10-05,39013,738,52,27
2020-10-05,39015,322,26,4
2020-10-05,39017,7153,455,134
2020-10-05,39019,184,24,8
2020-10-05,39021,356,30,3
2020-10-05,39023,2138,147,77
2020-10-05,39025,2020,175,43
2020-10-05,39027,354,51,13
2020-10-05,39029,2051,231,93
2020-10-05,39031,282,38,11
2020-10-05,39033,312,31,8
2020-10-05,39035,18431,2659,701
2020-10-05,39037,987,94,52
2020-10-05,39039,419,57,13
2020-10-05,39041,2571,101,28
2020-10-05,39043,1107,151,61
2020-10-05,39045,2403,193,59
2020-10-05,39047,345,49,13
2020-10-05,39049,29252,2139,658
2020-10-05,39051,394,38,18
2020-10-05,39053,251,39,13
2020-10-05,39055,768,112,50
2020-10-05,39057,1800,164,47
2020-10-05,39059,229,30,8
2020-10-05,39061,14693,1254,352
2020-10-05,39063,892,78,31
2020-10-05,39065,287,38,14
2020-10-05,39069,413,49,23
2020-10-05,39071,302,35,9
2020-10-05,39073,199,32,9
2020-10-05,39075,481,48,11
2020-10-05,39077,672,63,15
2020-10-05,39079,331,33,10
2020-10-05,39081,380,61,6
2020-10-05,39083,368,55,18
2020-10-05,39085,1768,183,64
2020-10-05,39087,770,93,28
2020-10-05,39089,2168,162,70
2020-10-05,39091,389,30,3
2020-10-05,39093,2487,270,90
2020-10-05,39095,7793,946,390
2020-10-05,39097,967,55,15
2020-10-05,39099,3422,532,298
2020-10-05,39101,3236,130,49
2020-10-05,39103,1610,136,47
2020-10-05,39105,195,19,12
2020-10-05,39107,1363,137,29
2020-10-05,39109,1734,160,66
2020-10-05,39113,9022,1063,207
2020-10-05,39115,65,4,2
2020-10-05,39117,294,24,2
2020-10-05,39119,673,87,7
2020-10-05,39121,71,6,0
2020-10-05,39123,527,58,30
2020-10-05,39125,155,16,1
2020-10-05,39127,328,32,11
2020-10-05,39129,2783,113,47
2020-10-05,39131,251,26,0
2020-10-05,39133,1379,146,68
2020-10-05,39135,513,76,18
2020-10-05,39137,753,85,33
2020-10-05,39139,1130,173,28
2020-10-05,39141,1117,159,43
2020-10-05,39143,646,88,23
2020-10-05,39145,659,72,9
2020-10-05,39147,563,47,16
2020-10-05,39149,788,53,17
2020-10-05,39151,3397,396,194
2020-10-05,39153,5976,786,278
2020-10-05,39155,2095,363,136
2020-10-05,39157,1099,129,29
2020-10-05,39159,651,27,4
2020-10-05,39161,195,19,4
2020-10-05,39163,66,11,4
2020-10-05,39165,3518,272,68
2020-10-05,39167,281,21,24
2020-10-05,39169,1114,99,71
2020-10-05,39171,273,27,5
2020-10-05,39173,2254,193,97
2020-10-05,39175,254,21,15
2020-10-06,39001,172,22,7
2020-10-06,39003,1760,239,77
2020-10-06,39005,365,45,18
2020-10-06,39007,727,105,48
2020-10-06,39009,996,33,2
2020-10-06,39011,803,70,22
2020-10-06,39013,740,53,27
2020-10-06,39015,324,26,4
2020-10-06,39017,7253,457,134
2020-10-06,39019,185,24,8
2020-10-06,39021,361,30,3
2020-10-06,39023,2173,149,82
2020-10-06,39025,2051,175,43
2020-10-06,39027,357,51,13
2020-10-06,39029,2055,232,93
2020-10-06,39031,288,39,12
2020-10-06,39033,321,31,8
2020-10-06,39035,18537,2665,703
2020-10-06,39037,999,95,52
2020-10-06,39039,425,57,13
2020-10-06,39041,2591,101,28
2020-10-06,39043,1112,152,61
2020-10-06,39045,2425,193,59
2020-10-06,39047,357,50,14
2020-10-06,39049,29468,2148,660
2020-10-06,39051,412,39,18
2020-10-06,39053,253,39,13
2020-10-06,39055,771,112,50
2020-10-06,39057,1838,164,49
2020-10-06,39059,236,32,9
2020-10-06,39061,14872,1264,354
2020-10-06,39063,903,78,31
2020-10-06,39065,295,38,14
2020-10-06,39069,425,50,23
2020-10-06,39071,311,38,9
2020-10-06,39075,487,48,11
2020-10-06,39077,678,63,15
2020-10-06,39079,337,34,11
2020-10-06,39081,383,61,6
2020-10-06,39083,374,56,18
2020-10-06,39085,1780,183,64
2020-10-06,39087,776,94,28
2020-10-06,39089,2219,163,73
2020-10-06,39091,390,30,3
2020-10-06,39093,2500,272,90
2020-10-06,39095,7832,948,390
2020-10-06,39097,977,57,15
2020-10-06,39099,3445,533,298
2020-10-06,39101,3244,131,49
2020-10-06,39103,1632,140,47
2020-10-06,39105,196,19,12
2020-10-06,39107,1382,137,29
2020-10-06,39109,1762,160,66
2020-10-06,39111,116,17,18
2020-10-06,39113,9161,1074,209
2020-10-06,39115,66,5,2
2020-10-06,39117,298,24,2
2020-10-06,39119,684,87,7
2020-10-06,39121,74,6,0
2020-10-06,39123,539,60,30
2020-10-06,39125,159,16,1
2020-10-06,39127,334,32,11
2020-10-06,39129,2797,116,47
2020-10-06,39131,257,28,0
2020-10-06,39133,1411,147,68
2020-10-06,39135,522,77,18
2020-10-06,39137,766,85,33
2020-10-06,39139,1147,173,28
2020-10-06,39141,1132,159,44
2020-10-06,39143,649,88,23
2020-10-06,39145,677,74,11
2020-10-06,39147,568,47,16
2020-10-06,39149,803,56,17
2020-10-06,39151,3430,398,194
2020-10-06,39153,6035,788,278
2020-10-06,39155,2105,363,136
2020-10-06,39157,1109,130,30
2020-10-06,39159,658,27,4
2020-10-06,39161,203,19,4
2020-10-06,39163,67,12,4
2020-10-06,39165,3579,274,69
2020-10-06,39167,285,21,24
2020-10-06,39169,1136,100,71
2020-10-06,39171,278,28,5
2020-10-06,39173,2278,195,97
2020-10-06,39175,262,22,15
2020-10-07,39001,176,23,7
2020-10-07,39003,1800,240,77
2020-10-07,39005,377,46,19
2020-10-07,39007,729,105,48
2020-10-07,39009,1023,35,2
2020-10-07,39011,829,71,23
2020-10-07,39013,744,54,27
2020-10-07,39015,331,26,4
2020-10-07,39017,7363,459,135
2020-10-07,39019,188,24,8
2020-10-07,39021,365,30,3
2020-10-07,39023,2199,149,83
2020-10-07,39025,2088,178,46
2020-10-07,39027,361,51,13
2020-10-07,39029,2061,234,93
2020-10-07,39031,290,39,12
2020-10-07,39033,341,33,8
2020-10-07,39035,18642,2669,705
2020-10-07,39037,1017,96,52
2020-10-07,39039,428,59,13
2020-10-07,39041,2616,102,28
2020-10-07,39043,1119,152,61
2020-10-07,39045,2451,194,59
2020-10-07,39047,366,50,14
2020-10-07,39049,29670,2155,661
2020-10-07,39051,419,39,18
2020-10-07,39053,256,40,13
2020-10-07,39055,776,112,50
2020-10-07,39057,1881,166,50
2020-10-07,39059,242,33,9
2020-10-07,39061,15032,1274,356
2020-10-07,39063,916,80,31
2020-10-07,39065,297,39,14
2020-10-07,39069,428,51,23
2020-10-07,39071,319,38,9
2020-10-07,39073,200,33,10
2020-10-07,39075,500,49,11
2020-10-07,39077,682,63,15
2020-10-07,39079,353,35,11
2020-10-07,39081,391,63,6
2020-10-07,39083,375,56,18
2020-10-07,39085,1795,185,64
2020-10-07,39087,799,96,29
2020-10-07,39089,2249,165,73
2020-10-07,39091,396,32,3
2020-10-07,39093,2515,272,90
2020-10-07,39095,7868,950,391
2020-10-07,39097,986,58,15
2020-10-07,39099,3464,535,299
2020-10-07,39101,3254,132,49
2020-10-07,39103,1651,142,47
2020-10-07,39107,1392,138,29
2020-10-07,39109,1786,162,66
2020-10-07,39111,120,17,18
2020-10-07,39113,9266,1079,211
2020-10-07,39115,69,5,2
2020-10-07,39117,301,24,2
2020-10-07,39119,702,88,7
2020-10-07,39121,79,6,0
2020-10-07,39123,546,61,30
2020-10-07,39125,163,17,1
2020-10-07,39127,336,32,11
2020-10-07,39129,2808,116,47
2020-10-07,39131,261,30,0
2020-10-07,39133,1428,148,68
2020-10-07,39135,533,77,18
2020-10-07,39137,784,87,33
2020-10-07,39139,1163,173,28
2020-10-07,39141,1159,161,45
2020-10-07,39143,665,89,23
2020-10-07,39145,684,74,11
2020-10-07,39147,577,47,16
2020-10-07,39149,814,56,17
2020-10-07,39151,3489,404,196
2020-10-07,39153,6112,795,280
2020-10-07,39155,2117,365,136
2020-10-07,39157,1123,132,30
2020-10-07,39159,667,27,4
2020-10-07,39161,211,19,4
2020-10-07,39163,68,13,4
2020-10-07,39165,3630,276,70
2020-10-07,39167,292,21,24
2020-10-07,39169,1168,100,71
2020-10-07,39171,284,28,5
2020-10-07,39173,2293,195,97
2020-10-07,39175,264,22,15
2020-10-08,39001,181,24,7
2020-10-08,39003,1833,243,78
2020-10-08,39005,381,46,19
2020-10-08,39007,731,105,48
2020-10-08,39009,1042,35,2
2020-10-08,39011,847,74,23
2020-10-08,39013,747,54,27
2020-10-08,39015,337,27,4
2020-10-08,39017,7468,462,135
2020-10-08,39019,189,24,8
2020-10-08,39021,371,30,3
2020-10-08,39023,2239,150,84
2020-10-08,39025,2117,182,46
2020-10-08,39027,369,51,13
2020-10-08,39029,2073,235,93
2020-10-08,39031,293,40,12
2020-10-08,39033,349,35,8
2020-10-08,39035,18760,2676,708
2020-10-08,39037,1023,96,52
2020-10-08,39039,432,59,13
2020-10-08,39041,2634,102,28
2020-10-08,39043,1124,152,61
2020-10-08,39045,2475,196,60
2020-10-08,39047,378,53,14
2020-10-08,39049,29851,2162,661
2020-10-08,39051,428,39,18
2020-10-08,39053,258,40,13
2020-10-08,39055,778,112,50
2020-10-08,39057,1921,169,50
2020-10-08,39059,253,35,9
2020-10-08,39061,15187,1281,359
2020-10-08,39063,925,80,31
2020-10-08,39065,299,39,14
2020-10-08,39069,439,51,23
2020-10-08,39071,328,39,9
2020-10-08,39075,517,54,13
2020-10-08,39077,693,64,15
2020-10-08,39079,357,35,11
2020-10-08,39081,400,64,6
2020-10-08,39083,376,56,18
2020-10-08,39085,1805,186,64
2020-10-08,39087,808,97,29
2020-10-08,39089,2278,165,73
2020-10-08,39091,402,32,3
2020-10-08,39093,2532,274,90
2020-10-08,39095,7912,953,391
2020-10-08,39097,997,61,15
2020-10-08,39099,3484,537,299
2020-10-08,39101,3269,133,49
2020-10-08,39103,1665,143,48
2020-10-08,39107,1408,138,29
2020-10-08,39109,1807,165,66
2020-10-08,39111,124,17,18
2020-10-08,39113,9366,1089,211
2020-10-08,39117,305,24,2
2020-10-08,39119,718,89,8
2020-10-08,39121,91,7,0
2020-10-08,39123,549,61,30
2020-10-08,39125,168,17,1
2020-10-08,39127,338,33,11
2020-10-08,39129,2836,117,47
2020-10-08,39131,263,30,0
2020-10-08,39133,1453,149,69
2020-10-08,39135,538,77,18
2020-10-08,39137,801,88,34
2020-10-08,39139,1178,174,28
2020-10-08,39141,1181,163,45
2020-10-08,39143,674,89,23
2020-10-08,39145,698,75,11
2020-10-08,39147,585,48,16
2020-10-08,39149,826,56,17
2020-10-08,39151,3545,404,196
2020-10-08,39153,6162,797,280
2020-10-08,39155,2126,367,136
2020-10-08,39157,1135,133,31
2020-10-08,39159,679,28,4
2020-10-08,39161,215,19,4
2020-10-08,39163,70,14,4
2020-10-08,39165,3683,279,70
2020-10-08,39167,299,21,24
2020-10-08,39169,1194,102,71
2020-10-08,39171,285,28,5
2020-10-08,39173,2307,195,97
2020-10-08,39175,267,22,15
2020-10-09,39001,189,25,8
2020-10-09,39003,1863,246,78
2020-10-09,39005,387,46,20
2020-10-09,39007,735,105,48
2020-10-09,39009,1066,36,2
2020-10-09,39011,867,76,23
2020-10-09,39013,752,54,27
2020-10-09,39015,343,28,4
2020-10-09,39017,7595,466,135
2020-10-09,39019,192,25,8
2020-10-09,39021,374,31,3
2020-10-09,39023,2269,151,86
2020-10-09,39025,2156,189,46
2020-10-09,39027,382,52,13
2020-10-09,39029,2083,235,93
2020-10-09,39031,299,42,13
2020-10-09,39033,354,36,9
2020-10-09,39035,18866,2681,708
2020-10-09,39037,1028,97,53
2020-10-09,39039,441,61,14
2020-10-09,39041,2654,103,28
2020-10-09,39043,1133,156,61
2020-10-09,39045,2497,198,60
2020-10-09,39047,387,53,14
2020-10-09,39049,30018,2172,661
2020-10-09,39051,441,40,19
2020-10-09,39053,262,41,13
2020-10-09,39055,790,113,50
2020-10-09,39057,1959,169,50
2020-10-09,39059,264,35,9
2020-10-09,39061,15354,1288,360
2020-10-09,39063,936,83,32
2020-10-09,39065,304,41,14
2020-10-09,39067,73,11,3
2020-10-09,39069,445,51,23
2020-10-09,39071,345,39,10
2020-10-09,39073,202,33,10
2020-10-09,39075,525,55,14
2020-10-09,39077,699,66,15
2020-10-09,39079,369,36,11
2020-10-09,39081,410,64,6
2020-10-09,39083,382,56,18
2020-10-09,39085,1819,186,64
2020-10-09,39087,814,97,29
2020-10-09,39089,2303,166,73
2020-10-09,39091,410,32,3
2020-10-09,39093,2546,274,90
2020-10-09,39095,7953,956,392
2020-10-09,39097,1007,62,15
2020-10-09,39099,3520,540,299
2020-10-09,39101,3283,135,49
2020-10-09,39103,1687,145,49
2020-10-09,39105,199,19,12
2020-10-09,39107,1424,142,29
2020-10-09,39109,1843,168,66
2020-10-09,39111,126,17,18
2020-10-09,39113,9483,1102,211
2020-10-09,39117,310,24,2
2020-10-09,39119,745,95,9
2020-10-09,39121,97,7,0
2020-10-09,39123,555,62,30
2020-10-09,39125,175,20,1
2020-10-09,39127,341,33,11
2020-10-09,39129,2853,118,47
2020-10-09,39131,270,32,0
2020-10-09,39133,1470,149,69
2020-10-09,39135,548,79,18
2020-10-09,39137,824,90,34
2020-10-09,39139,1199,174,28
2020-10-09,39141,1215,167,48
2020-10-09,39143,683,91,23
2020-10-09,39145,716,77,11
2020-10-09,39147,592,48,16
2020-10-09,39149,837,56,17
2020-10-09,39151,3582,412,197
2020-10-09,39153,6234,803,281
2020-10-09,39155,2140,370,137
2020-10-09,39157,1158,135,32
2020-10-09,39159,693,29,4
2020-10-09,39161,222,21,4
2020-10-09,39163,74,14,4
2020-10-09,39165,3735,284,72
2020-10-09,39167,306,21,24
2020-10-09,39169,1216,105,72
2020-10-09,39171,290,28,5
2020-10-09,39173,2330,198,97
2020-10-09,39175,276,25,15
2020-10-10,39001,194,25,8
2020-10-10,39003,1901,249,80
2020-10-10,39005,389,46,20
2020-10-10,39007,736,105,48
2020-10-10,39009,1079,37,2
2020-10-10,39011,887,77,23
2020-10-10,39013,754,54,27
2020-10-10,39015,348,28,4
2020-10-10,39017,7690,468,135
2020-10-10,39019,194,25,8
2020-10-10,39021,381,32,4
2020-10-10,39023,2298,152,88
2020-10-10,39025,2185,191,46
2020-10-10,39027,393,52,13
2020-10-10,39029,2089,236,93
2020-10-10,39031,305,44,13
2020-10-10,39033,362,37,9
2020-10-10,39035,18953,2688,709
2020-10-10,39037,1038,98,53
2020-10-10,39039,443,61,14
2020-10-10,39041,2666,104,28
2020-10-10,39043,1141,157,61
2020-10-10,39045,2515,199,60
2020-10-10,39047,394,53,14
2020-10-10,39049,30179,2181,661
2020-10-10,39051,449,40,20
2020-10-10,39053,264,41,13
2020-10-10,39055,798,114,50
2020-10-10,39057,1985,169,50
2020-10-10,39059,270,35,9
2020-10-10,39061,15464,1290,360
2020-10-10,39063,945,83,32
2020-10-10,39065,307,41,14
2020-10-10,39069,447,51,23
2020-10-10,39071,350,39,10
2020-10-10,39075,543,56,14
2020-10-10,39077,707,67,16
2020-10-10,39079,378,37,11
2020-10-10,39081,411,64,6
2020-10-10,39083,385,57,18
2020-10-10,39085,1833,187,64
2020-10-10,39087,827,98,29
2020-10-10,39089,2328,168,73
2020-10-10,39091,415,32,3
2020-10-10,39093,2554,275,90
2020-10-10,39095,7981,957,392
2020-10-10,39097,1009,62,15
2020-10-10,39099,3539,541,300
2020-10-10,39101,3292,137,49
2020-10-10,39103,1698,146,49
2020-10-10,39107,1435,142,29
2020-10-10,39109,1861,169,66
2020-10-10,39113,9592,1115,212
2020-10-10,39115,71,5,2
2020-10-10,39117,319,24,2
2020-10-10,39119,756,95,9
2020-10-10,39123,559,62,30
2020-10-10,39125,180,20,1
2020-10-10,39127,345,33,11
2020-10-10,39129,2865,122,47
2020-10-10,39131,274,32,0
2020-10-10,39133,1481,149,69
2020-10-10,39135,556,79,18
2020-10-10,39137,836,90,34
2020-10-10,39139,1208,175,28
2020-10-10,39141,1233,170,49
2020-10-10,39143,687,92,24
2020-10-10,39145,724,79,11
2020-10-10,39147,601,48,16
2020-10-10,39149,847,57,18
2020-10-10,39151,3604,414,197
2020-10-10,39153,6286,809,281
2020-10-10,39155,2151,371,137
2020-10-10,39157,1181,140,33
2020-10-10,39159,704,29,4
2020-10-10,39161,229,22,4
2020-10-10,39163,76,14,4
2020-10-10,39165,3765,285,72
2020-10-10,39167,307,21,24
2020-10-10,39169,1245,107,72
2020-10-10,39171,293,28,5
2020-10-10,39173,2348,201,98
2020-10-10,39175,279,25,15
2020-10-11,39001,196,25,8
2020-10-11,39003,1933,253,81
2020-10-11,39005,393,46,20
2020-10-11,39007,738,105,48
2020-10-11,39009,1102,41,2
2020-10-11,39011,911,77,23
2020-10-11,39013,758,55,28
2020-10-11,39015,350,28,4
2020-10-11,39017,7768,470,135
2020-10-11,39021,385,32,4
2020-10-11,39023,2321,154,88
2020-10-11,39025,2219,194,46
2020-10-11,39027,402,52,13
2020-10-11,39029,2093,238,93
2020-10-11,39031,308,44,13
2020-10-11,39033,372,40,9
2020-10-11,39035,19049,2700,711
2020-10-11,39037,1054,101,54
2020-10-11,39039,445,61,14
2020-10-11,39041,2673,106,28
2020-10-11,39043,1147,160,61
2020-10-11,39045,2527,199,60
2020-10-11,39047,400,54,14
2020-10-11,39049,30344,2189,661
2020-10-11,39051,453,40,21
2020-10-11,39053,269,41,13
2020-10-11,39055,802,115,50
2020-10-11,39057,2012,174,52
2020-10-11,39059,277,35,9
2020-10-11,39061,15557,1292,361
2020-10-11,39063,958,85,33
2020-10-11,39065,308,41,14
2020-10-11,39067,74,12,3
2020-10-11,39069,449,51,23
2020-10-11,39071,356,40,10
2020-10-11,39073,204,33,10
2020-10-11,39075,552,57,14
2020-10-11,39077,715,67,16
2020-10-11,39079,392,39,11
2020-10-11,39081,412,64,6
2020-10-11,39083,391,57,18
2020-10-11,39085,1843,187,64
2020-10-11,39087,837,98,29
2020-10-11,39089,2356,169,73
2020-10-11,39091,422,34,3
2020-10-11,39093,2562,275,90
2020-10-11,39095,8011,958,392
2020-10-11,39097,1015,62,15
2020-10-11,39099,3560,544,301
2020-10-11,39101,3301,137,49
2020-10-11,39103,1720,147,49
2020-10-11,39105,202,19,12
2020-10-11,39107,1451,143,29
2020-10-11,39109,1877,172,66
2020-10-11,39111,129,18,18
2020-10-11,39113,9675,1125,213
2020-10-11,39115,75,6,2
2020-10-11,39117,322,24,2
2020-10-11,39119,771,95,9
2020-10-11,39121,100,7,0
2020-10-11,39123,563,62,30
2020-10-11,39125,188,21,1
2020-10-11,39127,348,33,11
2020-10-11,39129,2870,122,47
2020-10-11,39131,282,32,0
2020-10-11,39133,1501,149,69
2020-10-11,39135,566,79,18
2020-10-11,39137,850,92,34
2020-10-11,39139,1222,175,28
2020-10-11,39141,1251,171,49
2020-10-11,39143,690,92,24
2020-10-11,39145,738,80,11
2020-10-11,39147,613,49,16
2020-10-11,39149,856,58,18
2020-10-11,39151,3626,416,198
2020-10-11,39153,6343,815,282
2020-10-11,39155,2159,371,137
2020-10-11,39157,1192,143,34
2020-10-11,39159,711,29,4
2020-10-11,39161,235,23,4
2020-10-11,39163,80,14,4
2020-10-11,39165,3812,289,72
2020-10-11,39167,311,22,25
2020-10-11,39169,1277,112,73
2020-10-11,39171,298,28,5
2020-10-11,39173,2374,204,98
2020-10-11,39175,282,25,15
2020-10-12,39001,204,26,8
2020-10-12,39003,1986,256,81
2020-10-12,39005,401,46,20
2020-10-12,39007,745,106,48
2020-10-12,39009,1130,41,2
2020-10-12,39011,946,80,23
2020-10-12,39013,765,55,28
2020-10-12,39015,352,28,4
2020-10-12,39017,7863,474,137
2020-10-12,39019,195,26,8
2020-10-12,39021,387,32,4
2020-10-12,39023,2369,155,96
2020-10-12,39025,2263,197,46
2020-10-12,39027,410,53,14
2020-10-12,39029,2109,238,93
2020-10-12,39031,310,45,13
2020-10-12,39033,394,43,9
2020-10-12,39035,19168,2709,711
2020-10-12,39037,1070,102,54
2020-10-12,39039,450,61,14
2020-10-12,39041,2710,106,28
2020-10-12,39043,1164,160,61
2020-10-12,39045,2562,201,60
2020-10-12,39047,414,54,14
2020-10-12,39049,30588,2198,661
2020-10-12,39051,476,42,23
2020-10-12,39053,273,41,13
2020-10-12,39055,814,115,50
2020-10-12,39057,2058,179,52
2020-10-12,39059,285,36,9
2020-10-12,39061,15775,1304,364
2020-10-12,39063,986,86,34
2020-10-12,39065,313,41,14
2020-10-12,39067,76,12,3
2020-10-12,39069,456,51,23
2020-10-12,39071,365,40,10
2020-10-12,39073,205,33,10
2020-10-12,39075,573,67,16
2020-10-12,39077,722,68,16
2020-10-12,39079,407,40,11
2020-10-12,39081,420,64,6
2020-10-12,39083,402,58,18
2020-10-12,39085,1863,188,64
2020-10-12,39087,862,98,29
2020-10-12,39089,2409,171,74
2020-10-12,39091,430,34,3
2020-10-12,39093,2597,280,91
2020-10-12,39095,8069,962,394
2020-10-12,39097,1022,62,15
2020-10-12,39099,3608,546,301
2020-10-12,39101,3313,139,49
2020-10-12,39103,1748,150,49
2020-10-12,39105,203,20,12
2020-10-12,39107,1472,148,31
2020-10-12,39109,1902,176,66
2020-10-12,39111,137,19,18
2020-10-12,39113,9819,1144,213
2020-10-12,39115,77,7,2
2020-10-12,39117,326,24,2
2020-10-12,39119,796,98,9
2020-10-12,39121,106,8,0
2020-10-12,39123,573,63,30
2020-10-12,39125,193,23,2
2020-10-12,39127,350,33,11
2020-10-12,39129,2925,122,47
2020-10-12,39131,288,32,0
2020-10-12,39133,1523,150,69
2020-10-12,39135,579,80,18
2020-10-12,39137,875,92,35
2020-10-12,39139,1238,175,28
2020-10-12,39141,1287,171,54
2020-10-12,39143,695,94,24
2020-10-12,39145,765,80,11
2020-10-12,39147,619,49,16
2020-10-12,39149,869,58,18
2020-10-12,39151,3686,419,199
2020-10-12,39153,6471,832,286
2020-10-12,39155,2180,373,137
2020-10-12,39157,1223,147,35
2020-10-12,39159,723,29,4
2020-10-12,39161,248,23,4
2020-10-12,39165,3878,293,72
2020-10-12,39167,322,24,26
2020-10-12,39169,1331,118,73
2020-10-12,39171,309,28,5
2020-10-12,39173,2408,205,98
2020-10-12,39175,287,26,15
2020-10-13,39001,205,26,8
2020-10-13,39003,2021,256,81
2020-10-13,39005,406,46,20
2020-10-13,39007,753,106,48
2020-10-13,39009,1152,41,2
2020-10-13,39011,974,84,23
2020-10-13,39013,768,55,28
2020-10-13,39015,359,30,4
2020-10-13,39017,7984,480,139
2020-10-13,39019,196,26,8
2020-10-13,39021,389,32,4
2020-10-13,39023,2399,159,98
2020-10-13,39025,2305,201,46
2020-10-13,39027,415,55,14
2020-10-13,39029,2118,238,93
2020-10-13,39031,316,45,13
2020-10-13,39033,406,44,9
2020-10-13,39035,19284,2714,711
2020-10-13,39037,1085,103,55
2020-10-13,39039,455,61,14
2020-10-13,39041,2750,107,28
2020-10-13,39043,1171,160,61
2020-10-13,39045,2587,203,61
2020-10-13,39047,423,55,14
2020-10-13,39049,30850,2207,662
2020-10-13,39051,490,42,24
2020-10-13,39053,279,41,13
2020-10-13,39055,828,115,50
2020-10-13,39057,2106,185,53
2020-10-13,39059,289,37,9
2020-10-13,39061,16036,1310,366
2020-10-13,39063,1001,86,34
2020-10-13,39065,318,42,14
2020-10-13,39067,78,12,3
2020-10-13,39069,468,52,23
2020-10-13,39071,374,40,10
2020-10-13,39073,208,34,11
2020-10-13,39075,588,67,16
2020-10-13,39077,728,69,17
2020-10-13,39079,416,40,11
2020-10-13,39081,431,65,6
2020-10-13,39083,408,58,18
2020-10-13,39085,1879,188,64
2020-10-13,39087,876,99,29
2020-10-13,39089,2452,174,74
2020-10-13,39091,439,35,3
2020-10-13,39093,2620,281,91
2020-10-13,39095,8134,965,395
2020-10-13,39097,1029,62,15
2020-10-13,39099,3645,548,302
2020-10-13,39101,3333,145,51
2020-10-13,39103,1774,155,50
2020-10-13,39105,206,21,12
2020-10-13,39107,1500,150,31
2020-10-13,39109,1931,176,66
2020-10-13,39111,140,19,18
2020-10-13,39113,9967,1153,215
2020-10-13,39115,79,7,2
2020-10-13,39117,335,25,2
2020-10-13,39119,810,101,10
2020-10-13,39121,115,10,0
2020-10-13,39123,576,63,30
2020-10-13,39125,202,24,3
2020-10-13,39127,352,33,11
2020-10-13,39129,2942,122,47
2020-10-13,39131,292,32,0
2020-10-13,39133,1548,151,70
2020-10-13,39135,583,80,18
2020-10-13,39137,895,94,35
2020-10-13,39139,1263,175,28
2020-10-13,39141,1320,175,55
2020-10-13,39143,704,94,25
2020-10-13,39145,783,80,11
2020-10-13,39147,627,50,16
2020-10-13,39149,877,58,18
2020-10-13,39151,3730,420,199
2020-10-13,39153,6551,838,288
2020-10-13,39155,2205,374,137
2020-10-13,39157,1239,148,35
2020-10-13,39159,735,29,4
2020-10-13,39161,255,23,4
2020-10-13,39165,3933,293,72
2020-10-13,39167,328,24,26
2020-10-13,39169,1370,121,73
2020-10-13,39171,319,28,6
2020-10-13,39173,2437,206,98
2020-10-13,39175,292,26,15
2020-10-14,39001,207,26,8
2020-10-14,39003,2072,258,81
2020-10-14,39005,413,47,20
2020-10-14,39007,757,107,48
2020-10-14,39009,1170,42,2
2020-10-14,39011,993,84,24
2020-10-14,39013,775,55,28
2020-10-14,39015,367,30,4
2020-10-14,39017,8102,482,139
2020-10-14,39019,199,26,8
2020-10-14,39021,392,32,4
2020-10-14,39023,2426,160,100
2020-10-14,39025,2353,208,47
2020-10-14,39027,426,55,14
2020-10-14,39029,2131,238,93
2020-10-14,39031,320,45,13
2020-10-14,39033,419,47,9
2020-10-14,39035,19435,2723,713
2020-10-14,39037,1097,103,55
2020-10-14,39039,457,61,14
2020-10-14,39041,2784,108,28
2020-10-14,39043,1178,161,61
2020-10-14,39045,2626,207,61
2020-10-14,39047,434,57,14
2020-10-14,39049,31084,2214,663
2020-10-14,39051,499,42,24
2020-10-14,39053,284,41,13
2020-10-14,39055,837,116,50
2020-10-14,39057,2153,188,54
2020-10-14,39059,300,39,9
2020-10-14,39061,16236,1315,367
2020-10-14,39063,1031,86,34
2020-10-14,39065,324,42,14
2020-10-14,39069,480,52,23
2020-10-14,39071,380,40,10
2020-10-14,39073,209,34,11
2020-10-14,39075,613,73,17
2020-10-14,39077,731,69,17
2020-10-14,39079,430,41,11
2020-10-14,39081,435,65,6
2020-10-14,39083,413,58,18
2020-10-14,39085,1906,188,64
2020-10-14,39087,889,100,29
2020-10-14,39089,2499,174,74
2020-10-14,39091,442,35,3
2020-10-14,39093,2645,282,92
2020-10-14,39095,8183,967,395
2020-10-14,39097,1037,62,15
2020-10-14,39099,3675,551,302
2020-10-14,39101,3352,149,53
2020-10-14,39103,1793,155,50
2020-10-14,39105,209,21,12
2020-10-14,39107,1511,152,31
2020-10-14,39109,1959,177,66
2020-10-14,39111,147,19,18
2020-10-14,39113,10113,1167,216
2020-10-14,39117,341,25,2
2020-10-14,39119,846,103,10
2020-10-14,39121,119,12,0
2020-10-14,39123,584,63,30
2020-10-14,39125,206,24,3
2020-10-14,39127,354,33,11
2020-10-14,39129,2961,124,47
2020-10-14,39131,293,32,0
2020-10-14,39133,1565,152,70
2020-10-14,39135,601,81,19
2020-10-14,39137,917,96,35
2020-10-14,39139,1284,177,29
2020-10-14,39141,1335,178,55
2020-10-14,39143,708,94,25
2020-10-14,39145,800,82,11
2020-10-14,39147,632,51,16
2020-10-14,39149,888,58,18
2020-10-14,39151,3784,421,200
2020-10-14,39153,6615,843,289
2020-10-14,39155,2229,375,137
2020-10-14,39157,1280,151,42
2020-10-14,39159,746,29,4
2020-10-14,39161,265,23,5
2020-10-14,39163,83,14,4
2020-10-14,39165,4029,299,73
2020-10-14,39167,335,24,26
2020-10-14,39169,1418,123,74
2020-10-14,39171,320,28,6
2020-10-14,39173,2462,210,100
2020-10-14,39175,295,27,15
2020-10-15,39001,213,27,8
2020-10-15,39003,2110,263,81
2020-10-15,39005,417,48,20
2020-10-15,39007,760,107,48
2020-10-15,39009,1196,43,2
2020-10-15,39011,1014,87,26
2020-10-15,39013,778,55,28
2020-10-15,39015,378,31,4
2020-10-15,39017,8226,485,139
2020-10-15,39021,402,32,4
2020-10-15,39023,2463,161,102
2020-10-15,39025,2402,211,47
2020-10-15,39027,443,57,14
2020-10-15,39029,2143,238,93
2020-10-15,39031,325,46,13
2020-10-15,39033,430,50,9
2020-10-15,39035,19568,2732,715
2020-10-15,39037,1109,109,56
2020-10-15,39039,464,62,15
2020-10-15,39041,2812,108,28
2020-10-15,39043,1192,161,61
2020-10-15,39045,2656,208,61
2020-10-15,39047,442,59,14
2020-10-15,39049,31279,2224,664
2020-10-15,39051,517,44,24
2020-10-15,39053,286,41,13
2020-10-15,39055,848,117,50
2020-10-15,39057,2203,189,54
2020-10-15,39059,307,39,9
2020-10-15,39061,16422,1322,368
2020-10-15,39063,1058,88,34
2020-10-15,39065,327,44,14
2020-10-15,39069,486,52,23
2020-10-15,39071,390,40,10
2020-10-15,39073,211,35,11
2020-10-15,39075,634,75,18
2020-10-15,39077,736,69,17
2020-10-15,39079,436,41,11
2020-10-15,39081,442,65,6
2020-10-15,39083,424,60,18
2020-10-15,39085,1924,189,64
2020-10-15,39087,903,101,30
2020-10-15,39089,2545,176,75
2020-10-15,39091,448,36,3
2020-10-15,39093,2669,284,93
2020-10-15,39095,8229,967,395
2020-10-15,39097,1048,64,16
2020-10-15,39099,3698,552,302
2020-10-15,39101,3366,149,53
2020-10-15,39103,1817,156,50
2020-10-15,39107,1539,153,32
2020-10-15,39109,1982,179,66
2020-10-15,39111,150,19,18
2020-10-15,39113,10245,1182,218
2020-10-15,39117,348,25,2
2020-10-15,39119,863,106,10
2020-10-15,39121,124,13,0
2020-10-15,39123,589,64,30
2020-10-15,39125,212,27,3
2020-10-15,39127,357,33,11
2020-10-15,39129,2976,124,47
2020-10-15,39131,299,32,0
2020-10-15,39133,1580,153,70
2020-10-15,39135,609,81,19
2020-10-15,39137,946,98,37
2020-10-15,39139,1296,178,29
2020-10-15,39141,1351,180,55
2020-10-15,39143,710,95,25
2020-10-15,39145,816,84,11
2020-10-15,39147,635,52,16
2020-10-15,39149,904,60,18
2020-10-15,39151,3825,424,200
2020-10-15,39153,6688,848,289
2020-10-15,39155,2257,382,137
2020-10-15,39157,1311,162,46
2020-10-15,39159,758,29,4
2020-10-15,39161,274,23,5
2020-10-15,39163,95,15,5
2020-10-15,39165,4087,300,73
2020-10-15,39167,339,24,27
2020-10-15,39169,1455,127,76
2020-10-15,39171,328,29,6
2020-10-15,39173,2489,210,101
2020-10-15,39175,300,28,16
2020-10-16,39001,216,27,8
2020-10-16,39003,2147,267,82
2020-10-16,39005,423,48,20
2020-10-16,39007,762,107,48
2020-10-16,39009,1214,43,2
2020-10-16,39011,1024,88,26
2020-10-16,39013,784,55,28
2020-10-16,39015,382,31,4
2020-10-16,39017,8318,486,139
2020-10-16,39019,206,26,8
2020-10-16,39021,410,32,4
2020-10-16,39023,2526,162,106
2020-10-16,39025,2430,213,47
2020-10-16,39027,454,58,14
2020-10-16,39029,2154,240,93
2020-10-16,39031,329,48,14
2020-10-16,39033,441,52,11
2020-10-16,39035,19693,2743,719
2020-10-16,39037,1118,112,56
2020-10-16,39039,471,62,15
2020-10-16,39041,2845,108,30
2020-10-16,39043,1209,162,61
2020-10-16,39045,2677,209,61
2020-10-16,39047,450,61,14
2020-10-16,39049,31503,2233,665
2020-10-16,39051,518,44,24
2020-10-16,39053,288,41,13
2020-10-16,39055,856,118,50
2020-10-16,39057,2250,191,54
2020-10-16,39059,321,40,9
2020-10-16,39061,16628,1324,368
2020-10-16,39063,1070,90,34
2020-10-16,39065,332,44,14
2020-10-16,39069,494,53,23
2020-10-16,39071,410,40,13
2020-10-16,39075,650,78,19
2020-10-16,39077,739,70,18
2020-10-16,39079,449,43,11
2020-10-16,39081,448,65,6
2020-10-16,39083,434,60,18
2020-10-16,39085,1951,191,64
2020-10-16,39087,917,103,31
2020-10-16,39089,2588,177,76
2020-10-16,39091,450,36,3
2020-10-16,39093,2689,286,93
2020-10-16,39095,8297,971,396
2020-10-16,39097,1054,65,16
2020-10-16,39099,3733,558,302
2020-10-16,39101,3383,149,53
2020-10-16,39103,1841,157,50
2020-10-16,39105,211,21,12
2020-10-16,39107,1554,156,34
2020-10-16,39109,2005,179,66
2020-10-16,39111,153,19,18
2020-10-16,39113,10383,1190,220
2020-10-16,39115,83,7,2
2020-10-16,39117,356,27,2
2020-10-16,39119,876,108,10
2020-10-16,39121,128,13,0
2020-10-16,39123,598,65,30
2020-10-16,39125,217,27,3
2020-10-16,39127,363,33,11
2020-10-16,39129,2986,124,47
2020-10-16,39131,302,32,0
2020-10-16,39133,1605,154,70
2020-10-16,39135,618,81,19
2020-10-16,39137,978,100,38
2020-10-16,39139,1317,183,29
2020-10-16,39141,1371,182,57
2020-10-16,39143,715,95,25
2020-10-16,39145,832,85,11
2020-10-16,39147,642,52,16
2020-10-16,39149,911,60,18
2020-10-16,39151,3885,429,201
2020-10-16,39153,6745,857,292
2020-10-16,39155,2287,383,137
2020-10-16,39157,1339,167,47
2020-10-16,39159,766,29,4
2020-10-16,39161,281,24,5
2020-10-16,39165,4154,304,73
2020-10-16,39167,343,25,27
2020-10-16,39169,1494,132,77
2020-10-16,39171,335,29,6
2020-10-16,39173,2515,211,101
2020-10-16,39175,301,28,16
2020-10-17,39001,220,27,8
2020-10-17,39003,2180,268,83
2020-10-17,39005,428,49,20
2020-10-17,39007,766,108,48
2020-10-17,39009,1227,43,2
2020-10-17,39011,1044,89,26
2020-10-17,39013,786,55,28
2020-10-17,39015,392,32,4
2020-10-17,39017,8384,488,139
2020-10-17,39019,211,26,9
2020-10-17,39021,411,32,4
2020-10-17,39023,2562,164,106
2020-10-17,39025,2471,216,47
2020-10-17,39027,466,59,14
2020-10-17,39029,2161,240,93
2020-10-17,39031,332,48,14
2020-10-17,39033,451,56,11
2020-10-17,39035,19805,2753,722
2020-10-17,39037,1135,114,57
2020-10-17,39039,476,63,15
2020-10-17,39041,2863,108,30
2020-10-17,39043,1216,164,61
2020-10-17,39045,2700,210,61
2020-10-17,39047,455,61,14
2020-10-17,39049,31716,2251,666
2020-10-17,39051,528,44,24
2020-10-17,39055,864,118,50
2020-10-17,39057,2282,193,55
2020-10-17,39059,327,40,9
2020-10-17,39061,16760,1328,368
2020-10-17,39063,1079,91,34
2020-10-17,39065,337,44,14
2020-10-17,39069,497,53,23
2020-10-17,39071,421,40,13
2020-10-17,39073,213,35,11
2020-10-17,39075,670,81,21
2020-10-17,39077,743,70,18
2020-10-17,39079,458,44,12
2020-10-17,39081,452,65,6
2020-10-17,39083,443,62,18
2020-10-17,39085,1967,192,64
2020-10-17,39087,923,103,31
2020-10-17,39089,2617,180,76
2020-10-17,39091,460,37,3
2020-10-17,39093,2704,287,93
2020-10-17,39095,8352,974,396
2020-10-17,39097,1058,65,16
2020-10-17,39099,3754,558,302
2020-10-17,39101,3388,149,53
2020-10-17,39103,1859,160,50
2020-10-17,39105,213,21,12
2020-10-17,39107,1570,158,35
2020-10-17,39109,2026,180,66
2020-10-17,39111,155,19,18
2020-10-17,39113,10487,1202,220
2020-10-17,39115,85,7,2
2020-10-17,39117,368,27,2
2020-10-17,39119,895,109,10
2020-10-17,39121,133,14,0
2020-10-17,39123,602,65,30
2020-10-17,39125,221,27,3
2020-10-17,39127,368,33,11
2020-10-17,39129,2989,125,47
2020-10-17,39131,305,33,0
2020-10-17,39133,1624,154,70
2020-10-17,39135,630,82,19
2020-10-17,39137,996,101,38
2020-10-17,39139,1332,185,29
2020-10-17,39141,1381,183,58
2020-10-17,39143,718,95,25
2020-10-17,39145,849,85,11
2020-10-17,39147,653,54,16
2020-10-17,39149,925,60,18
2020-10-17,39151,3919,431,201
2020-10-17,39153,6804,863,292
2020-10-17,39155,2319,388,137
2020-10-17,39157,1362,168,47
2020-10-17,39159,775,29,4
2020-10-17,39161,289,24,5
2020-10-17,39163,98,15,5
2020-10-17,39165,4209,306,73
2020-10-17,39167,350,25,27
2020-10-17,39169,1535,139,78
2020-10-17,39171,339,29,6
2020-10-17,39173,2531,211,101
2020-10-17,39175,306,28,16
2020-10-18,39001,223,27,8
2020-10-18,39003,2213,269,83
2020-10-18,39005,436,49,20
2020-10-18,39007,771,111,48
2020-10-18,39009,1245,44,2
2020-10-18,39011,1065,90,26
2020-10-18,39013,788,55,28
2020-10-18,39015,396,32,4
2020-10-18,39017,8445,490,139
2020-10-18,39019,215,26,9
2020-10-18,39021,415,32,4
2020-10-18,39023,2581,166,106
2020-10-18,39025,2507,220,47
2020-10-18,39027,478,60,14
2020-10-18,39029,2171,240,93
2020-10-18,39031,339,49,14
2020-10-18,39033,460,58,11
2020-10-18,39035,19908,2761,724
2020-10-18,39037,1144,115,57
2020-10-18,39039,484,63,15
2020-10-18,39041,2878,108,30
2020-10-18,39043,1221,164,61
2020-10-18,39045,2721,212,61
2020-10-18,39047,458,61,14
2020-10-18,39049,31902,2261,666
2020-10-18,39051,542,44,24
2020-10-18,39053,294,41,13
2020-10-18,39055,873,118,50
2020-10-18,39057,2314,197,55
2020-10-18,39059,342,44,9
2020-10-18,39061,16901,1335,368
2020-10-18,39063,1093,91,34
2020-10-18,39065,338,44,14
2020-10-18,39067,79,12,3
2020-10-18,39069,503,53,23
2020-10-18,39071,433,40,13
2020-10-18,39073,215,35,11
2020-10-18,39075,692,86,23
2020-10-18,39077,746,70,18
2020-10-18,39079,466,45,12
2020-10-18,39081,454,65,6
2020-10-18,39083,453,64,18
2020-10-18,39085,1986,192,65
2020-10-18,39087,932,104,33
2020-10-18,39089,2649,185,76
2020-10-18,39091,466,37,3
2020-10-18,39093,2717,288,95
2020-10-18,39095,8402,978,397
2020-10-18,39097,1061,65,16
2020-10-18,39099,3781,561,302
2020-10-18,39101,3403,150,53
2020-10-18,39103,1891,161,51
2020-10-18,39105,214,21,12
2020-10-18,39107,1587,159,35
2020-10-18,39109,2044,182,67
2020-10-18,39111,161,20,18
2020-10-18,39113,10590,1211,221
2020-10-18,39115,86,7,2
2020-10-18,39117,374,27,2
2020-10-18,39119,910,112,11
2020-10-18,39121,136,15,0
2020-10-18,39123,606,65,30
2020-10-18,39125,228,29,4
2020-10-18,39127,370,33,11
2020-10-18,39129,2997,125,47
2020-10-18,39131,311,34,0
2020-10-18,39133,1655,154,70
2020-10-18,39135,643,82,19
2020-10-18,39137,1021,102,39
2020-10-18,39139,1350,188,29
2020-10-18,39141,1401,186,59
2020-10-18,39143,730,97,25
2020-10-18,39145,868,89,11
2020-10-18,39147,662,56,16
2020-10-18,39149,935,60,18
2020-10-18,39151,3959,436,202
2020-10-18,39153,6869,871,295
2020-10-18,39155,2346,390,137
2020-10-18,39157,1380,171,48
2020-10-18,39159,782,30,4
2020-10-18,39161,298,25,5
2020-10-18,39163,102,15,5
2020-10-18,39165,4246,309,73
2020-10-18,39167,354,25,27
2020-10-18,39169,1562,140,79
2020-10-18,39171,343,29,6
2020-10-18,39173,2556,215,102
2020-10-18,39175,309,28,16
2020-10-19,39001,224,27,8
2020-10-19,39003,2256,269,83
2020-10-19,39005,451,50,20
2020-10-19,39007,776,112,48
2020-10-19,39009,1273,46,2
2020-10-19,39011,1111,91,28
2020-10-19,39013,798,55,28
2020-10-19,39015,406,32,4
2020-10-19,39017,8565,497,140
2020-10-19,39019,222,27,9
2020-10-19,39021,422,32,4
2020-10-19,39023,2621,167,106
2020-10-19,39025,2565,224,47
2020-10-19,39027,488,60,14
2020-10-19,39029,2184,241,93
2020-10-19,39031,348,49,14
2020-10-19,39033,471,59,11
2020-10-19,39035,20092,2775,725
2020-10-19,39037,1175,116,59
2020-10-19,39039,499,65,15
2020-10-19,39041,2906,110,30
2020-10-19,39043,1224,165,61
2020-10-19,39045,2757,213,61
2020-10-19,39047,460,61,14
2020-10-19,39049,32223,2273,667
2020-10-19,39051,552,45,25
2020-10-19,39053,296,41,13
2020-10-19,39055,895,120,50
2020-10-19,39057,2358,197,55
2020-10-19,39059,353,44,9
2020-10-19,39061,17163,1348,370
2020-10-19,39063,1117,94,34
2020-10-19,39065,350,45,14
2020-10-19,39067,80,12,3
2020-10-19,39069,521,53,23
2020-10-19,39071,446,41,13
2020-10-19,39073,218,35,11
2020-10-19,39075,728,88,24
2020-10-19,39077,750,72,18
2020-10-19,39079,473,45,12
2020-10-19,39081,463,65,6
2020-10-19,39083,465,64,18
2020-10-19,39085,2015,195,65
2020-10-19,39087,964,107,35
2020-10-19,39089,2705,188,76
2020-10-19,39091,471,37,3
2020-10-19,39093,2754,289,96
2020-10-19,39095,8493,983,397
2020-10-19,39097,1071,67,17
2020-10-19,39099,3825,563,302
2020-10-19,39101,3427,152,53
2020-10-19,39103,1925,163,52
2020-10-19,39105,215,21,12
2020-10-19,39107,1611,160,35
2020-10-19,39109,2078,186,67
2020-10-19,39111,169,21,19
2020-10-19,39113,10776,1229,221
2020-10-19,39115,91,7,2
2020-10-19,39117,380,27,2
2020-10-19,39119,928,115,11
2020-10-19,39121,142,15,0
2020-10-19,39123,610,65,30
2020-10-19,39125,235,29,5
2020-10-19,39127,382,33,11
2020-10-19,39129,3025,125,47
2020-10-19,39131,322,35,0
2020-10-19,39133,1683,155,70
2020-10-19,39135,658,82,19
2020-10-19,39137,1068,103,42
2020-10-19,39139,1381,191,29
2020-10-19,39141,1427,189,61
2020-10-19,39143,737,97,25
2020-10-19,39145,888,89,11
2020-10-19,39147,674,56,16
2020-10-19,39149,958,60,18
2020-10-19,39151,4029,440,203
2020-10-19,39153,6936,877,296
2020-10-19,39155,2375,394,139
2020-10-19,39157,1408,173,49
2020-10-19,39159,789,30,4
2020-10-19,39161,310,25,6
2020-10-19,39163,106,15,5
2020-10-19,39165,4320,310,73
2020-10-19,39167,363,25,27
2020-10-19,39169,1602,144,79
2020-10-19,39171,358,30,6
2020-10-19,39173,2596,218,103
2020-10-19,39175,310,28,16
2020-10-20,39001,231,27,8
2020-10-20,39003,2308,273,83
2020-10-20,39005,458,50,20
2020-10-20,39007,783,113,48
2020-10-20,39009,1292,47,2
2020-10-20,39011,1136,93,28
2020-10-20,39013,806,55,28
2020-10-20,39015,425,32,4
2020-10-20,39017,8713,501,141
2020-10-20,39019,237,28,10
2020-10-20,39021,430,33,4
2020-10-20,39023,2660,168,108
2020-10-20,39025,2628,228,48
2020-10-20,39027,495,60,14
2020-10-20,39029,2200,241,93
2020-10-20,39031,358,50,14
2020-10-20,39033,490,60,11
2020-10-20,39035,20271,2780,727
2020-10-20,39037,1185,117,59
2020-10-20,39039,513,66,15
2020-10-20,39041,2943,110,30
2020-10-20,39043,1229,165,61
2020-10-20,39045,2810,218,61
2020-10-20,39047,469,62,15
2020-10-20,39049,32524,2286,667
2020-10-20,39051,566,47,25
2020-10-20,39053,307,43,13
2020-10-20,39055,905,120,50
2020-10-20,39057,2405,202,57
2020-10-20,39059,376,46,9
2020-10-20,39061,17415,1355,370
2020-10-20,39063,1137,97,34
2020-10-20,39065,364,46,14
2020-10-20,39067,81,12,3
2020-10-20,39069,530,53,23
2020-10-20,39071,462,41,15
2020-10-20,39073,222,35,11
2020-10-20,39075,754,92,25
2020-10-20,39077,757,73,18
2020-10-20,39079,487,46,12
2020-10-20,39081,474,66,7
2020-10-20,39083,475,65,18
2020-10-20,39085,2057,195,65
2020-10-20,39087,978,108,35
2020-10-20,39089,2762,190,76
2020-10-20,39091,482,38,3
2020-10-20,39093,2787,294,96
2020-10-20,39095,8592,986,400
2020-10-20,39097,1081,67,17
2020-10-20,39099,3872,567,302
2020-10-20,39101,3444,153,53
2020-10-20,39103,1970,168,53
2020-10-20,39105,216,21,12
2020-10-20,39107,1635,162,36
2020-10-20,39109,2107,187,67
2020-10-20,39111,172,22,19
2020-10-20,39113,10946,1238,221
2020-10-20,39115,92,8,2
2020-10-20,39117,382,27,2
2020-10-20,39119,947,117,11
2020-10-20,39121,147,16,0
2020-10-20,39123,624,65,30
2020-10-20,39125,239,31,6
2020-10-20,39127,391,34,11
2020-10-20,39129,3042,126,47
2020-10-20,39131,334,35,0
2020-10-20,39133,1706,157,71
2020-10-20,39135,673,83,20
2020-10-20,39137,1116,107,42
2020-10-20,39139,1409,193,29
2020-10-20,39141,1461,189,63
2020-10-20,39143,753,98,25
2020-10-20,39145,913,91,11
2020-10-20,39147,692,60,16
2020-10-20,39149,974,61,18
2020-10-20,39151,4097,445,203
2020-10-20,39153,7005,880,296
2020-10-20,39155,2410,396,140
2020-10-20,39157,1446,175,50
2020-10-20,39159,803,32,4
2020-10-20,39161,321,26,6
2020-10-20,39163,110,15,5
2020-10-20,39165,4393,311,73
2020-10-20,39167,371,26,27
2020-10-20,39169,1658,152,80
2020-10-20,39171,366,31,6
2020-10-20,39173,2625,218,105
2020-10-20,39175,312,28,16
2020-10-21,39001,239,27,8
2020-10-21,39003,2356,281,84
2020-10-21,39005,473,51,20
2020-10-21,39007,792,114,48
2020-10-21,39009,1312,47,2
2020-10-21,39011,1160,94,28
2020-10-21,39013,812,56,28
2020-10-21,39015,432,33,4
2020-10-21,39017,8832,506,142
2020-10-21,39019,240,28,10
2020-10-21,39021,435,34,4
2020-10-21,39023,2702,172,108
2020-10-21,39025,2681,231,48
2020-10-21,39027,508,60,14
2020-10-21,39029,2209,241,94
2020-10-21,39031,374,51,14
2020-10-21,39033,529,69,15
2020-10-21,39035,20454,2786,728
2020-10-21,39037,1204,119,59
2020-10-21,39039,527,66,15
2020-10-21,39041,2980,110,30
2020-10-21,39043,1240,165,61
2020-10-21,39045,2894,222,62
2020-10-21,39047,474,62,15
2020-10-21,39049,32788,2296,667
2020-10-21,39051,571,47,25
2020-10-21,39053,315,44,13
2020-10-21,39055,923,120,50
2020-10-21,39057,2469,206,57
2020-10-21,39059,387,46,9
2020-10-21,39061,17681,1362,371
2020-10-21,39063,1160,98,34
2020-10-21,39065,373,48,15
2020-10-21,39067,82,12,3
2020-10-21,39069,547,54,23
2020-10-21,39071,477,42,15
2020-10-21,39073,223,35,11
2020-10-21,39075,800,92,26
2020-10-21,39077,760,73,18
2020-10-21,39079,496,46,12
2020-10-21,39081,484,66,7
2020-10-21,39083,491,65,18
2020-10-21,39085,2091,195,65
2020-10-21,39087,989,109,35
2020-10-21,39089,2810,191,76
2020-10-21,39091,495,39,3
2020-10-21,39093,2829,300,98
2020-10-21,39095,8661,989,400
2020-10-21,39097,1089,67,17
2020-10-21,39099,3904,570,302
2020-10-21,39101,3460,153,53
2020-10-21,39103,2004,171,53
2020-10-21,39105,217,21,12
2020-10-21,39107,1664,165,36
2020-10-21,39109,2138,190,67
2020-10-21,39111,177,23,19
2020-10-21,39113,11122,1257,222
2020-10-21,39117,398,27,2
2020-10-21,39119,972,117,11
2020-10-21,39121,165,17,5
2020-10-21,39123,634,65,30
2020-10-21,39125,253,34,7
2020-10-21,39127,400,34,11
2020-10-21,39129,3063,127,47
2020-10-21,39131,339,36,0
2020-10-21,39133,1743,158,71
2020-10-21,39135,697,86,21
2020-10-21,39137,1162,108,44
2020-10-21,39139,1446,198,29
2020-10-21,39141,1501,192,63
2020-10-21,39143,773,100,26
2020-10-21,39145,929,93,11
2020-10-21,39147,704,60,16
2020-10-21,39149,987,61,18
2020-10-21,39151,4175,449,203
2020-10-21,39153,7080,887,296
2020-10-21,39155,2448,397,140
2020-10-21,39157,1471,176,51
2020-10-21,39159,818,33,4
2020-10-21,39161,330,27,6
2020-10-21,39163,113,17,5
2020-10-21,39165,4458,312,74
2020-10-21,39167,386,26,27
2020-10-21,39169,1697,155,81
2020-10-21,39171,376,31,6
2020-10-21,39173,2652,223,105
2020-10-21,39175,315,28,16
2020-10-22,39001,241,27,8
2020-10-22,39003,2404,283,85
2020-10-22,39005,482,52,20
2020-10-22,39007,807,114,48
2020-10-22,39009,1334,48,2
2020-10-22,39011,1209,96,29
2020-10-22,39013,820,56,28
2020-10-22,39015,443,33,4
2020-10-22,39017,8960,511,142
2020-10-22,39019,241,28,10
2020-10-22,39021,441,35,4
2020-10-22,39023,2736,173,108
2020-10-22,39025,2730,236,48
2020-10-22,39027,519,61,14
2020-10-22,39029,2233,242,94
2020-10-22,39031,380,52,14
2020-10-22,39033,549,72,16
2020-10-22,39035,20671,2796,731
2020-10-22,39037,1229,122,60
2020-10-22,39039,544,67,15
2020-10-22,39041,3011,111,30
2020-10-22,39043,1249,165,61
2020-10-22,39045,2933,224,62
2020-10-22,39047,478,62,15
2020-10-22,39049,33056,2307,668
2020-10-22,39051,585,48,26
2020-10-22,39053,320,44,13
2020-10-22,39055,934,120,50
2020-10-22,39057,2525,206,57
2020-10-22,39059,396,47,9
2020-10-22,39061,17932,1374,373
2020-10-22,39063,1207,99,35
2020-10-22,39065,376,49,15
2020-10-22,39067,85,12,3
2020-10-22,39069,560,55,23
2020-10-22,39071,488,42,15
2020-10-22,39073,228,36,11
2020-10-22,39075,828,96,29
2020-10-22,39077,764,74,18
2020-10-22,39079,506,46,12
2020-10-22,39081,488,66,7
2020-10-22,39083,497,66,18
2020-10-22,39085,2135,195,65
2020-10-22,39087,1011,110,35
2020-10-22,39089,2856,192,76
2020-10-22,39091,509,40,3
2020-10-22,39093,2865,302,98
2020-10-22,39095,8728,990,400
2020-10-22,39097,1097,68,17
2020-10-22,39099,3949,572,302
2020-10-22,39101,3474,154,53
2020-10-22,39103,2038,173,53
2020-10-22,39105,220,21,12
2020-10-22,39107,1688,167,36
2020-10-22,39109,2173,192,67
2020-10-22,39111,187,24,19
2020-10-22,39113,11278,1274,222
2020-10-22,39115,94,8,2
2020-10-22,39117,412,28,2
2020-10-22,39119,987,117,11
2020-10-22,39121,179,19,7
2020-10-22,39123,643,65,30
2020-10-22,39125,265,36,8
2020-10-22,39127,407,34,11
2020-10-22,39129,3084,128,47
2020-10-22,39131,345,37,0
2020-10-22,39133,1777,162,71
2020-10-22,39135,714,88,21
2020-10-22,39137,1214,113,45
2020-10-22,39139,1483,201,30
2020-10-22,39141,1534,196,63
2020-10-22,39143,785,101,26
2020-10-22,39145,947,93,11
2020-10-22,39147,720,62,17
2020-10-22,39149,998,63,18
2020-10-22,39151,4255,452,203
2020-10-22,39153,7153,893,299
2020-10-22,39155,2473,400,140
2020-10-22,39157,1490,179,51
2020-10-22,39159,825,35,4
2020-10-22,39161,339,29,7
2020-10-22,39163,115,17,5
2020-10-22,39165,4533,314,74
2020-10-22,39167,399,26,27
2020-10-22,39169,1741,159,81
2020-10-22,39171,385,31,6
2020-10-22,39173,2686,225,106
2020-10-22,39175,321,28,16
2020-10-23,39001,250,27,8
2020-10-23,39003,2458,285,85
2020-10-23,39005,496,52,20
2020-10-23,39007,816,114,48
2020-10-23,39009,1357,49,4
2020-10-23,39011,1235,98,29
2020-10-23,39013,827,56,28
2020-10-23,39015,459,34,4
2020-10-23,39017,9085,515,145
2020-10-23,39019,248,29,10
2020-10-23,39021,449,36,4
2020-10-23,39023,2777,173,108
2020-10-23,39025,2771,239,48
2020-10-23,39027,530,61,14
2020-10-23,39029,2250,245,94
2020-10-23,39031,395,54,14
2020-10-23,39033,561,73,17
2020-10-23,39035,20888,2804,732
2020-10-23,39037,1245,122,60
2020-10-23,39039,566,70,15
2020-10-23,39041,3051,111,30
2020-10-23,39043,1264,167,62
2020-10-23,39045,2967,227,62
2020-10-23,39047,486,62,15
2020-10-23,39049,33371,2318,668
2020-10-23,39051,606,48,26
2020-10-23,39053,324,44,13
2020-10-23,39055,947,120,50
2020-10-23,39057,2588,210,58
2020-10-23,39059,412,47,9
2020-10-23,39061,18150,1384,373
2020-10-23,39063,1234,103,35
2020-10-23,39065,383,50,15
2020-10-23,39067,91,13,3
2020-10-23,39069,571,57,23
2020-10-23,39071,509,44,15
2020-10-23,39073,234,36,11
2020-10-23,39075,873,101,33
2020-10-23,39077,771,75,18
2020-10-23,39079,510,46,12
2020-10-23,39081,498,67,7
2020-10-23,39083,507,68,19
2020-10-23,39085,2186,199,65
2020-10-23,39087,1024,113,36
2020-10-23,39089,2921,194,76
2020-10-23,39091,530,40,4
2020-10-23,39093,2907,303,99
2020-10-23,39095,8829,995,403
2020-10-23,39097,1106,70,17
2020-10-23,39099,3989,573,302
2020-10-23,39101,3500,154,53
2020-10-23,39103,2081,177,55
2020-10-23,39105,225,22,12
2020-10-23,39107,1719,171,36
2020-10-23,39109,2213,195,69
2020-10-23,39111,188,24,19
2020-10-23,39113,11493,1289,223
2020-10-23,39115,96,8,2
2020-10-23,39117,426,29,2
2020-10-23,39119,1008,120,11
2020-10-23,39121,183,19,7
2020-10-23,39123,648,65,30
2020-10-23,39125,277,38,8
2020-10-23,39127,412,35,11
2020-10-23,39129,3122,128,47
2020-10-23,39131,351,39,0
2020-10-23,39133,1808,163,71
2020-10-23,39135,728,89,21
2020-10-23,39137,1247,113,46
2020-10-23,39139,1518,202,31
2020-10-23,39141,1557,198,63
2020-10-23,39143,806,102,26
2020-10-23,39145,973,96,11
2020-10-23,39147,733,62,17
2020-10-23,39149,1011,63,18
2020-10-23,39151,4330,456,203
2020-10-23,39153,7228,899,299
2020-10-23,39155,2498,402,140
2020-10-23,39157,1528,186,51
2020-10-23,39159,835,35,4
2020-10-23,39161,352,29,7
2020-10-23,39163,120,17,5
2020-10-23,39165,4595,315,74
2020-10-23,39167,408,26,27
2020-10-23,39169,1788,165,82
2020-10-23,39171,399,32,6
2020-10-23,39173,2720,228,106
2020-10-23,39175,325,28,16
2020-10-24,39001,256,28,8
2020-10-24,39003,2495,285,85
2020-10-24,39005,508,53,20
2020-10-24,39007,824,114,48
2020-10-24,39009,1363,49,4
2020-10-24,39011,1246,99,29
2020-10-24,39013,834,56,28
2020-10-24,39015,467,35,4
2020-10-24,39017,9179,522,145
2020-10-24,39019,253,29,10
2020-10-24,39021,456,36,4
2020-10-24,39023,2814,177,108
2020-10-24,39025,2818,240,48
2020-10-24,39027,541,61,14
2020-10-24,39029,2262,245,94
2020-10-24,39031,403,57,14
2020-10-24,39033,575,74,17
2020-10-24,39035,21023,2812,732
2020-10-24,39037,1263,122,60
2020-10-24,39039,590,72,18
2020-10-24,39041,3075,112,30
2020-10-24,39043,1270,168,62
2020-10-24,39045,3012,228,62
2020-10-24,39047,490,63,15
2020-10-24,39049,33631,2327,668
2020-10-24,39051,614,48,26
2020-10-24,39053,327,44,13
2020-10-24,39055,961,120,50
2020-10-24,39057,2620,212,58
2020-10-24,39059,423,48,9
2020-10-24,39061,18288,1391,375
2020-10-24,39063,1254,103,35
2020-10-24,39065,397,51,15
2020-10-24,39067,92,13,3
2020-10-24,39069,577,57,23
2020-10-24,39071,521,44,15
2020-10-24,39073,244,38,11
2020-10-24,39075,897,107,33
2020-10-24,39077,784,76,18
2020-10-24,39079,518,47,12
2020-10-24,39081,501,67,7
2020-10-24,39083,522,68,19
2020-10-24,39085,2231,199,65
2020-10-24,39087,1037,117,36
2020-10-24,39089,2959,196,76
2020-10-24,39091,537,40,4
2020-10-24,39093,2942,304,99
2020-10-24,39095,8894,999,404
2020-10-24,39097,1108,70,17
2020-10-24,39099,4025,579,302
2020-10-24,39101,3519,157,53
2020-10-24,39103,2114,178,55
2020-10-24,39105,227,22,12
2020-10-24,39107,1733,174,36
2020-10-24,39109,2230,200,69
2020-10-24,39111,191,25,19
2020-10-24,39113,11615,1300,223
2020-10-24,39115,98,8,2
2020-10-24,39117,443,29,2
2020-10-24,39119,1026,120,11
2020-10-24,39121,188,19,7
2020-10-24,39123,657,66,30
2020-10-24,39125,287,39,8
2020-10-24,39127,420,36,11
2020-10-24,39129,3133,128,48
2020-10-24,39131,357,40,0
2020-10-24,39133,1834,164,71
2020-10-24,39135,740,90,21
2020-10-24,39137,1270,114,46
2020-10-24,39139,1550,203,31
2020-10-24,39141,1583,203,63
2020-10-24,39143,813,102,26
2020-10-24,39145,987,97,11
2020-10-24,39147,743,62,17
2020-10-24,39149,1029,64,18
2020-10-24,39151,4388,457,203
2020-10-24,39153,7283,905,300
2020-10-24,39155,2535,405,140
2020-10-24,39157,1549,189,51
2020-10-24,39159,843,35,4
2020-10-24,39161,359,29,7
2020-10-24,39163,124,18,5
2020-10-24,39165,4646,316,75
2020-10-24,39167,417,26,27
2020-10-24,39169,1824,174,85
2020-10-24,39171,414,33,7
2020-10-24,39173,2742,230,106
2020-10-24,39175,333,28,16
2020-10-25,39001,257,28,8
2020-10-25,39003,2553,288,85
2020-10-25,39005,518,53,20
2020-10-25,39007,833,116,48
2020-10-25,39009,1372,49,4
2020-10-25,39011,1271,99,29
2020-10-25,39013,845,56,28
2020-10-25,39015,476,35,4
2020-10-25,39017,9249,525,145
2020-10-25,39019,258,29,10
2020-10-25,39021,464,36,4
2020-10-25,39023,2854,177,109
2020-10-25,39025,2870,241,48
2020-10-25,39027,554,61,14
2020-10-25,39029,2271,245,94
2020-10-25,39031,406,58,14
2020-10-25,39033,585,74,17
2020-10-25,39035,21192,2823,733
2020-10-25,39037,1273,122,60
2020-10-25,39039,609,74,18
2020-10-25,39041,3115,114,30
2020-10-25,39043,1277,169,62
2020-10-25,39045,3041,229,62
2020-10-25,39047,497,63,15
2020-10-25,39049,33907,2340,668
2020-10-25,39051,624,49,26
2020-10-25,39053,329,44,13
2020-10-25,39055,977,121,50
2020-10-25,39057,2652,212,58
2020-10-25,39059,434,48,9
2020-10-25,39061,18425,1395,375
2020-10-25,39063,1275,103,35
2020-10-25,39065,405,52,15
2020-10-25,39067,94,13,3
2020-10-25,39069,585,60,24
2020-10-25,39071,537,45,15
2020-10-25,39073,248,39,12
2020-10-25,39075,917,110,34
2020-10-25,39077,789,77,18
2020-10-25,39079,525,48,12
2020-10-25,39081,507,68,7
2020-10-25,39083,535,71,19
2020-10-25,39085,2265,204,65
2020-10-25,39087,1052,118,36
2020-10-25,39089,3004,199,76
2020-10-25,39091,549,40,4
2020-10-25,39093,2967,310,100
2020-10-25,39095,8952,1003,406
2020-10-25,39097,1114,70,17
2020-10-25,39099,4067,581,302
2020-10-25,39101,3535,157,53
2020-10-25,39103,2150,180,55
2020-10-25,39105,228,22,12
2020-10-25,39107,1768,185,38
2020-10-25,39109,2249,200,69
2020-10-25,39111,199,26,19
2020-10-25,39113,11733,1312,223
2020-10-25,39115,102,8,2
2020-10-25,39117,455,29,2
2020-10-25,39119,1035,122,11
2020-10-25,39121,192,19,8
2020-10-25,39123,665,68,30
2020-10-25,39125,300,41,9
2020-10-25,39127,422,36,11
2020-10-25,39129,3147,129,48
2020-10-25,39131,359,40,0
2020-10-25,39133,1866,165,71
2020-10-25,39135,752,92,21
2020-10-25,39137,1296,117,47
2020-10-25,39139,1579,205,32
2020-10-25,39141,1602,206,64
2020-10-25,39143,829,102,26
2020-10-25,39145,1009,100,11
2020-10-25,39147,760,64,17
2020-10-25,39149,1045,66,18
2020-10-25,39151,4441,459,203
2020-10-25,39153,7353,908,300
2020-10-25,39155,2572,406,140
2020-10-25,39157,1576,192,53
2020-10-25,39159,848,35,4
2020-10-25,39161,372,29,7
2020-10-25,39163,125,18,5
2020-10-25,39165,4705,319,75
2020-10-25,39167,428,26,27
2020-10-25,39169,1861,179,86
2020-10-25,39171,428,33,7
2020-10-25,39173,2770,233,106
2020-10-25,39175,340,29,17
2020-10-26,39001,262,28,8
2020-10-26,39003,2613,291,85
2020-10-26,39005,527,55,20
2020-10-26,39007,848,116,48
2020-10-26,39009,1388,50,4
2020-10-26,39011,1322,101,31
2020-10-26,39013,856,57,29
2020-10-26,39015,488,35,4
2020-10-26,39017,9381,532,145
2020-10-26,39019,262,29,10
2020-10-26,39021,475,38,5
2020-10-26,39023,2918,178,112
2020-10-26,39025,2956,248,48
2020-10-26,39027,573,62,14
2020-10-26,39029,2299,247,94
2020-10-26,39031,425,58,14
2020-10-26,39033,605,78,17
2020-10-26,39035,21421,2833,735
2020-10-26,39037,1296,123,60
2020-10-26,39039,634,76,18
2020-10-26,39041,3164,115,30
2020-10-26,39043,1304,169,63
2020-10-26,39045,3082,230,62
2020-10-26,39047,504,64,15
2020-10-26,39049,34350,2351,668
2020-10-26,39051,647,50,27
2020-10-26,39053,332,44,13
2020-10-26,39055,996,122,50
2020-10-26,39057,2715,217,60
2020-10-26,39059,452,49,9
2020-10-26,39061,18719,1401,375
2020-10-26,39063,1305,104,35
2020-10-26,39065,423,53,16
2020-10-26,39067,95,13,3
2020-10-26,39069,595,61,24
2020-10-26,39071,566,47,16
2020-10-26,39073,250,39,12
2020-10-26,39075,960,116,35
2020-10-26,39077,796,77,18
2020-10-26,39079,537,48,12
2020-10-26,39081,509,68,7
2020-10-26,39083,558,74,19
2020-10-26,39085,2308,204,65
2020-10-26,39087,1074,119,36
2020-10-26,39089,3058,201,76
2020-10-26,39091,563,41,5
2020-10-26,39093,3028,311,101
2020-10-26,39095,9058,1009,407
2020-10-26,39097,1129,70,17
2020-10-26,39099,4131,584,302
2020-10-26,39101,3550,158,53
2020-10-26,39103,2202,185,56
2020-10-26,39105,234,22,12
2020-10-26,39107,1809,189,39
2020-10-26,39109,2297,202,69
2020-10-26,39111,202,27,19
2020-10-26,39113,11975,1341,228
2020-10-26,39115,105,8,3
2020-10-26,39117,470,29,2
2020-10-26,39119,1064,124,12
2020-10-26,39121,207,20,8
2020-10-26,39123,672,68,30
2020-10-26,39125,318,44,11
2020-10-26,39127,432,37,11
2020-10-26,39129,3174,129,48
2020-10-26,39131,371,41,0
2020-10-26,39133,1903,167,71
2020-10-26,39135,784,94,21
2020-10-26,39137,1353,120,51
2020-10-26,39139,1617,208,33
2020-10-26,39141,1635,210,65
2020-10-26,39143,847,104,26
2020-10-26,39145,1046,103,12
2020-10-26,39147,791,67,18
2020-10-26,39149,1071,67,18
2020-10-26,39151,4534,460,203
2020-10-26,39153,7487,920,308
2020-10-26,39155,2610,408,140
2020-10-26,39157,1629,195,56
2020-10-26,39159,866,36,4
2020-10-26,39161,388,30,7
2020-10-26,39163,130,18,5
2020-10-26,39165,4794,319,75
2020-10-26,39167,441,26,27
2020-10-26,39169,1918,182,88
2020-10-26,39171,445,34,7
2020-10-26,39173,2815,236,106
2020-10-26,39175,345,29,17
2020-10-27,39001,274,28,8
2020-10-27,39003,2669,293,85
2020-10-27,39005,534,56,20
2020-10-27,39007,875,117,48
2020-10-27,39009,1397,51,4
2020-10-27,39011,1358,101,32
2020-10-27,39013,864,57,29
2020-10-27,39015,499,35,4
2020-10-27,39017,9538,539,145
2020-10-27,39019,267,29,10
2020-10-27,39021,492,39,5
2020-10-27,39023,2975,181,115
2020-10-27,39025,3019,250,48
2020-10-27,39027,595,63,14
2020-10-27,39029,2315,249,94
2020-10-27,39031,438,59,14
2020-10-27,39033,618,81,17
2020-10-27,39035,21686,2841,738
2020-10-27,39037,1318,123,60
2020-10-27,39039,650,77,18
2020-10-27,39041,3209,115,30
2020-10-27,39043,1320,172,63
2020-10-27,39045,3150,231,62
2020-10-27,39047,514,65,16
2020-10-27,39049,34737,2359,669
2020-10-27,39051,662,50,27
2020-10-27,39053,339,45,13
2020-10-27,39055,1007,123,50
2020-10-27,39057,2785,219,62
2020-10-27,39059,464,49,9
2020-10-27,39061,19011,1410,376
2020-10-27,39063,1326,104,35
2020-10-27,39065,434,54,16
2020-10-27,39067,96,13,3
2020-10-27,39069,606,64,24
2020-10-27,39071,586,48,16
2020-10-27,39073,256,41,12
2020-10-27,39075,994,120,37
2020-10-27,39077,807,80,18
2020-10-27,39079,543,50,13
2020-10-27,39081,525,69,7
2020-10-27,39083,573,76,19
2020-10-27,39085,2387,210,65
2020-10-27,39087,1101,121,37
2020-10-27,39089,3117,205,76
2020-10-27,39091,601,43,9
2020-10-27,39093,3072,313,101
2020-10-27,39095,9197,1017,408
2020-10-27,39097,1145,71,17
2020-10-27,39099,4178,588,302
2020-10-27,39101,3568,159,54
2020-10-27,39103,2233,186,56
2020-10-27,39105,236,22,12
2020-10-27,39107,1847,192,39
2020-10-27,39109,2343,203,69
2020-10-27,39111,204,28,19
2020-10-27,39113,12164,1357,228
2020-10-27,39115,107,9,4
2020-10-27,39117,484,29,2
2020-10-27,39119,1090,125,12
2020-10-27,39121,225,21,11
2020-10-27,39123,685,68,30
2020-10-27,39125,325,44,11
2020-10-27,39127,441,37,11
2020-10-27,39129,3213,132,48
2020-10-27,39131,379,41,0
2020-10-27,39133,1950,169,71
2020-10-27,39135,812,95,21
2020-10-27,39137,1388,121,52
2020-10-27,39139,1667,211,33
2020-10-27,39141,1661,212,65
2020-10-27,39143,862,105,26
2020-10-27,39145,1071,106,14
2020-10-27,39147,821,72,18
2020-10-27,39149,1094,67,18
2020-10-27,39151,4643,466,205
2020-10-27,39153,7602,933,308
2020-10-27,39155,2655,412,141
2020-10-27,39157,1663,198,56
2020-10-27,39159,898,37,4
2020-10-27,39161,400,30,7
2020-10-27,39163,133,18,5
2020-10-27,39165,4883,324,77
2020-10-27,39167,458,26,27
2020-10-27,39169,1974,188,91
2020-10-27,39171,462,36,7
2020-10-27,39173,2856,239,106
2020-10-28,39001,286,28,8
2020-10-28,39003,2741,301,85
2020-10-28,39005,545,57,20
2020-10-28,39007,907,120,50
2020-10-28,39009,1412,53,4
2020-10-28,39011,1397,104,33
2020-10-28,39013,886,58,29
2020-10-28,39015,513,36,4
2020-10-28,39017,9723,544,145
2020-10-28,39019,272,29,10
2020-10-28,39021,505,40,5
2020-10-28,39023,3039,184,115
2020-10-28,39025,3082,251,48
2020-10-28,39027,612,63,14
2020-10-28,39029,2333,250,94
2020-10-28,39031,451,64,14
2020-10-28,39033,642,84,18
2020-10-28,39035,21993,2852,740
2020-10-28,39037,1335,124,60
2020-10-28,39039,678,79,18
2020-10-28,39041,3246,115,30
2020-10-28,39043,1342,173,63
2020-10-28,39045,3219,235,62
2020-10-28,39047,523,65,16
2020-10-28,39049,35162,2369,669
2020-10-28,39051,681,50,27
2020-10-28,39053,342,45,13
2020-10-28,39055,1029,123,50
2020-10-28,39057,2865,224,63
2020-10-28,39059,481,49,9
2020-10-28,39061,19316,1418,377
2020-10-28,39063,1357,105,35
2020-10-28,39065,446,55,16
2020-10-28,39069,622,65,24
2020-10-28,39071,604,49,16
2020-10-28,39073,263,41,12
2020-10-28,39075,1032,125,38
2020-10-28,39077,829,81,18
2020-10-28,39079,556,50,13
2020-10-28,39081,540,71,7
2020-10-28,39083,591,77,19
2020-10-28,39085,2470,212,65
2020-10-28,39087,1120,123,37
2020-10-28,39089,3167,207,77
2020-10-28,39091,619,43,9
2020-10-28,39093,3124,314,101
2020-10-28,39095,9322,1027,408
2020-10-28,39097,1159,71,18
2020-10-28,39099,4246,591,302
2020-10-28,39101,3591,162,55
2020-10-28,39103,2289,188,56
2020-10-28,39105,245,22,12
2020-10-28,39107,1881,196,39
2020-10-28,39109,2390,204,69
2020-10-28,39111,205,28,19
2020-10-28,39113,12405,1380,230
2020-10-28,39115,109,9,4
2020-10-28,39117,506,29,2
2020-10-28,39119,1114,127,12
2020-10-28,39121,235,22,12
2020-10-28,39123,695,69,30
2020-10-28,39125,331,44,11
2020-10-28,39127,450,38,11
2020-10-28,39129,3235,132,48
2020-10-28,39131,397,45,1
2020-10-28,39133,1993,170,71
2020-10-28,39135,833,96,21
2020-10-28,39137,1436,121,52
2020-10-28,39139,1701,212,33
2020-10-28,39141,1695,216,65
2020-10-28,39143,880,107,26
2020-10-28,39145,1091,107,14
2020-10-28,39147,853,73,18
2020-10-28,39149,1122,70,18
2020-10-28,39151,4732,473,206
2020-10-28,39153,7714,936,311
2020-10-28,39155,2701,418,141
2020-10-28,39157,1697,201,58
2020-10-28,39159,928,39,4
2020-10-28,39161,408,30,7
2020-10-28,39163,135,18,5
2020-10-28,39165,4974,329,77
2020-10-28,39167,471,27,27
2020-10-28,39169,2039,190,91
2020-10-28,39171,481,37,7
2020-10-28,39173,2904,240,106
2020-10-28,39175,347,29,17
2020-10-29,39001,297,30,8
2020-10-29,39003,2793,302,85
2020-10-29,39005,557,59,20
2020-10-29,39007,931,121,50
2020-10-29,39009,1426,54,4
2020-10-29,39011,1439,105,35
2020-10-29,39013,907,58,29
2020-10-29,39015,523,37,4
2020-10-29,39017,9878,550,145
2020-10-29,39019,287,29,10
2020-10-29,39021,512,40,5
2020-10-29,39023,3091,185,117
2020-10-29,39025,3131,254,48
2020-10-29,39027,633,64,14
2020-10-29,39029,2346,250,94
2020-10-29,39031,462,66,14
2020-10-29,39033,654,84,18
2020-10-29,39035,22229,2859,742
2020-10-29,39037,1360,125,60
2020-10-29,39039,701,80,18
2020-10-29,39041,3297,115,30
2020-10-29,39043,1362,176,63
2020-10-29,39045,3266,237,62
2020-10-29,39047,532,66,17
2020-10-29,39049,35610,2381,669
2020-10-29,39051,695,54,27
2020-10-29,39053,348,46,13
2020-10-29,39055,1046,124,50
2020-10-29,39057,2925,227,65
2020-10-29,39059,491,50,9
2020-10-29,39061,19615,1430,377
2020-10-29,39063,1389,107,36
2020-10-29,39065,451,55,16
2020-10-29,39067,99,13,3
2020-10-29,39069,631,65,24
2020-10-29,39071,621,49,16
2020-10-29,39073,270,43,12
2020-10-29,39075,1057,128,38
2020-10-29,39077,841,82,18
2020-10-29,39079,561,52,13
2020-10-29,39081,546,73,7
2020-10-29,39083,608,78,19
2020-10-29,39085,2550,215,65
2020-10-29,39087,1136,125,37
2020-10-29,39089,3220,209,77
2020-10-29,39091,636,44,9
2020-10-29,39093,3188,315,101
2020-10-29,39095,9416,1032,408
2020-10-29,39097,1166,71,18
2020-10-29,39099,4303,597,303
2020-10-29,39101,3606,163,55
2020-10-29,39103,2353,191,57
2020-10-29,39105,247,22,12
2020-10-29,39107,1909,200,39
2020-10-29,39109,2424,205,69
2020-10-29,39111,211,29,19
2020-10-29,39113,12592,1398,230
2020-10-29,39115,114,9,4
2020-10-29,39117,523,31,2
2020-10-29,39119,1141,127,12
2020-10-29,39121,254,22,13
2020-10-29,39123,704,69,30
2020-10-29,39125,340,44,11
2020-10-29,39127,457,39,11
2020-10-29,39129,3261,132,48
2020-10-29,39131,417,46,1
2020-10-29,39133,2028,172,71
2020-10-29,39135,849,96,21
2020-10-29,39137,1474,122,53
2020-10-29,39139,1722,212,33
2020-10-29,39141,1713,217,65
2020-10-29,39143,894,108,26
2020-10-29,39145,1117,109,14
2020-10-29,39147,875,74,18
2020-10-29,39149,1138,70,18
2020-10-29,39151,4841,477,207
2020-10-29,39153,7825,942,312
2020-10-29,39155,2750,421,141
2020-10-29,39157,1729,207,58
2020-10-29,39159,948,39,4
2020-10-29,39161,418,31,7
2020-10-29,39165,5043,330,77
2020-10-29,39167,480,28,27
2020-10-29,39169,2089,195,93
2020-10-29,39171,495,38,7
2020-10-29,39173,2943,244,107
2020-10-29,39175,350,29,17
2020-10-30,39001,311,31,8
2020-10-30,39003,2865,303,86
2020-10-30,39005,568,60,20
2020-10-30,39007,956,122,50
2020-10-30,39009,1434,54,4
2020-10-30,39011,1462,107,35
2020-10-30,39013,923,60,29
2020-10-30,39015,530,38,4
2020-10-30,39017,10049,558,147
2020-10-30,39019,289,29,10
2020-10-30,39021,523,40,5
2020-10-30,39023,3165,187,117
2020-10-30,39025,3195,258,49
2020-10-30,39027,650,65,14
2020-10-30,39029,2364,253,96
2020-10-30,39031,479,67,14
2020-10-30,39033,665,85,18
2020-10-30,39035,22499,2872,744
2020-10-30,39037,1375,125,60
2020-10-30,39039,743,81,21
2020-10-30,39041,3340,117,31
2020-10-30,39043,1383,180,63
2020-10-30,39045,3330,241,62
2020-10-30,39047,544,66,17
2020-10-30,39049,36052,2392,669
2020-10-30,39051,715,54,27
2020-10-30,39053,352,46,13
2020-10-30,39055,1060,125,50
2020-10-30,39057,3015,230,67
2020-10-30,39059,499,51,10
2020-10-30,39061,19927,1442,378
2020-10-30,39063,1418,110,36
2020-10-30,39065,459,56,17
2020-10-30,39067,104,13,3
2020-10-30,39069,644,65,24
2020-10-30,39071,629,50,16
2020-10-30,39073,297,44,12
2020-10-30,39075,1087,133,38
2020-10-30,39077,856,82,19
2020-10-30,39079,571,52,13
2020-10-30,39081,559,74,8
2020-10-30,39083,634,81,19
2020-10-30,39085,2619,216,65
2020-10-30,39087,1152,126,37
2020-10-30,39089,3273,212,77
2020-10-30,39091,658,46,9
2020-10-30,39093,3246,317,102
2020-10-30,39095,9558,1038,412
2020-10-30,39097,1169,71,18
2020-10-30,39099,4374,600,304
2020-10-30,39101,3639,164,55
2020-10-30,39103,2392,193,57
2020-10-30,39105,252,23,12
2020-10-30,39107,1948,202,40
2020-10-30,39109,2462,208,69
2020-10-30,39111,214,29,19
2020-10-30,39113,12847,1423,231
2020-10-30,39115,116,9,4
2020-10-30,39117,530,31,2
2020-10-30,39119,1174,128,12
2020-10-30,39121,274,27,15
2020-10-30,39123,718,69,30
2020-10-30,39125,357,46,11
2020-10-30,39127,465,40,11
2020-10-30,39129,3282,132,48
2020-10-30,39131,423,47,1
2020-10-30,39133,2054,176,71
2020-10-30,39135,871,98,21
2020-10-30,39137,1512,123,53
2020-10-30,39139,1768,217,36
2020-10-30,39141,1736,218,65
2020-10-30,39143,921,110,26
2020-10-30,39145,1131,109,14
2020-10-30,39147,902,76,18
2020-10-30,39149,1155,73,18
2020-10-30,39151,4934,480,207
2020-10-30,39153,7918,949,314
2020-10-30,39155,2799,424,141
2020-10-30,39157,1754,208,58
2020-10-30,39159,984,39,4
2020-10-30,39161,438,32,9
2020-10-30,39163,144,19,6
2020-10-30,39165,5117,331,77
2020-10-30,39167,490,28,27
2020-10-30,39169,2126,197,93
2020-10-30,39171,506,39,7
2020-10-30,39173,2978,248,107
2020-10-30,39175,354,29,17
2020-10-31,39001,320,31,8
2020-10-31,39003,2911,307,86
2020-10-31,39005,580,62,20
2020-10-31,39007,973,122,50
2020-10-31,39009,1446,55,4
2020-10-31,39011,1494,109,35
2020-10-31,39013,945,61,29
2020-10-31,39015,535,38,4
2020-10-31,39017,10173,563,148
2020-10-31,39019,294,29,10
2020-10-31,39021,536,41,5
2020-10-31,39023,3210,189,117
2020-10-31,39025,3247,260,49
2020-10-31,39027,668,67,14
2020-10-31,39029,2380,255,96
2020-10-31,39031,494,69,14
2020-10-31,39033,682,89,18
2020-10-31,39035,22714,2883,748
2020-10-31,39037,1400,127,60
2020-10-31,39039,765,81,21
2020-10-31,39041,3374,117,31
2020-10-31,39043,1396,184,63
2020-10-31,39045,3383,243,62
2020-10-31,39047,556,68,17
2020-10-31,39049,36397,2403,669
2020-10-31,39051,738,57,28
2020-10-31,39053,360,46,13
2020-10-31,39055,1082,127,50
2020-10-31,39057,3069,233,67
2020-10-31,39059,507,52,10
2020-10-31,39061,20155,1452,378
2020-10-31,39063,1441,110,36
2020-10-31,39065,473,58,17
2020-10-31,39067,107,14,3
2020-10-31,39069,654,65,24
2020-10-31,39071,639,50,16
2020-10-31,39073,306,45,12
2020-10-31,39075,1108,133,38
2020-10-31,39077,883,82,19
2020-10-31,39079,582,52,13
2020-10-31,39081,571,75,8
2020-10-31,39083,655,82,19
2020-10-31,39085,2691,216,65
2020-10-31,39087,1169,128,37
2020-10-31,39089,3330,215,78
2020-10-31,39091,674,47,9
2020-10-31,39093,3284,321,103
2020-10-31,39095,9677,1045,414
2020-10-31,39097,1178,72,18
2020-10-31,39099,4434,602,304
2020-10-31,39101,3667,166,55
2020-10-31,39103,2424,196,57
2020-10-31,39105,257,23,12
2020-10-31,39107,1979,207,40
2020-10-31,39109,2495,208,69
2020-10-31,39111,216,29,19
2020-10-31,39113,13033,1435,232
2020-10-31,39115,119,9,4
2020-10-31,39117,538,34,2
2020-10-31,39119,1192,128,12
2020-10-31,39121,287,27,16
2020-10-31,39123,728,69,30
2020-10-31,39125,365,46,11
2020-10-31,39127,469,40,11
2020-10-31,39129,3293,133,49
2020-10-31,39131,432,48,1
2020-10-31,39133,2083,180,71
2020-10-31,39135,881,98,21
2020-10-31,39137,1540,123,53
2020-10-31,39139,1811,223,37
2020-10-31,39141,1760,218,65
2020-10-31,39143,938,111,26
2020-10-31,39145,1155,110,14
2020-10-31,39147,924,78,18
2020-10-31,39149,1177,74,18
2020-10-31,39151,5009,483,208
2020-10-31,39153,8010,955,316
2020-10-31,39155,2874,429,142
2020-10-31,39157,1797,209,58
2020-10-31,39159,1013,42,4
2020-10-31,39161,444,32,9
2020-10-31,39163,147,19,6
2020-10-31,39165,5192,332,77
2020-10-31,39167,503,29,27
2020-10-31,39169,2171,199,93
2020-10-31,39171,529,39,7
2020-10-31,39173,3013,250,107
2020-10-31,39175,364,29,17
2020-11-01,39001,334,33,9
2020-11-01,39003,2970,310,86
2020-11-01,39005,591,63,20
2020-11-01,39007,998,123,51
2020-11-01,39009,1465,56,4
2020-11-01,39011,1529,110,35
2020-11-01,39013,960,63,29
2020-11-01,39015,543,38,4
2020-11-01,39017,10288,567,148
2020-11-01,39019,298,29,10
2020-11-01,39021,545,42,5
2020-11-01,39023,3250,192,117
2020-11-01,39025,3296,263,49
2020-11-01,39027,680,67,14
2020-11-01,39029,2396,257,96
2020-11-01,39031,504,70,14
2020-11-01,39033,698,90,18
2020-11-01,39035,22952,2891,750
2020-11-01,39037,1422,129,60
2020-11-01,39039,796,82,21
2020-11-01,39041,3408,118,31
2020-11-01,39043,1419,188,64
2020-11-01,39045,3435,246,62
2020-11-01,39047,565,70,17
2020-11-01,39049,36774,2415,669
2020-11-01,39051,749,57,28
2020-11-01,39053,377,46,13
2020-11-01,39055,1099,128,50
2020-11-01,39057,3122,237,67
2020-11-01,39059,520,53,10
2020-11-01,39061,20385,1464,378
2020-11-01,39063,1481,111,36
2020-11-01,39065,482,59,17
2020-11-01,39067,109,15,3
2020-11-01,39069,669,65,24
2020-11-01,39071,654,52,17
2020-11-01,39073,314,45,12
2020-11-01,39075,1127,139,38
2020-11-01,39077,903,83,19
2020-11-01,39079,595,53,13
2020-11-01,39081,575,75,8
2020-11-01,39083,678,83,19
2020-11-01,39085,2760,219,65
2020-11-01,39087,1189,132,37
2020-11-01,39089,3389,221,78
2020-11-01,39091,692,48,9
2020-11-01,39093,3315,323,103
2020-11-01,39095,9795,1053,417
2020-11-01,39097,1184,73,18
2020-11-01,39099,4507,606,304
2020-11-01,39101,3693,170,56
2020-11-01,39103,2468,198,57
2020-11-01,39105,258,24,12
2020-11-01,39107,2023,209,40
2020-11-01,39109,2527,210,69
2020-11-01,39111,217,29,19
2020-11-01,39113,13199,1457,235
2020-11-01,39115,123,9,4
2020-11-01,39117,566,37,2
2020-11-01,39119,1217,132,12
2020-11-01,39121,302,28,17
2020-11-01,39123,733,70,30
2020-11-01,39125,379,46,11
2020-11-01,39127,479,40,11
2020-11-01,39129,3310,135,49
2020-11-01,39131,441,48,1
2020-11-01,39133,2118,181,71
2020-11-01,39135,897,99,21
2020-11-01,39137,1583,124,54
2020-11-01,39139,1855,223,37
2020-11-01,39141,1777,218,65
2020-11-01,39143,953,112,26
2020-11-01,39145,1179,114,15
2020-11-01,39147,947,79,18
2020-11-01,39149,1202,75,18
2020-11-01,39151,5115,491,210
2020-11-01,39153,8092,962,317
2020-11-01,39155,2949,435,143
2020-11-01,39157,1842,212,58
2020-11-01,39159,1041,44,5
2020-11-01,39161,453,33,9
2020-11-01,39163,151,19,6
2020-11-01,39165,5261,335,78
2020-11-01,39167,512,30,27
2020-11-01,39169,2207,200,93
2020-11-01,39171,558,44,8
2020-11-01,39173,3077,256,107
2020-11-01,39175,379,30,17
2020-11-02,39001,345,35,9
2020-11-02,39003,3080,316,88
2020-11-02,39005,609,64,20
2020-11-02,39007,1049,129,52
2020-11-02,39009,1483,56,4
2020-11-02,39011,1591,112,37
2020-11-02,39013,998,63,29
2020-11-02,39015,562,41,4
2020-11-02,39017,10495,575,149
2020-11-02,39019,303,29,10
2020-11-02,39021,566,43,5
2020-11-02,39023,3330,196,118
2020-11-02,39025,3410,268,50
2020-11-02,39027,693,67,14
2020-11-02,39029,2430,259,98
2020-11-02,39031,538,72,14
2020-11-02,39033,720,94,18
2020-11-02,39035,23315,2901,752
2020-11-02,39037,1455,135,60
2020-11-02,39039,818,84,22
2020-11-02,39041,3491,119,31
2020-11-02,39043,1468,193,64
2020-11-02,39045,3508,249,62
2020-11-02,39047,583,71,17
2020-11-02,39049,37425,2430,670
2020-11-02,39051,782,59,28
2020-11-02,39053,392,48,14
2020-11-02,39055,1124,128,50
2020-11-02,39057,3242,239,68
2020-11-02,39059,537,54,10
2020-11-02,39061,20802,1478,378
2020-11-02,39063,1523,113,36
2020-11-02,39065,508,64,19
2020-11-02,39067,113,16,3
2020-11-02,39069,688,66,24
2020-11-02,39071,669,54,17
2020-11-02,39073,324,46,12
2020-11-02,39075,1155,145,38
2020-11-02,39077,929,85,19
2020-11-02,39079,608,53,13
2020-11-02,39081,594,76,8
2020-11-02,39083,697,84,19
2020-11-02,39085,2891,221,65
2020-11-02,39087,1216,134,38
2020-11-02,39089,3472,227,78
2020-11-02,39091,733,53,11
2020-11-02,39093,3409,327,103
2020-11-02,39095,9993,1059,419
2020-11-02,39097,1207,74,18
2020-11-02,39099,4631,609,304
2020-11-02,39101,3731,172,56
2020-11-02,39103,2546,199,57
2020-11-02,39105,261,24,12
2020-11-02,39107,2092,217,41
2020-11-02,39109,2609,211,69
2020-11-02,39111,221,30,20
2020-11-02,39113,13528,1484,238
2020-11-02,39115,132,9,5
2020-11-02,39117,581,38,2
2020-11-02,39119,1258,135,12
2020-11-02,39121,321,28,18
2020-11-02,39123,762,72,30
2020-11-02,39125,397,46,11
2020-11-02,39127,493,41,11
2020-11-02,39129,3344,136,49
2020-11-02,39131,455,50,1
2020-11-02,39133,2165,182,71
2020-11-02,39135,932,102,21
2020-11-02,39137,1631,128,54
2020-11-02,39139,1903,225,37
2020-11-02,39141,1818,218,65
2020-11-02,39143,990,116,26
2020-11-02,39145,1214,121,15
2020-11-02,39147,996,81,18
2020-11-02,39149,1248,78,18
2020-11-02,39151,5276,497,213
2020-11-02,39153,8318,980,325
2020-11-02,39155,3057,438,143
2020-11-02,39157,1909,217,58
2020-11-02,39159,1103,49,7
2020-11-02,39161,483,33,13
2020-11-02,39163,157,19,6
2020-11-02,39165,5393,335,78
2020-11-02,39167,544,31,27
2020-11-02,39169,2271,206,94
2020-11-02,39171,577,44,8
2020-11-02,39173,3141,258,107
2020-11-02,39175,387,30,17
2020-11-03,39001,369,36,9
2020-11-03,39003,3150,321,88
2020-11-03,39005,630,65,20
2020-11-03,39007,1078,131,52
2020-11-03,39009,1507,56,4
2020-11-03,39011,1634,116,37
2020-11-03,39013,1023,64,29
2020-11-03,39015,578,41,4
2020-11-03,39017,10678,578,149
2020-11-03,39019,309,29,10
2020-11-03,39021,580,44,5
2020-11-03,39023,3434,196,121
2020-11-03,39025,3491,272,50
2020-11-03,39027,714,68,14
2020-11-03,39029,2458,262,98
2020-11-03,39031,550,74,14
2020-11-03,39033,748,96,18
2020-11-03,39035,23689,2920,755
2020-11-03,39037,1486,136,60
2020-11-03,39039,852,88,24
2020-11-03,39041,3571,121,33
2020-11-03,39043,1505,197,64
2020-11-03,39045,3595,249,62
2020-11-03,39047,604,71,17
2020-11-03,39049,38034,2438,670
2020-11-03,39051,804,59,28
2020-11-03,39053,406,48,14
2020-11-03,39055,1146,131,51
2020-11-03,39057,3333,240,68
2020-11-03,39059,550,56,10
2020-11-03,39061,21230,1495,379
2020-11-03,39063,1570,117,36
2020-11-03,39065,523,65,19
2020-11-03,39067,116,17,3
2020-11-03,39069,709,68,25
2020-11-03,39071,688,55,17
2020-11-03,39073,335,46,12
2020-11-03,39075,1178,146,40
2020-11-03,39077,955,86,19
2020-11-03,39079,621,53,13
2020-11-03,39081,615,78,9
2020-11-03,39083,728,85,19
2020-11-03,39085,3072,229,66
2020-11-03,39087,1245,135,38
2020-11-03,39089,3561,230,82
2020-11-03,39091,784,59,18
2020-11-03,39093,3475,330,103
2020-11-03,39095,10175,1064,420
2020-11-03,39097,1219,74,18
2020-11-03,39099,4721,613,304
2020-11-03,39101,3768,174,56
2020-11-03,39103,2631,201,57
2020-11-03,39105,264,24,12
2020-11-03,39107,2149,225,46
2020-11-03,39109,2688,215,69
2020-11-03,39111,223,30,20
2020-11-03,39113,13869,1511,242
2020-11-03,39117,592,40,2
2020-11-03,39119,1303,139,12
2020-11-03,39121,355,30,18
2020-11-03,39123,787,72,30
2020-11-03,39125,409,47,12
2020-11-03,39127,505,43,12
2020-11-03,39129,3375,137,49
2020-11-03,39131,469,51,1
2020-11-03,39133,2218,184,71
2020-11-03,39135,960,104,21
2020-11-03,39137,1676,131,54
2020-11-03,39139,1946,226,38
2020-11-03,39141,1858,220,65
2020-11-03,39143,1040,117,26
2020-11-03,39145,1256,124,15
2020-11-03,39147,1043,84,18
2020-11-03,39149,1276,79,18
2020-11-03,39151,5435,502,214
2020-11-03,39153,8494,994,329
2020-11-03,39155,3165,441,143
2020-11-03,39157,1975,223,59
2020-11-03,39159,1141,51,7
2020-11-03,39161,498,34,13
2020-11-03,39163,163,19,6
2020-11-03,39165,5524,340,79
2020-11-03,39167,567,31,27
2020-11-03,39169,2338,209,95
2020-11-03,39171,604,47,9
2020-11-03,39173,3198,262,107
2020-11-03,39175,394,30,17
2020-11-04,39001,388,38,9
2020-11-04,39003,3240,327,88
2020-11-04,39005,654,67,20
2020-11-04,39007,1135,135,52
2020-11-04,39009,1528,57,4
2020-11-04,39011,1671,119,39
2020-11-04,39013,1057,64,29
2020-11-04,39015,593,42,4
2020-11-04,39017,10884,585,151
2020-11-04,39019,312,29,10
2020-11-04,39021,600,44,5
2020-11-04,39023,3544,203,126
2020-11-04,39025,3611,279,52
2020-11-04,39027,735,68,14
2020-11-04,39029,2499,263,98
2020-11-04,39031,564,76,14
2020-11-04,39033,782,98,18
2020-11-04,39035,24146,2929,758
2020-11-04,39037,1518,139,61
2020-11-04,39039,894,92,25
2020-11-04,39041,3655,122,34
2020-11-04,39043,1543,204,64
2020-11-04,39045,3683,254,63
2020-11-04,39047,617,73,17
2020-11-04,39049,38726,2457,670
2020-11-04,39051,834,59,28
2020-11-04,39053,417,48,14
2020-11-04,39055,1181,132,51
2020-11-04,39057,3443,246,68
2020-11-04,39059,566,56,10
2020-11-04,39061,21693,1508,379
2020-11-04,39063,1634,122,38
2020-11-04,39065,536,65,19
2020-11-04,39067,120,17,3
2020-11-04,39069,722,68,25
2020-11-04,39071,708,57,18
2020-11-04,39073,348,47,12
2020-11-04,39075,1201,148,40
2020-11-04,39077,993,90,20
2020-11-04,39079,640,53,13
2020-11-04,39081,639,80,10
2020-11-04,39083,759,85,19
2020-11-04,39085,3226,236,66
2020-11-04,39087,1285,137,38
2020-11-04,39089,3677,233,82
2020-11-04,39091,825,64,20
2020-11-04,39093,3619,341,105
2020-11-04,39095,10359,1070,423
2020-11-04,39097,1231,74,18
2020-11-04,39099,4824,619,304
2020-11-04,39101,3814,175,56
2020-11-04,39103,2729,202,58
2020-11-04,39105,270,24,12
2020-11-04,39107,2192,226,46
2020-11-04,39109,2769,221,69
2020-11-04,39111,227,30,20
2020-11-04,39113,14249,1538,245
2020-11-04,39115,138,9,5
2020-11-04,39117,606,40,2
2020-11-04,39119,1343,141,12
2020-11-04,39121,373,33,20
2020-11-04,39123,811,73,30
2020-11-04,39125,420,48,12
2020-11-04,39127,511,43,12
2020-11-04,39129,3424,138,49
2020-11-04,39131,486,54,1
2020-11-04,39133,2264,189,71
2020-11-04,39135,997,107,21
2020-11-04,39137,1733,132,55
2020-11-04,39139,2004,231,38
2020-11-04,39141,1893,223,65
2020-11-04,39143,1078,118,26
2020-11-04,39145,1300,127,17
2020-11-04,39147,1081,89,18
2020-11-04,39149,1315,80,18
2020-11-04,39151,5592,510,218
2020-11-04,39153,8706,1012,333
2020-11-04,39155,3286,446,145
2020-11-04,39157,2049,229,59
2020-11-04,39159,1207,56,8
2020-11-04,39161,524,34,13
2020-11-04,39163,167,19,6
2020-11-04,39165,5657,341,79
2020-11-04,39167,587,34,27
2020-11-04,39169,2421,210,97
2020-11-04,39171,639,48,10
2020-11-04,39173,3275,264,107
2020-11-04,39175,411,33,17
2020-11-05,39001,404,40,9
2020-11-05,39003,3326,328,88
2020-11-05,39005,681,67,20
2020-11-05,39007,1193,138,52
2020-11-05,39009,1549,57,4
2020-11-05,39011,1714,120,39
2020-11-05,39013,1091,65,29
2020-11-05,39015,608,43,5
2020-11-05,39017,11107,590,151
2020-11-05,39019,322,29,10
2020-11-05,39021,621,44,5
2020-11-05,39023,3651,203,126
2020-11-05,39025,3735,284,53
2020-11-05,39027,752,69,14
2020-11-05,39029,2550,266,99
2020-11-05,39031,582,78,14
2020-11-05,39033,809,99,18
2020-11-05,39035,24647,2942,759
2020-11-05,39037,1543,140,61
2020-11-05,39039,920,93,25
2020-11-05,39041,3726,124,34
2020-11-05,39043,1603,211,64
2020-11-05,39045,3779,262,63
2020-11-05,39047,633,75,17
2020-11-05,39049,39381,2476,670
2020-11-05,39051,854,59,29
2020-11-05,39053,430,48,14
2020-11-05,39055,1239,133,51
2020-11-05,39057,3519,246,69
2020-11-05,39059,579,59,12
2020-11-05,39061,22150,1514,379
2020-11-05,39063,1679,125,39
2020-11-05,39065,548,69,19
2020-11-05,39067,126,17,3
2020-11-05,39069,740,68,25
2020-11-05,39071,718,57,18
2020-11-05,39073,405,48,14
2020-11-05,39075,1219,149,40
2020-11-05,39077,1028,90,20
2020-11-05,39079,651,55,13
2020-11-05,39081,654,82,11
2020-11-05,39083,788,90,19
2020-11-05,39085,3432,241,67
2020-11-05,39087,1317,139,38
2020-11-05,39089,3769,234,83
2020-11-05,39091,861,64,20
2020-11-05,39093,3773,346,106
2020-11-05,39095,10544,1080,425
2020-11-05,39097,1242,74,18
2020-11-05,39099,4944,622,304
2020-11-05,39101,3858,179,56
2020-11-05,39103,2825,204,58
2020-11-05,39105,277,24,12
2020-11-05,39107,2236,228,47
2020-11-05,39109,2839,223,69
2020-11-05,39111,230,30,20
2020-11-05,39113,14570,1557,245
2020-11-05,39115,147,10,6
2020-11-05,39117,621,42,2
2020-11-05,39119,1404,149,12
2020-11-05,39121,397,33,22
2020-11-05,39123,840,74,30
2020-11-05,39125,428,50,13
2020-11-05,39127,518,44,12
2020-11-05,39129,3465,139,49
2020-11-05,39131,497,54,1
2020-11-05,39133,2321,190,71
2020-11-05,39135,1022,109,21
2020-11-05,39137,1787,135,55
2020-11-05,39139,2054,234,38
2020-11-05,39141,1923,224,65
2020-11-05,39143,1117,122,27
2020-11-05,39145,1335,130,17
2020-11-05,39147,1131,96,18
2020-11-05,39149,1351,81,18
2020-11-05,39151,5786,517,218
2020-11-05,39153,8945,1022,338
2020-11-05,39155,3418,453,145
2020-11-05,39157,2116,233,60
2020-11-05,39159,1259,59,8
2020-11-05,39161,549,35,13
2020-11-05,39163,170,19,6
2020-11-05,39165,5799,342,80
2020-11-05,39167,626,35,27
2020-11-05,39169,2476,214,97
2020-11-05,39171,670,49,10
2020-11-05,39173,3342,264,107
2020-11-05,39175,425,34,17
2020-11-06,39001,429,42,9
2020-11-06,39003,3393,332,88
2020-11-06,39005,703,67,20
2020-11-06,39007,1274,140,52
2020-11-06,39009,1569,57,4
2020-11-06,39011,1746,125,42
2020-11-06,39013,1125,65,29
2020-11-06,39015,628,43,5
2020-11-06,39017,11357,596,152
2020-11-06,39019,326,29,10
2020-11-06,39021,639,44,6
2020-11-06,39023,3753,206,128
2020-11-06,39025,3831,290,53
2020-11-06,39027,766,70,14
2020-11-06,39029,2597,269,99
2020-11-06,39031,603,80,14
2020-11-06,39033,848,100,18
2020-11-06,39035,25218,2959,760
2020-11-06,39037,1588,141,61
2020-11-06,39039,951,96,26
2020-11-06,39041,3799,125,36
2020-11-06,39043,1666,215,64
2020-11-06,39045,3893,267,63
2020-11-06,39047,670,79,18
2020-11-06,39049,39988,2495,671
2020-11-06,39051,885,60,29
2020-11-06,39053,454,49,14
2020-11-06,39055,1266,136,51
2020-11-06,39057,3630,253,73
2020-11-06,39059,596,61,13
2020-11-06,39061,22670,1526,381
2020-11-06,39063,1721,130,39
2020-11-06,39065,569,69,19
2020-11-06,39067,129,17,3
2020-11-06,39069,759,70,25
2020-11-06,39071,733,57,18
2020-11-06,39073,423,48,15
2020-11-06,39075,1230,150,40
2020-11-06,39077,1058,95,20
2020-11-06,39079,664,55,13
2020-11-06,39081,681,84,12
2020-11-06,39083,821,91,19
2020-11-06,39085,3623,246,67
2020-11-06,39087,1351,141,38
2020-11-06,39089,3854,236,83
2020-11-06,39091,887,65,20
2020-11-06,39093,3904,358,107
2020-11-06,39095,10765,1085,425
2020-11-06,39097,1263,77,18
2020-11-06,39099,5060,625,304
2020-11-06,39101,3897,181,56
2020-11-06,39103,2915,206,58
2020-11-06,39107,2291,233,48
2020-11-06,39109,2921,231,69
2020-11-06,39111,234,30,20
2020-11-06,39113,14981,1584,245
2020-11-06,39115,150,10,6
2020-11-06,39117,636,42,2
2020-11-06,39119,1464,155,12
2020-11-06,39121,416,36,22
2020-11-06,39123,873,76,30
2020-11-06,39125,444,52,13
2020-11-06,39127,527,44,12
2020-11-06,39129,3505,141,49
2020-11-06,39131,508,55,1
2020-11-06,39133,2383,192,71
2020-11-06,39135,1056,109,21
2020-11-06,39137,1825,135,55
2020-11-06,39139,2117,235,38
2020-11-06,39141,1958,227,66
2020-11-06,39143,1166,125,27
2020-11-06,39145,1381,132,17
2020-11-06,39147,1195,98,18
2020-11-06,39149,1377,81,18
2020-11-06,39151,5968,522,218
2020-11-06,39153,9226,1037,342
2020-11-06,39155,3524,464,146
2020-11-06,39157,2205,237,60
2020-11-06,39159,1306,63,8
2020-11-06,39161,580,37,15
2020-11-06,39163,172,19,6
2020-11-06,39165,5920,347,80
2020-11-06,39167,669,35,27
2020-11-06,39169,2521,215,97
2020-11-06,39171,699,54,12
2020-11-06,39173,3397,268,107
2020-11-06,39175,455,39,18
2020-11-07,39001,448,44,10
2020-11-07,39003,3471,338,88
2020-11-07,39005,719,67,20
2020-11-07,39007,1313,141,52
2020-11-07,39009,1590,57,4
2020-11-07,39011,1783,126,42
2020-11-07,39013,1150,65,29
2020-11-07,39015,641,43,5
2020-11-07,39017,11517,597,153
2020-11-07,39019,331,29,10
2020-11-07,39021,658,46,6
2020-11-07,39023,3835,208,128
2020-11-07,39025,3915,295,53
2020-11-07,39027,781,70,14
2020-11-07,39029,2629,271,99
2020-11-07,39031,611,80,14
2020-11-07,39033,874,102,19
2020-11-07,39035,25672,2970,761
2020-11-07,39037,1620,141,61
2020-11-07,39039,984,100,27
2020-11-07,39041,3859,125,36
2020-11-07,39043,1688,216,64
2020-11-07,39045,3983,273,63
2020-11-07,39047,684,79,18
2020-11-07,39049,40464,2507,672
2020-11-07,39051,914,66,29
2020-11-07,39053,461,49,14
2020-11-07,39055,1302,138,51
2020-11-07,39057,3681,256,74
2020-11-07,39059,611,63,13
2020-11-07,39061,22975,1538,381
2020-11-07,39063,1757,131,40
2020-11-07,39065,586,69,19
2020-11-07,39067,131,17,3
2020-11-07,39069,772,70,25
2020-11-07,39071,746,57,18
2020-11-07,39073,440,48,15
2020-11-07,39075,1244,151,40
2020-11-07,39077,1092,95,20
2020-11-07,39079,680,55,13
2020-11-07,39081,688,85,13
2020-11-07,39083,847,92,19
2020-11-07,39085,3792,247,67
2020-11-07,39087,1392,145,38
2020-11-07,39089,3954,241,83
2020-11-07,39091,910,67,20
2020-11-07,39093,3997,364,108
2020-11-07,39095,10910,1092,425
2020-11-07,39097,1276,77,18
2020-11-07,39099,5161,631,304
2020-11-07,39101,3934,182,56
2020-11-07,39103,2988,207,58
2020-11-07,39105,283,25,12
2020-11-07,39107,2339,238,49
2020-11-07,39109,2989,232,69
2020-11-07,39111,237,31,20
2020-11-07,39113,15217,1610,247
2020-11-07,39117,655,43,2
2020-11-07,39119,1514,158,12
2020-11-07,39121,425,37,23
2020-11-07,39123,899,77,30
2020-11-07,39125,456,53,13
2020-11-07,39127,542,44,12
2020-11-07,39129,3522,142,49
2020-11-07,39131,529,56,1
2020-11-07,39133,2435,199,71
2020-11-07,39135,1079,111,21
2020-11-07,39137,1863,136,55
2020-11-07,39139,2183,241,39
2020-11-07,39141,1986,229,66
2020-11-07,39143,1185,126,27
2020-11-07,39145,1416,137,18
2020-11-07,39147,1229,99,18
2020-11-07,39149,1407,82,18
2020-11-07,39151,6093,528,219
2020-11-07,39153,9394,1047,342
2020-11-07,39155,3616,469,146
2020-11-07,39157,2286,248,63
2020-11-07,39159,1336,63,8
2020-11-07,39161,602,39,15
2020-11-07,39163,173,19,6
2020-11-07,39165,6014,350,80
2020-11-07,39167,696,35,27
2020-11-07,39169,2560,215,97
2020-11-07,39171,742,56,12
2020-11-07,39173,3483,270,107
2020-11-07,39175,471,40,18
2020-11-08,39001,474,46,11
2020-11-08,39003,3538,340,88
2020-11-08,39005,736,68,20
2020-11-08,39007,1351,146,52
2020-11-08,39009,1618,58,4
2020-11-08,39011,1820,128,42
2020-11-08,39013,1196,67,29
2020-11-08,39015,651,43,5
2020-11-08,39017,11661,601,154
2020-11-08,39019,339,30,10
2020-11-08,39021,670,47,6
2020-11-08,39023,3914,211,129
2020-11-08,39025,4003,299,53
2020-11-08,39027,793,70,14
2020-11-08,39029,2654,274,99
2020-11-08,39031,618,82,14
2020-11-08,39033,897,102,19
2020-11-08,39035,26123,2986,762
2020-11-08,39037,1649,143,61
2020-11-08,39039,1038,103,29
2020-11-08,39041,3924,125,36
2020-11-08,39043,1733,219,64
2020-11-08,39045,4064,280,64
2020-11-08,39047,694,79,18
2020-11-08,39049,40951,2522,672
2020-11-08,39051,944,68,29
2020-11-08,39053,476,50,14
2020-11-08,39055,1321,139,51
2020-11-08,39057,3744,263,75
2020-11-08,39059,632,65,13
2020-11-08,39061,23332,1546,381
2020-11-08,39063,1798,133,40
2020-11-08,39065,607,69,19
2020-11-08,39067,135,17,3
2020-11-08,39069,781,70,25
2020-11-08,39071,756,57,18
2020-11-08,39073,456,49,15
2020-11-08,39075,1264,151,40
2020-11-08,39077,1128,99,20
2020-11-08,39079,705,56,13
2020-11-08,39081,701,87,14
2020-11-08,39083,873,94,19
2020-11-08,39085,3955,253,67
2020-11-08,39087,1419,149,38
2020-11-08,39089,4041,247,83
2020-11-08,39091,935,70,21
2020-11-08,39093,4084,370,108
2020-11-08,39095,11076,1095,427
2020-11-08,39097,1292,77,18
2020-11-08,39099,5239,636,304
2020-11-08,39101,3978,185,57
2020-11-08,39103,3052,208,58
2020-11-08,39105,285,25,12
2020-11-08,39107,2402,245,49
2020-11-08,39109,3042,233,69
2020-11-08,39111,241,31,20
2020-11-08,39113,15475,1635,249
2020-11-08,39115,155,11,6
2020-11-08,39117,666,43,2
2020-11-08,39119,1564,161,12
2020-11-08,39121,434,37,23
2020-11-08,39123,937,77,31
2020-11-08,39125,474,54,13
2020-11-08,39127,552,44,12
2020-11-08,39129,3534,143,49
2020-11-08,39131,546,57,1
2020-11-08,39133,2484,202,72
2020-11-08,39135,1105,114,21
2020-11-08,39137,1895,136,55
2020-11-08,39139,2246,245,39
2020-11-08,39141,2008,231,66
2020-11-08,39143,1217,126,27
2020-11-08,39145,1453,139,18
2020-11-08,39147,1281,101,19
2020-11-08,39149,1438,82,18
2020-11-08,39151,6224,533,219
2020-11-08,39153,9529,1053,343
2020-11-08,39155,3704,479,147
2020-11-08,39157,2353,253,64
2020-11-08,39159,1370,64,8
2020-11-08,39161,623,39,15
2020-11-08,39163,178,19,6
2020-11-08,39165,6130,351,80
2020-11-08,39167,705,35,27
2020-11-08,39169,2577,216,97
2020-11-08,39171,771,57,12
2020-11-08,39173,3560,273,107
2020-11-08,39175,496,40,18
2020-11-09,39001,506,46,11
2020-11-09,39003,3699,345,89
2020-11-09,39005,778,72,21
2020-11-09,39007,1455,148,54
2020-11-09,39009,1650,61,4
2020-11-09,39011,1915,135,42
2020-11-09,39013,1257,67,29
2020-11-09,39015,674,44,5
2020-11-09,39017,11930,611,155
2020-11-09,39019,350,31,11
2020-11-09,39021,700,49,7
2020-11-09,39023,4084,215,129
2020-11-09,39025,4171,302,54
2020-11-09,39027,813,72,14
2020-11-09,39029,2719,277,101
2020-11-09,39031,648,84,14
2020-11-09,39033,925,105,19
2020-11-09,39035,26990,3006,765
2020-11-09,39037,1705,148,61
2020-11-09,39039,1101,108,31
2020-11-09,39041,4075,125,37
2020-11-09,39043,1793,227,66
2020-11-09,39045,4204,290,64
2020-11-09,39047,729,82,19
2020-11-09,39049,41844,2537,674
2020-11-09,39051,982,72,29
2020-11-09,39053,491,51,14
2020-11-09,39055,1377,143,51
2020-11-09,39057,3921,268,78
2020-11-09,39059,652,66,13
2020-11-09,39061,23981,1560,381
2020-11-09,39063,1864,135,40
2020-11-09,39065,633,71,20
2020-11-09,39067,139,17,3
2020-11-09,39069,804,70,25
2020-11-09,39071,777,57,18
2020-11-09,39073,473,49,15
2020-11-09,39075,1281,154,40
2020-11-09,39077,1173,103,21
2020-11-09,39079,724,58,13
2020-11-09,39081,732,90,15
2020-11-09,39083,908,96,19
2020-11-09,39085,4226,263,68
2020-11-09,39087,1466,150,38
2020-11-09,39089,4198,250,84
2020-11-09,39091,984,73,21
2020-11-09,39093,4301,374,108
2020-11-09,39095,11386,1102,431
2020-11-09,39097,1322,77,18
2020-11-09,39099,5408,641,304
2020-11-09,39101,4039,187,58
2020-11-09,39103,3181,212,59
2020-11-09,39105,292,27,12
2020-11-09,39107,2500,247,52
2020-11-09,39109,3158,234,69
2020-11-09,39111,249,32,20
2020-11-09,39113,15988,1665,252
2020-11-09,39115,167,11,6
2020-11-09,39117,685,44,2
2020-11-09,39119,1643,167,12
2020-11-09,39121,468,38,23
2020-11-09,39123,985,79,31
2020-11-09,39125,487,56,13
2020-11-09,39127,576,46,12
2020-11-09,39129,3583,145,49
2020-11-09,39131,560,59,1
2020-11-09,39133,2571,210,73
2020-11-09,39135,1153,116,21
2020-11-09,39137,1955,140,55
2020-11-09,39139,2343,252,40
2020-11-09,39141,2063,233,66
2020-11-09,39143,1254,129,27
2020-11-09,39145,1506,144,19
2020-11-09,39147,1339,106,19
2020-11-09,39149,1498,82,18
2020-11-09,39151,6462,541,221
2020-11-09,39153,9864,1071,346
2020-11-09,39155,3862,481,147
2020-11-09,39157,2442,259,65
2020-11-09,39159,1424,66,8
2020-11-09,39161,690,40,18
2020-11-09,39163,180,19,6
2020-11-09,39165,6314,357,81
2020-11-09,39167,750,37,27
2020-11-09,39169,2662,220,98
2020-11-09,39171,810,57,12
2020-11-09,39173,3669,278,107
2020-11-09,39175,522,42,18
2020-11-10,39001,532,47,11
2020-11-10,39003,3854,353,91
2020-11-10,39005,832,77,25
2020-11-10,39007,1543,148,54
2020-11-10,39009,1672,61,4
2020-11-10,39011,1974,141,42
2020-11-10,39013,1318,68,29
2020-11-10,39015,697,44,5
2020-11-10,39017,12237,622,155
2020-11-10,39019,364,31,11
2020-11-10,39021,727,50,7
2020-11-10,39023,4190,218,131
2020-11-10,39025,4326,309,55
2020-11-10,39027,847,76,14
2020-11-10,39029,2772,278,101
2020-11-10,39031,664,85,14
2020-11-10,39033,957,106,19
2020-11-10,39035,27959,3027,765
2020-11-10,39037,1757,148,61
2020-11-10,39039,1153,114,34
2020-11-10,39041,4210,125,38
2020-11-10,39043,1846,232,66
2020-11-10,39045,4342,293,64
2020-11-10,39047,773,86,19
2020-11-10,39049,42650,2553,674
2020-11-10,39051,1014,73,29
2020-11-10,39053,508,52,14
2020-11-10,39055,1439,146,51
2020-11-10,39057,4111,271,79
2020-11-10,39059,680,69,14
2020-11-10,39061,24590,1575,381
2020-11-10,39063,1919,139,43
2020-11-10,39065,657,72,21
2020-11-10,39067,145,17,3
2020-11-10,39069,825,71,26
2020-11-10,39071,801,58,18
2020-11-10,39073,491,50,15
2020-11-10,39075,1287,155,40
2020-11-10,39077,1239,110,21
2020-11-10,39079,740,58,13
2020-11-10,39081,760,92,15
2020-11-10,39083,957,99,19
2020-11-10,39085,4560,271,69
2020-11-10,39087,1515,151,38
2020-11-10,39089,4367,254,84
2020-11-10,39091,1017,76,21
2020-11-10,39093,4473,389,108
2020-11-10,39095,11670,1108,432
2020-11-10,39097,1338,78,18
2020-11-10,39099,5562,647,304
2020-11-10,39101,4097,188,59
2020-11-10,39103,3329,217,59
2020-11-10,39105,296,27,12
2020-11-10,39107,2568,251,55
2020-11-10,39109,3294,240,69
2020-11-10,39111,257,32,20
2020-11-10,39113,16461,1700,255
2020-11-10,39115,177,11,6
2020-11-10,39117,712,45,2
2020-11-10,39119,1708,172,13
2020-11-10,39121,492,39,26
2020-11-10,39123,1013,81,31
2020-11-10,39125,501,57,13
2020-11-10,39127,599,46,12
2020-11-10,39129,3664,147,49
2020-11-10,39131,579,59,1
2020-11-10,39133,2673,212,73
2020-11-10,39135,1198,118,21
2020-11-10,39137,2003,143,55
2020-11-10,39139,2425,253,40
2020-11-10,39141,2103,239,66
2020-11-10,39143,1291,130,27
2020-11-10,39145,1547,147,19
2020-11-10,39147,1387,110,19
2020-11-10,39149,1531,82,18
2020-11-10,39151,6748,545,221
2020-11-10,39153,10208,1097,356
2020-11-10,39155,4018,485,148
2020-11-10,39157,2552,274,70
2020-11-10,39159,1503,70,9
2020-11-10,39161,714,40,18
2020-11-10,39163,182,19,6
2020-11-10,39165,6505,359,81
2020-11-10,39167,791,38,28
2020-11-10,39169,2724,224,101
2020-11-10,39171,840,59,12
2020-11-10,39173,3780,283,109
2020-11-10,39175,543,43,18
2020-11-11,39001,565,51,11
2020-11-11,39003,3978,359,93
2020-11-11,39005,876,80,25
2020-11-11,39007,1647,153,54
2020-11-11,39009,1697,62,4
2020-11-11,39011,2018,143,42
2020-11-11,39013,1361,68,29
2020-11-11,39015,732,44,6
2020-11-11,39017,12523,627,155
2020-11-11,39019,378,31,11
2020-11-11,39021,756,51,7
2020-11-11,39023,4317,225,132
2020-11-11,39025,4480,309,55
2020-11-11,39027,869,76,14
2020-11-11,39029,2852,282,101
2020-11-11,39031,699,90,14
2020-11-11,39033,997,110,19
2020-11-11,39035,28828,3045,765
2020-11-11,39037,1791,149,61
2020-11-11,39039,1194,117,34
2020-11-11,39041,4336,127,39
2020-11-11,39043,1890,235,66
2020-11-11,39045,4460,294,64
2020-11-11,39047,792,88,19
2020-11-11,39049,43485,2566,674
2020-11-11,39051,1054,75,29
2020-11-11,39053,533,54,14
2020-11-11,39055,1491,147,51
2020-11-11,39057,4246,275,79
2020-11-11,39059,702,70,14
2020-11-11,39061,25222,1593,381
2020-11-11,39063,1995,147,44
2020-11-11,39065,679,73,21
2020-11-11,39067,151,18,3
2020-11-11,39069,847,72,26
2020-11-11,39071,823,58,18
2020-11-11,39073,507,50,16
2020-11-11,39075,1304,155,40
2020-11-11,39077,1290,112,21
2020-11-11,39079,756,58,13
2020-11-11,39081,790,95,15
2020-11-11,39083,1005,100,19
2020-11-11,39085,4801,271,69
2020-11-11,39087,1569,155,38
2020-11-11,39089,4506,258,85
2020-11-11,39091,1056,79,21
2020-11-11,39093,4632,395,109
2020-11-11,39095,11907,1113,432
2020-11-11,39097,1366,80,18
2020-11-11,39099,5721,648,304
2020-11-11,39101,4174,188,59
2020-11-11,39103,3448,219,59
2020-11-11,39105,303,27,12
2020-11-11,39107,2623,254,56
2020-11-11,39109,3383,241,69
2020-11-11,39111,269,32,20
2020-11-11,39113,16895,1734,262
2020-11-11,39115,183,11,6
2020-11-11,39117,731,45,2
2020-11-11,39119,1782,178,13
2020-11-11,39121,510,40,26
2020-11-11,39123,1053,83,31
2020-11-11,39125,527,59,13
2020-11-11,39127,611,47,12
2020-11-11,39129,3695,148,49
2020-11-11,39131,593,60,1
2020-11-11,39133,2756,214,73
2020-11-11,39135,1247,118,21
2020-11-11,39137,2032,145,55
2020-11-11,39139,2510,259,40
2020-11-11,39141,2134,242,66
2020-11-11,39143,1324,131,27
2020-11-11,39145,1606,149,19
2020-11-11,39147,1420,113,20
2020-11-11,39149,1572,83,18
2020-11-11,39151,6984,556,226
2020-11-11,39153,10558,1121,361
2020-11-11,39155,4174,488,149
2020-11-11,39157,2642,277,70
2020-11-11,39159,1559,70,12
2020-11-11,39161,745,40,18
2020-11-11,39165,6685,365,81
2020-11-11,39167,848,38,28
2020-11-11,39169,2777,225,101
2020-11-11,39171,876,62,12
2020-11-11,39173,3877,291,109
2020-11-11,39175,567,44,18
2020-11-12,39001,595,55,13
2020-11-12,39003,4104,365,94
2020-11-12,39005,897,83,26
2020-11-12,39007,1746,157,54
2020-11-12,39009,1713,62,4
2020-11-12,39011,2066,144,42
2020-11-12,39013,1422,70,29
2020-11-12,39015,747,44,6
2020-11-12,39017,12786,630,156
2020-11-12,39019,386,31,11
2020-11-12,39021,782,52,7
2020-11-12,39023,4441,228,134
2020-11-12,39025,4657,313,55
2020-11-12,39027,909,76,14
2020-11-12,39029,2917,286,101
2020-11-12,39031,721,91,14
2020-11-12,39033,1028,113,19
2020-11-12,39035,29771,3070,765
2020-11-12,39037,1835,152,61
2020-11-12,39039,1231,118,34
2020-11-12,39041,4467,127,39
2020-11-12,39043,1945,241,67
2020-11-12,39045,4568,296,65
2020-11-12,39047,826,91,21
2020-11-12,39049,44356,2571,676
2020-11-12,39051,1082,76,29
2020-11-12,39053,559,57,14
2020-11-12,39055,1565,151,51
2020-11-12,39057,4366,283,80
2020-11-12,39059,723,70,14
2020-11-12,39061,25809,1607,381
2020-11-12,39063,2056,149,45
2020-11-12,39065,702,73,21
2020-11-12,39067,158,18,3
2020-11-12,39069,868,72,26
2020-11-12,39071,846,58,18
2020-11-12,39073,520,51,16
2020-11-12,39075,1321,156,40
2020-11-12,39077,1332,113,22
2020-11-12,39079,778,58,13
2020-11-12,39081,820,95,15
2020-11-12,39083,1035,103,19
2020-11-12,39085,5094,277,69
2020-11-12,39087,1610,161,39
2020-11-12,39089,4625,261,85
2020-11-12,39091,1100,79,21
2020-11-12,39093,4829,401,109
2020-11-12,39095,12143,1117,433
2020-11-12,39097,1396,84,18
2020-11-12,39099,5902,649,304
2020-11-12,39101,4223,192,60
2020-11-12,39103,3596,224,60
2020-11-12,39105,308,28,12
2020-11-12,39107,2662,257,56
2020-11-12,39109,3478,243,69
2020-11-12,39111,273,32,20
2020-11-12,39113,17266,1768,264
2020-11-12,39115,191,12,7
2020-11-12,39117,751,45,2
2020-11-12,39119,1835,181,13
2020-11-12,39121,532,44,28
2020-11-12,39123,1073,84,31
2020-11-12,39125,537,61,13
2020-11-12,39127,633,47,12
2020-11-12,39129,3730,151,49
2020-11-12,39131,620,61,1
2020-11-12,39133,2846,216,73
2020-11-12,39135,1297,121,21
2020-11-12,39137,2075,149,56
2020-11-12,39139,2571,262,40
2020-11-12,39141,2161,244,66
2020-11-12,39143,1352,132,27
2020-11-12,39145,1659,151,19
2020-11-12,39147,1481,116,20
2020-11-12,39149,1624,84,18
2020-11-12,39151,7257,564,227
2020-11-12,39153,10883,1143,364
2020-11-12,39155,4358,496,149
2020-11-12,39157,2741,287,72
2020-11-12,39159,1618,74,12
2020-11-12,39161,770,41,18
2020-11-12,39163,186,20,6
2020-11-12,39165,6879,366,81
2020-11-12,39167,899,39,28
2020-11-12,39169,2849,227,101
2020-11-12,39171,895,62,12
2020-11-12,39173,3953,294,110
2020-11-12,39175,591,46,18
2020-11-13,39001,629,56,13
2020-11-13,39003,4211,370,94
2020-11-13,39005,934,87,27
2020-11-13,39007,1829,158,54
2020-11-13,39009,1730,63,4
2020-11-13,39011,2106,146,42
2020-11-13,39013,1464,71,29
2020-11-13,39015,773,44,6
2020-11-13,39017,13059,634,157
2020-11-13,39019,404,31,11
2020-11-13,39021,814,53,7
2020-11-13,39023,4556,231,134
2020-11-13,39025,4814,318,55
2020-11-13,39027,940,77,14
2020-11-13,39029,2987,289,103
2020-11-13,39031,757,91,14
2020-11-13,39033,1065,119,19
2020-11-13,39035,30595,3092,766
2020-11-13,39037,1887,156,61
2020-11-13,39039,1266,120,34
2020-11-13,39041,4577,128,39
2020-11-13,39043,2000,245,67
2020-11-13,39045,4668,296,65
2020-11-13,39047,848,91,21
2020-11-13,39049,45223,2583,676
2020-11-13,39051,1119,79,29
2020-11-13,39053,580,57,14
2020-11-13,39055,1618,151,51
2020-11-13,39057,4464,288,80
2020-11-13,39059,751,72,14
2020-11-13,39061,26407,1623,381
2020-11-13,39063,2108,151,46
2020-11-13,39065,726,73,21
2020-11-13,39067,164,18,3
2020-11-13,39069,886,74,26
2020-11-13,39071,868,59,18
2020-11-13,39073,535,53,16
2020-11-13,39075,1333,158,40
2020-11-13,39077,1367,116,22
2020-11-13,39079,797,59,13
2020-11-13,39081,869,102,15
2020-11-13,39083,1087,108,19
2020-11-13,39085,5366,284,70
2020-11-13,39087,1646,162,39
2020-11-13,39089,4780,267,85
2020-11-13,39091,1139,80,21
2020-11-13,39093,5044,415,109
2020-11-13,39095,12465,1121,435
2020-11-13,39097,1431,86,18
2020-11-13,39099,6098,656,304
2020-11-13,39101,4275,196,60
2020-11-13,39103,3728,227,60
2020-11-13,39105,319,29,12
2020-11-13,39107,2706,261,56
2020-11-13,39109,3559,244,69
2020-11-13,39111,284,33,21
2020-11-13,39113,17629,1806,268
2020-11-13,39115,198,12,7
2020-11-13,39117,771,46,2
2020-11-13,39119,1917,190,14
2020-11-13,39121,547,44,28
2020-11-13,39123,1105,87,31
2020-11-13,39125,563,63,13
2020-11-13,39127,645,49,12
2020-11-13,39129,3752,153,49
2020-11-13,39131,637,61,1
2020-11-13,39133,2933,216,73
2020-11-13,39135,1344,130,21
2020-11-13,39137,2112,149,56
2020-11-13,39139,2626,263,40
2020-11-13,39141,2203,244,66
2020-11-13,39143,1390,135,29
2020-11-13,39145,1706,152,19
2020-11-13,39147,1557,120,20
2020-11-13,39149,1665,84,18
2020-11-13,39151,7515,572,228
2020-11-13,39153,11255,1161,368
2020-11-13,39155,4526,504,151
2020-11-13,39157,2839,293,72
2020-11-13,39159,1679,77,12
2020-11-13,39161,791,41,18
2020-11-13,39163,190,20,6
2020-11-13,39165,7053,367,81
2020-11-13,39167,948,41,28
2020-11-13,39169,2900,229,103
2020-11-13,39171,921,65,12
2020-11-13,39173,4026,296,110
2020-11-13,39175,614,49,18
2020-11-14,39001,651,58,13
2020-11-14,39003,4285,376,94
2020-11-14,39005,958,90,29
2020-11-14,39007,1863,159,54
2020-11-14,39009,1749,66,4
2020-11-14,39011,2144,147,42
2020-11-14,39013,1497,72,29
2020-11-14,39015,788,44,6
2020-11-14,39017,13238,635,157
2020-11-14,39019,416,31,11
2020-11-14,39021,828,54,7
2020-11-14,39023,4636,233,134
2020-11-14,39025,4924,324,56
2020-11-14,39027,962,77,14
2020-11-14,39029,3029,291,103
2020-11-14,39031,776,94,14
2020-11-14,39033,1084,119,19
2020-11-14,39035,31255,3111,767
2020-11-14,39037,1936,157,61
2020-11-14,39039,1306,123,34
2020-11-14,39041,4680,128,39
2020-11-14,39043,2031,248,69
2020-11-14,39045,4744,298,65
2020-11-14,39047,862,92,21
2020-11-14,39049,45872,2593,676
2020-11-14,39051,1139,79,29
2020-11-14,39053,605,59,14
2020-11-14,39055,1687,152,51
2020-11-14,39057,4520,290,80
2020-11-14,39059,765,74,14
2020-11-14,39061,26794,1639,381
2020-11-14,39063,2156,156,47
2020-11-14,39065,741,74,21
2020-11-14,39067,170,18,3
2020-11-14,39069,911,79,27
2020-11-14,39071,877,60,18
2020-11-14,39073,552,54,16
2020-11-14,39075,1350,160,40
2020-11-14,39077,1411,122,22
2020-11-14,39079,815,60,13
2020-11-14,39081,893,103,15
2020-11-14,39083,1124,108,19
2020-11-14,39085,5557,288,70
2020-11-14,39087,1684,168,39
2020-11-14,39089,4877,273,85
2020-11-14,39091,1151,80,21
2020-11-14,39093,5174,423,109
2020-11-14,39095,12618,1125,437
2020-11-14,39097,1447,87,18
2020-11-14,39099,6236,665,304
2020-11-14,39101,4343,204,60
2020-11-14,39103,3821,227,60
2020-11-14,39105,325,29,12
2020-11-14,39107,2733,262,56
2020-11-14,39109,3633,250,69
2020-11-14,39111,287,34,21
2020-11-14,39113,17864,1818,268
2020-11-14,39115,204,12,7
2020-11-14,39117,793,46,2
2020-11-14,39119,1970,195,14
2020-11-14,39121,556,45,28
2020-11-14,39123,1123,88,32
2020-11-14,39125,578,65,14
2020-11-14,39127,662,49,12
2020-11-14,39129,3778,159,49
2020-11-14,39131,653,61,1
2020-11-14,39133,2996,220,73
2020-11-14,39135,1365,131,21
2020-11-14,39137,2136,153,56
2020-11-14,39139,2676,269,41
2020-11-14,39141,2229,247,66
2020-11-14,39143,1413,136,29
2020-11-14,39145,1738,152,19
2020-11-14,39147,1573,121,20
2020-11-14,39149,1701,85,18
2020-11-14,39151,7665,580,233
2020-11-14,39153,11487,1186,371
2020-11-14,39155,4659,510,152
2020-11-14,39157,2928,302,76
2020-11-14,39159,1708,77,12
2020-11-14,39161,807,41,18
2020-11-14,39163,194,20,6
2020-11-14,39165,7156,368,81
2020-11-14,39167,985,44,28
2020-11-14,39169,2933,230,103
2020-11-14,39171,944,66,12
2020-11-14,39173,4102,298,110
2020-11-14,39175,638,53,19
2020-11-15,39001,670,59,13
2020-11-15,39003,4346,380,95
2020-11-15,39005,985,90,30
2020-11-15,39007,1901,162,54
2020-11-15,39009,1765,67,4
2020-11-15,39011,2187,150,42
2020-11-15,39013,1521,73,29
2020-11-15,39015,804,44,6
2020-11-15,39017,13413,638,157
2020-11-15,39019,425,32,11
2020-11-15,39021,848,55,7
2020-11-15,39023,4731,237,135
2020-11-15,39025,5030,328,56
2020-11-15,39027,977,78,14
2020-11-15,39029,3060,294,103
2020-11-15,39031,790,97,14
2020-11-15,39033,1118,121,19
2020-11-15,39035,31872,3140,768
2020-11-15,39037,1982,158,62
2020-11-15,39039,1327,123,34
2020-11-15,39041,4745,129,39
2020-11-15,39043,2059,249,69
2020-11-15,39045,4802,302,65
2020-11-15,39047,877,93,21
2020-11-15,39049,46360,2599,676
2020-11-15,39051,1162,81,29
2020-11-15,39053,627,60,14
2020-11-15,39055,1723,155,51
2020-11-15,39057,4591,295,80
2020-11-15,39059,781,75,14
2020-11-15,39061,27141,1645,381
2020-11-15,39063,2188,157,47
2020-11-15,39065,752,74,21
2020-11-15,39067,175,19,3
2020-11-15,39069,921,79,28
2020-11-15,39071,893,62,18
2020-11-15,39073,575,56,16
2020-11-15,39075,1359,160,41
2020-11-15,39077,1447,125,22
2020-11-15,39079,839,61,13
2020-11-15,39081,914,104,16
2020-11-15,39083,1160,110,19
2020-11-15,39085,5677,292,70
2020-11-15,39087,1711,172,39
2020-11-15,39089,4955,274,85
2020-11-15,39091,1169,81,21
2020-11-15,39093,5295,424,109
2020-11-15,39095,12824,1129,438
2020-11-15,39097,1462,90,18
2020-11-15,39099,6344,667,304
2020-11-15,39101,4392,206,60
2020-11-15,39103,3926,229,60
2020-11-15,39105,334,29,12
2020-11-15,39107,2773,262,56
2020-11-15,39109,3684,253,69
2020-11-15,39111,298,34,21
2020-11-15,39113,18086,1838,269
2020-11-15,39115,208,12,7
2020-11-15,39117,810,48,2
2020-11-15,39119,2026,203,15
2020-11-15,39121,566,45,28
2020-11-15,39123,1160,88,32
2020-11-15,39125,595,65,14
2020-11-15,39127,677,49,12
2020-11-15,39129,3797,161,49
2020-11-15,39131,675,61,1
2020-11-15,39133,3062,228,76
2020-11-15,39135,1382,131,21
2020-11-15,39137,2167,155,56
2020-11-15,39139,2727,273,42
2020-11-15,39141,2257,249,66
2020-11-15,39143,1438,139,30
2020-11-15,39145,1790,153,19
2020-11-15,39147,1606,124,20
2020-11-15,39149,1737,87,18
2020-11-15,39151,7821,596,234
2020-11-15,39153,11653,1202,374
2020-11-15,39155,4793,520,153
2020-11-15,39157,3000,309,78
2020-11-15,39159,1743,77,12
2020-11-15,39161,829,43,18
2020-11-15,39163,200,22,6
2020-11-15,39165,7267,371,81
2020-11-15,39167,1006,48,28
2020-11-15,39169,2968,231,103
2020-11-15,39171,976,68,12
2020-11-15,39173,4190,300,110
2020-11-15,39175,654,56,20
2020-11-16,39001,694,60,13
2020-11-16,39003,4508,385,95
2020-11-16,39005,1021,92,30
2020-11-16,39007,2028,171,55
2020-11-16,39009,1800,67,4
2020-11-16,39011,2239,153,42
2020-11-16,39013,1577,76,30
2020-11-16,39015,850,44,6
2020-11-16,39017,13702,642,157
2020-11-16,39019,444,33,11
2020-11-16,39021,890,56,7
2020-11-16,39023,4853,240,136
2020-11-16,39025,5229,334,56
2020-11-16,39027,1000,80,15
2020-11-16,39029,3195,297,103
2020-11-16,39031,818,99,14
2020-11-16,39033,1156,122,19
2020-11-16,39035,32830,3175,770
2020-11-16,39037,2069,162,63
2020-11-16,39039,1371,126,36
2020-11-16,39041,4928,130,39
2020-11-16,39043,2128,251,69
2020-11-16,39045,4955,307,66
2020-11-16,39047,900,95,21
2020-11-16,39049,47321,2610,676
2020-11-16,39051,1199,83,29
2020-11-16,39053,645,61,14
2020-11-16,39055,1803,156,51
2020-11-16,39057,4764,304,80
2020-11-16,39059,812,76,14
2020-11-16,39061,27862,1655,381
2020-11-16,39063,2258,159,49
2020-11-16,39065,810,78,24
2020-11-16,39067,183,20,3
2020-11-16,39069,940,81,28
2020-11-16,39071,922,63,18
2020-11-16,39073,595,57,16
2020-11-16,39075,1379,161,42
2020-11-16,39077,1487,127,22
2020-11-16,39079,859,63,13
2020-11-16,39081,975,107,16
2020-11-16,39083,1210,112,19
2020-11-16,39085,5958,301,80
2020-11-16,39087,1762,173,39
2020-11-16,39089,5113,276,86
2020-11-16,39091,1223,81,21
2020-11-16,39093,5535,436,109
2020-11-16,39095,13150,1132,441
2020-11-16,39097,1500,90,18
2020-11-16,39099,6630,670,304
2020-11-16,39101,4444,213,60
2020-11-16,39103,4086,237,60
2020-11-16,39105,345,29,12
2020-11-16,39107,2834,266,59
2020-11-16,39109,3814,256,69
2020-11-16,39111,309,37,21
2020-11-16,39113,18631,1870,271
2020-11-16,39115,223,12,8
2020-11-16,39117,830,49,2
2020-11-16,39119,2136,210,15
2020-11-16,39121,591,47,28
2020-11-16,39123,1188,89,32
2020-11-16,39125,625,67,14
2020-11-16,39127,708,50,12
2020-11-16,39129,3841,164,50
2020-11-16,39131,703,64,1
2020-11-16,39133,3149,232,76
2020-11-16,39135,1437,133,21
2020-11-16,39137,2210,156,57
2020-11-16,39139,2807,276,42
2020-11-16,39141,2320,251,66
2020-11-16,39143,1477,142,30
2020-11-16,39145,1840,157,21
2020-11-16,39147,1673,124,20
2020-11-16,39149,1792,87,18
2020-11-16,39151,8175,600,235
2020-11-16,39153,11998,1222,379
2020-11-16,39155,4986,525,153
2020-11-16,39157,3111,316,79
2020-11-16,39159,1814,82,13
2020-11-16,39161,871,44,18
2020-11-16,39163,204,23,6
2020-11-16,39165,7482,372,81
2020-11-16,39167,1067,51,28
2020-11-16,39169,3074,232,109
2020-11-16,39171,1015,69,12
2020-11-16,39173,4302,302,110
2020-11-16,39175,679,56,20
2020-11-17,39001,719,62,13
2020-11-17,39003,4625,391,95
2020-11-17,39005,1067,96,31
2020-11-17,39007,2096,173,55
2020-11-17,39009,1828,69,4
2020-11-17,39011,2280,155,42
2020-11-17,39013,1620,77,30
2020-11-17,39015,886,44,6
2020-11-17,39017,14062,649,159
2020-11-17,39019,466,34,11
2020-11-17,39021,918,59,7
2020-11-17,39023,4975,241,138
2020-11-17,39025,5415,339,56
2020-11-17,39027,1027,81,16
2020-11-17,39029,3282,304,103
2020-11-17,39031,837,100,14
2020-11-17,39033,1189,125,19
2020-11-17,39035,33707,3203,773
2020-11-17,39037,2143,164,63
2020-11-17,39039,1409,131,37
2020-11-17,39041,5095,131,39
2020-11-17,39043,2189,255,69
2020-11-17,39045,5116,310,66
2020-11-17,39047,915,95,22
2020-11-17,39049,48235,2631,676
2020-11-17,39051,1240,86,30
2020-11-17,39053,670,62,15
2020-11-17,39055,1869,158,51
2020-11-17,39057,4927,310,80
2020-11-17,39059,832,77,14
2020-11-17,39061,28496,1662,381
2020-11-17,39063,2329,162,50
2020-11-17,39065,842,79,24
2020-11-17,39067,192,20,3
2020-11-17,39069,968,82,28
2020-11-17,39071,945,63,18
2020-11-17,39073,610,57,16
2020-11-17,39075,1398,161,42
2020-11-17,39077,1522,127,22
2020-11-17,39079,880,64,13
2020-11-17,39081,1012,109,17
2020-11-17,39083,1242,116,19
2020-11-17,39085,6223,307,80
2020-11-17,39087,1813,174,39
2020-11-17,39089,5240,277,86
2020-11-17,39091,1273,84,21
2020-11-17,39093,5770,447,112
2020-11-17,39095,13649,1135,443
2020-11-17,39097,1528,91,18
2020-11-17,39099,6867,676,305
2020-11-17,39101,4525,220,64
2020-11-17,39103,4238,241,60
2020-11-17,39105,355,29,12
2020-11-17,39107,2892,273,59
2020-11-17,39109,3967,260,69
2020-11-17,39111,316,38,21
2020-11-17,39113,19067,1892,272
2020-11-17,39115,234,13,8
2020-11-17,39117,865,49,2
2020-11-17,39119,2220,215,15
2020-11-17,39121,607,49,28
2020-11-17,39123,1212,91,32
2020-11-17,39125,645,67,15
2020-11-17,39127,737,52,12
2020-11-17,39129,3887,165,50
2020-11-17,39131,723,66,1
2020-11-17,39133,3250,234,76
2020-11-17,39135,1480,139,21
2020-11-17,39137,2232,156,57
2020-11-17,39139,2903,278,43
2020-11-17,39141,2358,251,66
2020-11-17,39143,1525,146,32
2020-11-17,39145,1883,161,21
2020-11-17,39147,1755,127,20
2020-11-17,39149,1833,88,18
2020-11-17,39151,8500,620,235
2020-11-17,39153,12401,1250,382
2020-11-17,39155,5149,526,154
2020-11-17,39157,3221,323,80
2020-11-17,39159,1856,82,13
2020-11-17,39161,902,45,18
2020-11-17,39163,206,23,6
2020-11-17,39165,7674,373,82
2020-11-17,39167,1146,55,28
2020-11-17,39169,3135,235,109
2020-11-17,39171,1048,73,12
2020-11-17,39173,4414,304,111
2020-11-17,39175,700,57,20
2020-11-18,39001,743,62,13
2020-11-18,39003,4750,396,96
2020-11-18,39005,1107,99,32
2020-11-18,39007,2181,173,55
2020-11-18,39009,1862,72,4
2020-11-18,39011,2320,157,42
2020-11-18,39013,1667,78,30
2020-11-18,39015,923,44,6
2020-11-18,39017,14325,655,159
2020-11-18,39019,480,34,11
2020-11-18,39021,950,62,7
2020-11-18,39023,5077,248,141
2020-11-18,39025,5594,341,56
2020-11-18,39027,1066,82,18
2020-11-18,39029,3361,307,103
2020-11-18,39031,854,100,14
2020-11-18,39033,1225,130,19
2020-11-18,39035,34704,3240,776
2020-11-18,39037,2202,166,63
2020-11-18,39039,1436,133,38
2020-11-18,39041,5257,131,39
2020-11-18,39043,2256,262,70
2020-11-18,39045,5274,318,66
2020-11-18,39047,931,97,22
2020-11-18,39049,49194,2646,679
2020-11-18,39051,1274,89,30
2020-11-18,39053,695,63,15
2020-11-18,39055,1932,163,51
2020-11-18,39057,5086,317,81
2020-11-18,39059,858,79,14
2020-11-18,39061,29111,1673,381
2020-11-18,39063,2371,163,50
2020-11-18,39065,878,79,24
2020-11-18,39067,202,20,3
2020-11-18,39069,989,82,28
2020-11-18,39071,963,64,18
2020-11-18,39073,627,58,16
2020-11-18,39075,1412,162,42
2020-11-18,39077,1568,128,22
2020-11-18,39079,920,65,13
2020-11-18,39081,1066,115,17
2020-11-18,39083,1287,118,19
2020-11-18,39085,6453,309,80
2020-11-18,39087,1854,178,39
2020-11-18,39089,5370,278,86
2020-11-18,39091,1325,84,21
2020-11-18,39093,5985,454,112
2020-11-18,39095,13958,1137,443
2020-11-18,39097,1562,93,18
2020-11-18,39099,7089,680,305
2020-11-18,39101,4617,226,64
2020-11-18,39103,4427,248,61
2020-11-18,39105,371,30,12
2020-11-18,39107,2942,277,60
2020-11-18,39109,4087,265,69
2020-11-18,39111,324,39,21
2020-11-18,39113,19523,1919,275
2020-11-18,39115,244,14,8
2020-11-18,39117,883,51,2
2020-11-18,39119,2294,219,15
2020-11-18,39121,621,50,28
2020-11-18,39123,1238,93,32
2020-11-18,39125,666,67,15
2020-11-18,39127,757,53,12
2020-11-18,39129,3966,165,50
2020-11-18,39131,746,68,1
2020-11-18,39133,3344,238,76
2020-11-18,39135,1502,140,21
2020-11-18,39137,2260,158,57
2020-11-18,39139,3006,278,44
2020-11-18,39141,2405,254,66
2020-11-18,39143,1566,147,32
2020-11-18,39145,1929,165,21
2020-11-18,39147,1785,128,20
2020-11-18,39149,1900,89,18
2020-11-18,39151,8768,626,236
2020-11-18,39153,12774,1275,385
2020-11-18,39155,5324,531,154
2020-11-18,39157,3326,328,81
2020-11-18,39159,1908,83,13
2020-11-18,39161,924,46,18
2020-11-18,39163,213,24,6
2020-11-18,39165,7874,375,82
2020-11-18,39167,1191,60,28
2020-11-18,39169,3238,239,111
2020-11-18,39171,1080,75,12
2020-11-18,39173,4521,312,111
2020-11-18,39175,719,59,20
2020-11-19,39001,770,62,13
2020-11-19,39003,4857,402,96
2020-11-19,39005,1129,100,32
2020-11-19,39007,2266,176,56
2020-11-19,39009,1892,74,4
2020-11-19,39011,2349,160,42
2020-11-19,39013,1725,84,30
2020-11-19,39015,948,44,6
2020-11-19,39017,14591,659,159
2020-11-19,39019,494,35,11
2020-11-19,39021,987,64,7
2020-11-19,39023,5194,253,141
2020-11-19,39025,5754,345,56
2020-11-19,39027,1093,83,19
2020-11-19,39029,3455,311,103
2020-11-19,39031,869,103,15
2020-11-19,39033,1257,131,19
2020-11-19,39035,35659,3268,778
2020-11-19,39037,2272,168,63
2020-11-19,39039,1466,136,39
2020-11-19,39041,5386,131,39
2020-11-19,39043,2302,262,70
2020-11-19,39045,5422,321,67
2020-11-19,39047,947,99,22
2020-11-19,39049,50057,2664,679
2020-11-19,39051,1304,91,30
2020-11-19,39053,722,64,15
2020-11-19,39055,1991,165,51
2020-11-19,39057,5222,319,81
2020-11-19,39059,880,80,14
2020-11-19,39061,29757,1678,381
2020-11-19,39063,2434,171,53
2020-11-19,39065,908,79,24
2020-11-19,39067,210,21,3
2020-11-19,39069,1019,82,29
2020-11-19,39071,987,65,18
2020-11-19,39073,645,59,18
2020-11-19,39075,1421,162,42
2020-11-19,39077,1609,130,22
2020-11-19,39079,944,65,13
2020-11-19,39081,1140,120,17
2020-11-19,39083,1334,122,19
2020-11-19,39085,6698,311,80
2020-11-19,39087,1900,184,39
2020-11-19,39089,5508,280,86
2020-11-19,39091,1353,84,21
2020-11-19,39093,6226,465,112
2020-11-19,39095,14327,1142,444
2020-11-19,39097,1602,93,18
2020-11-19,39099,7319,685,305
2020-11-19,39101,4665,228,65
2020-11-19,39103,4585,254,62
2020-11-19,39105,379,30,12
2020-11-19,39107,2963,277,60
2020-11-19,39109,4201,271,69
2020-11-19,39111,334,39,21
2020-11-19,39113,19945,1952,276
2020-11-19,39115,266,14,13
2020-11-19,39117,899,52,2
2020-11-19,39119,2349,224,15
2020-11-19,39121,632,51,28
2020-11-19,39123,1264,94,32
2020-11-19,39125,671,67,15
2020-11-19,39127,779,53,12
2020-11-19,39129,4006,168,50
2020-11-19,39131,765,70,1
2020-11-19,39133,3450,240,77
2020-11-19,39135,1539,140,21
2020-11-19,39137,2281,158,57
2020-11-19,39139,3111,284,45
2020-11-19,39141,2441,255,66
2020-11-19,39143,1596,150,32
2020-11-19,39145,1973,174,22
2020-11-19,39147,1828,129,20
2020-11-19,39149,1948,90,18
2020-11-19,39151,9044,641,237
2020-11-19,39153,13136,1304,387
2020-11-19,39155,5515,538,155
2020-11-19,39157,3390,332,83
2020-11-19,39159,1965,84,14
2020-11-19,39161,960,46,18
2020-11-19,39163,222,26,6
2020-11-19,39165,8069,381,83
2020-11-19,39167,1244,63,28
2020-11-19,39169,3306,240,112
2020-11-19,39171,1102,75,12
2020-11-19,39173,4624,314,111
2020-11-19,39175,734,59,20
2020-11-20,39001,804,62,13
2020-11-20,39003,4960,408,97
2020-11-20,39005,1170,104,32
2020-11-20,39007,2337,179,57
2020-11-20,39009,1937,76,4
2020-11-20,39011,2392,162,42
2020-11-20,39013,1758,89,30
2020-11-20,39015,991,44,6
2020-11-20,39017,14885,666,159
2020-11-20,39019,511,36,11
2020-11-20,39021,1005,65,7
2020-11-20,39023,5301,256,141
2020-11-20,39025,5902,347,56
2020-11-20,39027,1112,83,19
2020-11-20,39029,3558,317,103
2020-11-20,39031,885,105,15
2020-11-20,39033,1295,135,19
2020-11-20,39035,36505,3299,778
2020-11-20,39037,2349,172,63
2020-11-20,39039,1498,141,39
2020-11-20,39041,5536,131,40
2020-11-20,39043,2367,265,70
2020-11-20,39045,5527,328,67
2020-11-20,39047,970,100,22
2020-11-20,39049,50961,2679,681
2020-11-20,39051,1347,93,30
2020-11-20,39053,756,64,15
2020-11-20,39055,2054,168,51
2020-11-20,39057,5367,323,81
2020-11-20,39059,899,80,14
2020-11-20,39061,30270,1683,382
2020-11-20,39063,2493,175,54
2020-11-20,39065,935,79,24
2020-11-20,39067,217,24,3
2020-11-20,39069,1035,83,29
2020-11-20,39071,1017,66,18
2020-11-20,39073,664,60,18
2020-11-20,39075,1430,162,42
2020-11-20,39077,1640,132,22
2020-11-20,39079,969,66,13
2020-11-20,39081,1193,122,17
2020-11-20,39083,1367,123,19
2020-11-20,39085,6927,317,81
2020-11-20,39087,1933,186,40
2020-11-20,39089,5654,281,86
2020-11-20,39091,1378,84,21
2020-11-20,39093,6445,473,113
2020-11-20,39095,14712,1146,444
2020-11-20,39097,1657,95,18
2020-11-20,39099,7591,691,305
2020-11-20,39101,4737,228,66
2020-11-20,39103,4706,260,62
2020-11-20,39105,385,30,12
2020-11-20,39107,3007,281,63
2020-11-20,39109,4297,274,69
2020-11-20,39111,341,39,21
2020-11-20,39113,20363,1983,277
2020-11-20,39115,272,14,13
2020-11-20,39117,916,53,2
2020-11-20,39119,2420,225,15
2020-11-20,39121,646,52,29
2020-11-20,39123,1291,94,32
2020-11-20,39125,691,68,15
2020-11-20,39127,802,55,12
2020-11-20,39129,4097,170,50
2020-11-20,39131,781,75,4
2020-11-20,39133,3560,244,77
2020-11-20,39135,1569,143,21
2020-11-20,39137,2307,159,57
2020-11-20,39139,3216,288,46
2020-11-20,39141,2479,257,66
2020-11-20,39143,1637,153,33
2020-11-20,39145,2017,175,22
2020-11-20,39147,1867,130,20
2020-11-20,39149,1990,91,18
2020-11-20,39151,9348,654,237
2020-11-20,39153,13558,1330,389
2020-11-20,39155,5667,546,156
2020-11-20,39157,3515,340,84
2020-11-20,39159,2009,84,14
2020-11-20,39161,993,47,18
2020-11-20,39163,230,27,6
2020-11-20,39165,8296,387,84
2020-11-20,39167,1283,67,28
2020-11-20,39169,3365,240,113
2020-11-20,39171,1123,75,12
2020-11-20,39173,4720,315,111
2020-11-20,39175,749,59,20
2020-11-21,39001,816,63,13
2020-11-21,39003,5028,410,97
2020-11-21,39005,1197,106,32
2020-11-21,39007,2377,181,57
2020-11-21,39009,1966,78,4
2020-11-21,39011,2431,162,42
2020-11-21,39013,1782,91,30
2020-11-21,39015,1004,44,6
2020-11-21,39017,15171,671,159
2020-11-21,39019,529,36,11
2020-11-21,39021,1024,66,7
2020-11-21,39023,5355,260,141
2020-11-21,39025,6012,354,56
2020-11-21,39027,1132,86,19
2020-11-21,39029,3581,318,103
2020-11-21,39031,902,105,15
2020-11-21,39033,1322,136,19
2020-11-21,39035,37085,3321,779
2020-11-21,39037,2384,173,63
2020-11-21,39039,1531,143,39
2020-11-21,39041,5629,131,40
2020-11-21,39043,2398,265,70
2020-11-21,39045,5587,329,67
2020-11-21,39047,981,101,22
2020-11-21,39049,51572,2685,681
2020-11-21,39051,1378,95,30
2020-11-21,39053,781,64,15
2020-11-21,39055,2103,170,51
2020-11-21,39057,5441,326,81
2020-11-21,39059,919,82,14
2020-11-21,39061,30653,1688,382
2020-11-21,39063,2542,181,54
2020-11-21,39065,949,80,24
2020-11-21,39067,226,25,3
2020-11-21,39069,1050,84,29
2020-11-21,39071,1029,66,18
2020-11-21,39073,678,60,18
2020-11-21,39075,1437,163,42
2020-11-21,39077,1661,135,22
2020-11-21,39079,986,66,13
2020-11-21,39081,1225,124,18
2020-11-21,39083,1395,123,19
2020-11-21,39085,7086,320,81
2020-11-21,39087,1967,187,40
2020-11-21,39089,5723,282,86
2020-11-21,39091,1386,84,21
2020-11-21,39093,6580,481,113
2020-11-21,39095,14885,1149,444
2020-11-21,39097,1675,96,19
2020-11-21,39099,7675,692,305
2020-11-21,39101,4773,228,67
2020-11-21,39103,4804,265,62
2020-11-21,39105,393,31,12
2020-11-21,39107,3028,282,63
2020-11-21,39109,4359,279,69
2020-11-21,39111,350,40,21
2020-11-21,39113,20594,1997,279
2020-11-21,39115,280,14,13
2020-11-21,39117,930,53,2
2020-11-21,39119,2472,230,15
2020-11-21,39121,656,52,29
2020-11-21,39123,1309,94,32
2020-11-21,39125,702,68,15
2020-11-21,39127,815,55,12
2020-11-21,39129,4119,171,50
2020-11-21,39131,801,77,5
2020-11-21,39133,3605,248,77
2020-11-21,39135,1590,145,22
2020-11-21,39137,2323,160,57
2020-11-21,39139,3277,288,46
2020-11-21,39141,2513,260,67
2020-11-21,39143,1656,155,34
2020-11-21,39145,2067,177,23
2020-11-21,39147,1881,130,20
2020-11-21,39149,2008,92,18
2020-11-21,39151,9517,661,237
2020-11-21,39153,13777,1345,391
2020-11-21,39155,5756,549,158
2020-11-21,39157,3582,341,84
2020-11-21,39159,2044,84,14
2020-11-21,39161,1005,47,18
2020-11-21,39163,243,27,6
2020-11-21,39165,8440,390,84
2020-11-21,39167,1328,68,29
2020-11-21,39169,3405,240,113
2020-11-21,39171,1145,76,12
2020-11-21,39173,4816,319,111
2020-11-21,39175,760,60,20
2020-11-22,39001,830,63,13
2020-11-22,39003,5090,415,97
2020-11-22,39005,1212,107,32
2020-11-22,39007,2416,185,57
2020-11-22,39009,1995,79,4
2020-11-22,39011,2453,163,42
2020-11-22,39013,1797,93,30
2020-11-22,39015,1020,44,6
2020-11-22,39017,15368,676,161
2020-11-22,39019,539,36,11
2020-11-22,39021,1037,66,7
2020-11-22,39023,5405,261,142
2020-11-22,39025,6109,358,56
2020-11-22,39027,1146,87,19
2020-11-22,39029,3611,320,103
2020-11-22,39031,917,105,15
2020-11-22,39033,1343,137,19
2020-11-22,39035,37665,3346,779
2020-11-22,39037,2412,174,63
2020-11-22,39039,1556,145,40
2020-11-22,39041,5708,131,40
2020-11-22,39043,2432,269,70
2020-11-22,39045,5646,332,68
2020-11-22,39047,995,102,22
2020-11-22,39049,52083,2695,681
2020-11-22,39051,1405,96,30
2020-11-22,39053,797,64,15
2020-11-22,39055,2140,173,51
2020-11-22,39057,5501,331,82
2020-11-22,39059,944,83,14
2020-11-22,39061,31061,1695,382
2020-11-22,39063,2587,187,55
2020-11-22,39065,967,81,24
2020-11-22,39067,236,26,3
2020-11-22,39069,1058,85,29
2020-11-22,39071,1045,66,18
2020-11-22,39073,699,62,18
2020-11-22,39075,1444,166,42
2020-11-22,39077,1685,135,22
2020-11-22,39079,1007,68,13
2020-11-22,39081,1274,125,18
2020-11-22,39083,1425,126,19
2020-11-22,39085,7185,322,81
2020-11-22,39087,2000,189,41
2020-11-22,39089,5799,283,86
2020-11-22,39091,1399,85,21
2020-11-22,39093,6690,489,113
2020-11-22,39095,15030,1153,445
2020-11-22,39097,1693,96,19
2020-11-22,39099,7793,695,305
2020-11-22,39101,4807,228,68
2020-11-22,39103,4904,270,62
2020-11-22,39105,401,31,12
2020-11-22,39107,3044,282,63
2020-11-22,39109,4419,279,69
2020-11-22,39111,353,41,21
2020-11-22,39113,20824,2029,279
2020-11-22,39115,297,15,14
2020-11-22,39117,941,53,2
2020-11-22,39119,2523,232,15
2020-11-22,39121,666,52,29
2020-11-22,39123,1330,94,32
2020-11-22,39125,709,69,15
2020-11-22,39127,830,58,12
2020-11-22,39129,4139,173,50
2020-11-22,39131,818,77,5
2020-11-22,39133,3653,252,77
2020-11-22,39135,1609,147,23
2020-11-22,39137,2341,163,57
2020-11-22,39139,3359,290,46
2020-11-22,39141,2539,262,67
2020-11-22,39143,1670,156,34
2020-11-22,39145,2102,179,23
2020-11-22,39147,1899,131,20
2020-11-22,39149,2024,92,18
2020-11-22,39151,9652,669,237
2020-11-22,39153,13953,1364,393
2020-11-22,39155,5840,553,158
2020-11-22,39157,3647,348,84
2020-11-22,39159,2080,84,14
2020-11-22,39161,1013,47,18
2020-11-22,39163,250,27,6
2020-11-22,39165,8573,391,84
2020-11-22,39167,1337,69,29
2020-11-22,39169,3426,240,113
2020-11-22,39171,1159,76,12
2020-11-22,39173,4885,320,111
2020-11-22,39175,775,60,20
2020-11-23,39001,854,63,13
2020-11-23,39003,5243,420,97
2020-11-23,39005,1233,107,33
2020-11-23,39007,2522,188,58
2020-11-23,39009,2031,80,4
2020-11-23,39011,2493,164,42
2020-11-23,39013,1866,95,30
2020-11-23,39015,1057,44,6
2020-11-23,39017,15775,682,161
2020-11-23,39019,561,36,11
2020-11-23,39021,1075,67,7
2020-11-23,39023,5539,262,143
2020-11-23,39025,6292,361,56
2020-11-23,39027,1168,89,19
2020-11-23,39029,3732,323,103
2020-11-23,39031,940,105,15
2020-11-23,39033,1388,143,20
2020-11-23,39035,38709,3376,780
2020-11-23,39037,2509,176,63
2020-11-23,39039,1585,147,40
2020-11-23,39041,5877,132,41
2020-11-23,39043,2500,272,70
2020-11-23,39045,5793,333,69
2020-11-23,39047,1000,102,22
2020-11-23,39049,53098,2706,681
2020-11-23,39051,1443,100,31
2020-11-23,39053,820,65,15
2020-11-23,39055,2225,181,51
2020-11-23,39057,5674,338,83
2020-11-23,39059,996,87,14
2020-11-23,39061,31734,1702,382
2020-11-23,39063,2644,189,55
2020-11-23,39065,1059,83,24
2020-11-23,39067,251,26,3
2020-11-23,39069,1071,85,29
2020-11-23,39071,1073,67,18
2020-11-23,39073,727,63,18
2020-11-23,39075,1485,166,42
2020-11-23,39077,1731,137,22
2020-11-23,39079,1038,69,13
2020-11-23,39081,1362,128,19
2020-11-23,39083,1480,133,19
2020-11-23,39085,7409,324,81
2020-11-23,39087,2023,190,41
2020-11-23,39089,5949,283,86
2020-11-23,39091,1427,87,21
2020-11-23,39093,6934,496,113
2020-11-23,39095,15381,1153,447
2020-11-23,39097,1724,97,19
2020-11-23,39099,8039,698,305
2020-11-23,39101,4876,230,68
2020-11-23,39103,5059,273,62
2020-11-23,39105,411,31,12
2020-11-23,39107,3081,283,63
2020-11-23,39109,4539,281,69
2020-11-23,39111,366,43,22
2020-11-23,39113,21499,2069,279
2020-11-23,39115,307,16,14
2020-11-23,39117,966,56,2
2020-11-23,39119,2633,236,15
2020-11-23,39121,677,52,29
2020-11-23,39123,1356,96,32
2020-11-23,39125,732,71,15
2020-11-23,39127,870,60,13
2020-11-23,39129,4197,174,50
2020-11-23,39131,843,78,5
2020-11-23,39133,3763,255,78
2020-11-23,39135,1646,150,23
2020-11-23,39137,2362,166,57
2020-11-23,39139,3504,293,46
2020-11-23,39141,2587,263,67
2020-11-23,39143,1713,159,34
2020-11-23,39145,2157,179,24
2020-11-23,39147,1938,132,20
2020-11-23,39149,2061,93,18
2020-11-23,39151,9978,680,237
2020-11-23,39153,14380,1405,396
2020-11-23,39155,6064,557,160
2020-11-23,39157,3763,354,85
2020-11-23,39159,2137,85,14
2020-11-23,39161,1050,48,18
2020-11-23,39163,260,28,6
2020-11-23,39165,8858,396,86
2020-11-23,39167,1408,77,29
2020-11-23,39169,3510,240,113
2020-11-23,39171,1196,79,12
2020-11-23,39173,5035,328,112
2020-11-23,39175,789,63,21
2020-11-24,39001,871,64,13
2020-11-24,39003,5358,424,98
2020-11-24,39005,1263,110,34
2020-11-24,39007,2573,190,58
2020-11-24,39009,2074,84,4
2020-11-24,39011,2531,166,42
2020-11-24,39013,1910,97,30
2020-11-24,39015,1100,44,6
2020-11-24,39017,16157,688,161
2020-11-24,39019,589,37,11
2020-11-24,39021,1109,67,8
2020-11-24,39023,5661,265,145
2020-11-24,39025,6462,363,56
2020-11-24,39027,1201,92,19
2020-11-24,39029,3823,325,103
2020-11-24,39031,965,105,15
2020-11-24,39033,1427,147,20
2020-11-24,39035,39737,3410,780
2020-11-24,39037,2589,178,63
2020-11-24,39039,1618,147,40
2020-11-24,39041,6024,132,41
2020-11-24,39043,2570,275,70
2020-11-24,39045,5890,334,69
2020-11-24,39047,1010,102,22
2020-11-24,39049,53979,2713,681
2020-11-24,39051,1477,101,31
2020-11-24,39053,846,68,15
2020-11-24,39055,2288,185,51
2020-11-24,39057,5801,340,83
2020-11-24,39059,1029,88,14
2020-11-24,39061,32394,1712,382
2020-11-24,39063,2693,194,55
2020-11-24,39065,1095,84,25
2020-11-24,39067,257,26,3
2020-11-24,39069,1095,86,29
2020-11-24,39071,1109,68,18
2020-11-24,39073,757,64,18
2020-11-24,39075,1507,167,42
2020-11-24,39077,1766,137,22
2020-11-24,39079,1075,69,13
2020-11-24,39081,1434,133,21
2020-11-24,39083,1511,137,19
2020-11-24,39085,7655,327,81
2020-11-24,39087,2090,197,41
2020-11-24,39089,6116,283,86
2020-11-24,39091,1465,89,21
2020-11-24,39093,7138,503,113
2020-11-24,39095,15686,1155,447
2020-11-24,39097,1776,97,19
2020-11-24,39099,8239,704,307
2020-11-24,39101,4955,231,68
2020-11-24,39103,5230,276,62
2020-11-24,39105,426,31,12
2020-11-24,39107,3106,284,63
2020-11-24,39109,4674,287,69
2020-11-24,39111,375,43,22
2020-11-24,39113,22131,2114,282
2020-11-24,39115,319,18,15
2020-11-24,39117,992,56,2
2020-11-24,39119,2714,239,15
2020-11-24,39121,681,52,29
2020-11-24,39123,1382,97,32
2020-11-24,39125,746,73,15
2020-11-24,39127,910,62,13
2020-11-24,39129,4245,179,50
2020-11-24,39131,864,80,5
2020-11-24,39133,3886,259,79
2020-11-24,39135,1680,152,23
2020-11-24,39137,2382,167,57
2020-11-24,39139,3658,296,46
2020-11-24,39141,2621,265,67
2020-11-24,39143,1765,159,34
2020-11-24,39145,2219,184,24
2020-11-24,39147,2000,134,21
2020-11-24,39149,2093,93,18
2020-11-24,39151,10364,691,238
2020-11-24,39153,14811,1428,399
2020-11-24,39155,6231,563,160
2020-11-24,39157,3837,363,85
2020-11-24,39159,2183,85,14
2020-11-24,39161,1074,49,18
2020-11-24,39163,266,28,6
2020-11-24,39165,9052,399,86
2020-11-24,39167,1458,77,29
2020-11-24,39169,3603,240,113
2020-11-24,39171,1220,79,12
2020-11-24,39173,5154,332,113
2020-11-24,39175,800,64,21
2020-11-25,39001,881,64,13
2020-11-25,39003,5468,427,98
2020-11-25,39005,1283,111,34
2020-11-25,39007,2596,193,58
2020-11-25,39009,2118,88,4
2020-11-25,39011,2568,170,42
2020-11-25,39013,1943,100,30
2020-11-25,39015,1144,45,6
2020-11-25,39017,16502,693,161
2020-11-25,39019,603,37,11
2020-11-25,39021,1133,69,8
2020-11-25,39023,5778,267,146
2020-11-25,39025,6612,365,56
2020-11-25,39027,1218,92,19
2020-11-25,39029,3900,326,103
2020-11-25,39031,982,106,15
2020-11-25,39033,1470,151,20
2020-11-25,39035,40597,3427,780
2020-11-25,39037,2662,182,63
2020-11-25,39039,1635,149,40
2020-11-25,39041,6146,132,41
2020-11-25,39043,2623,277,70
2020-11-25,39045,6015,336,69
2020-11-25,39047,1029,106,22
2020-11-25,39049,54888,2719,681
2020-11-25,39051,1509,102,31
2020-11-25,39053,865,68,15
2020-11-25,39055,2375,188,51
2020-11-25,39057,5934,342,83
2020-11-25,39059,1060,88,14
2020-11-25,39061,33041,1726,382
2020-11-25,39063,2748,200,56
2020-11-25,39065,1127,84,25
2020-11-25,39067,271,28,3
2020-11-25,39069,1116,86,29
2020-11-25,39071,1134,69,18
2020-11-25,39073,776,65,18
2020-11-25,39075,1520,169,42
2020-11-25,39077,1800,139,22
2020-11-25,39079,1110,70,13
2020-11-25,39081,1483,136,21
2020-11-25,39083,1535,138,19
2020-11-25,39085,7864,328,81
2020-11-25,39087,2130,201,41
2020-11-25,39089,6239,284,86
2020-11-25,39091,1495,89,21
2020-11-25,39093,7355,512,113
2020-11-25,39095,16034,1157,447
2020-11-25,39097,1822,97,19
2020-11-25,39099,8489,705,307
2020-11-25,39101,4992,231,68
2020-11-25,39103,5351,281,63
2020-11-25,39105,439,31,12
2020-11-25,39107,3130,287,63
2020-11-25,39109,4784,290,69
2020-11-25,39111,383,43,22
2020-11-25,39113,22670,2144,282
2020-11-25,39115,324,20,16
2020-11-25,39117,1026,57,2
2020-11-25,39119,2784,246,16
2020-11-25,39121,687,52,29
2020-11-25,39123,1397,98,32
2020-11-25,39125,759,75,15
2020-11-25,39127,940,63,13
2020-11-25,39129,4283,180,50
2020-11-25,39131,894,82,5
2020-11-25,39133,4013,260,79
2020-11-25,39135,1725,154,23
2020-11-25,39137,2416,169,57
2020-11-25,39139,3740,297,46
2020-11-25,39141,2667,266,67
2020-11-25,39143,1790,160,34
2020-11-25,39145,2275,188,24
2020-11-25,39147,2027,134,21
2020-11-25,39149,2133,93,18
2020-11-25,39151,10660,698,238
2020-11-25,39153,15208,1445,400
2020-11-25,39155,6385,567,160
2020-11-25,39157,3910,368,85
2020-11-25,39159,2228,86,14
2020-11-25,39161,1086,49,18
2020-11-25,39163,276,30,6
2020-11-25,39165,9242,400,86
2020-11-25,39167,1498,77,29
2020-11-25,39169,3678,241,115
2020-11-25,39171,1242,80,12
2020-11-25,39173,5266,334,114
2020-11-25,39175,821,64,21
2020-11-26,39001,885,65,13
2020-11-26,39003,5501,428,98
2020-11-26,39005,1290,113,34
2020-11-26,39007,2604,196,58
2020-11-26,39009,2143,90,4
2020-11-26,39011,2597,173,42
2020-11-26,39013,1951,101,30
2020-11-26,39015,1146,45,6
2020-11-26,39017,16536,693,161
2020-11-26,39019,606,38,11
2020-11-26,39021,1147,69,8
2020-11-26,39023,5797,268,146
2020-11-26,39025,6645,369,56
2020-11-26,39027,1226,92,19
2020-11-26,39029,3915,327,103
2020-11-26,39031,996,107,15
2020-11-26,39033,1493,151,20
2020-11-26,39035,40868,3442,782
2020-11-26,39037,2694,183,63
2020-11-26,39039,1644,149,40
2020-11-26,39041,6162,132,41
2020-11-26,39043,2645,280,70
2020-11-26,39045,6032,337,69
2020-11-26,39047,1036,107,22
2020-11-26,39049,55145,2720,681
2020-11-26,39051,1542,105,31
2020-11-26,39053,881,68,15
2020-11-26,39055,2393,192,51
2020-11-26,39057,5951,344,83
2020-11-26,39059,1070,89,14
2020-11-26,39061,33151,1730,382
2020-11-26,39063,2772,200,57
2020-11-26,39065,1134,84,25
2020-11-26,39067,274,28,3
2020-11-26,39069,1122,86,29
2020-11-26,39071,1144,70,18
2020-11-26,39073,785,65,18
2020-11-26,39075,1524,169,42
2020-11-26,39077,1804,139,22
2020-11-26,39079,1136,72,13
2020-11-26,39081,1509,137,21
2020-11-26,39083,1560,141,19
2020-11-26,39085,7932,330,81
2020-11-26,39087,2162,203,41
2020-11-26,39089,6263,284,86
2020-11-26,39091,1501,89,21
2020-11-26,39093,7407,523,113
2020-11-26,39095,16107,1160,449
2020-11-26,39097,1835,97,19
2020-11-26,39099,8535,706,307
2020-11-26,39101,5023,235,68
2020-11-26,39103,5385,284,63
2020-11-26,39105,446,31,12
2020-11-26,39107,3150,290,63
2020-11-26,39109,4802,291,69
2020-11-26,39111,389,44,22
2020-11-26,39113,22805,2171,282
2020-11-26,39115,332,20,16
2020-11-26,39117,1036,60,2
2020-11-26,39119,2816,249,16
2020-11-26,39121,691,52,29
2020-11-26,39123,1408,100,32
2020-11-26,39125,765,75,15
2020-11-26,39127,950,64,13
2020-11-26,39129,4288,180,50
2020-11-26,39131,907,83,5
2020-11-26,39133,4059,262,79
2020-11-26,39135,1728,154,23
2020-11-26,39137,2425,171,57
2020-11-26,39139,3777,298,46
2020-11-26,39141,2684,267,67
2020-11-26,39143,1800,162,34
2020-11-26,39145,2311,189,24
2020-11-26,39147,2039,134,21
2020-11-26,39149,2150,94,18
2020-11-26,39151,10700,704,238
2020-11-26,39153,15297,1461,403
2020-11-26,39155,6422,574,162
2020-11-26,39157,3960,373,86
2020-11-26,39159,2247,86,14
2020-11-26,39161,1092,49,18
2020-11-26,39163,283,31,6
2020-11-26,39165,9283,408,87
2020-11-26,39167,1506,79,29
2020-11-26,39169,3694,242,116
2020-11-26,39171,1264,81,12
2020-11-26,39173,5321,338,114
2020-11-26,39175,832,64,21
2020-11-27,39001,897,65,13
2020-11-27,39003,5568,433,98
2020-11-27,39005,1315,116,34
2020-11-27,39007,2652,197,58
2020-11-27,39009,2176,91,4
2020-11-27,39011,2628,174,42
2020-11-27,39013,1976,102,30
2020-11-27,39015,1172,45,6
2020-11-27,39017,16822,695,161
2020-11-27,39019,626,41,11
2020-11-27,39021,1179,70,8
2020-11-27,39023,5860,269,146
2020-11-27,39025,6814,374,56
2020-11-27,39027,1246,92,19
2020-11-27,39029,3981,328,104
2020-11-27,39031,1005,108,15
2020-11-27,39033,1528,153,20
2020-11-27,39035,41665,3476,784
2020-11-27,39037,2747,184,63
2020-11-27,39039,1663,149,40
2020-11-27,39041,6295,132,41
2020-11-27,39043,2674,283,70
2020-11-27,39045,6134,337,69
2020-11-27,39047,1053,107,22
2020-11-27,39049,55883,2729,681
2020-11-27,39051,1577,106,31
2020-11-27,39053,897,68,15
2020-11-27,39055,2454,198,51
2020-11-27,39057,6037,349,84
2020-11-27,39059,1103,89,15
2020-11-27,39061,33728,1734,382
2020-11-27,39063,2798,200,57
2020-11-27,39065,1166,87,26
2020-11-27,39067,282,28,3
2020-11-27,39069,1139,86,29
2020-11-27,39071,1166,70,18
2020-11-27,39073,801,65,18
2020-11-27,39075,1530,169,42
2020-11-27,39077,1838,139,22
2020-11-27,39079,1169,72,13
2020-11-27,39081,1558,138,21
2020-11-27,39083,1595,143,19
2020-11-27,39085,8095,331,81
2020-11-27,39087,2190,205,41
2020-11-27,39089,6381,284,86
2020-11-27,39091,1511,89,21
2020-11-27,39093,7662,532,116
2020-11-27,39095,16405,1162,449
2020-11-27,39097,1868,99,19
2020-11-27,39099,8747,711,307
2020-11-27,39101,5090,242,68
2020-11-27,39103,5488,284,63
2020-11-27,39105,453,31,12
2020-11-27,39107,3180,290,64
2020-11-27,39109,4899,295,69
2020-11-27,39111,394,44,22
2020-11-27,39113,23139,2198,282
2020-11-27,39115,348,21,16
2020-11-27,39117,1072,61,2
2020-11-27,39119,2906,252,16
2020-11-27,39121,694,53,29
2020-11-27,39123,1423,100,32
2020-11-27,39125,775,75,15
2020-11-27,39127,978,64,13
2020-11-27,39129,4329,180,50
2020-11-27,39131,926,84,5
2020-11-27,39133,4155,262,79
2020-11-27,39135,1755,155,23
2020-11-27,39137,2445,171,57
2020-11-27,39139,3875,302,46
2020-11-27,39141,2716,272,67
2020-11-27,39143,1834,163,34
2020-11-27,39145,2354,191,25
2020-11-27,39147,2060,135,21
2020-11-27,39149,2177,94,18
2020-11-27,39151,11012,718,238
2020-11-27,39153,15667,1487,405
2020-11-27,39155,6565,580,164
2020-11-27,39157,4017,374,87
2020-11-27,39159,2280,86,14
2020-11-27,39161,1107,50,18
2020-11-27,39163,293,31,6
2020-11-27,39165,9500,409,87
2020-11-27,39167,1573,84,29
2020-11-27,39169,3755,242,116
2020-11-27,39171,1288,83,12
2020-11-27,39173,5402,340,114
2020-11-27,39175,854,64,21
2020-11-28,39001,905,65,13
2020-11-28,39003,5620,435,98
2020-11-28,39005,1329,116,34
2020-11-28,39007,2672,199,58
2020-11-28,39009,2198,92,4
2020-11-28,39011,2653,176,42
2020-11-28,39013,2016,103,30
2020-11-28,39015,1188,45,6
2020-11-28,39017,17062,696,162
2020-11-28,39019,635,41,11
2020-11-28,39021,1199,74,8
2020-11-28,39023,5920,271,146
2020-11-28,39025,6918,379,56
2020-11-28,39027,1264,94,19
2020-11-28,39029,4025,329,104
2020-11-28,39031,1021,111,15
2020-11-28,39033,1548,154,20
2020-11-28,39035,42228,3491,784
2020-11-28,39037,2792,187,63
2020-11-28,39039,1675,150,40
2020-11-28,39041,6395,132,41
2020-11-28,39043,2701,287,70
2020-11-28,39045,6183,338,69
2020-11-28,39047,1059,107,22
2020-11-28,39049,56412,2731,681
2020-11-28,39051,1600,107,31
2020-11-28,39053,912,69,15
2020-11-28,39055,2495,199,51
2020-11-28,39057,6109,353,84
2020-11-28,39059,1132,90,15
2020-11-28,39061,34140,1738,382
2020-11-28,39063,2839,202,57
2020-11-28,39065,1182,87,26
2020-11-28,39067,289,28,3
2020-11-28,39069,1144,86,29
2020-11-28,39071,1185,70,18
2020-11-28,39073,810,66,18
2020-11-28,39075,1540,170,42
2020-11-28,39077,1852,140,22
2020-11-28,39079,1201,73,13
2020-11-28,39081,1592,140,21
2020-11-28,39083,1623,148,20
2020-11-28,39085,8214,332,81
2020-11-28,39087,2218,206,41
2020-11-28,39089,6467,284,86
2020-11-28,39091,1520,90,21
2020-11-28,39093,7804,540,116
2020-11-28,39095,16706,1164,449
2020-11-28,39097,1882,99,19
2020-11-28,39099,8865,715,307
2020-11-28,39101,5135,244,68
2020-11-28,39103,5564,285,63
2020-11-28,39105,465,31,12
2020-11-28,39107,3197,292,64
2020-11-28,39109,4971,295,69
2020-11-28,39111,401,44,22
2020-11-28,39113,23423,2219,282
2020-11-28,39115,358,22,16
2020-11-28,39117,1100,63,2
2020-11-28,39119,2956,256,16
2020-11-28,39121,697,53,29
2020-11-28,39123,1437,100,32
2020-11-28,39125,785,75,15
2020-11-28,39127,995,64,13
2020-11-28,39129,4358,182,50
2020-11-28,39131,949,85,5
2020-11-28,39133,4225,268,79
2020-11-28,39135,1770,155,23
2020-11-28,39137,2462,171,57
2020-11-28,39139,3937,305,46
2020-11-28,39141,2745,275,67
2020-11-28,39143,1852,164,34
2020-11-28,39145,2403,196,25
2020-11-28,39147,2079,138,21
2020-11-28,39149,2207,94,18
2020-11-28,39151,11184,730,238
2020-11-28,39153,15909,1505,406
2020-11-28,39155,6649,582,164
2020-11-28,39157,4070,374,87
2020-11-28,39159,2304,86,14
2020-11-28,39161,1116,50,18
2020-11-28,39163,301,31,6
2020-11-28,39165,9646,412,87
2020-11-28,39167,1618,88,29
2020-11-28,39169,3795,242,116
2020-11-28,39171,1315,83,12
2020-11-28,39173,5480,342,114
2020-11-28,39175,867,64,21
2020-11-29,39001,911,65,13
2020-11-29,39003,5671,441,98
2020-11-29,39005,1341,116,34
2020-11-29,39007,2685,200,58
2020-11-29,39009,2225,93,4
2020-11-29,39011,2675,178,42
2020-11-29,39013,2025,103,30
2020-11-29,39015,1204,45,6
2020-11-29,39017,17286,698,162
2020-11-29,39019,644,42,12
2020-11-29,39021,1211,76,8
2020-11-29,39023,5961,271,146
2020-11-29,39025,7026,380,56
2020-11-29,39027,1279,94,19
2020-11-29,39029,4056,330,104
2020-11-29,39031,1034,111,15
2020-11-29,39033,1567,156,20
2020-11-29,39035,42783,3518,784
2020-11-29,39037,2829,189,63
2020-11-29,39039,1700,154,40
2020-11-29,39041,6488,132,41
2020-11-29,39043,2724,288,70
2020-11-29,39045,6220,340,69
2020-11-29,39047,1072,109,22
2020-11-29,39049,56882,2740,681
2020-11-29,39051,1621,108,31
2020-11-29,39053,938,72,15
2020-11-29,39055,2537,202,51
2020-11-29,39057,6168,354,84
2020-11-29,39059,1151,92,15
2020-11-29,39061,34536,1741,382
2020-11-29,39063,2863,205,57
2020-11-29,39065,1192,87,26
2020-11-29,39067,300,28,3
2020-11-29,39069,1149,86,29
2020-11-29,39071,1204,70,18
2020-11-29,39073,826,66,18
2020-11-29,39075,1553,170,42
2020-11-29,39077,1860,142,22
2020-11-29,39079,1228,74,13
2020-11-29,39081,1628,143,21
2020-11-29,39083,1645,151,20
2020-11-29,39085,8318,332,81
2020-11-29,39087,2246,209,41
2020-11-29,39089,6524,284,86
2020-11-29,39091,1525,90,21
2020-11-29,39093,7941,547,116
2020-11-29,39095,16919,1166,449
2020-11-29,39097,1897,99,19
2020-11-29,39099,9001,719,307
2020-11-29,39101,5170,245,68
2020-11-29,39103,5649,291,63
2020-11-29,39105,479,31,12
2020-11-29,39107,3212,292,64
2020-11-29,39109,5026,295,69
2020-11-29,39111,413,45,22
2020-11-29,39113,23653,2239,282
2020-11-29,39115,368,25,16
2020-11-29,39117,1109,63,2
2020-11-29,39119,3017,259,16
2020-11-29,39121,704,54,29
2020-11-29,39123,1446,101,32
2020-11-29,39125,799,78,15
2020-11-29,39127,1010,68,14
2020-11-29,39129,4385,182,50
2020-11-29,39131,963,85,5
2020-11-29,39133,4278,270,80
2020-11-29,39135,1785,156,23
2020-11-29,39137,2473,171,57
2020-11-29,39139,4016,306,46
2020-11-29,39141,2791,276,67
2020-11-29,39143,1868,165,35
2020-11-29,39145,2432,198,25
2020-11-29,39147,2100,140,21
2020-11-29,39149,2229,94,18
2020-11-29,39151,11353,735,238
2020-11-29,39153,16173,1522,406
2020-11-29,39155,6745,594,164
2020-11-29,39157,4106,377,87
2020-11-29,39159,2327,87,14
2020-11-29,39161,1126,50,18
2020-11-29,39163,311,31,6
2020-11-29,39165,9788,416,87
2020-11-29,39167,1636,91,29
2020-11-29,39169,3830,242,116
2020-11-29,39171,1337,83,12
2020-11-29,39173,5535,343,114
2020-11-29,39175,878,64,21
2020-11-30,39001,923,65,13
2020-11-30,39003,5782,445,98
2020-11-30,39005,1387,116,34
2020-11-30,39007,2766,201,58
2020-11-30,39009,2262,94,4
2020-11-30,39011,2709,180,42
2020-11-30,39013,2078,104,30
2020-11-30,39015,1262,45,6
2020-11-30,39017,17694,699,163
2020-11-30,39019,655,42,12
2020-11-30,39021,1242,77,8
2020-11-30,39023,6085,271,146
2020-11-30,39025,7230,383,56
2020-11-30,39027,1310,95,19
2020-11-30,39029,4196,330,104
2020-11-30,39031,1052,111,15
2020-11-30,39033,1614,157,20
2020-11-30,39035,43923,3540,785
2020-11-30,39037,2896,189,63
2020-11-30,39039,1740,154,40
2020-11-30,39041,6664,132,41
2020-11-30,39043,2780,288,70
2020-11-30,39045,6367,340,69
2020-11-30,39047,1097,112,22
2020-11-30,39049,57677,2753,682
2020-11-30,39051,1662,108,31
2020-11-30,39053,970,72,15
2020-11-30,39055,2601,207,51
2020-11-30,39057,6331,355,84
2020-11-30,39059,1195,93,15
2020-11-30,39061,35301,1744,382
2020-11-30,39063,2931,207,57
2020-11-30,39065,1231,87,26
2020-11-30,39067,316,29,3
2020-11-30,39069,1169,86,29
2020-11-30,39071,1233,71,18
2020-11-30,39073,852,67,18
2020-11-30,39075,1567,171,42
2020-11-30,39077,1904,143,22
2020-11-30,39079,1269,75,13
2020-11-30,39081,1716,146,21
2020-11-30,39083,1677,153,20
2020-11-30,39085,8472,333,81
2020-11-30,39087,2289,210,41
2020-11-30,39089,6696,284,86
2020-11-30,39091,1564,90,21
2020-11-30,39093,8235,558,116
2020-11-30,39095,17219,1166,449
2020-11-30,39097,1932,99,19
2020-11-30,39099,9292,720,307
2020-11-30,39101,5225,249,69
2020-11-30,39103,5781,296,63
2020-11-30,39105,498,31,12
2020-11-30,39107,3243,292,64
2020-11-30,39109,5152,295,69
2020-11-30,39111,427,45,22
2020-11-30,39113,24237,2263,282
2020-11-30,39115,391,25,16
2020-11-30,39117,1129,63,2
2020-11-30,39119,3145,262,17
2020-11-30,39121,717,54,29
2020-11-30,39123,1466,103,32
2020-11-30,39125,823,79,15
2020-11-30,39127,1047,68,14
2020-11-30,39129,4430,183,50
2020-11-30,39131,983,89,5
2020-11-30,39133,4390,272,80
2020-11-30,39135,1836,156,23
2020-11-30,39137,2495,172,57
2020-11-30,39139,4153,309,46
2020-11-30,39141,2850,279,67
2020-11-30,39143,1922,170,36
2020-11-30,39145,2485,202,26
2020-11-30,39147,2133,140,21
2020-11-30,39149,2290,94,18
2020-11-30,39151,11782,743,238
2020-11-30,39153,16650,1554,408
2020-11-30,39155,6987,599,164
2020-11-30,39157,4176,378,87
2020-11-30,39159,2371,91,14
2020-11-30,39161,1157,50,18
2020-11-30,39163,323,33,6
2020-11-30,39165,10065,417,88
2020-11-30,39167,1721,95,29
2020-11-30,39169,3923,242,116
2020-11-30,39171,1394,86,12
2020-11-30,39173,5613,344,114
2020-11-30,39175,898,65,21
2020-12-01,39001,931,65,13
2020-12-01,39003,5864,447,98
2020-12-01,39005,1432,116,34
2020-12-01,39007,2792,204,58
2020-12-01,39009,2295,95,4
2020-12-01,39011,2734,181,42
2020-12-01,39013,2113,105,30
2020-12-01,39015,1304,45,6
2020-12-01,39017,18038,700,163
2020-12-01,39019,660,43,12
2020-12-01,39021,1262,80,8
2020-12-01,39023,6202,271,146
2020-12-01,39025,7406,384,56
2020-12-01,39027,1328,95,19
2020-12-01,39029,4291,332,104
2020-12-01,39031,1066,111,15
2020-12-01,39033,1638,157,20
2020-12-01,39035,44649,3552,786
2020-12-01,39037,2957,192,63
2020-12-01,39039,1780,154,40
2020-12-01,39041,6795,132,41
2020-12-01,39043,2815,291,70
2020-12-01,39045,6482,341,69
2020-12-01,39047,1117,113,22
2020-12-01,39049,58540,2756,682
2020-12-01,39051,1689,108,31
2020-12-01,39053,987,74,15
2020-12-01,39055,2641,209,51
2020-12-01,39057,6468,358,84
2020-12-01,39059,1223,93,15
2020-12-01,39061,35954,1746,382
2020-12-01,39063,2980,210,57
2020-12-01,39065,1256,89,26
2020-12-01,39067,326,29,3
2020-12-01,39069,1190,86,29
2020-12-01,39071,1263,71,18
2020-12-01,39073,867,69,18
2020-12-01,39075,1574,172,42
2020-12-01,39077,1947,143,22
2020-12-01,39079,1314,76,13
2020-12-01,39081,1782,146,21
2020-12-01,39083,1701,156,20
2020-12-01,39085,8587,336,81
2020-12-01,39087,2330,210,41
2020-12-01,39089,6819,285,86
2020-12-01,39091,1601,91,21
2020-12-01,39093,8450,561,116
2020-12-01,39095,17548,1171,449
2020-12-01,39097,1975,100,19
2020-12-01,39099,9445,721,307
2020-12-01,39101,5271,250,69
2020-12-01,39103,5887,297,63
2020-12-01,39105,515,31,12
2020-12-01,39107,3256,292,64
2020-12-01,39109,5278,296,69
2020-12-01,39111,439,46,22
2020-12-01,39113,24753,2280,282
2020-12-01,39115,400,26,16
2020-12-01,39117,1153,63,2
2020-12-01,39119,3214,263,17
2020-12-01,39121,720,54,29
2020-12-01,39123,1485,103,32
2020-12-01,39125,830,79,15
2020-12-01,39127,1081,68,14
2020-12-01,39129,4490,185,50
2020-12-01,39131,997,90,5
2020-12-01,39133,4520,273,80
2020-12-01,39135,1876,158,23
2020-12-01,39137,2516,172,57
2020-12-01,39139,4267,311,46
2020-12-01,39141,2887,280,67
2020-12-01,39143,1966,172,36
2020-12-01,39145,2551,204,26
2020-12-01,39147,2173,140,21
2020-12-01,39149,2321,94,18
2020-12-01,39151,12224,757,238
2020-12-01,39153,17091,1568,408
2020-12-01,39155,7126,602,165
2020-12-01,39157,4249,379,87
2020-12-01,39159,2443,91,14
2020-12-01,39161,1171,50,18
2020-12-01,39163,329,33,6
2020-12-01,39165,10291,418,88
2020-12-01,39167,1774,98,29
2020-12-01,39169,4000,242,116
2020-12-01,39171,1423,86,12
2020-12-01,39173,5672,344,114
2020-12-01,39175,921,67,21
2020-12-02,39001,937,65,13
2020-12-02,39003,5945,447,98
2020-12-02,39005,1461,116,34
2020-12-02,39007,2839,206,58
2020-12-02,39009,2317,95,4
2020-12-02,39011,2743,181,42
2020-12-02,39013,2135,105,30
2020-12-02,39015,1336,45,6
2020-12-02,39017,18336,701,163
2020-12-02,39019,670,43,12
2020-12-02,39021,1288,80,8
2020-12-02,39023,6310,271,146
2020-12-02,39025,7539,387,56
2020-12-02,39027,1359,96,19
2020-12-02,39029,4360,334,104
2020-12-02,39031,1077,112,15
2020-12-02,39033,1660,157,20
2020-12-02,39035,45585,3558,786
2020-12-02,39037,3003,192,63
2020-12-02,39039,1809,154,40
2020-12-02,39041,6917,133,41
2020-12-02,39043,2843,291,70
2020-12-02,39045,6584,343,69
2020-12-02,39047,1134,114,22
2020-12-02,39049,59351,2758,682
2020-12-02,39051,1712,108,31
2020-12-02,39053,1007,75,15
2020-12-02,39055,2681,210,51
2020-12-02,39057,6581,361,84
2020-12-02,39059,1245,94,15
2020-12-02,39061,36514,1749,382
2020-12-02,39063,3030,212,57
2020-12-02,39065,1274,89,26
2020-12-02,39067,338,30,3
2020-12-02,39069,1214,86,29
2020-12-02,39071,1302,71,18
2020-12-02,39073,875,69,18
2020-12-02,39075,1582,172,42
2020-12-02,39077,1967,143,22
2020-12-02,39079,1362,77,13
2020-12-02,39081,1821,146,21
2020-12-02,39083,1729,159,20
2020-12-02,39085,8688,336,81
2020-12-02,39087,2376,210,41
2020-12-02,39089,6934,287,86
2020-12-02,39091,1625,92,21
2020-12-02,39093,8659,566,116
2020-12-02,39095,17813,1174,449
2020-12-02,39097,2004,100,19
2020-12-02,39099,9591,721,307
2020-12-02,39101,5320,250,69
2020-12-02,39103,5994,298,63
2020-12-02,39105,531,32,12
2020-12-02,39107,3268,294,64
2020-12-02,39109,5376,297,69
2020-12-02,39111,451,46,22
2020-12-02,39113,25079,2285,282
2020-12-02,39115,413,26,16
2020-12-02,39117,1174,63,2
2020-12-02,39119,3311,264,17
2020-12-02,39121,729,54,29
2020-12-02,39123,1494,105,32
2020-12-02,39125,838,80,15
2020-12-02,39127,1119,68,14
2020-12-02,39129,4515,187,50
2020-12-02,39131,1006,91,5
2020-12-02,39133,4603,274,80
2020-12-02,39135,1904,158,23
2020-12-02,39137,2529,172,57
2020-12-02,39139,4370,313,46
2020-12-02,39141,2918,280,67
2020-12-02,39143,1994,172,36
2020-12-02,39145,2609,205,27
2020-12-02,39147,2194,141,21
2020-12-02,39149,2353,94,18
2020-12-02,39151,12524,772,239
2020-12-02,39153,17516,1577,408
2020-12-02,39155,7213,604,165
2020-12-02,39157,4297,379,87
2020-12-02,39159,2474,91,14
2020-12-02,39161,1185,50,18
2020-12-02,39163,333,34,6
2020-12-02,39165,10448,419,88
2020-12-02,39167,1825,102,29
2020-12-02,39169,4052,242,116
2020-12-02,39171,1434,86,12
2020-12-02,39173,5737,345,114
2020-12-02,39175,932,68,21
2020-12-03,39001,941,65,13
2020-12-03,39003,6029,448,98
2020-12-03,39005,1489,116,34
2020-12-03,39007,2868,207,58
2020-12-03,39009,2335,96,4
2020-12-03,39011,2752,181,42
2020-12-03,39013,2146,105,30
2020-12-03,39015,1370,45,6
2020-12-03,39017,18588,702,163
2020-12-03,39019,680,43,12
2020-12-03,39021,1307,81,8
2020-12-03,39023,6393,271,146
2020-12-03,39025,7642,388,56
2020-12-03,39027,1373,96,20
2020-12-03,39029,4411,334,104
2020-12-03,39031,1088,112,15
2020-12-03,39033,1678,158,20
2020-12-03,39035,46444,3567,786
2020-12-03,39037,3056,193,63
2020-12-03,39039,1836,154,40
2020-12-03,39041,7055,133,41
2020-12-03,39043,2896,298,70
2020-12-03,39045,6682,344,69
2020-12-03,39047,1144,115,22
2020-12-03,39049,59950,2759,682
2020-12-03,39051,1731,108,31
2020-12-03,39053,1024,75,15
2020-12-03,39055,2724,211,51
2020-12-03,39057,6651,366,84
2020-12-03,39059,1272,94,15
2020-12-03,39061,36934,1750,382
2020-12-03,39063,3097,215,57
2020-12-03,39065,1293,89,26
2020-12-03,39067,341,30,3
2020-12-03,39069,1233,88,29
2020-12-03,39071,1330,71,18
2020-12-03,39073,884,69,18
2020-12-03,39075,1592,173,42
2020-12-03,39077,1982,143,22
2020-12-03,39079,1404,78,13
2020-12-03,39081,1878,146,21
2020-12-03,39083,1746,162,20
2020-12-03,39085,8798,336,81
2020-12-03,39087,2402,211,41
2020-12-03,39089,7033,287,86
2020-12-03,39091,1642,92,21
2020-12-03,39093,8898,572,116
2020-12-03,39095,17993,1177,449
2020-12-03,39097,2038,101,19
2020-12-03,39099,9729,722,307
2020-12-03,39101,5353,250,69
2020-12-03,39103,6068,298,63
2020-12-03,39105,543,32,12
2020-12-03,39107,3277,294,64
2020-12-03,39109,5447,297,69
2020-12-03,39111,456,46,22
2020-12-03,39113,25362,2289,282
2020-12-03,39115,421,26,16
2020-12-03,39117,1187,63,2
2020-12-03,39119,3400,268,17
2020-12-03,39121,732,54,29
2020-12-03,39123,1513,109,32
2020-12-03,39125,847,80,15
2020-12-03,39127,1151,71,14
2020-12-03,39129,4532,187,50
2020-12-03,39131,1017,92,5
2020-12-03,39133,4752,274,80
2020-12-03,39135,1928,158,23
2020-12-03,39137,2571,172,57
2020-12-03,39139,4474,314,46
2020-12-03,39141,2943,281,67
2020-12-03,39143,2013,172,36
2020-12-03,39145,2650,205,27
2020-12-03,39147,2227,141,21
2020-12-03,39149,2373,94,18
2020-12-03,39151,12820,784,239
2020-12-03,39153,17776,1582,408
2020-12-03,39155,7305,604,165
2020-12-03,39157,4368,379,87
2020-12-03,39159,2503,91,14
2020-12-03,39161,1193,50,18
2020-12-03,39163,340,34,6
2020-12-03,39165,10570,419,88
2020-12-03,39167,1840,103,29
2020-12-03,39169,4120,242,116
2020-12-03,39171,1448,87,12
2020-12-03,39173,5776,345,114
2020-12-03,39175,954,70,21
2020-12-04,39001,943,65,13
2020-12-04,39003,6100,448,98
2020-12-04,39005,1521,116,34
2020-12-04,39007,2892,208,58
2020-12-04,39009,2356,97,4
2020-12-04,39011,2765,183,42
2020-12-04,39013,2159,105,30
2020-12-04,39015,1403,45,6
2020-12-04,39017,18802,703,163
2020-12-04,39019,687,43,12
2020-12-04,39021,1314,81,8
2020-12-04,39023,6458,271,146
2020-12-04,39025,7715,389,56
2020-12-04,39027,1382,96,20
2020-12-04,39029,4474,335,104
2020-12-04,39031,1098,112,15
2020-12-04,39033,1701,158,20
2020-12-04,39035,47158,3573,786
2020-12-04,39037,3092,193,63
2020-12-04,39039,1860,154,40
2020-12-04,39041,7154,133,41
2020-12-04,39043,2917,299,70
2020-12-04,39045,6763,345,69
2020-12-04,39047,1159,115,22
2020-12-04,39049,60537,2759,682
2020-12-04,39051,1755,109,31
2020-12-04,39053,1052,75,15
2020-12-04,39055,2759,211,51
2020-12-04,39057,6742,374,84
2020-12-04,39059,1307,94,15
2020-12-04,39061,37340,1752,382
2020-12-04,39063,3136,216,57
2020-12-04,39065,1305,89,26
2020-12-04,39067,350,30,3
2020-12-04,39069,1245,90,29
2020-12-04,39071,1352,71,18
2020-12-04,39073,892,71,18
2020-12-04,39075,1596,173,42
2020-12-04,39077,2009,143,22
2020-12-04,39079,1437,81,13
2020-12-04,39081,1933,146,21
2020-12-04,39083,1757,164,20
2020-12-04,39085,8877,336,81
2020-12-04,39087,2414,211,41
2020-12-04,39089,7082,287,86
2020-12-04,39091,1652,92,21
2020-12-04,39093,9065,575,116
2020-12-04,39095,18136,1179,449
2020-12-04,39097,2056,101,19
2020-12-04,39099,9798,727,307
2020-12-04,39101,5380,250,69
2020-12-04,39103,6125,298,63
2020-12-04,39105,552,32,12
2020-12-04,39107,3287,294,64
2020-12-04,39109,5508,298,69
2020-12-04,39111,460,46,22
2020-12-04,39113,25595,2289,282
2020-12-04,39115,428,27,16
2020-12-04,39117,1201,63,2
2020-12-04,39119,3465,276,17
2020-12-04,39121,737,54,29
2020-12-04,39123,1524,109,32
2020-12-04,39125,856,81,15
2020-12-04,39127,1181,73,14
2020-12-04,39129,4560,188,50
2020-12-04,39131,1023,92,5
2020-12-04,39133,4830,274,80
2020-12-04,39135,1940,158,23
2020-12-04,39137,2584,172,57
2020-12-04,39139,4581,314,46
2020-12-04,39141,2963,281,67
2020-12-04,39143,2045,172,36
2020-12-04,39145,2677,205,27
2020-12-04,39147,2248,141,21
2020-12-04,39149,2387,94,18
2020-12-04,39151,12989,788,239
2020-12-04,39153,18000,1585,408
2020-12-04,39155,7342,604,165
2020-12-04,39157,4431,380,87
2020-12-04,39159,2519,91,14
2020-12-04,39161,1203,52,18
2020-12-04,39163,347,34,6
2020-12-04,39165,10662,419,88
2020-12-04,39167,1853,104,29
2020-12-04,39169,4166,242,116
2020-12-04,39171,1465,89,12
2020-12-04,39173,5822,349,114
2020-12-04,39175,973,70,21
2020-12-05,39003,6103,448,98
2020-12-05,39005,1539,116,34
2020-12-05,39007,2898,209,58
2020-12-05,39009,2366,97,4
2020-12-05,39011,2767,183,42
2020-12-05,39013,2160,105,30
2020-12-05,39015,1410,45,6
2020-12-05,39017,18862,703,163
2020-12-05,39021,1318,81,8
2020-12-05,39023,6469,271,146
2020-12-05,39025,7751,389,56
2020-12-05,39027,1387,96,20
2020-12-05,39029,4480,335,104
2020-12-05,39031,1100,112,15
2020-12-05,39033,1710,161,20
2020-12-05,39035,47545,3578,786
2020-12-05,39037,3093,193,63
2020-12-05,39039,1862,154,40
2020-12-05,39041,7215,134,41
2020-12-05,39043,2933,300,70
2020-12-05,39045,6802,345,69
2020-12-05,39047,1163,115,22
2020-12-05,39049,60791,2759,682
2020-12-05,39051,1768,109,31
2020-12-05,39053,1062,75,15
2020-12-05,39055,2792,211,51
2020-12-05,39057,6762,378,84
2020-12-05,39059,1319,94,15
2020-12-05,39061,37484,1752,382
2020-12-05,39063,3146,216,57
2020-12-05,39065,1309,89,26
2020-12-05,39067,351,30,3
2020-12-05,39069,1246,90,29
2020-12-05,39071,1359,71,18
2020-12-05,39073,899,71,18
2020-12-05,39075,1597,173,42
2020-12-05,39077,2012,143,22
2020-12-05,39079,1452,81,13
2020-12-05,39081,1949,146,21
2020-12-05,39083,1758,164,20
2020-12-05,39085,8933,336,81
2020-12-05,39087,2430,211,41
2020-12-05,39089,7105,287,86
2020-12-05,39091,1657,92,21
2020-12-05,39093,9133,576,116
2020-12-05,39095,18195,1179,449
2020-12-05,39097,2072,101,19
2020-12-05,39099,9847,728,307
2020-12-05,39101,5395,250,69
2020-12-05,39103,6159,298,63
2020-12-05,39105,563,33,12
2020-12-05,39107,3292,294,64
2020-12-05,39109,5522,298,69
2020-12-05,39111,463,46,22
2020-12-05,39113,25665,2289,282
2020-12-05,39115,431,27,16
2020-12-05,39117,1205,63,2
2020-12-05,39119,3499,279,17
2020-12-05,39121,741,54,29
2020-12-05,39125,857,81,15
2020-12-05,39127,1187,74,14
2020-12-05,39129,4571,190,50
2020-12-05,39131,1027,93,5
2020-12-05,39133,4886,274,80
2020-12-05,39135,1942,158,23
2020-12-05,39137,2588,172,57
2020-12-05,39139,4609,314,46
2020-12-05,39141,2970,281,67
2020-12-05,39143,2048,172,36
2020-12-05,39145,2678,205,27
2020-12-05,39147,2252,141,21
2020-12-05,39149,2395,94,18
2020-12-05,39151,13023,789,239
2020-12-05,39153,18118,1586,408
2020-12-05,39155,7360,604,165
2020-12-05,39157,4433,380,87
2020-12-05,39159,2528,91,14
2020-12-05,39161,1205,52,18
2020-12-05,39163,349,34,6
2020-12-05,39165,10692,419,88
2020-12-05,39167,1862,104,29
2020-12-05,39169,4172,242,116
2020-12-05,39171,1466,90,12
2020-12-05,39173,5841,351,114
2020-12-05,39175,974,70,21
2020-12-06,39001,944,65,13
2020-12-06,39003,6111,448,98
2020-12-06,39005,1546,116,34
2020-12-06,39007,2903,210,58
2020-12-06,39009,2370,97,4
2020-12-06,39011,2769,184,42
2020-12-06,39015,1414,45,6
2020-12-06,39017,18887,703,163
2020-12-06,39019,688,43,12
2020-12-06,39021,1319,81,8
2020-12-06,39023,6473,271,146
2020-12-06,39025,7760,389,56
2020-12-06,39027,1388,96,20
2020-12-06,39031,1101,112,15
2020-12-06,39033,1715,161,20
2020-12-06,39035,47701,3586,786
2020-12-06,39037,3094,193,63
2020-12-06,39039,1865,154,40
2020-12-06,39041,7229,134,41
2020-12-06,39043,2935,302,70
2020-12-06,39045,6811,345,69
2020-12-06,39047,1166,117,22
2020-12-06,39049,60937,2759,682
2020-12-06,39051,1770,109,31
2020-12-06,39055,2803,212,51
2020-12-06,39057,6768,381,84
2020-12-06,39059,1323,94,15
2020-12-06,39061,37516,1752,382
2020-12-06,39063,3153,216,57
2020-12-06,39065,1311,89,26
2020-12-06,39069,1247,90,29
2020-12-06,39071,1362,71,18
2020-12-06,39075,1598,173,42
2020-12-06,39079,1455,81,13
2020-12-06,39081,1957,146,21
2020-12-06,39083,1763,164,20
2020-12-06,39085,8952,336,81
2020-12-06,39087,2437,211,41
2020-12-06,39089,7114,287,86
2020-12-06,39091,1658,92,21
2020-12-06,39093,9145,577,116
2020-12-06,39095,18222,1179,449
2020-12-06,39097,2083,101,19
2020-12-06,39099,9854,728,307
2020-12-06,39101,5418,250,69
2020-12-06,39103,6165,298,63
2020-12-06,39105,564,33,12
2020-12-06,39107,3294,294,64
2020-12-06,39109,5524,298,69
2020-12-06,39113,25698,2289,282
2020-12-06,39115,432,27,16
2020-12-06,39117,1206,63,2
2020-12-06,39119,3504,279,17
2020-12-06,39121,742,54,29
2020-12-06,39129,4573,190,50
2020-12-06,39131,1030,93,5
2020-12-06,39133,4890,274,80
2020-12-06,39135,1945,158,23
2020-12-06,39139,4632,314,46
2020-12-06,39141,2971,281,67
2020-12-06,39143,2051,172,36
2020-12-06,39145,2681,206,27
2020-12-06,39147,2254,141,21
2020-12-06,39149,2397,96,18
2020-12-06,39151,13035,793,239
2020-12-06,39153,18131,1587,408
2020-12-06,39155,7365,604,165
2020-12-06,39157,4434,380,87
2020-12-06,39159,2536,91,14
2020-12-06,39161,1207,52,18
2020-12-06,39163,350,34,6
2020-12-06,39165,10708,419,88
2020-12-06,39167,1869,104,29
2020-12-06,39169,4173,242,116
2020-12-06,39171,1467,90,12
2020-12-06,39173,5847,352,114
2020-12-07,39011,2770,184,42
2020-12-07,39015,1415,45,6
2020-12-07,39017,18890,703,163
2020-12-07,39025,7765,389,56
2020-12-07,39049,60938,2759,682
2020-12-07,39057,6769,381,84
2020-12-07,39061,37528,1752,382
2020-12-07,39067,352,30,3
2020-12-07,39081,1958,146,21
2020-12-07,39085,8953,336,81
2020-12-07,39087,2438,211,41
2020-12-07,39091,1659,92,21
2020-12-07,39113,25699,2289,282
