date_stamp,us_county_fips,tn_covid_geo,cnt_total,cnt_total_new,cnt_confirmed,cnt_confirmed_new,cnt_probable,cnt_probable_new,cnt_active,cnt_active_new,cnt_hospitalized,cnt_hospitalized_new,cnt_recovered,cnt_recovered_new,cnt_death,cnt_death_new,cnt_tested_pos,cnt_tested_neg,cnt_tested,cnt_tested_new
2020-03-05,47157,47157,,,,,,,,,,,,,,,,,,
2020-03-05,47187,47187,1,,,,,,,,,,,,,,,,,
2020-03-06,47037,47037,,,,,,,,,,,,,,,,,,
2020-03-06,47187,47187,1,0,,,,,,,,,,,,,,,,
2020-03-07,47187,47187,1,0,,,,,,,,,,,,,,,,
2020-03-08,47037,47037,1,,,,,,,,,,,,,,,,,
2020-03-08,47157,47157,1,,,,,,,,,,,,,,,,,
2020-03-08,47187,47187,1,0,,,,,,,,,,,,,,,,
2020-03-09,47187,47187,1,0,,,,,,,,,,,,,,,,
2020-03-09,47163,47163,,,,,,,,,,,,,,,,,,
2020-03-09,47157,47157,1,0,,,,,,,,,,,,,,,,
2020-03-09,,47PEN,1,,,,,,,,,,,,,,,,,
2020-03-09,47093,47093,,,,,,,,,,,,,,,,,,
2020-03-09,47065,47065,,,,,,,,,,,,,,,,,,
2020-03-09,47037,47037,1,0,,,,,,,,,,,,,,,,
2020-03-10,47037,47037,2,1,,,,,,,,,,,,,,,,
2020-03-10,47093,47093,,,,,,,,,,,,,,,,,,
2020-03-10,47157,47157,1,0,,,,,,,,,,,,,,,,
2020-03-10,47163,47163,1,,,,,,,,,,,,,,,,,
2020-03-10,47187,47187,3,2,,,,,,,,,,,,,,,,
2020-03-11,47187,47187,5,2,,,,,,,,,,,,,,,,
2020-03-11,47165,47165,,,,,,,,,,,,,,,,,,
2020-03-11,47163,47163,1,0,,,,,,,,,,,,,,,,
2020-03-11,47157,47157,1,0,,,,,,,,,,,,,,,,
2020-03-11,47013,47013,,,,,,,,,,,,,,,,,,
2020-03-11,47093,47093,,,,,,,,,,,,,,,,,,
2020-03-11,47089,47089,,,,,,,,,,,,,,,,,,
2020-03-11,47037,47037,2,0,,,,,,,,,,,,,,,,
2020-03-11,47149,47149,,,,,,,,,,,,,,,,,,
2020-03-12,47187,47187,8,3,,,,,,,,,,,,,,,,
2020-03-12,47157,47157,2,1,,,,,,,,,,,,,,,,
2020-03-12,47163,47163,1,0,,,,,,,,,,,,,,,,
2020-03-12,47065,47065,,,,,,,,,,,,,,,,,,
2020-03-12,47037,47037,6,4,,,,,,,,,,,,,,,,
2020-03-12,47093,47093,1,,,,,,,,,,,,,,,,,
2020-03-13,47157,47157,2,0,,,,,,,,,,,,,,,,
2020-03-13,47187,47187,9,1,,,,,,,,,,,,,,,,
2020-03-13,47179,47179,,,,,,,,,,,,,,,,,,
2020-03-13,47167,47167,,,,,,,,,,,,,,,,,,
2020-03-13,47165,47165,,,,,,,,,,,,,,,,,,
2020-03-13,47163,47163,1,0,,,,,,,,,,,,,,,,
2020-03-13,47149,47149,1,,,,,,,,,,,,,,,,,
2020-03-13,47155,47155,,,,,,,,,,,,,,,,,,
2020-03-13,47093,47093,1,0,,,,,,,,,,,,,,,,
2020-03-13,47089,47089,1,,,,,,,,,,,,,,,,,
2020-03-13,47065,47065,1,,,,,,,,,,,,,,,,,
2020-03-13,47037,47037,10,4,,,,,,,,,,,,,,,,
2020-03-13,47011,47011,,,,,,,,,,,,,,,,,,
2020-03-13,47001,47001,,,,,,,,,,,,,,,,,,
2020-03-13,47105,47105,,,,,,,,,,,,,,,,,,
2020-03-14,47163,47163,1,0,,,,,,,,,,,,,,,,
2020-03-14,47187,47187,10,1,,,,,,,,,,,,,,,,
2020-03-14,47165,47165,,,,,,,,,,,,,,,,,,
2020-03-14,47157,47157,2,0,,,,,,,,,,,,,,,,
2020-03-14,47149,47149,1,0,,,,,,,,,,,,,,,,
2020-03-14,47147,47147,,,,,,,,,,,,,,,,,,
2020-03-14,47107,47107,,,,,,,,,,,,,,,,,,
2020-03-14,47093,47093,1,0,,,,,,,,,,,,,,,,
2020-03-14,47089,47089,1,0,,,,,,,,,,,,,,,,
2020-03-14,47065,47065,1,0,,,,,,,,,,,,,,,,
2020-03-14,47041,47041,,,,,,,,,,,,,,,,,,
2020-03-14,47037,47037,14,4,,,,,,,,,,,,,,,,
2020-03-14,47021,47021,,,,,,,,,,,,,,,,,,
2020-03-14,47013,47013,1,,,,,,,,,,,,,,,,,
2020-03-15,47189,47189,,,,,,,,,,,,,,,,,,
2020-03-15,47187,47187,14,4,,,,,,,,,,,,,,,,
2020-03-15,47165,47165,,,,,,,,,,,,,,,,,,
2020-03-15,47163,47163,1,0,,,,,,,,,,,,,,,,
2020-03-15,47157,47157,2,0,,,,,,,,,,,,,,,,
2020-03-15,47149,47149,1,0,,,,,,,,,,,,,,,,
2020-03-15,47013,47013,1,0,,,,,,,,,,,,,,,,
2020-03-15,47093,47093,1,0,,,,,,,,,,,,,,,,
2020-03-15,47089,47089,1,0,,,,,,,,,,,,,,,,
2020-03-15,47065,47065,1,0,,,,,,,,,,,,,,,,
2020-03-15,47037,47037,17,3,,,,,,,,,,,,,,,,
2020-03-15,47119,47119,,,,,,,,,,,,,,,,,,
2020-03-16,47149,47149,1,0,,,,,,,,,,,,,,,,
2020-03-16,47141,47141,,,,,,,,,,,,,,,,,,
2020-03-16,47147,47147,,,,,,,,,,,,,,,,,,
2020-03-16,47155,47155,1,,,,,,,,,,,,,,,,,
2020-03-16,47107,47107,,,,,,,,,,,,,,,,,,
2020-03-16,47163,47163,1,0,,,,,,,,,,,,,,,,
2020-03-16,47165,47165,,,,,,,,,,,,,,,,,,
2020-03-16,47187,47187,18,4,,,,,,,,,,,,,,,,
2020-03-16,47189,47189,,,,,,,,,,,,,,,,,,
2020-03-16,47157,47157,2,0,,,,,,,,,,,,,,,,
2020-03-16,47115,47115,,,,,,,,,,,,,,,,,,
2020-03-16,47125,47125,,,,,,,,,,,,,,,,,,
2020-03-16,47093,47093,1,0,,,,,,,,,,,,,,,,
2020-03-16,47013,47013,1,0,,,,,,,,,,,,,,,,
2020-03-16,47021,47021,,,,,,,,,,,,,,,,,,
2020-03-16,47035,47035,,,,,,,,,,,,,,,,,,
2020-03-16,47037,47037,25,8,,,,,,,,,,,,,,,,
2020-03-16,47023,47023,,,,,,,,,,,,,,,,,,
2020-03-16,47065,47065,1,0,,,,,,,,,,,,,,,,
2020-03-16,47071,47071,,,,,,,,,,,,,,,,,,
2020-03-16,47089,47089,1,0,,,,,,,,,,,,,,,,
2020-03-16,47105,47105,,,,,,,,,,,,,,,,,,
2020-03-16,47047,47047,,,,,,,,,,,,,,,,,,
2020-03-17,47151,47151,,,,,,,,,,,,,,,,,,
2020-03-17,47125,47125,,,,,,,,,,,,,,,,,,
2020-03-17,47141,47141,,,,,,,,,,,,,,,,,,
2020-03-17,47145,47145,,,,,,,,,,,,,,,,,,
2020-03-17,47147,47147,,,,,,,,,,,,,,,,,,
2020-03-17,47149,47149,1,0,,,,,,,,,,,,,,,,
2020-03-17,47155,47155,1,0,,,,,,,,,,,,,,,,
2020-03-17,47179,47179,,,,,,,,,,,,,,,,,,
2020-03-17,47163,47163,1,0,,,,,,,,,,,,,,,,
2020-03-17,47165,47165,,,,,,,,,,,,,,,,,,
2020-03-17,47167,47167,,,,,,,,,,,,,,,,,,
2020-03-17,47123,47123,,,,,,,,,,,,,,,,,,
2020-03-17,47187,47187,21,3,,,,,,,,,,,,,,,,
2020-03-17,47189,47189,,,,,,,,,,,,,,,,,,
2020-03-17,47157,47157,2,0,,,,,,,,,,,,,,,,
2020-03-17,47105,47105,,,,,,,,,,,,,,,,,,
2020-03-17,47119,47119,,,,,,,,,,,,,,,,,,
2020-03-17,47011,47011,,,,,,,,,,,,,,,,,,
2020-03-17,47009,47009,,,,,,,,,,,,,,,,,,
2020-03-17,47093,47093,2,1,,,,,,,,,,,,,,,,
2020-03-17,47013,47013,1,0,,,,,,,,,,,,,,,,
2020-03-17,47017,47017,,,,,,,,,,,,,,,,,,
2020-03-17,47021,47021,,,,,,,,,,,,,,,,,,
2020-03-17,47035,47035,,,,,,,,,,,,,,,,,,
2020-03-17,47037,47037,42,17,,,,,,,,,,,,,,,,
2020-03-17,47029,47029,,,,,,,,,,,,,,,,,,
2020-03-17,47045,47045,,,,,,,,,,,,,,,,,,
2020-03-17,47051,47051,,,,,,,,,,,,,,,,,,
2020-03-17,47059,47059,,,,,,,,,,,,,,,,,,
2020-03-17,47063,47063,,,,,,,,,,,,,,,,,,
2020-03-17,47065,47065,1,0,,,,,,,,,,,,,,,,
2020-03-17,47089,47089,1,0,,,,,,,,,,,,,,,,
2020-03-17,47043,47043,,,,,,,,,,,,,,,,,,
2020-03-18,47155,47155,1,0,,,,,,,,,,,,,,,,
2020-03-18,47125,47125,,,,,,,,,,,,,,,,,,
2020-03-18,47147,47147,1,,,,,,,,,,,,,,,,,
2020-03-18,47149,47149,1,0,,,,,,,,,,,,,,,,
2020-03-18,47157,47157,4,2,,,,,,,,,,,,,,,,
2020-03-18,47109,47109,,,,,,,,,,,,,,,,,,
2020-03-18,47165,47165,2,,,,,,,,,,,,,,,,,
2020-03-18,47167,47167,,,,,,,,,,,,,,,,,,
2020-03-18,47179,47179,,,,,,,,,,,,,,,,,,
2020-03-18,47189,47189,,,,,,,,,,,,,,,,,,
2020-03-18,47187,47187,24,3,,,,,,,,,,,,,,,,
2020-03-18,47163,47163,1,0,,,,,,,,,,,,,,,,
2020-03-18,47119,47119,,,,,,,,,,,,,,,,,,
2020-03-18,47011,47011,,,,,,,,,,,,,,,,,,
2020-03-18,47093,47093,2,0,,,,,,,,,,,,,,,,
2020-03-18,47115,47115,,,,,,,,,,,,,,,,,,
2020-03-18,47001,47001,,,,,,,,,,,,,,,,,,
2020-03-18,47017,47017,,,,,,,,,,,,,,,,,,
2020-03-18,47021,47021,1,,,,,,,,,,,,,,,,,
2020-03-18,47037,47037,58,16,,,,,,,,,,,,,,,,
2020-03-18,47013,47013,1,0,,,,,,,,,,,,,,,,
2020-03-18,47059,47059,,,,,,,,,,,,,,,,,,
2020-03-18,47063,47063,,,,,,,,,,,,,,,,,,
2020-03-18,47065,47065,1,0,,,,,,,,,,,,,,,,
2020-03-18,47085,47085,,,,,,,,,,,,,,,,,,
2020-03-18,47089,47089,1,0,,,,,,,,,,,,,,,,
2020-03-18,47043,47043,,,,,,,,,,,,,,,,,,
2020-03-19,47135,47135,,,,,,,,,,,,,,,,,,
2020-03-19,47115,47115,,,,,,,,,,,,,,,,,,
2020-03-19,47117,47117,,,,,,,,,,,,,,,,,,
2020-03-19,47119,47119,,,,,,,,,,,,,,,,,,
2020-03-19,47125,47125,1,,,,,,,,,,,,,,,,,
2020-03-19,,47OOS,26,,,,,,,,,,,,,,,,,
2020-03-19,47133,47133,,,,,,,,,,,,,,,,,,
2020-03-19,,47PEN,1,0,,,,,,,,,,,,,,,,
2020-03-19,47139,47139,,,,,,,,,,,,,,,,,,
2020-03-19,47167,47167,,,,,,,,,,,,,,,,,,
2020-03-19,47149,47149,1,0,,,,,,,,,,,,,,,,
2020-03-19,47155,47155,1,0,,,,,,,,,,,,,,,,
2020-03-19,47157,47157,4,0,,,,,,,,,,,,,,,,
2020-03-19,47163,47163,1,0,,,,,,,,,,,,,,,,
2020-03-19,47165,47165,3,1,,,,,,,,,,,,,,,,
2020-03-19,47179,47179,,,,,,,,,,,,,,,,,,
2020-03-19,47187,47187,30,6,,,,,,,,,,,,,,,,
2020-03-19,47189,47189,1,,,,,,,,,,,,,,,,,
2020-03-19,47113,47113,,,,,,,,,,,,,,,,,,
2020-03-19,47147,47147,2,1,,,,,,,,,,,,,,,,
2020-03-19,47111,47111,,,,,,,,,,,,,,,,,,
2020-03-19,47103,47103,,,,,,,,,,,,,,,,,,
2020-03-19,47009,47009,,,,,,,,,,,,,,,,,,
2020-03-19,47105,47105,,,,,,,,,,,,,,,,,,
2020-03-19,47013,47013,1,0,,,,,,,,,,,,,,,,
2020-03-19,47017,47017,,,,,,,,,,,,,,,,,,
2020-03-19,47021,47021,1,0,,,,,,,,,,,,,,,,
2020-03-19,47035,47035,1,,,,,,,,,,,,,,,,,
2020-03-19,47037,47037,75,17,,,,,,,,,,,,,,,,
2020-03-19,47045,47045,1,,,,,,,,,,,,,,,,,
2020-03-19,47047,47047,,,,,,,,,,,,,,,,,,
2020-03-19,47053,47053,,,,,,,,,,,,,,,,,,
2020-03-19,47043,47043,,,,,,,,,,,,,,,,,,
2020-03-19,47061,47061,,,,,,,,,,,,,,,,,,
2020-03-19,47065,47065,1,0,,,,,,,,,,,,,,,,
2020-03-19,47079,47079,,,,,,,,,,,,,,,,,,
2020-03-19,47081,47081,,,,,,,,,,,,,,,,,,
2020-03-19,47083,47083,,,,,,,,,,,,,,,,,,
2020-03-19,47089,47089,1,0,,,,,,,,,,,,,,,,
2020-03-19,47093,47093,2,0,,,,,,,,,,,,,,,,
2020-03-19,47099,47099,,,,,,,,,,,,,,,,,,
2020-03-19,47059,47059,,,,,,,,,,,,,,,,,,
2020-03-19,47101,47101,,,,,,,,,,,,,,,,,,
2020-03-20,47147,47147,2,0,,,,,,,,,,,,,,,,
2020-03-20,47141,47141,,,,,,,,,,,,,,,,,,
2020-03-20,,47OOS,40,14,,,,,,,,,,,,,,,,
2020-03-20,47119,47119,1,,,,,,,,,,,,,,,,,
2020-03-20,47125,47125,3,2,,,,,,,,,,,,,,,,
2020-03-20,47109,47109,,,,,,,,,,,,,,,,,,
2020-03-20,47149,47149,1,0,,,,,,,,,,,,,,,,
2020-03-20,47129,47129,,,,,,,,,,,,,,,,,,
2020-03-20,47155,47155,1,0,,,,,,,,,,,,,,,,
2020-03-20,47111,47111,,,,,,,,,,,,,,,,,,
2020-03-20,47163,47163,1,0,,,,,,,,,,,,,,,,
2020-03-20,47165,47165,11,8,,,,,,,,,,,,,,,,
2020-03-20,47167,47167,1,,,,,,,,,,,,,,,,,
2020-03-20,47179,47179,2,,,,,,,,,,,,,,,,,
2020-03-20,47185,47185,,,,,,,,,,,,,,,,,,
2020-03-20,47187,47187,35,5,,,,,,,,,,,,,,,,
2020-03-20,47189,47189,3,2,,,,,,,,,,,,,,,,
2020-03-20,47117,47117,,,,,,,,,,,,,,,,,,
2020-03-20,47157,47157,4,0,,,,,,,,,,,,,,,,
2020-03-20,47115,47115,,,,,,,,,,,,,,,,,,
2020-03-20,47063,47063,1,,,,,,,,,,,,,,,,,
2020-03-20,47035,47035,2,1,,,,,,,,,,,,,,,,
2020-03-20,47009,47009,1,,,,,,,,,,,,,,,,,
2020-03-20,47011,47011,1,,,,,,,,,,,,,,,,,
2020-03-20,47013,47013,1,0,,,,,,,,,,,,,,,,
2020-03-20,47021,47021,2,1,,,,,,,,,,,,,,,,
2020-03-20,47025,47025,,,,,,,,,,,,,,,,,,
2020-03-20,47113,47113,,,,,,,,,,,,,,,,,,
2020-03-20,47037,47037,101,26,,,,,,,,,,,,,,,,
2020-03-20,47043,47043,2,,,,,,,,,,,,,,,,,
2020-03-20,47001,47001,1,,,,,,,,,,,,,,,,,
2020-03-20,47045,47045,1,0,,,,,,,,,,,,,,,,
2020-03-20,47059,47059,1,,,,,,,,,,,,,,,,,
2020-03-20,47061,47061,,,,,,,,,,,,,,,,,,
2020-03-20,47065,47065,5,4,,,,,,,,,,,,,,,,
2020-03-20,47073,47073,,,,,,,,,,,,,,,,,,
2020-03-20,47083,47083,,,,,,,,,,,,,,,,,,
2020-03-20,47089,47089,1,0,,,,,,,,,,,,,,,,
2020-03-20,47093,47093,3,1,,,,,,,,,,,,,,,,
2020-03-20,47051,47051,,,,,,,,,,,,,,,,,,
2020-03-21,47147,47147,2,0,,,,,,,,,,,,,,,,
2020-03-21,47145,47145,1,,,,,,,,,,,,,,,,,
2020-03-21,,47PEN,10,9,,,,,,,,,,,,,,,,
2020-03-21,47121,47121,,,,,,,,,,,,,,,,,,
2020-03-21,47125,47125,3,0,,,,,,,,,,,,,,,,
2020-03-21,47123,47123,3,,,,,,,,,,,,,,,,,
2020-03-21,47149,47149,5,4,,,,,,,,,,,,,,,,
2020-03-21,,47OOS,59,19,,,,,,,,,,,,,,,,
2020-03-21,47151,47151,2,,,,,,,,,,,,,,,,,
2020-03-21,47141,47141,5,,,,,,,,,,,,,,,,,
2020-03-21,47157,47157,40,36,,,,,,,,,,,,,,,,
2020-03-21,47163,47163,1,0,,,,,,,,,,,,,,,,
2020-03-21,47165,47165,11,0,,,,,,,,,,,,,,,,
2020-03-21,47167,47167,2,1,,,,,,,,,,,,,,,,
2020-03-21,47179,47179,2,0,,,,,,,,,,,,,,,,
2020-03-21,47181,47181,,,,,,,,,,,,,,,,,,
2020-03-21,47187,47187,47,12,,,,,,,,,,,,,,,,
2020-03-21,47189,47189,3,0,,,,,,,,,,,,,,,,
2020-03-21,47119,47119,1,0,,,,,,,,,,,,,,,,
2020-03-21,47155,47155,2,1,,,,,,,,,,,,,,,,
2020-03-21,47113,47113,,,,,,,,,,,,,,,,,,
2020-03-21,47105,47105,,,,,,,,,,,,,,,,,,
2020-03-21,47099,47099,,,,,,,,,,,,,,,,,,
2020-03-21,47001,47001,1,0,,,,,,,,,,,,,,,,
2020-03-21,47009,47009,1,0,,,,,,,,,,,,,,,,
2020-03-21,47011,47011,1,0,,,,,,,,,,,,,,,,
2020-03-21,47013,47013,2,1,,,,,,,,,,,,,,,,
2020-03-21,47017,47017,1,,,,,,,,,,,,,,,,,
2020-03-21,47025,47025,,,,,,,,,,,,,,,,,,
2020-03-21,47029,47029,1,,,,,,,,,,,,,,,,,
2020-03-21,47035,47035,2,0,,,,,,,,,,,,,,,,
2020-03-21,47037,47037,140,39,,,,,,,,,,,,,,,,
2020-03-21,47021,47021,2,0,,,,,,,,,,,,,,,,
2020-03-21,47045,47045,2,1,,,,,,,,,,,,,,,,
2020-03-21,47047,47047,1,,,,,,,,,,,,,,,,,
2020-03-21,47051,47051,,,,,,,,,,,,,,,,,,
2020-03-21,47059,47059,1,0,,,,,,,,,,,,,,,,
2020-03-21,47063,47063,2,1,,,,,,,,,,,,,,,,
2020-03-21,47065,47065,7,2,,,,,,,,,,,,,,,,
2020-03-21,47089,47089,1,0,,,,,,,,,,,,,,,,
2020-03-21,47093,47093,4,1,,,,,,,,,,,,,,,,
2020-03-21,47043,47043,3,1,,,,,,,,,,,,,,,,
2020-03-22,47141,47141,6,1,,,,,,,,,,,,,,,,
2020-03-22,47135,47135,1,,,,,,,,,,,,,,,,,
2020-03-22,,47PEN,30,20,,,,,,,,,,,,,,,,
2020-03-22,,47OOS,82,23,,,,,,,,,,,,,,,,
2020-03-22,47119,47119,2,1,,,,,,,,,,,,,,,,
2020-03-22,47123,47123,3,0,,,,,,,,,,,,,,,,
2020-03-22,47107,47107,1,,,,,,,,,,,,,,,,,
2020-03-22,47145,47145,1,0,,,,,,,,,,,,,,,,
2020-03-22,47125,47125,3,0,,,,,,,,,,,,,,,,
2020-03-22,47147,47147,3,1,,,,,,,,,,,,,,,,
2020-03-22,47187,47187,48,1,,,,,,,,,,,,,,,,
2020-03-22,47151,47151,2,0,,,,,,,,,,,,,,,,
2020-03-22,47155,47155,1,-1,,,,,,,,,,,,,,,,
2020-03-22,47157,47157,66,26,,,,,,,,,,,,,,,,
2020-03-22,47163,47163,1,0,,,,,,,,,,,,,,,,
2020-03-22,47165,47165,22,11,,,,,,,,,,,,,,,,
2020-03-22,47167,47167,5,3,,,,,,,,,,,,,,,,
2020-03-22,47169,47169,,,,,,,,,,,,,,,,,,
2020-03-22,47179,47179,2,0,,,,,,,,,,,,,,,,
2020-03-22,47115,47115,1,,,,,,,,,,,,,,,,,
2020-03-22,47189,47189,2,-1,,,,,,,,,,,,,,,,
2020-03-22,47149,47149,8,3,,,,,,,,,,,,,,,,
2020-03-22,47113,47113,,,,,,,,,,,,,,,,,,
2020-03-22,47083,47083,1,,,,,,,,,,,,,,,,,
2020-03-22,47093,47093,5,1,,,,,,,,,,,,,,,,
2020-03-22,47001,47001,1,0,,,,,,,,,,,,,,,,
2020-03-22,47009,47009,1,0,,,,,,,,,,,,,,,,
2020-03-22,47011,47011,2,1,,,,,,,,,,,,,,,,
2020-03-22,47013,47013,2,0,,,,,,,,,,,,,,,,
2020-03-22,47017,47017,2,1,,,,,,,,,,,,,,,,
2020-03-22,47105,47105,1,,,,,,,,,,,,,,,,,
2020-03-22,47023,47023,1,,,,,,,,,,,,,,,,,
2020-03-22,47029,47029,1,0,,,,,,,,,,,,,,,,
2020-03-22,47035,47035,2,0,,,,,,,,,,,,,,,,
2020-03-22,47037,47037,167,27,,,,,,,,,,,,,,,,
2020-03-22,47043,47043,4,1,,,,,,,,,,,,,,,,
2020-03-22,47021,47021,4,2,,,,,,,,,,,,,,,,
2020-03-22,47047,47047,3,2,,,,,,,,,,,,,,,,
2020-03-22,47051,47051,1,,,,,,,,,,,,,,,,,
2020-03-22,47053,47053,1,,,,,,,,,,,,,,,,,
2020-03-22,47059,47059,2,1,,,,,,,,,,,,,,,,
2020-03-22,47063,47063,2,0,,,,,,,,,,,,,,,,
2020-03-22,47065,47065,8,1,,,,,,,,,,,,,,,,
2020-03-22,47077,47077,,,,,,,,,,,,,,,,,,
2020-03-22,47085,47085,,,,,,,,,,,,,,,,,,
2020-03-22,47089,47089,2,1,,,,,,,,,,,,,,,,
2020-03-22,47045,47045,2,0,,,,,,,,,,,,,,,,
2020-03-23,47141,47141,6,0,,,,,,,,,,,,,,,,
2020-03-23,47135,47135,2,1,,,,,,,,,,,,,,,,
2020-03-23,,47PEN,54,24,,,,,,,,,,,,,,,,
2020-03-23,,47OOS,89,7,,,,,,,,,,,,,,,,
2020-03-23,47125,47125,3,0,,,,,,,,,,,,,,,,
2020-03-23,47113,47113,,,,,,,,,,,,,,,,,,
2020-03-23,47107,47107,2,1,,,,,,,,,,,,,,,,
2020-03-23,47119,47119,6,4,,,,,,,,,,,,,,,,
2020-03-23,47115,47115,1,0,,,,,,,,,,,,,,,,
2020-03-23,47111,47111,,,,,,,,,,,,,,,,,,
2020-03-23,47145,47145,1,0,,,,,,,,,,,,,,,,
2020-03-23,47123,47123,2,-1,,,,,,,,,,,,,,,,
2020-03-23,47147,47147,6,3,,,,,,,,,,,,,,,,
2020-03-23,47105,47105,1,0,,,,,,,,,,,,,,,,
2020-03-23,47151,47151,1,-1,,,,,,,,,,,,,,,,
2020-03-23,47155,47155,1,0,,,,,,,,,,,,,,,,
2020-03-23,47157,47157,93,27,,,,,,,,,,,,,,,,
2020-03-23,47163,47163,2,1,,,,,,,,,,,,,,,,
2020-03-23,47165,47165,34,12,,,,,,,,,,,,,,,,
2020-03-23,47167,47167,6,1,,,,,,,,,,,,,,,,
2020-03-23,47169,47169,,,,,,,,,,,,,,,,,,
2020-03-23,47171,47171,,,,,,,,,,,,,,,,,,
2020-03-23,47179,47179,6,4,,,,,,,,,,,,,,,,
2020-03-23,47183,47183,1,,,,,,,,,,,,,,,,,
2020-03-23,47185,47185,,,,,,,,,,,,,,,,,,
2020-03-23,47187,47187,53,5,,,,,,,,,,,,,,,,
2020-03-23,47189,47189,6,4,,,,,,,,,,,,,,,,
2020-03-23,47149,47149,9,1,,,,,,,,,,,,,,,,
2020-03-23,47103,47103,1,,,,,,,,,,,,,,,,,
2020-03-23,47023,47023,1,0,,,,,,,,,,,,,,,,
2020-03-23,47089,47089,3,1,,,,,,,,,,,,,,,,
2020-03-23,47003,47003,,,,,,,,,,,,,,,,,,
2020-03-23,47007,47007,,,,,,,,,,,,,,,,,,
2020-03-23,47009,47009,2,1,,,,,,,,,,,,,,,,
2020-03-23,47011,47011,1,-1,,,,,,,,,,,,,,,,
2020-03-23,47013,47013,2,0,,,,,,,,,,,,,,,,
2020-03-23,47015,47015,,,,,,,,,,,,,,,,,,
2020-03-23,47017,47017,2,0,,,,,,,,,,,,,,,,
2020-03-23,47021,47021,4,0,,,,,,,,,,,,,,,,
2020-03-23,47093,47093,12,7,,,,,,,,,,,,,,,,
2020-03-23,47025,47025,1,,,,,,,,,,,,,,,,,
2020-03-23,47029,47029,1,0,,,,,,,,,,,,,,,,
2020-03-23,47031,47031,,,,,,,,,,,,,,,,,,
2020-03-23,47035,47035,2,0,,,,,,,,,,,,,,,,
2020-03-23,47001,47001,1,0,,,,,,,,,,,,,,,,
2020-03-23,47041,47041,1,,,,,,,,,,,,,,,,,
2020-03-23,47083,47083,1,0,,,,,,,,,,,,,,,,
2020-03-23,47071,47071,1,,,,,,,,,,,,,,,,,
2020-03-23,47069,47069,,,,,,,,,,,,,,,,,,
2020-03-23,47037,47037,164,-3,,,,,,,,,,,,,,,,
2020-03-23,47063,47063,3,1,,,,,,,,,,,,,,,,
2020-03-23,47061,47061,,,,,,,,,,,,,,,,,,
2020-03-23,47065,47065,12,4,,,,,,,,,,,,,,,,
2020-03-23,47053,47053,1,0,,,,,,,,,,,,,,,,
2020-03-23,47051,47051,1,0,,,,,,,,,,,,,,,,
2020-03-23,47047,47047,2,-1,,,,,,,,,,,,,,,,
2020-03-23,47045,47045,2,0,,,,,,,,,,,,,,,,
2020-03-23,47043,47043,5,1,,,,,,,,,,,,,,,,
2020-03-23,47059,47059,4,2,,,,,,,,,,,,,,,,
2020-03-24,,47PEN,38,-16,,,,,,,,,,,,,,,,
2020-03-24,47133,47133,1,,,,,,,,,,,,,,,,,
2020-03-24,,47OOS,95,6,,,,,,,,,,,,,,,,
2020-03-24,47125,47125,6,3,,,,,,,,,,,,,,,,
2020-03-24,47123,47123,2,0,,,,,,,,,,,,,,,,
2020-03-24,47103,47103,1,0,,,,,,,,,,,,,,,,
2020-03-24,47119,47119,6,0,,,,,,,,,,,,,,,,
2020-03-24,47115,47115,1,0,,,,,,,,,,,,,,,,
2020-03-24,47113,47113,1,,,,,,,,,,,,,,,,,
2020-03-24,47105,47105,2,1,,,,,,,,,,,,,,,,
2020-03-24,47135,47135,1,-1,,,,,,,,,,,,,,,,
2020-03-24,47107,47107,2,0,,,,,,,,,,,,,,,,
2020-03-24,47141,47141,8,2,,,,,,,,,,,,,,,,
2020-03-24,47163,47163,2,0,,,,,,,,,,,,,,,,
2020-03-24,47147,47147,12,6,,,,,,,,,,,,,,,,
2020-03-24,47149,47149,13,4,,,,,,,,,,,,,,,,
2020-03-24,47151,47151,1,0,,,,,,,,,,,,,,,,
2020-03-24,47155,47155,2,1,,,,,,,,,,,,,,,,
2020-03-24,47157,47157,99,6,,,,,,,,,,,,,,,,
2020-03-24,47165,47165,34,0,,,,,,,,,,,,,,,,
2020-03-24,47167,47167,6,0,,,,,,,,,,,,,,,,
2020-03-24,47177,47177,,,,,,,,,,,,,,,,,,
2020-03-24,47179,47179,7,1,,,,,,,,,,,,,,,,
2020-03-24,47187,47187,64,11,,,,,,,,,,,,,,,,
2020-03-24,47189,47189,7,1,,,,,,,,,,,,,,,,
2020-03-24,47101,47101,,,,,,,,,,,,,,,,,,
2020-03-24,47145,47145,1,0,,,,,,,,,,,,,,,,
2020-03-24,47093,47093,15,3,,,,,,,,,,,,,,,,
2020-03-24,47099,47099,,,,,,,,,,,,,,,,,,
2020-03-24,47083,47083,1,0,,,,,,,,,,,,,,,,
2020-03-24,47089,47089,4,1,,,,,,,,,,,,,,,,
2020-03-24,47001,47001,1,0,,,,,,,,,,,,,,,,
2020-03-24,47005,47005,,,,,,,,,,,,,,,,,,
2020-03-24,47009,47009,3,1,,,,,,,,,,,,,,,,
2020-03-24,47011,47011,2,1,,,,,,,,,,,,,,,,
2020-03-24,47013,47013,2,0,,,,,,,,,,,,,,,,
2020-03-24,47017,47017,3,1,,,,,,,,,,,,,,,,
2020-03-24,47019,47019,,,,,,,,,,,,,,,,,,
2020-03-24,47023,47023,1,0,,,,,,,,,,,,,,,,
2020-03-24,47025,47025,1,0,,,,,,,,,,,,,,,,
2020-03-24,47029,47029,1,0,,,,,,,,,,,,,,,,
2020-03-24,47035,47035,3,1,,,,,,,,,,,,,,,,
2020-03-24,47037,47037,183,19,,,,,,,,,,,,,,,,
2020-03-24,47041,47041,1,0,,,,,,,,,,,,,,,,
2020-03-24,47021,47021,5,1,,,,,,,,,,,,,,,,
2020-03-24,47045,47045,2,0,,,,,,,,,,,,,,,,
2020-03-24,47043,47043,5,0,,,,,,,,,,,,,,,,
2020-03-24,47079,47079,,,,,,,,,,,,,,,,,,
2020-03-24,47075,47075,,,,,,,,,,,,,,,,,,
2020-03-24,47073,47073,,,,,,,,,,,,,,,,,,
2020-03-24,47065,47065,8,-4,,,,,,,,,,,,,,,,
2020-03-24,47063,47063,2,-1,,,,,,,,,,,,,,,,
2020-03-24,47071,47071,1,0,,,,,,,,,,,,,,,,
2020-03-24,47059,47059,5,1,,,,,,,,,,,,,,,,
2020-03-24,47053,47053,2,1,,,,,,,,,,,,,,,,
2020-03-24,47051,47051,1,0,,,,,,,,,,,,,,,,
2020-03-24,47047,47047,2,0,,,,,,,,,,,,,,,,
2020-03-24,47061,47061,1,,,,,,,,,,,,,,,,,
2020-03-25,47135,47135,1,0,,,,,,,,,,,,,,,,
2020-03-25,47129,47129,,,,,,,,,,,,,,,,,,
2020-03-25,,47PEN,81,43,,,,,,,,,,,,,,,,
2020-03-25,47133,47133,1,0,,,,,,,,,,,,,,,,
2020-03-25,,47OOS,100,5,,,,,,,,,,,,,,,,
2020-03-25,47125,47125,6,0,,,,,,,,,,,,,,,,
2020-03-25,47105,47105,3,1,,,,,,,,,,,,,,,,
2020-03-25,47107,47107,2,0,,,,,,,,,,,,,,,,
2020-03-25,47119,47119,7,1,,,,,,,,,,,,,,,,
2020-03-25,47115,47115,1,0,,,,,,,,,,,,,,,,
2020-03-25,47113,47113,2,1,,,,,,,,,,,,,,,,
2020-03-25,47103,47103,1,0,,,,,,,,,,,,,,,,
2020-03-25,47141,47141,9,1,,,,,,,,,,,,,,,,
2020-03-25,47123,47123,2,0,,,,,,,,,,,,,,,,
2020-03-25,47145,47145,1,0,,,,,,,,,,,,,,,,
2020-03-25,47187,47187,66,2,,,,,,,,,,,,,,,,
2020-03-25,47149,47149,19,6,,,,,,,,,,,,,,,,
2020-03-25,47151,47151,1,0,,,,,,,,,,,,,,,,
2020-03-25,47155,47155,2,0,,,,,,,,,,,,,,,,
2020-03-25,47157,47157,117,18,,,,,,,,,,,,,,,,
2020-03-25,47159,47159,,,,,,,,,,,,,,,,,,
2020-03-25,47163,47163,2,0,,,,,,,,,,,,,,,,
2020-03-25,47165,47165,36,2,,,,,,,,,,,,,,,,
2020-03-25,47167,47167,6,0,,,,,,,,,,,,,,,,
2020-03-25,47177,47177,,,,,,,,,,,,,,,,,,
2020-03-25,47179,47179,7,0,,,,,,,,,,,,,,,,
2020-03-25,47183,47183,,,,,,,,,,,,,,,,,,
2020-03-25,47185,47185,1,,,,,,,,,,,,,,,,,
2020-03-25,47189,47189,10,3,,,,,,,,,,,,,,,,
2020-03-25,47101,47101,1,,,,,,,,,,,,,,,,,
2020-03-25,47147,47147,15,3,,,,,,,,,,,,,,,,
2020-03-25,47093,47093,20,5,,,,,,,,,,,,,,,,
2020-03-25,47013,47013,2,0,,,,,,,,,,,,,,,,
2020-03-25,47089,47089,4,0,,,,,,,,,,,,,,,,
2020-03-25,47091,47091,,,,,,,,,,,,,,,,,,
2020-03-25,47001,47001,3,2,,,,,,,,,,,,,,,,
2020-03-25,47003,47003,1,,,,,,,,,,,,,,,,,
2020-03-25,47005,47005,,,,,,,,,,,,,,,,,,
2020-03-25,47009,47009,3,0,,,,,,,,,,,,,,,,
2020-03-25,47011,47011,3,1,,,,,,,,,,,,,,,,
2020-03-25,47017,47017,3,0,,,,,,,,,,,,,,,,
2020-03-25,47019,47019,,,,,,,,,,,,,,,,,,
2020-03-25,47023,47023,1,0,,,,,,,,,,,,,,,,
2020-03-25,47025,47025,1,0,,,,,,,,,,,,,,,,
2020-03-25,47029,47029,1,0,,,,,,,,,,,,,,,,
2020-03-25,47035,47035,3,0,,,,,,,,,,,,,,,,
2020-03-25,47037,47037,188,5,,,,,,,,,,,,,,,,
2020-03-25,47039,47039,,,,,,,,,,,,,,,,,,
2020-03-25,47041,47041,1,0,,,,,,,,,,,,,,,,
2020-03-25,47021,47021,7,2,,,,,,,,,,,,,,,,
2020-03-25,47045,47045,2,0,,,,,,,,,,,,,,,,
2020-03-25,47083,47083,3,2,,,,,,,,,,,,,,,,
2020-03-25,47043,47043,5,0,,,,,,,,,,,,,,,,
2020-03-25,47073,47073,1,,,,,,,,,,,,,,,,,
2020-03-25,47071,47071,1,0,,,,,,,,,,,,,,,,
2020-03-25,47069,47069,,,,,,,,,,,,,,,,,,
2020-03-25,47065,47065,15,7,,,,,,,,,,,,,,,,
2020-03-25,47063,47063,2,0,,,,,,,,,,,,,,,,
2020-03-25,47079,47079,,,,,,,,,,,,,,,,,,
2020-03-25,47059,47059,7,2,,,,,,,,,,,,,,,,
2020-03-25,47057,47057,,,,,,,,,,,,,,,,,,
2020-03-25,47053,47053,2,0,,,,,,,,,,,,,,,,
2020-03-25,47051,47051,1,0,,,,,,,,,,,,,,,,
2020-03-25,47047,47047,3,1,,,,,,,,,,,,,,,,
2020-03-25,47061,47061,1,0,,,,,,,,,,,,,,,,
2020-03-26,47111,47111,1,,,,,,,,,,,,,,,,,
2020-03-26,,47PEN,112,31,,,,,,,,,,,,,,,,
2020-03-26,47133,47133,1,0,,,,,,,,,,,,,,,,
2020-03-26,,47OOS,117,17,,,,,,,,,,,,,,,,
2020-03-26,47131,47131,,,,,,,,,,,,,,,,,,
2020-03-26,47125,47125,6,0,,,,,,,,,,,,,,,,
2020-03-26,47123,47123,2,0,,,,,,,,,,,,,,,,
2020-03-26,47119,47119,7,0,,,,,,,,,,,,,,,,
2020-03-26,47107,47107,3,1,,,,,,,,,,,,,,,,
2020-03-26,47117,47117,,,,,,,,,,,,,,,,,,
2020-03-26,47115,47115,2,1,,,,,,,,,,,,,,,,
2020-03-26,47113,47113,2,0,,,,,,,,,,,,,,,,
2020-03-26,47135,47135,1,0,,,,,,,,,,,,,,,,
2020-03-26,47121,47121,1,,,,,,,,,,,,,,,,,
2020-03-26,47141,47141,11,2,,,,,,,,,,,,,,,,
2020-03-26,47187,47187,70,4,,,,,,,,,,,,,,,,
2020-03-26,47147,47147,20,5,,,,,,,,,,,,,,,,
2020-03-26,47105,47105,6,3,,,,,,,,,,,,,,,,
2020-03-26,47185,47185,1,0,,,,,,,,,,,,,,,,
2020-03-26,47179,47179,9,2,,,,,,,,,,,,,,,,
2020-03-26,47177,47177,,,,,,,,,,,,,,,,,,
2020-03-26,47173,47173,,,,,,,,,,,,,,,,,,
2020-03-26,47171,47171,1,,,,,,,,,,,,,,,,,
2020-03-26,47145,47145,1,0,,,,,,,,,,,,,,,,
2020-03-26,47167,47167,8,2,,,,,,,,,,,,,,,,
2020-03-26,47165,47165,43,7,,,,,,,,,,,,,,,,
2020-03-26,47163,47163,4,2,,,,,,,,,,,,,,,,
2020-03-26,47157,47157,147,30,,,,,,,,,,,,,,,,
2020-03-26,47155,47155,3,1,,,,,,,,,,,,,,,,
2020-03-26,47151,47151,1,0,,,,,,,,,,,,,,,,
2020-03-26,47149,47149,27,8,,,,,,,,,,,,,,,,
2020-03-26,47189,47189,13,3,,,,,,,,,,,,,,,,
2020-03-26,47103,47103,1,0,,,,,,,,,,,,,,,,
2020-03-26,47017,47017,3,0,,,,,,,,,,,,,,,,
2020-03-26,47099,47099,,,,,,,,,,,,,,,,,,
2020-03-26,47101,47101,2,1,,,,,,,,,,,,,,,,
2020-03-26,47001,47001,3,0,,,,,,,,,,,,,,,,
2020-03-26,47003,47003,1,0,,,,,,,,,,,,,,,,
2020-03-26,47005,47005,1,,,,,,,,,,,,,,,,,
2020-03-26,47009,47009,4,1,,,,,,,,,,,,,,,,
2020-03-26,47011,47011,5,2,,,,,,,,,,,,,,,,
2020-03-26,47013,47013,2,0,,,,,,,,,,,,,,,,
2020-03-26,47015,47015,1,,,,,,,,,,,,,,,,,
2020-03-26,47021,47021,7,0,,,,,,,,,,,,,,,,
2020-03-26,47023,47023,2,1,,,,,,,,,,,,,,,,
2020-03-26,47025,47025,2,1,,,,,,,,,,,,,,,,
2020-03-26,47029,47029,1,0,,,,,,,,,,,,,,,,
2020-03-26,47035,47035,6,3,,,,,,,,,,,,,,,,
2020-03-26,47037,47037,203,15,,,,,,,,,,,,,,,,
2020-03-26,47041,47041,2,1,,,,,,,,,,,,,,,,
2020-03-26,47019,47019,,,,,,,,,,,,,,,,,,
2020-03-26,47045,47045,3,1,,,,,,,,,,,,,,,,
2020-03-26,47043,47043,7,2,,,,,,,,,,,,,,,,
2020-03-26,47089,47089,4,0,,,,,,,,,,,,,,,,
2020-03-26,47083,47083,2,-1,,,,,,,,,,,,,,,,
2020-03-26,47075,47075,,,,,,,,,,,,,,,,,,
2020-03-26,47073,47073,1,0,,,,,,,,,,,,,,,,
2020-03-26,47071,47071,1,0,,,,,,,,,,,,,,,,
2020-03-26,47065,47065,28,13,,,,,,,,,,,,,,,,
2020-03-26,47093,47093,26,6,,,,,,,,,,,,,,,,
2020-03-26,47061,47061,1,0,,,,,,,,,,,,,,,,
2020-03-26,47059,47059,8,1,,,,,,,,,,,,,,,,
2020-03-26,47053,47053,2,0,,,,,,,,,,,,,,,,
2020-03-26,47051,47051,3,2,,,,,,,,,,,,,,,,
2020-03-26,47047,47047,3,0,,,,,,,,,,,,,,,,
2020-03-26,47063,47063,2,0,,,,,,,,,,,,,,,,
2020-03-27,,47PEN,172,60,,,,,,,,,,,,,,,,
2020-03-27,47133,47133,1,0,,,,,,,,,,,,,,,,
2020-03-27,,47OOS,141,24,,,,,,,,,,,,,,,,
2020-03-27,47125,47125,9,3,,,,,,,,,,,,,,,,
2020-03-27,47123,47123,2,0,,,,,,,,,,,,,,,,
2020-03-27,47121,47121,1,0,,,,,,,,,,,,,,,,
2020-03-27,47107,47107,3,0,,,,,,,,,,,,,,,,
2020-03-27,47113,47113,3,1,,,,,,,,,,,,,,,,
2020-03-27,47115,47115,2,0,,,,,,,,,,,,,,,,
2020-03-27,47111,47111,1,0,,,,,,,,,,,,,,,,
2020-03-27,47105,47105,6,0,,,,,,,,,,,,,,,,
2020-03-27,47103,47103,1,0,,,,,,,,,,,,,,,,
2020-03-27,47101,47101,2,0,,,,,,,,,,,,,,,,
2020-03-27,47119,47119,7,0,,,,,,,,,,,,,,,,
2020-03-27,47135,47135,2,1,,,,,,,,,,,,,,,,
2020-03-27,47189,47189,20,7,,,,,,,,,,,,,,,,
2020-03-27,47145,47145,1,0,,,,,,,,,,,,,,,,
2020-03-27,47147,47147,22,2,,,,,,,,,,,,,,,,
2020-03-27,47149,47149,39,12,,,,,,,,,,,,,,,,
2020-03-27,47151,47151,2,1,,,,,,,,,,,,,,,,
2020-03-27,47155,47155,6,3,,,,,,,,,,,,,,,,
2020-03-27,47157,47157,201,54,,,,,,,,,,,,,,,,
2020-03-27,47159,47159,1,,,,,,,,,,,,,,,,,
2020-03-27,47163,47163,6,2,,,,,,,,,,,,,,,,
2020-03-27,47165,47165,58,15,,,,,,,,,,,,,,,,
2020-03-27,47167,47167,10,2,,,,,,,,,,,,,,,,
2020-03-27,47171,47171,1,0,,,,,,,,,,,,,,,,
2020-03-27,47179,47179,10,1,,,,,,,,,,,,,,,,
2020-03-27,47185,47185,1,0,,,,,,,,,,,,,,,,
2020-03-27,47187,47187,91,21,,,,,,,,,,,,,,,,
2020-03-27,47141,47141,13,2,,,,,,,,,,,,,,,,
2020-03-27,47091,47091,,,,,,,,,,,,,,,,,,
2020-03-27,47093,47093,31,5,,,,,,,,,,,,,,,,
2020-03-27,47085,47085,,,,,,,,,,,,,,,,,,
2020-03-27,47089,47089,5,1,,,,,,,,,,,,,,,,
2020-03-27,47001,47001,4,1,,,,,,,,,,,,,,,,
2020-03-27,47003,47003,1,0,,,,,,,,,,,,,,,,
2020-03-27,47005,47005,2,1,,,,,,,,,,,,,,,,
2020-03-27,47009,47009,6,2,,,,,,,,,,,,,,,,
2020-03-27,47011,47011,6,1,,,,,,,,,,,,,,,,
2020-03-27,47013,47013,4,2,,,,,,,,,,,,,,,,
2020-03-27,47015,47015,2,1,,,,,,,,,,,,,,,,
2020-03-27,47021,47021,7,0,,,,,,,,,,,,,,,,
2020-03-27,47023,47023,2,0,,,,,,,,,,,,,,,,
2020-03-27,47025,47025,2,0,,,,,,,,,,,,,,,,
2020-03-27,47027,47027,,,,,,,,,,,,,,,,,,
2020-03-27,47029,47029,1,0,,,,,,,,,,,,,,,,
2020-03-27,47035,47035,6,0,,,,,,,,,,,,,,,,
2020-03-27,47037,47037,216,13,,,,,,,,,,,,,,,,
2020-03-27,47017,47017,4,1,,,,,,,,,,,,,,,,
2020-03-27,47043,47043,9,2,,,,,,,,,,,,,,,,
2020-03-27,47083,47083,2,0,,,,,,,,,,,,,,,,
2020-03-27,47041,47041,3,1,,,,,,,,,,,,,,,,
2020-03-27,47075,47075,,,,,,,,,,,,,,,,,,
2020-03-27,47073,47073,2,1,,,,,,,,,,,,,,,,
2020-03-27,47071,47071,1,0,,,,,,,,,,,,,,,,
2020-03-27,47065,47065,30,2,,,,,,,,,,,,,,,,
2020-03-27,47063,47063,2,0,,,,,,,,,,,,,,,,
2020-03-27,47069,47069,,,,,,,,,,,,,,,,,,
2020-03-27,47059,47059,8,0,,,,,,,,,,,,,,,,
2020-03-27,47053,47053,2,0,,,,,,,,,,,,,,,,
2020-03-27,47051,47051,3,0,,,,,,,,,,,,,,,,
2020-03-27,47049,47049,,,,,,,,,,,,,,,,,,
2020-03-27,47047,47047,3,0,,,,,,,,,,,,,,,,
2020-03-27,47045,47045,3,0,,,,,,,,,,,,,,,,
2020-03-27,47061,47061,1,0,,,,,,,,,,,,,,,,
2020-03-28,47135,47135,2,0,,,,,,,,,,,,,,,,
2020-03-28,47125,47125,11,2,,,,,,,,,,,,,,,,
2020-03-28,,47PEN,162,-10,,,,,,,,,,,,,,,,
2020-03-28,47133,47133,2,1,,,,,,,,,,,,,,,,
2020-03-28,,47OOS,148,7,,,,,,,,,,,,,,,,
2020-03-28,47129,47129,1,,,,,,,,,,,,,,,,,
2020-03-28,47123,47123,3,1,,,,,,,,,,,,,,,,
2020-03-28,47105,47105,6,0,,,,,,,,,,,,,,,,
2020-03-28,47107,47107,3,0,,,,,,,,,,,,,,,,
2020-03-28,47119,47119,8,1,,,,,,,,,,,,,,,,
2020-03-28,47115,47115,4,2,,,,,,,,,,,,,,,,
2020-03-28,47113,47113,3,0,,,,,,,,,,,,,,,,
2020-03-28,47111,47111,2,1,,,,,,,,,,,,,,,,
2020-03-28,47103,47103,1,0,,,,,,,,,,,,,,,,
2020-03-28,47141,47141,17,4,,,,,,,,,,,,,,,,
2020-03-28,47121,47121,1,0,,,,,,,,,,,,,,,,
2020-03-28,47145,47145,1,0,,,,,,,,,,,,,,,,
2020-03-28,47187,47187,95,4,,,,,,,,,,,,,,,,
2020-03-28,47149,47149,46,7,,,,,,,,,,,,,,,,
2020-03-28,47101,47101,2,0,,,,,,,,,,,,,,,,
2020-03-28,47189,47189,20,0,,,,,,,,,,,,,,,,
2020-03-28,47185,47185,1,0,,,,,,,,,,,,,,,,
2020-03-28,47183,47183,1,,,,,,,,,,,,,,,,,
2020-03-28,47179,47179,14,4,,,,,,,,,,,,,,,,
2020-03-28,47173,47173,1,,,,,,,,,,,,,,,,,
2020-03-28,47171,47171,1,0,,,,,,,,,,,,,,,,
2020-03-28,47169,47169,1,,,,,,,,,,,,,,,,,
2020-03-28,47167,47167,11,1,,,,,,,,,,,,,,,,
2020-03-28,47165,47165,82,24,,,,,,,,,,,,,,,,
2020-03-28,47163,47163,6,0,,,,,,,,,,,,,,,,
2020-03-28,47159,47159,1,0,,,,,,,,,,,,,,,,
2020-03-28,47157,47157,269,68,,,,,,,,,,,,,,,,
2020-03-28,47155,47155,6,0,,,,,,,,,,,,,,,,
2020-03-28,47151,47151,2,0,,,,,,,,,,,,,,,,
2020-03-28,47147,47147,23,1,,,,,,,,,,,,,,,,
2020-03-28,47099,47099,,,,,,,,,,,,,,,,,,
2020-03-28,47021,47021,7,0,,,,,,,,,,,,,,,,
2020-03-28,47093,47093,33,2,,,,,,,,,,,,,,,,
2020-03-28,47035,47035,6,0,,,,,,,,,,,,,,,,
2020-03-28,47031,47031,,,,,,,,,,,,,,,,,,
2020-03-28,47029,47029,1,0,,,,,,,,,,,,,,,,
2020-03-28,47025,47025,2,0,,,,,,,,,,,,,,,,
2020-03-28,47023,47023,2,0,,,,,,,,,,,,,,,,
2020-03-28,47097,47097,,,,,,,,,,,,,,,,,,
2020-03-28,47019,47019,1,,,,,,,,,,,,,,,,,
2020-03-28,47017,47017,4,0,,,,,,,,,,,,,,,,
2020-03-28,47015,47015,3,1,,,,,,,,,,,,,,,,
2020-03-28,47013,47013,4,0,,,,,,,,,,,,,,,,
2020-03-28,47011,47011,5,-1,,,,,,,,,,,,,,,,
2020-03-28,47009,47009,9,3,,,,,,,,,,,,,,,,
2020-03-28,47007,47007,2,,,,,,,,,,,,,,,,,
2020-03-28,47005,47005,3,1,,,,,,,,,,,,,,,,
2020-03-28,47003,47003,1,0,,,,,,,,,,,,,,,,
2020-03-28,47037,47037,243,27,,,,,,,,,,,,,,,,
2020-03-28,47041,47041,3,0,,,,,,,,,,,,,,,,
2020-03-28,47001,47001,5,1,,,,,,,,,,,,,,,,
2020-03-28,47045,47045,3,0,,,,,,,,,,,,,,,,
2020-03-28,47043,47043,11,2,,,,,,,,,,,,,,,,
2020-03-28,47091,47091,1,,,,,,,,,,,,,,,,,
2020-03-28,47089,47089,5,0,,,,,,,,,,,,,,,,
2020-03-28,47083,47083,2,0,,,,,,,,,,,,,,,,
2020-03-28,47075,47075,,,,,,,,,,,,,,,,,,
2020-03-28,47071,47071,1,0,,,,,,,,,,,,,,,,
2020-03-28,47069,47069,1,,,,,,,,,,,,,,,,,
2020-03-28,47073,47073,2,0,,,,,,,,,,,,,,,,
2020-03-28,47063,47063,2,0,,,,,,,,,,,,,,,,
2020-03-28,47061,47061,2,1,,,,,,,,,,,,,,,,
2020-03-28,47059,47059,8,0,,,,,,,,,,,,,,,,
2020-03-28,47055,47055,,,,,,,,,,,,,,,,,,
2020-03-28,47053,47053,2,0,,,,,,,,,,,,,,,,
2020-03-28,47051,47051,3,0,,,,,,,,,,,,,,,,
2020-03-28,47047,47047,4,1,,,,,,,,,,,,,,,,
2020-03-28,47065,47065,35,5,,,,,,,,,,,,,,,,
2020-03-29,47129,47129,1,0,,,,,,,,,,,,,,,,
2020-03-29,47135,47135,2,0,,,,,,,,,,,,,,,,
2020-03-29,,47PEN,191,29,,,,,,,,,,,,,,,,
2020-03-29,47133,47133,2,0,,,,,,,,,,,,,,,,
2020-03-29,,47OOS,150,2,,,,,,,,,,,,,,,,
2020-03-29,47131,47131,1,,,,,,,,,,,,,,,,,
2020-03-29,47125,47125,13,2,,,,,,,,,,,,,,,,
2020-03-29,47105,47105,8,2,,,,,,,,,,,,,,,,
2020-03-29,47121,47121,1,0,,,,,,,,,,,,,,,,
2020-03-29,47109,47109,1,,,,,,,,,,,,,,,,,
2020-03-29,47107,47107,3,0,,,,,,,,,,,,,,,,
2020-03-29,47119,47119,8,0,,,,,,,,,,,,,,,,
2020-03-29,47115,47115,5,1,,,,,,,,,,,,,,,,
2020-03-29,47113,47113,3,0,,,,,,,,,,,,,,,,
2020-03-29,47141,47141,17,0,,,,,,,,,,,,,,,,
2020-03-29,47123,47123,3,0,,,,,,,,,,,,,,,,
2020-03-29,47145,47145,2,1,,,,,,,,,,,,,,,,
2020-03-29,47165,47165,93,11,,,,,,,,,,,,,,,,
2020-03-29,47149,47149,48,2,,,,,,,,,,,,,,,,
2020-03-29,47103,47103,1,0,,,,,,,,,,,,,,,,
2020-03-29,47189,47189,27,7,,,,,,,,,,,,,,,,
2020-03-29,47187,47187,101,6,,,,,,,,,,,,,,,,
2020-03-29,47185,47185,1,0,,,,,,,,,,,,,,,,
2020-03-29,47183,47183,1,0,,,,,,,,,,,,,,,,
2020-03-29,47179,47179,14,0,,,,,,,,,,,,,,,,
2020-03-29,47173,47173,1,0,,,,,,,,,,,,,,,,
2020-03-29,47171,47171,1,0,,,,,,,,,,,,,,,,
2020-03-29,47169,47169,1,0,,,,,,,,,,,,,,,,
2020-03-29,47167,47167,15,4,,,,,,,,,,,,,,,,
2020-03-29,47163,47163,8,2,,,,,,,,,,,,,,,,
2020-03-29,47159,47159,1,0,,,,,,,,,,,,,,,,
2020-03-29,47157,47157,313,44,,,,,,,,,,,,,,,,
2020-03-29,47155,47155,6,0,,,,,,,,,,,,,,,,
2020-03-29,47151,47151,2,0,,,,,,,,,,,,,,,,
2020-03-29,47147,47147,25,2,,,,,,,,,,,,,,,,
2020-03-29,47101,47101,2,0,,,,,,,,,,,,,,,,
2020-03-29,47111,47111,3,1,,,,,,,,,,,,,,,,
2020-03-29,47091,47091,2,1,,,,,,,,,,,,,,,,
2020-03-29,47031,47031,1,,,,,,,,,,,,,,,,,
2020-03-29,47029,47029,1,0,,,,,,,,,,,,,,,,
2020-03-29,47025,47025,2,0,,,,,,,,,,,,,,,,
2020-03-29,47023,47023,2,0,,,,,,,,,,,,,,,,
2020-03-29,47021,47021,8,1,,,,,,,,,,,,,,,,
2020-03-29,47019,47019,1,0,,,,,,,,,,,,,,,,
2020-03-29,47015,47015,2,-1,,,,,,,,,,,,,,,,
2020-03-29,47013,47013,4,0,,,,,,,,,,,,,,,,
2020-03-29,47011,47011,8,3,,,,,,,,,,,,,,,,
2020-03-29,47009,47009,9,0,,,,,,,,,,,,,,,,
2020-03-29,47007,47007,2,0,,,,,,,,,,,,,,,,
2020-03-29,47005,47005,3,0,,,,,,,,,,,,,,,,
2020-03-29,47003,47003,1,0,,,,,,,,,,,,,,,,
2020-03-29,47001,47001,6,1,,,,,,,,,,,,,,,,
2020-03-29,47093,47093,38,5,,,,,,,,,,,,,,,,
2020-03-29,47035,47035,9,3,,,,,,,,,,,,,,,,
2020-03-29,47037,47037,260,17,,,,,,,,,,,,,,,,
2020-03-29,47017,47017,5,1,,,,,,,,,,,,,,,,
2020-03-29,47043,47043,11,0,,,,,,,,,,,,,,,,
2020-03-29,47089,47089,5,0,,,,,,,,,,,,,,,,
2020-03-29,47041,47041,3,0,,,,,,,,,,,,,,,,
2020-03-29,47083,47083,2,0,,,,,,,,,,,,,,,,
2020-03-29,47079,47079,1,,,,,,,,,,,,,,,,,
2020-03-29,47075,47075,2,,,,,,,,,,,,,,,,,
2020-03-29,47071,47071,1,0,,,,,,,,,,,,,,,,
2020-03-29,47069,47069,1,0,,,,,,,,,,,,,,,,
2020-03-29,47065,47065,35,0,,,,,,,,,,,,,,,,
2020-03-29,47073,47073,2,0,,,,,,,,,,,,,,,,
2020-03-29,47063,47063,2,0,,,,,,,,,,,,,,,,
2020-03-29,47061,47061,2,0,,,,,,,,,,,,,,,,
2020-03-29,47059,47059,9,1,,,,,,,,,,,,,,,,
2020-03-29,47053,47053,3,1,,,,,,,,,,,,,,,,
2020-03-29,47051,47051,6,3,,,,,,,,,,,,,,,,
2020-03-29,47047,47047,10,6,,,,,,,,,,,,,,,,
2020-03-29,47045,47045,3,0,,,,,,,,,,,,,,,,
2020-03-30,47123,47123,3,0,,,,,,,,,,,,,,,,
2020-03-30,47135,47135,2,0,,,,,,,,,,,,,,,,
2020-03-30,47133,47133,2,0,,,,,,,,,,,,,,,,
2020-03-30,,47OOS,192,42,,,,,,,,,,,,,,,,
2020-03-30,47131,47131,1,0,,,,,,,,,,,,,,,,
2020-03-30,47129,47129,1,0,,,,,,,,,,,,,,,,
2020-03-30,47125,47125,13,0,,,,,,,,,,,,,,,,
2020-03-30,47139,47139,,,,,,,,,,,,,,,,,,
2020-03-30,47121,47121,1,0,,,,,,,,,,,,,,,,
2020-03-30,47111,47111,3,0,,,,,,,,,,,,,,,,
2020-03-30,47107,47107,3,0,,,,,,,,,,,,,,,,
2020-03-30,47119,47119,11,3,,,,,,,,,,,,,,,,
2020-03-30,47117,47117,1,,,,,,,,,,,,,,,,,
2020-03-30,47115,47115,6,1,,,,,,,,,,,,,,,,
2020-03-30,47113,47113,5,2,,,,,,,,,,,,,,,,
2020-03-30,47105,47105,8,0,,,,,,,,,,,,,,,,
2020-03-30,47103,47103,1,0,,,,,,,,,,,,,,,,
2020-03-30,47141,47141,24,7,,,,,,,,,,,,,,,,
2020-03-30,47109,47109,1,0,,,,,,,,,,,,,,,,
2020-03-30,47145,47145,2,0,,,,,,,,,,,,,,,,
2020-03-30,47185,47185,1,0,,,,,,,,,,,,,,,,
2020-03-30,47149,47149,57,9,,,,,,,,,,,,,,,,
2020-03-30,47101,47101,2,0,,,,,,,,,,,,,,,,
2020-03-30,47189,47189,32,5,,,,,,,,,,,,,,,,
2020-03-30,47187,47187,111,10,,,,,,,,,,,,,,,,
2020-03-30,47183,47183,1,0,,,,,,,,,,,,,,,,
2020-03-30,47181,47181,1,,,,,,,,,,,,,,,,,
2020-03-30,47179,47179,14,0,,,,,,,,,,,,,,,,
2020-03-30,47177,47177,1,,,,,,,,,,,,,,,,,
2020-03-30,47173,47173,1,0,,,,,,,,,,,,,,,,
2020-03-30,47147,47147,27,2,,,,,,,,,,,,,,,,
2020-03-30,47171,47171,1,0,,,,,,,,,,,,,,,,
2020-03-30,47167,47167,16,1,,,,,,,,,,,,,,,,
2020-03-30,47165,47165,164,71,,,,,,,,,,,,,,,,
2020-03-30,47163,47163,11,3,,,,,,,,,,,,,,,,
2020-03-30,47159,47159,1,0,,,,,,,,,,,,,,,,
2020-03-30,47157,47157,396,83,,,,,,,,,,,,,,,,
2020-03-30,47155,47155,7,1,,,,,,,,,,,,,,,,
2020-03-30,47153,47153,,,,,,,,,,,,,,,,,,
2020-03-30,47151,47151,2,0,,,,,,,,,,,,,,,,
2020-03-30,47169,47169,3,2,,,,,,,,,,,,,,,,
2020-03-30,47099,47099,2,,,,,,,,,,,,,,,,,
2020-03-30,,47PEN,101,-90,,,,,,,,,,,,,,,,
2020-03-30,47093,47093,52,14,,,,,,,,,,,,,,,,
2020-03-30,47041,47041,4,1,,,,,,,,,,,,,,,,
2020-03-30,47037,47037,364,104,,,,,,,,,,,,,,,,
2020-03-30,47035,47035,11,2,,,,,,,,,,,,,,,,
2020-03-30,47031,47031,1,0,,,,,,,,,,,,,,,,
2020-03-30,47029,47029,1,0,,,,,,,,,,,,,,,,
2020-03-30,47025,47025,2,0,,,,,,,,,,,,,,,,
2020-03-30,47023,47023,3,1,,,,,,,,,,,,,,,,
2020-03-30,47019,47019,1,0,,,,,,,,,,,,,,,,
2020-03-30,47043,47043,12,1,,,,,,,,,,,,,,,,
2020-03-30,47017,47017,5,0,,,,,,,,,,,,,,,,
2020-03-30,47013,47013,4,0,,,,,,,,,,,,,,,,
2020-03-30,47011,47011,9,1,,,,,,,,,,,,,,,,
2020-03-30,47009,47009,10,1,,,,,,,,,,,,,,,,
2020-03-30,47007,47007,2,0,,,,,,,,,,,,,,,,
2020-03-30,47005,47005,3,0,,,,,,,,,,,,,,,,
2020-03-30,47003,47003,1,0,,,,,,,,,,,,,,,,
2020-03-30,47001,47001,9,3,,,,,,,,,,,,,,,,
2020-03-30,47097,47097,,,,,,,,,,,,,,,,,,
2020-03-30,47015,47015,2,0,,,,,,,,,,,,,,,,
2020-03-30,47045,47045,3,0,,,,,,,,,,,,,,,,
2020-03-30,47021,47021,8,0,,,,,,,,,,,,,,,,
2020-03-30,47049,47049,1,,,,,,,,,,,,,,,,,
2020-03-30,47047,47047,10,0,,,,,,,,,,,,,,,,
2020-03-30,47089,47089,5,0,,,,,,,,,,,,,,,,
2020-03-30,47087,47087,,,,,,,,,,,,,,,,,,
2020-03-30,47085,47085,,,,,,,,,,,,,,,,,,
2020-03-30,47083,47083,1,-1,,,,,,,,,,,,,,,,
2020-03-30,47079,47079,1,0,,,,,,,,,,,,,,,,
2020-03-30,47075,47075,2,0,,,,,,,,,,,,,,,,
2020-03-30,47073,47073,4,2,,,,,,,,,,,,,,,,
2020-03-30,47071,47071,1,0,,,,,,,,,,,,,,,,
2020-03-30,47069,47069,1,0,,,,,,,,,,,,,,,,
2020-03-30,47091,47091,2,0,,,,,,,,,,,,,,,,
2020-03-30,47051,47051,5,-1,,,,,,,,,,,,,,,,
2020-03-30,47063,47063,2,0,,,,,,,,,,,,,,,,
2020-03-30,47061,47061,2,0,,,,,,,,,,,,,,,,
2020-03-30,47059,47059,12,3,,,,,,,,,,,,,,,,
2020-03-30,47057,47057,,,,,,,,,,,,,,,,,,
2020-03-30,47055,47055,1,,,,,,,,,,,,,,,,,
2020-03-30,47053,47053,5,2,,,,,,,,,,,,,,,,
2020-03-30,47065,47065,40,5,,,,,,,,,,,,,,,,
2020-03-31,47129,47129,1,0,,,,,1,,,,,,,,1,23,24,
2020-03-31,47131,47131,1,0,,,,,1,,,,,,,,1,59,60,
2020-03-31,,47OOS,190,-2,,,,,190,,,,,,,,190,3847,4037,
2020-03-31,47139,47139,0,,,,,,0,,,,,,,,0,17,17,
2020-03-31,,47PEN,307,206,,,,,307,,,,,,,,307,4869,5176,
2020-03-31,47135,47135,2,0,,,,,2,,,,,,,,2,17,19,
2020-03-31,47127,47127,0,,,,,,0,,,,,,,,0,14,14,
2020-03-31,47137,47137,0,,,,,,0,,,,,,,,0,7,7,
2020-03-31,47133,47133,2,0,,,,,2,,,,,,,,2,61,63,
2020-03-31,47125,47125,19,6,,,,,19,,,,,,,,19,380,399,
2020-03-31,47119,47119,15,4,,,,,15,,,,,,,,15,374,389,
2020-03-31,47121,47121,1,0,,,,,1,,,,,,,,1,24,25,
2020-03-31,47109,47109,1,0,,,,,1,,,,,,,,1,47,48,
2020-03-31,47107,47107,3,0,,,,,3,,,,,,,,3,109,112,
2020-03-31,47117,47117,1,0,,,,,1,,,,,,,,1,99,100,
2020-03-31,47115,47115,5,-1,,,,,5,,,,,,,,5,35,40,
2020-03-31,47113,47113,5,0,,,,,5,,,,,,,,5,131,136,
2020-03-31,47111,47111,4,1,,,,,4,,,,,,,,4,57,61,
2020-03-31,47105,47105,8,0,,,,,8,,,,,,,,8,82,90,
2020-03-31,47101,47101,2,0,,,,,2,,,,,,,,2,16,18,
2020-03-31,47123,47123,5,2,,,,,5,,,,,,,,5,89,94,
2020-03-31,47141,47141,24,0,,,,,24,,,,,,,,24,207,231,
2020-03-31,47183,47183,1,0,,,,,1,,,,,,,,1,55,56,
2020-03-31,47145,47145,2,0,,,,,2,,,,,,,,2,86,88,
2020-03-31,47189,47189,39,7,,,,,39,,,,,,,,39,477,516,
2020-03-31,47187,47187,131,20,,,,,131,,,,,,,,131,1097,1228,
2020-03-31,47185,47185,1,0,,,,,1,,,,,,,,1,59,60,
2020-03-31,47099,47099,2,0,,,,,2,,,,,,,,2,97,99,
2020-03-31,47181,47181,1,0,,,,,1,,,,,,,,1,17,18,
2020-03-31,47179,47179,14,0,,,,,14,,,,,,,,14,229,243,
2020-03-31,47177,47177,1,0,,,,,1,,,,,,,,1,71,72,
2020-03-31,47175,47175,0,,,,,,0,,,,,,,,0,16,16,
2020-03-31,47173,47173,1,0,,,,,1,,,,,,,,1,20,21,
2020-03-31,47171,47171,1,0,,,,,1,,,,,,,,1,21,22,
2020-03-31,47143,47143,1,,,,,,1,,,,,,,,1,56,57,
2020-03-31,47169,47169,4,1,,,,,4,,,,,,,,4,22,26,
2020-03-31,47165,47165,184,20,,,,,184,,,,,,,,184,692,876,
2020-03-31,47163,47163,13,2,,,,,13,,,,,,,,13,134,147,
2020-03-31,47161,47161,0,,,,,,0,,,,,,,,0,43,43,
2020-03-31,47159,47159,2,1,,,,,2,,,,,,,,2,69,71,
2020-03-31,47157,47157,428,32,,,,,428,,,,,,,,428,1943,2371,
2020-03-31,47155,47155,8,1,,,,,8,,,,,,,,8,168,176,
2020-03-31,47153,47153,1,,,,,,1,,,,,,,,1,16,17,
2020-03-31,47151,47151,2,0,,,,,2,,,,,,,,2,38,40,
2020-03-31,47149,47149,68,11,,,,,68,,,,,,,,68,817,885,
2020-03-31,47147,47147,28,1,,,,,28,,,,,,,,28,268,296,
2020-03-31,47167,47167,21,5,,,,,21,,,,,,,,21,142,163,
2020-03-31,47097,47097,0,,,,,,0,,,,,,,,0,28,28,
2020-03-31,47103,47103,1,0,,,,,1,,,,,,,,1,45,46,
2020-03-31,47093,47093,66,14,,,,,66,,,,,,,,66,637,703,
2020-03-31,47041,47041,4,0,,,,,4,,,,,,,,4,48,52,
2020-03-31,47039,47039,0,,,,,,0,,,,,,,,0,30,30,
2020-03-31,47037,47037,391,27,,,,,391,,,,,,,,391,3885,4276,
2020-03-31,47035,47035,11,0,,,,,11,,,,,,,,11,241,252,
2020-03-31,47033,47033,0,,,,,,0,,,,,,,,0,17,17,
2020-03-31,47031,47031,1,0,,,,,1,,,,,,,,1,120,121,
2020-03-31,47029,47029,1,0,,,,,1,,,,,,,,1,40,41,
2020-03-31,47027,47027,0,,,,,,0,,,,,,,,0,22,22,
2020-03-31,47025,47025,2,0,,,,,2,,,,,,,,2,24,26,
2020-03-31,47021,47021,10,2,,,,,10,,,,,,,,10,155,165,
2020-03-31,47019,47019,1,0,,,,,1,,,,,,,,1,52,53,
2020-03-31,47017,47017,5,0,,,,,5,,,,,,,,5,79,84,
2020-03-31,47015,47015,3,1,,,,,3,,,,,,,,3,47,50,
2020-03-31,47013,47013,4,0,,,,,4,,,,,,,,4,54,58,
2020-03-31,47011,47011,10,1,,,,,10,,,,,,,,10,109,119,
2020-03-31,47009,47009,25,15,,,,,25,,,,,,,,25,124,149,
2020-03-31,47007,47007,2,0,,,,,2,,,,,,,,2,8,10,
2020-03-31,47005,47005,4,1,,,,,4,,,,,,,,4,32,36,
2020-03-31,47003,47003,2,1,,,,,2,,,,,,,,2,74,76,
2020-03-31,47001,47001,10,1,,,,,10,,,,,,,,10,129,139,
2020-03-31,47095,47095,0,,,,,,0,,,,,,,,0,10,10,
2020-03-31,47043,47043,17,5,,,,,17,,,,,,,,17,124,141,
2020-03-31,47045,47045,3,0,,,,,3,,,,,,,,3,52,55,
2020-03-31,47023,47023,3,0,,,,,3,,,,,,,,3,43,46,
2020-03-31,47049,47049,1,0,,,,,1,,,,,,,,1,44,45,
2020-03-31,47047,47047,12,2,,,,,12,,,,,,,,12,120,132,
2020-03-31,47089,47089,6,1,,,,,6,,,,,,,,6,69,75,
2020-03-31,47087,47087,0,,,,,,0,,,,,,,,0,25,25,
2020-03-31,47085,47085,2,,,,,,2,,,,,,,,2,31,33,
2020-03-31,47083,47083,1,0,,,,,1,,,,,,,,1,70,71,
2020-03-31,47081,47081,0,,,,,,0,,,,,,,,0,53,53,
2020-03-31,47079,47079,1,0,,,,,1,,,,,,,,1,59,60,
2020-03-31,47077,47077,0,,,,,,0,,,,,,,,0,68,68,
2020-03-31,47075,47075,2,0,,,,,2,,,,,,,,2,27,29,
2020-03-31,47073,47073,4,0,,,,,4,,,,,,,,4,50,54,
2020-03-31,47071,47071,1,0,,,,,1,,,,,,,,1,84,85,
2020-03-31,47091,47091,2,0,,,,,2,,,,,,,,2,5,7,
2020-03-31,47067,47067,0,,,,,,0,,,,,,,,0,4,4,
2020-03-31,47065,47065,48,8,,,,,48,,,,,,,,48,519,567,
2020-03-31,47063,47063,2,0,,,,,2,,,,,,,,2,65,67,
2020-03-31,47061,47061,4,2,,,,,4,,,,,,,,4,22,26,
2020-03-31,47059,47059,12,0,,,,,12,,,,,,,,12,61,73,
2020-03-31,47057,47057,0,,,,,,0,,,,,,,,0,36,36,
2020-03-31,47055,47055,3,2,,,,,3,,,,,,,,3,70,73,
2020-03-31,47053,47053,6,1,,,,,6,,,,,,,,6,90,96,
2020-03-31,47051,47051,5,0,,,,,5,,,,,,,,5,68,73,
2020-03-31,47069,47069,1,0,,,,,1,,,,,,,,1,35,36,
2020-04-01,47141,47141,31,7,,,,,31,7,,,,,0,,31,227,258,27
2020-04-01,47129,47129,1,0,,,,,1,0,,,,,0,,1,25,26,2
2020-04-01,47131,47131,2,1,,,,,2,1,,,,,0,,2,64,66,6
2020-04-01,,47OOS,243,53,,,,,242,52,,,,,1,,243,4645,4888,851
2020-04-01,47139,47139,0,0,,,,,0,0,,,,,0,,0,17,17,0
2020-04-01,,47PEN,442,135,,,,,442,135,,,,,0,,442,7160,7602,2426
2020-04-01,47135,47135,2,0,,,,,2,0,,,,,0,,2,20,22,3
2020-04-01,47137,47137,0,0,,,,,0,0,,,,,0,,0,8,8,1
2020-04-01,47127,47127,0,0,,,,,0,0,,,,,0,,0,14,14,0
2020-04-01,47133,47133,2,0,,,,,2,0,,,,,0,,2,68,70,7
2020-04-01,47125,47125,27,8,,,,,27,8,,,,,0,,27,403,430,31
2020-04-01,47119,47119,17,2,,,,,17,2,,,,,0,,17,391,408,19
2020-04-01,47121,47121,1,0,,,,,1,0,,,,,0,,1,28,29,4
2020-04-01,47109,47109,1,0,,,,,1,0,,,,,0,,1,48,49,1
2020-04-01,47107,47107,3,0,,,,,3,0,,,,,0,,3,114,117,5
2020-04-01,47117,47117,1,0,,,,,1,0,,,,,0,,1,104,105,5
2020-04-01,47115,47115,8,3,,,,,7,2,,,,,1,,8,37,45,5
2020-04-01,47113,47113,7,2,,,,,7,2,,,,,0,,7,143,150,14
2020-04-01,47111,47111,4,0,,,,,4,0,,,,,0,,4,66,70,9
2020-04-01,47105,47105,8,0,,,,,8,0,,,,,0,,8,88,96,6
2020-04-01,47103,47103,2,1,,,,,2,1,,,,,0,,2,46,48,2
2020-04-01,47123,47123,5,0,,,,,5,0,,,,,0,,5,92,97,3
2020-04-01,47189,47189,45,6,,,,,45,6,,,,,0,,45,538,583,67
2020-04-01,47101,47101,2,0,,,,,2,0,,,,,0,,2,16,18,0
2020-04-01,47145,47145,2,0,,,,,2,0,,,,,0,,2,89,91,3
2020-04-01,47187,47187,148,17,,,,,146,15,,,,,2,,148,1194,1342,114
2020-04-01,47185,47185,2,1,,,,,2,1,,,,,0,,2,64,66,6
2020-04-01,47183,47183,1,0,,,,,1,0,,,,,0,,1,59,60,4
2020-04-01,47181,47181,1,0,,,,,1,0,,,,,0,,1,21,22,4
2020-04-01,47179,47179,21,7,,,,,21,7,,,,,0,,21,235,256,13
2020-04-01,47177,47177,1,0,,,,,1,0,,,,,0,,1,74,75,3
2020-04-01,47175,47175,0,0,,,,,0,0,,,,,0,,0,17,17,1
2020-04-01,47173,47173,1,0,,,,,1,0,,,,,0,,1,22,23,2
2020-04-01,47171,47171,1,0,,,,,1,0,,,,,0,,1,22,23,1
2020-04-01,47169,47169,5,1,,,,,4,0,,,,,1,,5,22,27,1
2020-04-01,47167,47167,22,1,,,,,22,1,,,,,0,,22,148,170,7
2020-04-01,47165,47165,201,17,,,,,194,10,,,,,7,,201,743,944,68
2020-04-01,47163,47163,17,4,,,,,17,4,,,,,0,,17,140,157,10
2020-04-01,47161,47161,0,0,,,,,0,0,,,,,0,,0,44,44,1
2020-04-01,47159,47159,3,1,,,,,3,1,,,,,0,,3,74,77,6
2020-04-01,47157,47157,496,68,,,,,493,65,,,,,3,,496,2397,2893,522
2020-04-01,47155,47155,9,1,,,,,9,1,,,,,0,,9,179,188,12
2020-04-01,47153,47153,1,0,,,,,1,0,,,,,0,,1,16,17,0
2020-04-01,47151,47151,3,1,,,,,3,1,,,,,0,,3,40,43,3
2020-04-01,47149,47149,86,18,,,,,85,17,,,,,1,,86,873,959,74
2020-04-01,47147,47147,35,7,,,,,35,7,,,,,0,,35,292,327,31
2020-04-01,47143,47143,1,0,,,,,1,0,,,,,0,,1,58,59,2
2020-04-01,47099,47099,2,0,,,,,2,0,,,,,0,,2,104,106,7
2020-04-01,47047,47047,14,2,,,,,14,2,,,,,0,,14,131,145,13
2020-04-01,47095,47095,0,0,,,,,0,0,,,,,0,,0,12,12,2
2020-04-01,47041,47041,5,1,,,,,5,1,,,,,0,,5,63,68,16
2020-04-01,47039,47039,0,0,,,,,0,0,,,,,0,,0,31,31,1
2020-04-01,47037,47037,423,32,,,,,419,28,,,,,4,,423,4235,4658,382
2020-04-01,47035,47035,14,3,,,,,14,3,,,,,0,,14,266,280,28
2020-04-01,47033,47033,0,0,,,,,0,0,,,,,0,,0,20,20,3
2020-04-01,47031,47031,1,0,,,,,1,0,,,,,0,,1,126,127,6
2020-04-01,47029,47029,1,0,,,,,1,0,,,,,0,,1,42,43,2
2020-04-01,47027,47027,1,1,,,,,1,1,,,,,0,,1,25,26,4
2020-04-01,47025,47025,2,0,,,,,2,0,,,,,0,,2,24,26,0
2020-04-01,47023,47023,3,0,,,,,3,0,,,,,0,,3,45,48,2
2020-04-01,47021,47021,11,1,,,,,11,1,,,,,0,,11,164,175,10
2020-04-01,47019,47019,1,0,,,,,1,0,,,,,0,,1,54,55,2
2020-04-01,47017,47017,5,0,,,,,5,0,,,,,0,,5,83,88,4
2020-04-01,47015,47015,3,0,,,,,3,0,,,,,0,,3,50,53,3
2020-04-01,47013,47013,4,0,,,,,4,0,,,,,0,,4,56,60,2
2020-04-01,47011,47011,14,4,,,,,14,4,,,,,0,,14,142,156,37
2020-04-01,47009,47009,28,3,,,,,28,3,,,,,0,,28,131,159,10
2020-04-01,47007,47007,2,0,,,,,2,0,,,,,0,,2,8,10,0
2020-04-01,47005,47005,4,0,,,,,4,0,,,,,0,,4,35,39,3
2020-04-01,47003,47003,4,2,,,,,4,2,,,,,0,,4,77,81,5
2020-04-01,47001,47001,10,0,,,,,10,0,,,,,0,,10,135,145,6
2020-04-01,47043,47043,18,1,,,,,18,1,,,,,0,,18,127,145,4
2020-04-01,47045,47045,3,0,,,,,3,0,,,,,0,,3,63,66,11
2020-04-01,47097,47097,1,1,,,,,1,1,,,,,0,,1,30,31,3
2020-04-01,47051,47051,7,2,,,,,7,2,,,,,0,,7,68,75,2
2020-04-01,47049,47049,1,0,,,,,1,0,,,,,0,,1,48,49,4
2020-04-01,47093,47093,78,12,,,,,77,11,,,,,1,,78,673,751,48
2020-04-01,47091,47091,2,0,,,,,2,0,,,,,0,,2,5,7,0
2020-04-01,47089,47089,6,0,,,,,6,0,,,,,0,,6,73,79,4
2020-04-01,47087,47087,0,0,,,,,0,0,,,,,0,,0,27,27,2
2020-04-01,47085,47085,2,0,,,,,2,0,,,,,0,,2,31,33,0
2020-04-01,47081,47081,1,1,,,,,1,1,,,,,0,,1,58,59,6
2020-04-01,47079,47079,1,0,,,,,1,0,,,,,0,,1,62,63,3
2020-04-01,47077,47077,0,0,,,,,0,0,,,,,0,,0,75,75,7
2020-04-01,47075,47075,2,0,,,,,2,0,,,,,0,,2,27,29,0
2020-04-01,47083,47083,1,0,,,,,1,0,,,,,0,,1,70,71,0
2020-04-01,47071,47071,2,1,,,,,2,1,,,,,0,,2,87,89,4
2020-04-01,47069,47069,4,3,,,,,4,3,,,,,0,,4,36,40,4
2020-04-01,47067,47067,0,0,,,,,0,0,,,,,0,,0,5,5,1
2020-04-01,47065,47065,50,2,,,,,48,0,,,,,2,,50,533,583,16
2020-04-01,47053,47053,6,0,,,,,6,0,,,,,0,,6,111,117,21
2020-04-01,47063,47063,3,1,,,,,3,1,,,,,0,,3,67,70,3
2020-04-01,47061,47061,6,2,,,,,6,2,,,,,0,,6,23,29,3
2020-04-01,47059,47059,15,3,,,,,14,2,,,,,1,,15,66,81,8
2020-04-01,47057,47057,3,3,,,,,3,3,,,,,0,,3,37,40,4
2020-04-01,47055,47055,3,0,,,,,3,0,,,,,0,,3,72,75,2
2020-04-01,47073,47073,5,1,,,,,5,1,,,,,0,,5,51,56,2
2020-04-02,47127,47127,0,0,,,,,0,0,,,,,0,0,0,15,15,1
2020-04-02,47129,47129,1,0,,,,,1,0,,,,,0,0,1,29,30,4
2020-04-02,47131,47131,2,0,,,,,1,-1,,,,,1,1,2,72,74,8
2020-04-02,47137,47137,0,0,,,,,0,0,,,,,0,0,0,12,12,4
2020-04-02,47133,47133,2,0,,,,,2,0,,,,,0,0,2,82,84,14
2020-04-02,,47PEN,103,-339,,,,,103,-339,,,,,0,0,103,4955,5058,-2544
2020-04-02,47135,47135,2,0,,,,,2,0,,,,,0,0,2,26,28,6
2020-04-02,47125,47125,37,10,,,,,37,10,,,,,0,0,37,541,578,148
2020-04-02,,47OOS,212,-31,,,,,211,-31,,,,,1,0,212,4972,5184,296
2020-04-02,47123,47123,5,0,,,,,5,0,,,,,0,0,5,99,104,7
2020-04-02,47101,47101,2,0,,,,,2,0,,,,,0,0,2,18,20,2
2020-04-02,47109,47109,3,2,,,,,3,2,,,,,0,0,3,60,63,14
2020-04-02,47107,47107,3,0,,,,,3,0,,,,,0,0,3,151,154,37
2020-04-02,47119,47119,18,1,,,,,18,1,,,,,0,0,18,409,427,19
2020-04-02,47117,47117,2,1,,,,,2,1,,,,,0,0,2,119,121,16
2020-04-02,47115,47115,13,5,,,,,12,5,,,,,1,0,13,48,61,16
2020-04-02,47113,47113,13,6,,,,,13,6,,,,,0,0,13,212,225,75
2020-04-02,47111,47111,5,1,,,,,5,1,,,,,0,0,5,96,101,31
2020-04-02,47105,47105,9,1,,,,,9,1,,,,,0,0,9,119,128,32
2020-04-02,47103,47103,2,0,,,,,2,0,,,,,0,0,2,54,56,8
2020-04-02,47139,47139,1,1,,,,,1,1,,,,,0,0,1,19,20,3
2020-04-02,47121,47121,2,1,,,,,2,1,,,,,0,0,2,43,45,16
2020-04-02,47141,47141,37,6,,,,,37,6,,,,,0,0,37,331,368,110
2020-04-02,47163,47163,17,0,,,,,16,-1,,,,,1,1,17,183,200,43
2020-04-02,47145,47145,3,1,,,,,3,1,,,,,0,0,3,128,131,40
2020-04-02,47099,47099,2,0,,,,,2,0,,,,,0,0,2,129,131,25
2020-04-02,47187,47187,199,51,,,,,196,50,,,,,3,1,199,1434,1633,291
2020-04-02,47185,47185,2,0,,,,,2,0,,,,,0,0,2,77,79,13
2020-04-02,47183,47183,1,0,,,,,1,0,,,,,0,0,1,68,69,9
2020-04-02,47181,47181,2,1,,,,,2,1,,,,,0,0,2,31,33,11
2020-04-02,47179,47179,20,-1,,,,,20,-1,,,,,0,0,20,293,313,57
2020-04-02,47177,47177,1,0,,,,,1,0,,,,,0,0,1,93,94,19
2020-04-02,47175,47175,0,0,,,,,0,0,,,,,0,0,0,20,20,3
2020-04-02,47173,47173,1,0,,,,,1,0,,,,,0,0,1,26,27,4
2020-04-02,47171,47171,1,0,,,,,1,0,,,,,0,0,1,30,31,8
2020-04-02,47169,47169,6,1,,,,,5,1,,,,,1,0,6,33,39,12
2020-04-02,47167,47167,24,2,,,,,24,2,,,,,0,0,24,196,220,50
2020-04-02,47165,47165,268,67,,,,,261,67,,,,,7,0,268,913,1181,237
2020-04-02,47161,47161,0,0,,,,,0,0,,,,,0,0,0,47,47,3
2020-04-02,47159,47159,3,0,,,,,3,0,,,,,0,0,3,91,94,17
2020-04-02,47157,47157,570,74,,,,,565,72,,,,,5,2,570,2829,3399,506
2020-04-02,47155,47155,10,1,,,,,10,1,,,,,0,0,10,234,244,56
2020-04-02,47153,47153,2,1,,,,,2,1,,,,,0,0,2,23,25,8
2020-04-02,47151,47151,3,0,,,,,3,0,,,,,0,0,3,55,58,15
2020-04-02,47149,47149,113,27,,,,,112,27,,,,,1,0,113,1120,1233,274
2020-04-02,47147,47147,41,6,,,,,41,6,,,,,0,0,41,347,388,61
2020-04-02,47143,47143,0,-1,,,,,0,-1,,,,,0,0,0,77,77,18
2020-04-02,47097,47097,2,1,,,,,2,1,,,,,0,0,2,43,45,14
2020-04-02,47189,47189,62,17,,,,,62,17,,,,,0,0,62,756,818,235
2020-04-02,47093,47093,92,14,,,,,91,14,,,,,1,0,92,885,977,226
2020-04-02,47041,47041,5,0,,,,,5,0,,,,,0,0,5,75,80,12
2020-04-02,47039,47039,0,0,,,,,0,0,,,,,0,0,0,38,38,7
2020-04-02,47037,47037,617,194,,,,,611,192,,,,,6,2,617,4813,5430,772
2020-04-02,47035,47035,16,2,,,,,16,2,,,,,0,0,16,296,312,32
2020-04-02,47033,47033,0,0,,,,,0,0,,,,,0,0,0,29,29,9
2020-04-02,47031,47031,3,2,,,,,3,2,,,,,0,0,3,135,138,11
2020-04-02,47029,47029,1,0,,,,,1,0,,,,,0,0,1,53,54,11
2020-04-02,47027,47027,1,0,,,,,1,0,,,,,0,0,1,28,29,3
2020-04-02,47025,47025,2,0,,,,,2,0,,,,,0,0,2,39,41,15
2020-04-02,47023,47023,3,0,,,,,3,0,,,,,0,0,3,49,52,4
2020-04-02,47021,47021,11,0,,,,,11,0,,,,,0,0,11,196,207,32
2020-04-02,47019,47019,1,0,,,,,1,0,,,,,0,0,1,68,69,14
2020-04-02,47017,47017,5,0,,,,,5,0,,,,,0,0,5,91,96,8
2020-04-02,47015,47015,4,1,,,,,4,1,,,,,0,0,4,59,63,10
2020-04-02,47013,47013,4,0,,,,,4,0,,,,,0,0,4,66,70,10
2020-04-02,47011,47011,18,4,,,,,18,4,,,,,0,0,18,171,189,33
2020-04-02,47009,47009,32,4,,,,,32,4,,,,,0,0,32,148,180,21
2020-04-02,47007,47007,2,0,,,,,2,0,,,,,0,0,2,15,17,7
2020-04-02,47005,47005,4,0,,,,,4,0,,,,,0,0,4,36,40,1
2020-04-02,47003,47003,6,2,,,,,6,2,,,,,0,0,6,110,116,35
2020-04-02,47001,47001,10,0,,,,,10,0,,,,,0,0,10,164,174,29
2020-04-02,47043,47043,20,2,,,,,20,2,,,,,0,0,20,147,167,22
2020-04-02,47045,47045,5,2,,,,,5,2,,,,,0,0,5,82,87,21
2020-04-02,47095,47095,0,0,,,,,0,0,,,,,0,0,0,16,16,4
2020-04-02,47049,47049,1,0,,,,,1,0,,,,,0,0,1,52,53,4
2020-04-02,47047,47047,14,0,,,,,14,0,,,,,0,0,14,148,162,17
2020-04-02,47091,47091,2,0,,,,,2,0,,,,,0,0,2,7,9,2
2020-04-02,47089,47089,6,0,,,,,6,0,,,,,0,0,6,87,93,14
2020-04-02,47087,47087,2,2,,,,,2,2,,,,,0,0,2,29,31,4
2020-04-02,47085,47085,2,0,,,,,2,0,,,,,0,0,2,39,41,8
2020-04-02,47083,47083,1,0,,,,,1,0,,,,,0,0,1,77,78,7
2020-04-02,47079,47079,4,3,,,,,4,3,,,,,0,0,4,79,83,20
2020-04-02,47077,47077,0,0,,,,,0,0,,,,,0,0,0,86,86,11
2020-04-02,47075,47075,2,0,,,,,2,0,,,,,0,0,2,41,43,14
2020-04-02,47073,47073,7,2,,,,,7,2,,,,,0,0,7,71,78,22
2020-04-02,47081,47081,1,0,,,,,1,0,,,,,0,0,1,67,68,9
2020-04-02,47069,47069,4,0,,,,,4,0,,,,,0,0,4,55,59,19
2020-04-02,47067,47067,0,0,,,,,0,0,,,,,0,0,0,6,6,1
2020-04-02,47065,47065,61,11,,,,,58,10,,,,,3,1,61,671,732,149
2020-04-02,47063,47063,3,0,,,,,3,0,,,,,0,0,3,90,93,23
2020-04-02,47051,47051,8,1,,,,,8,1,,,,,0,0,8,97,105,30
2020-04-02,47061,47061,8,2,,,,,8,2,,,,,0,0,8,35,43,14
2020-04-02,47059,47059,16,1,,,,,15,1,,,,,1,0,16,87,103,22
2020-04-02,47057,47057,3,0,,,,,3,0,,,,,0,0,3,41,44,4
2020-04-02,47055,47055,3,0,,,,,3,0,,,,,0,0,3,76,79,4
2020-04-02,47053,47053,6,0,,,,,6,0,,,,,0,0,6,143,149,32
2020-04-02,47071,47071,2,0,,,,,2,0,,,,,0,0,2,115,117,28
2020-04-03,47127,47127,0,0,,,,,0,0,,,,,0,0,0,16,16,1
2020-04-03,47129,47129,2,1,,,,,2,1,,,,,0,0,2,35,37,7
2020-04-03,47131,47131,2,0,,,,,1,0,,,,,1,0,2,75,77,3
2020-04-03,47137,47137,0,0,,,,,0,0,,,,,0,0,0,13,13,1
2020-04-03,47133,47133,2,0,,,,,2,0,,,,,0,0,2,101,103,19
2020-04-03,,47PEN,54,-49,,,,,54,-49,,,,,0,0,54,5782,5836,778
2020-04-03,47135,47135,2,0,,,,,2,0,,,,,0,0,2,26,28,0
2020-04-03,47125,47125,41,4,,,,,41,4,,,,,0,0,41,584,625,47
2020-04-03,,47OOS,187,-25,,,,,186,-25,,,,,1,0,187,5458,5645,461
2020-04-03,47123,47123,5,0,,,,,5,0,,,,,0,0,5,107,112,8
2020-04-03,47101,47101,2,0,,,,,2,0,,,,,0,0,2,21,23,3
2020-04-03,47109,47109,3,0,,,,,3,0,,,,,0,0,3,67,70,7
2020-04-03,47107,47107,3,0,,,,,3,0,,,,,0,0,3,176,179,25
2020-04-03,47119,47119,20,2,,,,,20,2,,,,,0,0,20,442,462,35
2020-04-03,47117,47117,4,2,,,,,4,2,,,,,0,0,4,126,130,9
2020-04-03,47115,47115,14,1,,,,,13,1,,,,,1,0,14,51,65,4
2020-04-03,47113,47113,17,4,,,,,17,4,,,,,0,0,17,227,244,19
2020-04-03,47111,47111,7,2,,,,,7,2,,,,,0,0,7,145,152,51
2020-04-03,47105,47105,12,3,,,,,12,3,,,,,0,0,12,134,146,18
2020-04-03,47103,47103,4,2,,,,,4,2,,,,,0,0,4,55,59,3
2020-04-03,47139,47139,2,1,,,,,2,1,,,,,0,0,2,21,23,3
2020-04-03,47121,47121,2,0,,,,,2,0,,,,,0,0,2,45,47,2
2020-04-03,47141,47141,50,13,,,,,50,13,,,,,0,0,50,349,399,31
2020-04-03,47163,47163,18,1,,,,,17,1,,,,,1,0,18,188,206,6
2020-04-03,47145,47145,3,0,,,,,3,0,,,,,0,0,3,147,150,19
2020-04-03,47099,47099,3,1,,,,,3,1,,,,,0,0,3,140,143,12
2020-04-03,47187,47187,221,22,,,,,218,22,,,,,2,-1,221,1568,1789,156
2020-04-03,47185,47185,2,0,,,,,2,0,,,,,0,0,2,102,104,25
2020-04-03,47183,47183,1,0,,,,,1,0,,,,,0,0,1,72,73,4
2020-04-03,47181,47181,2,0,,,,,2,0,,,,,0,0,2,34,36,3
2020-04-03,47179,47179,20,0,,,,,20,0,,,,,0,0,20,300,320,7
2020-04-03,47177,47177,1,0,,,,,1,0,,,,,0,0,1,112,113,19
2020-04-03,47175,47175,0,0,,,,,0,0,,,,,0,0,0,21,21,1
2020-04-03,47173,47173,1,0,,,,,1,0,,,,,0,0,1,30,31,4
2020-04-03,47171,47171,1,0,,,,,1,0,,,,,0,0,1,30,31,0
2020-04-03,47169,47169,7,1,,,,,6,1,,,,,1,0,7,35,42,3
2020-04-03,47167,47167,28,4,,,,,28,4,,,,,0,0,28,204,232,12
2020-04-03,47165,47165,283,15,,,,,276,15,,,,,8,1,283,982,1265,84
2020-04-03,47161,47161,0,0,,,,,0,0,,,,,0,0,0,48,48,1
2020-04-03,47159,47159,3,0,,,,,3,0,,,,,0,0,3,97,100,6
2020-04-03,47157,47157,640,70,,,,,635,70,,,,,6,1,640,2951,3591,192
2020-04-03,47155,47155,13,3,,,,,13,3,,,,,0,0,13,259,272,28
2020-04-03,47153,47153,2,0,,,,,2,0,,,,,0,0,2,27,29,4
2020-04-03,47151,47151,3,0,,,,,3,0,,,,,0,0,3,60,63,5
2020-04-03,47149,47149,127,14,,,,,126,14,,,,,3,2,127,1177,1304,71
2020-04-03,47147,47147,51,10,,,,,51,10,,,,,0,0,51,356,407,19
2020-04-03,47143,47143,0,0,,,,,0,0,,,,,0,0,0,100,100,23
2020-04-03,47189,47189,71,9,,,,,71,9,,,,,0,0,71,806,877,59
2020-04-03,47097,47097,2,0,,,,,2,0,,,,,0,0,2,45,47,2
2020-04-03,47093,47093,98,6,,,,,97,6,,,,,1,0,98,966,1064,87
2020-04-03,47041,47041,5,0,,,,,5,0,,,,,0,0,5,85,90,10
2020-04-03,47039,47039,0,0,,,,,0,0,,,,,0,0,0,39,39,1
2020-04-03,47037,47037,685,68,,,,,679,68,,,,,6,0,685,5113,5798,368
2020-04-03,47035,47035,22,6,,,,,22,6,,,,,0,0,22,347,369,57
2020-04-03,47033,47033,0,0,,,,,0,0,,,,,0,0,0,32,32,3
2020-04-03,47031,47031,3,0,,,,,3,0,,,,,0,0,3,167,170,32
2020-04-03,47029,47029,1,0,,,,,1,0,,,,,0,0,1,57,58,4
2020-04-03,47027,47027,1,0,,,,,1,0,,,,,0,0,1,47,48,19
2020-04-03,47025,47025,2,0,,,,,2,0,,,,,0,0,2,45,47,6
2020-04-03,47021,47021,11,0,,,,,11,0,,,,,0,0,11,217,228,21
2020-04-03,47019,47019,3,2,,,,,3,2,,,,,0,0,3,69,72,3
2020-04-03,47017,47017,6,1,,,,,6,1,,,,,0,0,6,105,111,15
2020-04-03,47015,47015,4,0,,,,,4,0,,,,,0,0,4,64,68,5
2020-04-03,47013,47013,4,0,,,,,4,0,,,,,0,0,4,73,77,7
2020-04-03,47011,47011,21,3,,,,,21,3,,,,,0,0,21,191,212,23
2020-04-03,47009,47009,33,1,,,,,33,1,,,,,0,0,33,169,202,22
2020-04-03,47007,47007,2,0,,,,,2,0,,,,,0,0,2,22,24,7
2020-04-03,47005,47005,4,0,,,,,4,0,,,,,0,0,4,38,42,2
2020-04-03,47003,47003,6,0,,,,,6,0,,,,,0,0,6,119,125,9
2020-04-03,47001,47001,10,0,,,,,10,0,,,,,0,0,10,180,190,16
2020-04-03,47095,47095,0,0,,,,,0,0,,,,,0,0,0,16,16,0
2020-04-03,47043,47043,21,1,,,,,21,1,,,,,0,0,21,158,179,12
2020-04-03,47045,47045,5,0,,,,,5,0,,,,,0,0,5,90,95,8
2020-04-03,47023,47023,5,2,,,,,5,2,,,,,0,0,5,53,58,6
2020-04-03,47049,47049,1,0,,,,,1,0,,,,,0,0,1,54,55,2
2020-04-03,47047,47047,17,3,,,,,17,3,,,,,0,0,17,155,172,10
2020-04-03,47089,47089,6,0,,,,,6,0,,,,,0,0,6,99,105,12
2020-04-03,47087,47087,3,1,,,,,3,1,,,,,0,0,3,42,45,14
2020-04-03,47085,47085,3,1,,,,,3,1,,,,,0,0,3,47,50,9
2020-04-03,47083,47083,1,0,,,,,1,0,,,,,0,0,1,83,84,6
2020-04-03,47081,47081,1,0,,,,,1,0,,,,,0,0,1,73,74,6
2020-04-03,47079,47079,4,0,,,,,4,0,,,,,0,0,4,89,93,10
2020-04-03,47077,47077,0,0,,,,,0,0,,,,,0,0,0,90,90,4
2020-04-03,47075,47075,2,0,,,,,2,0,,,,,0,0,2,45,47,4
2020-04-03,47073,47073,8,1,,,,,8,1,,,,,1,1,8,72,80,2
2020-04-03,47071,47071,2,0,,,,,2,0,,,,,0,0,2,120,122,5
2020-04-03,47091,47091,2,0,,,,,2,0,,,,,0,0,2,10,12,3
2020-04-03,47067,47067,0,0,,,,,0,0,,,,,0,0,0,7,7,1
2020-04-03,47065,47065,67,6,,,,,64,6,,,,,3,0,67,718,785,53
2020-04-03,47063,47063,3,0,,,,,3,0,,,,,0,0,3,95,98,5
2020-04-03,47061,47061,11,3,,,,,11,3,,,,,0,0,11,37,48,5
2020-04-03,47059,47059,16,0,,,,,15,0,,,,,1,0,16,89,105,2
2020-04-03,47057,47057,3,0,,,,,3,0,,,,,0,0,3,44,47,3
2020-04-03,47055,47055,3,0,,,,,3,0,,,,,0,0,3,80,83,4
2020-04-03,47053,47053,7,1,,,,,7,1,,,,,0,0,7,150,157,8
2020-04-03,47051,47051,12,4,,,,,12,4,,,,,1,1,12,106,118,13
2020-04-03,47069,47069,5,1,,,,,5,1,,,,,0,0,5,58,63,4
2020-04-04,47141,47141,52,2,,,,,52,2,,,,,0,0,52,362,414,15
2020-04-04,47127,47127,0,0,,,,,0,0,,,,,0,0,0,16,16,0
2020-04-04,47129,47129,4,2,,,,,3,1,,,,,0,0,4,38,42,5
2020-04-04,47131,47131,2,0,,,,,1,0,,,,,1,0,2,77,79,2
2020-04-04,47139,47139,3,1,,,,,3,1,,,,,0,0,3,21,24,1
2020-04-04,47133,47133,2,0,,,,,2,0,,,,,0,0,2,106,108,5
2020-04-04,,47PEN,63,9,,,,,63,9,,,,,0,0,63,6366,6429,593
2020-04-04,47135,47135,3,1,,,,,3,1,,,,,0,0,3,26,29,1
2020-04-04,47125,47125,46,5,,,,,46,5,,,,,1,1,46,648,694,69
2020-04-04,,47OOS,218,31,,,,,218,32,,,,,1,0,218,6151,6369,724
2020-04-04,47123,47123,6,1,,,,,5,0,,,,,0,0,6,117,123,11
2020-04-04,47117,47117,4,0,,,,,4,0,,,,,0,0,4,133,137,7
2020-04-04,47109,47109,3,0,,,,,3,0,,,,,0,0,3,75,78,8
2020-04-04,47107,47107,3,0,,,,,3,0,,,,,0,0,3,193,196,17
2020-04-04,47119,47119,21,1,,,,,21,1,,,,,0,0,21,467,488,26
2020-04-04,47115,47115,16,2,,,,,16,3,,,,,1,0,16,62,78,13
2020-04-04,47113,47113,19,2,,,,,18,1,,,,,0,0,19,251,270,26
2020-04-04,47111,47111,7,0,,,,,7,0,,,,,0,0,7,156,163,11
2020-04-04,47105,47105,13,1,,,,,13,1,,,,,0,0,13,144,157,11
2020-04-04,47103,47103,5,1,,,,,5,1,,,,,0,0,5,64,69,10
2020-04-04,47101,47101,2,0,,,,,2,0,,,,,0,0,2,21,23,0
2020-04-04,47121,47121,2,0,,,,,2,0,,,,,0,0,2,48,50,3
2020-04-04,47143,47143,0,0,,,,,0,0,,,,,0,0,0,110,110,10
2020-04-04,47099,47099,3,0,,,,,3,0,,,,,0,0,3,152,155,12
2020-04-04,47147,47147,51,0,,,,,48,-3,,,,,0,0,51,389,440,33
2020-04-04,47189,47189,82,11,,,,,82,11,,,,,0,0,82,884,966,89
2020-04-04,47187,47187,239,18,,,,,239,21,,,,,0,-2,239,1698,1937,148
2020-04-04,47185,47185,2,0,,,,,0,-2,,,,,0,0,2,104,106,2
2020-04-04,47183,47183,1,0,,,,,1,0,,,,,0,0,1,77,78,5
2020-04-04,47181,47181,2,0,,,,,2,0,,,,,0,0,2,37,39,3
2020-04-04,47179,47179,22,2,,,,,22,2,,,,,2,2,22,304,326,6
2020-04-04,47177,47177,1,0,,,,,1,0,,,,,0,0,1,119,120,7
2020-04-04,47175,47175,0,0,,,,,0,0,,,,,0,0,0,22,22,1
2020-04-04,47173,47173,1,0,,,,,1,0,,,,,0,0,1,32,33,2
2020-04-04,47171,47171,1,0,,,,,1,0,,,,,0,0,1,30,31,0
2020-04-04,47169,47169,7,0,,,,,7,1,,,,,1,0,7,37,44,2
2020-04-04,47167,47167,31,3,,,,,30,2,,,,,0,0,31,238,269,37
2020-04-04,47165,47165,301,18,,,,,301,25,,,,,10,2,301,1064,1365,100
2020-04-04,47163,47163,18,0,,,,,8,-9,,,,,1,0,18,196,214,8
2020-04-04,47161,47161,1,1,,,,,0,0,,,,,0,0,1,54,55,7
2020-04-04,47159,47159,3,0,,,,,3,0,,,,,0,0,3,117,120,20
2020-04-04,47157,47157,689,49,,,,,689,54,,,,,8,2,689,3176,3865,274
2020-04-04,47155,47155,13,0,,,,,5,-8,,,,,0,0,13,288,301,29
2020-04-04,47153,47153,2,0,,,,,2,0,,,,,0,0,2,30,32,3
2020-04-04,47151,47151,3,0,,,,,3,0,,,,,0,0,3,61,64,1
2020-04-04,47149,47149,140,13,,,,,140,14,,,,,3,0,140,1252,1392,88
2020-04-04,47145,47145,5,2,,,,,5,2,,,,,0,0,5,163,168,18
2020-04-04,47097,47097,2,0,,,,,2,0,,,,,0,0,2,61,63,16
2020-04-04,47137,47137,0,0,,,,,0,0,,,,,0,0,0,13,13,0
2020-04-04,47093,47093,99,1,,,,,99,2,,,,,1,0,99,1070,1169,105
2020-04-04,47041,47041,5,0,,,,,5,0,,,,,0,0,5,92,97,7
2020-04-04,47039,47039,0,0,,,,,0,0,,,,,0,0,0,47,47,8
2020-04-04,47037,47037,741,56,,,,,741,62,,,,,6,0,741,5445,6186,388
2020-04-04,47035,47035,23,1,,,,,17,-5,,,,,0,0,23,372,395,26
2020-04-04,47033,47033,0,0,,,,,0,0,,,,,0,0,0,35,35,3
2020-04-04,47031,47031,4,1,,,,,4,1,,,,,0,0,4,189,193,23
2020-04-04,47029,47029,1,0,,,,,1,0,,,,,0,0,1,62,63,5
2020-04-04,47027,47027,1,0,,,,,1,0,,,,,0,0,1,47,48,0
2020-04-04,47025,47025,2,0,,,,,2,0,,,,,0,0,2,53,55,8
2020-04-04,47023,47023,6,1,,,,,6,1,,,,,0,0,6,58,64,6
2020-04-04,47021,47021,12,1,,,,,12,1,,,,,0,0,12,239,251,23
2020-04-04,47019,47019,3,0,,,,,3,0,,,,,0,0,3,74,77,5
2020-04-04,47017,47017,6,0,,,,,6,0,,,,,0,0,6,114,120,9
2020-04-04,47015,47015,4,0,,,,,4,0,,,,,0,0,4,67,71,3
2020-04-04,47013,47013,5,1,,,,,5,1,,,,,0,0,5,78,83,6
2020-04-04,47011,47011,21,0,,,,,21,0,,,,,0,0,21,207,228,16
2020-04-04,47009,47009,34,1,,,,,34,1,,,,,0,0,34,259,293,91
2020-04-04,47007,47007,2,0,,,,,2,0,,,,,0,0,2,22,24,0
2020-04-04,47005,47005,4,0,,,,,4,0,,,,,0,0,4,47,51,9
2020-04-04,47003,47003,8,2,,,,,8,2,,,,,0,0,8,120,128,3
2020-04-04,47001,47001,10,0,,,,,10,0,,,,,0,0,10,203,213,23
2020-04-04,47043,47043,22,1,,,,,22,1,,,,,0,0,22,173,195,16
2020-04-04,47045,47045,7,2,,,,,7,2,,,,,0,0,7,104,111,16
2020-04-04,47095,47095,0,0,,,,,0,0,,,,,0,0,0,18,18,2
2020-04-04,47049,47049,1,0,,,,,0,-1,,,,,0,0,1,62,63,8
2020-04-04,47089,47089,6,0,,,,,6,0,,,,,0,0,6,108,114,9
2020-04-04,47087,47087,3,0,,,,,3,0,,,,,0,0,3,43,46,1
2020-04-04,47085,47085,3,0,,,,,3,0,,,,,0,0,3,56,59,9
2020-04-04,47083,47083,2,1,,,,,2,1,,,,,0,0,2,84,86,2
2020-04-04,47081,47081,1,0,,,,,1,0,,,,,0,0,1,78,79,5
2020-04-04,47079,47079,4,0,,,,,4,0,,,,,0,0,4,94,98,5
2020-04-04,47077,47077,0,0,,,,,0,0,,,,,0,0,0,98,98,8
2020-04-04,47075,47075,2,0,,,,,2,0,,,,,0,0,2,47,49,2
2020-04-04,47073,47073,9,1,,,,,9,1,,,,,1,0,9,73,82,2
2020-04-04,47071,47071,2,0,,,,,1,-1,,,,,0,0,2,145,147,25
2020-04-04,47091,47091,2,0,,,,,1,-1,,,,,0,0,2,10,12,0
2020-04-04,47067,47067,0,0,,,,,0,0,,,,,0,0,0,9,9,2
2020-04-04,47065,47065,70,3,,,,,70,6,,,,,4,1,70,804,874,89
2020-04-04,47063,47063,4,1,,,,,0,-3,,,,,0,0,4,107,111,13
2020-04-04,47061,47061,12,1,,,,,12,1,,,,,0,0,12,43,55,7
2020-04-04,47059,47059,16,0,,,,,16,1,,,,,1,0,16,90,106,1
2020-04-04,47057,47057,3,0,,,,,2,-1,,,,,0,0,3,45,48,1
2020-04-04,47055,47055,3,0,,,,,3,0,,,,,0,0,3,82,85,2
2020-04-04,47053,47053,8,1,,,,,8,1,,,,,0,0,8,178,186,29
2020-04-04,47047,47047,18,1,,,,,18,1,,,,,0,0,18,172,190,18
2020-04-04,47051,47051,12,0,,,,,12,0,,,,,1,0,12,113,125,7
2020-04-04,47069,47069,6,1,,,,,6,1,,,,,0,0,6,84,90,27
2020-04-05,47129,47129,4,0,,,,,4,1,,,,,0,0,4,44,48,6
2020-04-05,47131,47131,2,0,,,,,1,0,,,,,1,0,2,80,82,3
2020-04-05,,47OOS,265,47,,,,,265,47,,,,,0,-1,265,7238,7503,1134
2020-04-05,47139,47139,3,0,,,,,3,0,,,,,0,0,3,22,25,1
2020-04-05,,47PEN,86,23,,,,,84,21,,,,,0,0,86,7400,7486,1057
2020-04-05,47135,47135,3,0,,,,,3,0,,,,,0,0,3,30,33,4
2020-04-05,47137,47137,0,0,,,,,0,0,,,,,0,0,0,15,15,2
2020-04-05,47127,47127,0,0,,,,,0,0,,,,,0,0,0,16,16,0
2020-04-05,47133,47133,3,1,,,,,3,1,,,,,0,0,3,112,115,7
2020-04-05,47125,47125,51,5,,,,,50,4,,,,,1,0,51,686,737,43
2020-04-05,47115,47115,16,0,,,,,15,-1,,,,,1,0,16,67,83,5
2020-04-05,47109,47109,3,0,,,,,3,0,,,,,0,0,3,75,78,0
2020-04-05,47107,47107,3,0,,,,,3,0,,,,,0,0,3,204,207,11
2020-04-05,47119,47119,21,0,,,,,21,0,,,,,0,0,21,487,508,20
2020-04-05,47117,47117,6,2,,,,,6,2,,,,,0,0,6,140,146,9
2020-04-05,47113,47113,19,0,,,,,19,1,,,,,0,0,19,271,290,20
2020-04-05,47111,47111,9,2,,,,,8,1,,,,,0,0,9,165,174,11
2020-04-05,47105,47105,13,0,,,,,13,0,,,,,0,0,13,148,161,4
2020-04-05,47103,47103,5,0,,,,,5,0,,,,,0,0,5,63,68,-1
2020-04-05,47101,47101,2,0,,,,,2,0,,,,,0,0,2,21,23,0
2020-04-05,47141,47141,52,0,,,,,52,0,,,,,0,0,52,407,459,45
2020-04-05,47123,47123,6,0,,,,,6,1,,,,,0,0,6,135,141,18
2020-04-05,47143,47143,0,0,,,,,0,0,,,,,0,0,0,117,117,7
2020-04-05,47165,47165,321,20,,,,,306,5,,,,,10,0,321,1154,1475,110
2020-04-05,47147,47147,59,8,,,,,59,11,,,,,0,0,59,433,492,52
2020-04-05,47189,47189,93,11,,,,,93,11,,,,,0,0,93,961,1054,88
2020-04-05,47187,47187,258,19,,,,,256,17,,,,,2,2,258,1817,2075,138
2020-04-05,47185,47185,2,0,,,,,2,2,,,,,0,0,2,123,125,19
2020-04-05,47183,47183,5,4,,,,,5,4,,,,,0,0,5,90,95,17
2020-04-05,47181,47181,2,0,,,,,2,0,,,,,0,0,2,41,43,4
2020-04-05,47179,47179,23,1,,,,,23,1,,,,,0,-2,23,315,338,12
2020-04-05,47177,47177,1,0,,,,,1,0,,,,,0,0,1,126,127,7
2020-04-05,47175,47175,0,0,,,,,0,0,,,,,0,0,0,24,24,2
2020-04-05,47173,47173,1,0,,,,,1,0,,,,,0,0,1,33,34,1
2020-04-05,47171,47171,1,0,,,,,1,0,,,,,0,0,1,30,31,0
2020-04-05,47169,47169,8,1,,,,,7,0,,,,,1,0,8,43,51,7
2020-04-05,47167,47167,33,2,,,,,33,3,,,,,0,0,33,256,289,20
2020-04-05,47099,47099,3,0,,,,,3,0,,,,,0,0,3,155,158,3
2020-04-05,47163,47163,21,3,,,,,20,12,,,,,1,0,21,205,226,12
2020-04-05,47161,47161,2,1,,,,,2,2,,,,,0,0,2,61,63,8
2020-04-05,47159,47159,3,0,,,,,3,0,,,,,0,0,3,122,125,5
2020-04-05,47157,47157,736,47,,,,,723,34,,,,,9,1,736,3302,4038,173
2020-04-05,47155,47155,14,1,,,,,14,9,,,,,0,0,14,291,305,4
2020-04-05,47153,47153,2,0,,,,,2,0,,,,,0,0,2,33,35,3
2020-04-05,47151,47151,3,0,,,,,3,0,,,,,0,0,3,65,68,4
2020-04-05,47149,47149,147,7,,,,,144,4,,,,,3,0,147,1289,1436,44
2020-04-05,47145,47145,5,0,,,,,5,0,,,,,0,0,5,173,178,10
2020-04-05,47097,47097,2,0,,,,,2,0,,,,,0,0,2,56,58,-5
2020-04-05,47121,47121,2,0,,,,,2,0,,,,,0,0,2,50,52,2
2020-04-05,47093,47093,115,16,,,,,112,13,,,,,1,0,115,1121,1236,67
2020-04-05,47041,47041,7,2,,,,,7,2,,,,,0,0,7,105,112,15
2020-04-05,47039,47039,0,0,,,,,0,0,,,,,0,0,0,48,48,1
2020-04-05,47037,47037,801,60,,,,,794,53,,,,,6,0,801,5719,6520,334
2020-04-05,47035,47035,26,3,,,,,26,9,,,,,0,0,26,424,450,55
2020-04-05,47033,47033,0,0,,,,,0,0,,,,,0,0,0,36,36,1
2020-04-05,47031,47031,5,1,,,,,5,1,,,,,0,0,5,203,208,15
2020-04-05,47029,47029,1,0,,,,,1,0,,,,,0,0,1,67,68,5
2020-04-05,47027,47027,1,0,,,,,1,0,,,,,0,0,1,54,55,7
2020-04-05,47025,47025,2,0,,,,,2,0,,,,,0,0,2,55,57,2
2020-04-05,47023,47023,6,0,,,,,6,0,,,,,0,0,6,66,72,8
2020-04-05,47021,47021,13,1,,,,,13,1,,,,,0,0,13,260,273,22
2020-04-05,47019,47019,3,0,,,,,3,0,,,,,0,0,3,78,81,4
2020-04-05,47017,47017,7,1,,,,,7,1,,,,,0,0,7,120,127,7
2020-04-05,47015,47015,6,2,,,,,6,2,,,,,0,0,6,70,76,5
2020-04-05,47013,47013,5,0,,,,,5,0,,,,,0,0,5,84,89,6
2020-04-05,47011,47011,21,0,,,,,21,0,,,,,0,0,21,208,229,1
2020-04-05,47009,47009,36,2,,,,,34,0,,,,,1,1,36,282,318,25
2020-04-05,47007,47007,3,1,,,,,3,1,,,,,0,0,3,23,26,2
2020-04-05,47005,47005,4,0,,,,,4,0,,,,,0,0,4,52,56,5
2020-04-05,47003,47003,8,0,,,,,8,0,,,,,0,0,8,141,149,21
2020-04-05,47095,47095,0,0,,,,,0,0,,,,,0,0,0,19,19,1
2020-04-05,47043,47043,23,1,,,,,23,1,,,,,0,0,23,186,209,14
2020-04-05,47045,47045,9,2,,,,,9,2,,,,,0,0,9,113,122,11
2020-04-05,47001,47001,10,0,,,,,10,0,,,,,0,0,10,217,227,14
2020-04-05,47049,47049,2,1,,,,,2,2,,,,,0,0,2,67,69,6
2020-04-05,47047,47047,20,2,,,,,20,2,,,,,0,0,20,169,189,-1
2020-04-05,47089,47089,6,0,,,,,6,0,,,,,0,0,6,110,116,2
2020-04-05,47087,47087,3,0,,,,,3,0,,,,,0,0,3,47,50,4
2020-04-05,47085,47085,3,0,,,,,3,0,,,,,0,0,3,59,62,3
2020-04-05,47083,47083,2,0,,,,,2,0,,,,,0,0,2,82,84,-2
2020-04-05,47081,47081,2,1,,,,,2,1,,,,,0,0,2,81,83,4
2020-04-05,47079,47079,4,0,,,,,4,0,,,,,0,0,4,100,104,6
2020-04-05,47077,47077,1,1,,,,,1,1,,,,,0,0,1,98,99,1
2020-04-05,47075,47075,3,1,,,,,3,1,,,,,0,0,3,51,54,5
2020-04-05,47073,47073,10,1,,,,,9,0,,,,,1,0,10,75,85,3
2020-04-05,47091,47091,2,0,,,,,2,1,,,,,0,0,2,12,14,2
2020-04-05,47069,47069,6,0,,,,,6,0,,,,,0,0,6,89,95,5
2020-04-05,47067,47067,0,0,,,,,0,0,,,,,0,0,0,12,12,3
2020-04-05,47065,47065,74,4,,,,,65,-5,,,,,4,0,74,843,917,43
2020-04-05,47063,47063,4,0,,,,,4,4,,,,,0,0,4,114,118,7
2020-04-05,47061,47061,12,0,,,,,12,0,,,,,0,0,12,51,63,8
2020-04-05,47059,47059,17,1,,,,,16,0,,,,,1,0,17,88,105,-1
2020-04-05,47057,47057,3,0,,,,,3,1,,,,,0,0,3,48,51,3
2020-04-05,47055,47055,3,0,,,,,3,0,,,,,0,0,3,78,81,-4
2020-04-05,47053,47053,11,3,,,,,11,3,,,,,0,0,11,187,198,12
2020-04-05,47051,47051,12,0,,,,,11,-1,,,,,1,0,12,115,127,2
2020-04-05,47071,47071,2,0,,,,,2,1,,,,,0,0,2,149,151,4
2020-04-06,47103,47103,5,0,,,,,5,0,,,,,0,0,5,64,69,1
2020-04-06,47129,47129,5,1,,,,,5,1,,,,,0,0,5,47,52,4
2020-04-06,47131,47131,2,0,,,,,1,0,,,,,1,0,2,81,83,1
2020-04-06,,47OOS,290,25,,,,,290,25,,,,,0,0,290,7862,8152,649
2020-04-06,47139,47139,3,0,,,,,3,0,,,,,0,0,3,27,30,5
2020-04-06,,47PEN,69,-17,,,,,67,-17,,,,,2,2,69,7351,7420,-66
2020-04-06,47135,47135,3,0,,,,,3,0,,,,,0,0,3,30,33,0
2020-04-06,47137,47137,0,0,,,,,0,0,,,,,0,0,0,16,16,1
2020-04-06,47133,47133,4,1,,,,,4,1,,,,,0,0,4,123,127,12
2020-04-06,47127,47127,0,0,,,,,0,0,,,,,0,0,0,18,18,2
2020-04-06,47119,47119,24,3,,,,,24,3,,,,,0,0,24,495,519,11
2020-04-06,47123,47123,6,0,,,,,6,0,,,,,0,0,6,138,144,3
2020-04-06,47121,47121,2,0,,,,,2,0,,,,,0,0,2,55,57,5
2020-04-06,47109,47109,4,1,,,,,4,1,,,,,0,0,4,83,87,9
2020-04-06,47107,47107,3,0,,,,,3,0,,,,,0,0,3,216,219,12
2020-04-06,47117,47117,9,3,,,,,9,3,,,,,0,0,9,143,152,6
2020-04-06,47115,47115,20,4,,,,,19,4,,,,,1,0,20,67,87,4
2020-04-06,47113,47113,22,3,,,,,22,3,,,,,0,0,22,313,335,45
2020-04-06,47111,47111,11,2,,,,,10,2,,,,,1,1,11,169,180,6
2020-04-06,47105,47105,13,0,,,,,13,0,,,,,0,0,13,158,171,10
2020-04-06,47141,47141,55,3,,,,,55,3,,,,,0,0,55,430,485,26
2020-04-06,47125,47125,54,3,,,,,53,3,,,,,1,0,54,734,788,51
2020-04-06,47143,47143,0,0,,,,,0,0,,,,,0,0,0,128,128,11
2020-04-06,47165,47165,335,14,,,,,320,14,,,,,15,5,335,1221,1556,81
2020-04-06,47147,47147,60,1,,,,,60,1,,,,,0,0,60,455,515,23
2020-04-06,47101,47101,2,0,,,,,2,0,,,,,0,0,2,21,23,0
2020-04-06,47189,47189,97,4,,,,,97,4,,,,,0,0,97,996,1093,39
2020-04-06,47187,47187,260,2,,,,,258,2,,,,,2,0,260,1849,2109,34
2020-04-06,47185,47185,2,0,,,,,2,0,,,,,0,0,2,128,130,5
2020-04-06,47183,47183,5,0,,,,,5,0,,,,,0,0,5,97,102,7
2020-04-06,47181,47181,2,0,,,,,2,0,,,,,0,0,2,45,47,4
2020-04-06,47179,47179,24,1,,,,,24,1,,,,,0,0,24,320,344,6
2020-04-06,47177,47177,1,0,,,,,1,0,,,,,0,0,1,134,135,8
2020-04-06,47175,47175,0,0,,,,,0,0,,,,,0,0,0,25,25,1
2020-04-06,47173,47173,1,0,,,,,1,0,,,,,0,0,1,34,35,1
2020-04-06,47171,47171,1,0,,,,,1,0,,,,,0,0,1,31,32,1
2020-04-06,47169,47169,11,3,,,,,10,3,,,,,1,0,11,44,55,4
2020-04-06,47167,47167,36,3,,,,,36,3,,,,,0,0,36,275,311,22
2020-04-06,47163,47163,25,4,,,,,24,4,,,,,1,0,25,211,236,10
2020-04-06,47161,47161,2,0,,,,,2,0,,,,,0,0,2,66,68,5
2020-04-06,47159,47159,3,0,,,,,3,0,,,,,0,0,3,125,128,3
2020-04-06,47157,47157,766,30,,,,,753,30,,,,,13,4,766,3396,4162,124
2020-04-06,47155,47155,16,2,,,,,16,2,,,,,0,0,16,312,328,23
2020-04-06,47153,47153,2,0,,,,,2,0,,,,,0,0,2,33,35,0
2020-04-06,47151,47151,3,0,,,,,3,0,,,,,0,0,3,66,69,1
2020-04-06,47149,47149,161,14,,,,,158,14,,,,,3,0,161,1385,1546,110
2020-04-06,47145,47145,5,0,,,,,5,0,,,,,0,0,5,187,192,14
2020-04-06,47099,47099,4,1,,,,,4,1,,,,,0,0,4,164,168,10
2020-04-06,47025,47025,2,0,,,,,2,0,,,,,0,0,2,63,65,8
2020-04-06,47095,47095,0,0,,,,,0,0,,,,,0,0,0,20,20,1
2020-04-06,47043,47043,24,1,,,,,24,1,,,,,0,0,24,193,217,8
2020-04-06,47041,47041,7,0,,,,,7,0,,,,,0,0,7,107,114,2
2020-04-06,47039,47039,0,0,,,,,0,0,,,,,0,0,0,50,50,2
2020-04-06,47037,47037,819,18,,,,,812,18,,,,,7,1,819,5979,6798,278
2020-04-06,47035,47035,26,0,,,,,26,0,,,,,0,0,26,448,474,24
2020-04-06,47033,47033,0,0,,,,,0,0,,,,,0,0,0,39,39,3
2020-04-06,47031,47031,7,2,,,,,7,2,,,,,0,0,7,210,217,9
2020-04-06,47029,47029,1,0,,,,,1,0,,,,,0,0,1,69,70,2
2020-04-06,47027,47027,1,0,,,,,1,0,,,,,0,0,1,75,76,21
2020-04-06,47023,47023,6,0,,,,,6,0,,,,,0,0,6,72,78,6
2020-04-06,47021,47021,13,0,,,,,13,0,,,,,0,0,13,282,295,22
2020-04-06,47019,47019,3,0,,,,,3,0,,,,,0,0,3,79,82,1
2020-04-06,47017,47017,8,1,,,,,8,1,,,,,0,0,8,127,135,8
2020-04-06,47015,47015,7,1,,,,,7,1,,,,,0,0,7,79,86,10
2020-04-06,47013,47013,5,0,,,,,5,0,,,,,0,0,5,88,93,4
2020-04-06,47011,47011,23,2,,,,,23,2,,,,,0,0,23,226,249,20
2020-04-06,47009,47009,38,2,,,,,36,2,,,,,2,1,38,294,332,14
2020-04-06,47007,47007,3,0,,,,,3,0,,,,,0,0,3,24,27,1
2020-04-06,47005,47005,4,0,,,,,4,0,,,,,0,0,4,54,58,2
2020-04-06,47003,47003,8,0,,,,,8,0,,,,,0,0,8,153,161,12
2020-04-06,47097,47097,5,3,,,,,5,3,,,,,0,0,5,64,69,11
2020-04-06,47045,47045,9,0,,,,,9,0,,,,,0,0,9,116,125,3
2020-04-06,47047,47047,21,1,,,,,21,1,,,,,0,0,21,177,198,9
2020-04-06,47001,47001,10,0,,,,,10,0,,,,,0,0,10,231,241,14
2020-04-06,47051,47051,14,2,,,,,13,2,,,,,1,0,14,125,139,12
2020-04-06,47049,47049,2,0,,,,,2,0,,,,,0,0,2,73,75,6
2020-04-06,47091,47091,2,0,,,,,2,0,,,,,0,0,2,12,14,0
2020-04-06,47089,47089,7,1,,,,,7,1,,,,,0,0,7,119,126,10
2020-04-06,47087,47087,3,0,,,,,3,0,,,,,0,0,3,47,50,0
2020-04-06,47085,47085,3,0,,,,,3,0,,,,,0,0,3,61,64,2
2020-04-06,47083,47083,2,0,,,,,2,0,,,,,0,0,2,85,87,3
2020-04-06,47081,47081,2,0,,,,,2,0,,,,,0,0,2,83,85,2
2020-04-06,47079,47079,5,1,,,,,5,1,,,,,0,0,5,103,108,4
2020-04-06,47077,47077,1,0,,,,,1,0,,,,,0,0,1,104,105,6
2020-04-06,47075,47075,5,2,,,,,5,2,,,,,0,0,5,52,57,3
2020-04-06,47073,47073,14,4,,,,,13,4,,,,,1,0,14,77,91,6
2020-04-06,47093,47093,119,4,,,,,116,4,,,,,3,2,119,1177,1296,60
2020-04-06,47069,47069,6,0,,,,,6,0,,,,,0,0,6,91,97,2
2020-04-06,47067,47067,0,0,,,,,0,0,,,,,0,0,0,12,12,0
2020-04-06,47065,47065,83,9,,,,,74,9,,,,,9,5,83,888,971,54
2020-04-06,47063,47063,4,0,,,,,4,0,,,,,0,0,4,128,132,14
2020-04-06,47061,47061,15,3,,,,,15,3,,,,,0,0,15,52,67,4
2020-04-06,47059,47059,17,0,,,,,16,0,,,,,1,0,17,92,109,4
2020-04-06,47057,47057,3,0,,,,,3,0,,,,,0,0,3,48,51,0
2020-04-06,47055,47055,3,0,,,,,3,0,,,,,0,0,3,85,88,7
2020-04-06,47053,47053,12,1,,,,,12,1,,,,,0,0,12,195,207,9
2020-04-06,47071,47071,2,0,,,,,2,0,,,,,0,0,2,152,154,3
2020-04-07,47101,47101,2,0,,,,,2,0,,,,,0,0,2,23,25,2
2020-04-07,47127,47127,0,0,,,,,0,0,,,,,0,0,0,24,24,6
2020-04-07,47129,47129,5,0,,,,,5,0,,,,,0,0,5,55,60,8
2020-04-07,47131,47131,3,1,,,,,2,1,,,,,1,0,3,89,92,9
2020-04-07,47137,47137,0,0,,,,,0,0,,,,,0,0,0,18,18,2
2020-04-07,47133,47133,4,0,,,,,4,0,,,,,0,0,4,148,152,25
2020-04-07,,47PEN,68,-1,,,,,67,0,,,,,1,-1,68,8041,8109,689
2020-04-07,47135,47135,3,0,,,,,3,0,,,,,0,0,3,32,35,2
2020-04-07,,47OOS,281,-9,,,,,279,-11,,,,,2,2,281,8984,9265,1113
2020-04-07,47125,47125,65,11,,,,,63,10,,,,,2,1,65,850,915,127
2020-04-07,47119,47119,26,2,,,,,26,2,,,,,0,0,26,524,550,31
2020-04-07,47121,47121,2,0,,,,,2,0,,,,,0,0,2,58,60,3
2020-04-07,47109,47109,5,1,,,,,5,1,,,,,0,0,5,90,95,8
2020-04-07,47107,47107,3,0,,,,,3,0,,,,,0,0,3,254,257,38
2020-04-07,47117,47117,9,0,,,,,9,0,,,,,0,0,9,149,158,6
2020-04-07,47115,47115,21,1,,,,,20,1,,,,,1,0,21,80,101,14
2020-04-07,47113,47113,43,21,,,,,43,21,,,,,0,0,43,450,493,158
2020-04-07,47111,47111,12,1,,,,,11,1,,,,,1,0,12,178,190,10
2020-04-07,47105,47105,15,2,,,,,15,2,,,,,0,0,15,176,191,20
2020-04-07,47103,47103,6,1,,,,,6,1,,,,,0,0,6,67,73,4
2020-04-07,47139,47139,3,0,,,,,3,0,,,,,0,0,3,31,34,4
2020-04-07,47123,47123,6,0,,,,,6,0,,,,,0,0,6,156,162,18
2020-04-07,47141,47141,57,2,,,,,57,2,,,,,0,0,57,482,539,54
2020-04-07,47163,47163,26,1,,,,,25,1,,,,,1,0,26,256,282,46
2020-04-07,47145,47145,5,0,,,,,5,0,,,,,0,0,5,206,211,19
2020-04-07,47099,47099,6,2,,,,,6,2,,,,,0,0,6,197,203,35
2020-04-07,47187,47187,278,18,,,,,275,17,,,,,3,1,278,2023,2301,192
2020-04-07,47185,47185,2,0,,,,,2,0,,,,,0,0,2,160,162,32
2020-04-07,47183,47183,5,0,,,,,5,0,,,,,0,0,5,113,118,16
2020-04-07,47181,47181,2,0,,,,,2,0,,,,,0,0,2,52,54,7
2020-04-07,47179,47179,27,3,,,,,27,3,,,,,0,0,27,361,388,44
2020-04-07,47177,47177,2,1,,,,,2,1,,,,,0,0,2,157,159,24
2020-04-07,47175,47175,0,0,,,,,0,0,,,,,0,0,0,28,28,3
2020-04-07,47173,47173,1,0,,,,,1,0,,,,,0,0,1,39,40,5
2020-04-07,47171,47171,1,0,,,,,1,0,,,,,0,0,1,39,40,8
2020-04-07,47169,47169,14,3,,,,,13,3,,,,,1,0,14,49,63,8
2020-04-07,47167,47167,38,2,,,,,38,2,,,,,0,0,38,293,331,20
2020-04-07,47165,47165,361,26,,,,,346,26,,,,,15,0,361,1358,1719,163
2020-04-07,47161,47161,2,0,,,,,2,0,,,,,0,0,2,77,79,11
2020-04-07,47159,47159,3,0,,,,,3,0,,,,,0,0,3,137,140,12
2020-04-07,47157,47157,835,69,,,,,820,67,,,,,15,2,835,3589,4424,262
2020-04-07,47155,47155,18,2,,,,,18,2,,,,,0,0,18,366,384,56
2020-04-07,47153,47153,1,-1,,,,,1,-1,,,,,0,0,1,48,49,14
2020-04-07,47151,47151,4,1,,,,,4,1,,,,,0,0,4,80,84,15
2020-04-07,47149,47149,178,17,,,,,175,17,,,,,3,0,178,1602,1780,234
2020-04-07,47147,47147,65,5,,,,,65,5,,,,,0,0,65,510,575,60
2020-04-07,47143,47143,0,0,,,,,0,0,,,,,0,0,0,147,147,19
2020-04-07,47097,47097,5,0,,,,,5,0,,,,,0,0,5,74,79,10
2020-04-07,47189,47189,113,16,,,,,113,16,,,,,0,0,113,1092,1205,112
2020-04-07,47093,47093,143,24,,,,,140,24,,,,,3,0,143,1530,1673,377
2020-04-07,47041,47041,7,0,,,,,7,0,,,,,0,0,7,119,126,12
2020-04-07,47039,47039,0,0,,,,,0,0,,,,,0,0,0,57,57,7
2020-04-07,47037,47037,888,69,,,,,879,67,,,,,9,2,888,6359,7247,449
2020-04-07,47035,47035,32,6,,,,,32,6,,,,,0,0,32,525,557,83
2020-04-07,47033,47033,0,0,,,,,0,0,,,,,0,0,0,52,52,13
2020-04-07,47031,47031,7,0,,,,,7,0,,,,,0,0,7,223,230,13
2020-04-07,47029,47029,2,1,,,,,2,1,,,,,0,0,2,76,78,8
2020-04-07,47027,47027,1,0,,,,,1,0,,,,,0,0,1,78,79,3
2020-04-07,47025,47025,2,0,,,,,2,0,,,,,0,0,2,71,73,8
2020-04-07,47023,47023,7,1,,,,,7,1,,,,,0,0,7,85,92,14
2020-04-07,47021,47021,13,0,,,,,13,0,,,,,0,0,13,331,344,49
2020-04-07,47019,47019,3,0,,,,,3,0,,,,,0,0,3,95,98,16
2020-04-07,47017,47017,8,0,,,,,8,0,,,,,0,0,8,141,149,14
2020-04-07,47015,47015,7,0,,,,,7,0,,,,,0,0,7,82,89,3
2020-04-07,47013,47013,6,1,,,,,6,1,,,,,0,0,6,101,107,14
2020-04-07,47011,47011,25,2,,,,,25,2,,,,,0,0,25,268,293,44
2020-04-07,47009,47009,41,3,,,,,39,3,,,,,2,0,41,349,390,58
2020-04-07,47007,47007,3,0,,,,,3,0,,,,,0,0,3,32,35,8
2020-04-07,47005,47005,4,0,,,,,4,0,,,,,0,0,4,58,62,4
2020-04-07,47003,47003,10,2,,,,,10,2,,,,,0,0,10,164,174,13
2020-04-07,47001,47001,11,1,,,,,11,1,,,,,0,0,11,270,281,40
2020-04-07,47043,47043,27,3,,,,,27,3,,,,,0,0,27,210,237,20
2020-04-07,47045,47045,10,1,,,,,10,1,,,,,0,0,10,130,140,15
2020-04-07,47095,47095,0,0,,,,,0,0,,,,,0,0,0,22,22,2
2020-04-07,47049,47049,2,0,,,,,2,0,,,,,0,0,2,84,86,11
2020-04-07,47047,47047,21,0,,,,,21,0,,,,,0,0,21,189,210,12
2020-04-07,47091,47091,2,0,,,,,2,0,,,,,0,0,2,13,15,1
2020-04-07,47089,47089,10,3,,,,,10,3,,,,,0,0,10,139,149,23
2020-04-07,47087,47087,3,0,,,,,3,0,,,,,0,0,3,51,54,4
2020-04-07,47085,47085,4,1,,,,,4,1,,,,,0,0,4,69,73,9
2020-04-07,47083,47083,2,0,,,,,2,0,,,,,0,0,2,88,90,3
2020-04-07,47079,47079,6,1,,,,,6,1,,,,,0,0,6,121,127,19
2020-04-07,47077,47077,2,1,,,,,2,1,,,,,0,0,2,122,124,19
2020-04-07,47075,47075,6,1,,,,,6,1,,,,,0,0,6,60,66,9
2020-04-07,47073,47073,16,2,,,,,15,2,,,,,1,0,16,104,120,29
2020-04-07,47081,47081,2,0,,,,,2,0,,,,,0,0,2,85,87,2
2020-04-07,47069,47069,6,0,,,,,6,0,,,,,0,0,6,104,110,13
2020-04-07,47067,47067,0,0,,,,,0,0,,,,,0,0,0,12,12,0
2020-04-07,47065,47065,95,12,,,,,86,12,,,,,9,0,95,1025,1120,149
2020-04-07,47063,47063,4,0,,,,,4,0,,,,,0,0,4,150,154,22
2020-04-07,47051,47051,14,0,,,,,13,0,,,,,1,0,14,136,150,11
2020-04-07,47061,47061,16,1,,,,,16,1,,,,,0,0,16,69,85,18
2020-04-07,47059,47059,18,1,,,,,17,1,,,,,1,0,18,117,135,26
2020-04-07,47057,47057,3,0,,,,,3,0,,,,,0,0,3,54,57,6
2020-04-07,47055,47055,3,0,,,,,3,0,,,,,0,0,3,112,115,27
2020-04-07,47053,47053,13,1,,,,,13,1,,,,,0,0,13,226,239,32
2020-04-07,47071,47071,2,0,,,,,2,0,,,,,0,0,2,166,168,14
2020-04-08,47129,47129,5,0,,,,,5,0,,,,,0,0,5,57,62,2
2020-04-08,47131,47131,4,1,,,,,3,1,,,,,1,0,4,97,101,9
2020-04-08,,47OOS,282,1,,,,,282,3,,,,,0,-2,282,9754,10036,771
2020-04-08,47139,47139,3,0,,,,,3,0,,,,,0,0,3,31,34,0
2020-04-08,,47PEN,31,-37,,,,,31,-36,,,,,0,-1,31,8244,8275,166
2020-04-08,47135,47135,3,0,,,,,3,0,,,,,0,0,3,32,35,0
2020-04-08,47137,47137,0,0,,,,,0,0,,,,,0,0,0,22,22,4
2020-04-08,47127,47127,0,0,,,,,0,0,,,,,0,0,0,25,25,1
2020-04-08,47133,47133,5,1,,,,,5,1,,,,,0,0,5,184,189,37
2020-04-08,47125,47125,72,7,,,,,70,7,,,,,2,0,72,956,1028,113
2020-04-08,47103,47103,7,1,,,,,7,1,,,,,0,0,7,73,80,7
2020-04-08,47121,47121,3,1,,,,,3,1,,,,,0,0,3,62,65,5
2020-04-08,47109,47109,7,2,,,,,7,2,,,,,0,0,7,92,99,4
2020-04-08,47107,47107,3,0,,,,,3,0,,,,,0,0,3,261,264,7
2020-04-08,47119,47119,29,3,,,,,29,3,,,,,0,0,29,549,578,28
2020-04-08,47117,47117,9,0,,,,,9,0,,,,,0,0,9,155,164,6
2020-04-08,47115,47115,21,0,,,,,20,0,,,,,1,0,21,81,102,1
2020-04-08,47113,47113,43,0,,,,,43,0,,,,,0,0,43,484,527,34
2020-04-08,47111,47111,16,4,,,,,15,4,,,,,1,0,16,195,211,21
2020-04-08,47105,47105,15,0,,,,,15,0,,,,,0,0,15,188,203,12
2020-04-08,47141,47141,81,24,,,,,81,24,,,,,0,0,81,576,657,118
2020-04-08,47123,47123,6,0,,,,,6,0,,,,,0,0,6,162,168,6
2020-04-08,47143,47143,0,0,,,,,0,0,,,,,0,0,0,151,151,4
2020-04-08,47165,47165,376,15,,,,,358,12,,,,,18,3,376,1413,1789,70
2020-04-08,47147,47147,67,2,,,,,67,2,,,,,0,0,67,551,618,43
2020-04-08,47101,47101,2,0,,,,,2,0,,,,,0,0,2,26,28,3
2020-04-08,47189,47189,117,4,,,,,117,4,,,,,0,0,117,1168,1285,80
2020-04-08,47187,47187,287,9,,,,,284,9,,,,,3,0,287,2134,2421,120
2020-04-08,47185,47185,2,0,,,,,2,0,,,,,0,0,2,160,162,0
2020-04-08,47183,47183,5,0,,,,,5,0,,,,,0,0,5,121,126,8
2020-04-08,47181,47181,2,0,,,,,2,0,,,,,0,0,2,59,61,7
2020-04-08,47179,47179,30,3,,,,,30,3,,,,,0,0,30,424,454,66
2020-04-08,47177,47177,2,0,,,,,2,0,,,,,0,0,2,159,161,2
2020-04-08,47175,47175,0,0,,,,,0,0,,,,,0,0,0,32,32,4
2020-04-08,47173,47173,2,1,,,,,2,1,,,,,0,0,2,43,45,5
2020-04-08,47171,47171,1,0,,,,,1,0,,,,,0,0,1,41,42,2
2020-04-08,47169,47169,14,0,,,,,13,0,,,,,1,0,14,61,75,12
2020-04-08,47167,47167,38,0,,,,,38,0,,,,,0,0,38,329,367,36
2020-04-08,47163,47163,27,1,,,,,26,1,,,,,1,0,27,299,326,44
2020-04-08,47161,47161,2,0,,,,,2,0,,,,,0,0,2,82,84,5
2020-04-08,47159,47159,3,0,,,,,3,0,,,,,0,0,3,147,150,10
2020-04-08,47157,47157,912,77,,,,,895,75,,,,,17,2,912,4116,5028,604
2020-04-08,47155,47155,19,1,,,,,19,1,,,,,0,0,19,409,428,44
2020-04-08,47153,47153,1,0,,,,,1,0,,,,,0,0,1,50,51,2
2020-04-08,47151,47151,5,1,,,,,5,1,,,,,0,0,5,84,89,5
2020-04-08,47149,47149,193,15,,,,,190,15,,,,,3,0,193,1706,1899,119
2020-04-08,47145,47145,5,0,,,,,5,0,,,,,0,0,5,222,227,16
2020-04-08,47099,47099,10,4,,,,,10,4,,,,,0,0,10,227,237,34
2020-04-08,47025,47025,2,0,,,,,2,0,,,,,0,0,2,79,81,8
2020-04-08,47095,47095,0,0,,,,,0,0,,,,,0,0,0,22,22,0
2020-04-08,47043,47043,26,-1,,,,,26,-1,,,,,0,0,26,235,261,24
2020-04-08,47041,47041,7,0,,,,,7,0,,,,,0,0,7,153,160,34
2020-04-08,47039,47039,1,1,,,,,1,1,,,,,0,0,1,59,60,3
2020-04-08,47037,47037,946,58,,,,,933,54,,,,,13,4,946,6588,7534,287
2020-04-08,47035,47035,33,1,,,,,33,1,,,,,0,0,33,560,593,36
2020-04-08,47033,47033,0,0,,,,,0,0,,,,,0,0,0,53,53,1
2020-04-08,47031,47031,7,0,,,,,7,0,,,,,0,0,7,226,233,3
2020-04-08,47029,47029,2,0,,,,,2,0,,,,,0,0,2,80,82,4
2020-04-08,47027,47027,2,1,,,,,2,1,,,,,0,0,2,92,94,15
2020-04-08,47097,47097,6,1,,,,,6,1,,,,,0,0,6,83,89,10
2020-04-08,47023,47023,6,-1,,,,,6,-1,,,,,0,0,6,90,96,4
2020-04-08,47021,47021,13,0,,,,,13,0,,,,,0,0,13,355,368,24
2020-04-08,47019,47019,3,0,,,,,3,0,,,,,0,0,3,110,113,15
2020-04-08,47017,47017,8,0,,,,,8,0,,,,,0,0,8,154,162,13
2020-04-08,47015,47015,7,0,,,,,7,0,,,,,0,0,7,91,98,9
2020-04-08,47013,47013,6,0,,,,,6,0,,,,,0,0,6,104,110,3
2020-04-08,47011,47011,28,3,,,,,28,3,,,,,0,0,28,277,305,12
2020-04-08,47009,47009,42,1,,,,,40,1,,,,,2,0,42,383,425,35
2020-04-08,47007,47007,3,0,,,,,3,0,,,,,0,0,3,34,37,2
2020-04-08,47005,47005,4,0,,,,,4,0,,,,,0,0,4,65,69,7
2020-04-08,47003,47003,12,2,,,,,12,2,,,,,0,0,12,178,190,16
2020-04-08,47045,47045,11,1,,,,,11,1,,,,,0,0,11,153,164,24
2020-04-08,47047,47047,22,1,,,,,22,1,,,,,0,0,22,216,238,28
2020-04-08,47001,47001,11,0,,,,,10,-1,,,,,1,1,11,290,301,20
2020-04-08,47051,47051,17,3,,,,,16,3,,,,,1,0,17,139,156,6
2020-04-08,47093,47093,148,5,,,,,145,5,,,,,3,0,148,1698,1846,173
2020-04-08,47091,47091,2,0,,,,,2,0,,,,,0,0,2,17,19,4
2020-04-08,47089,47089,12,2,,,,,12,2,,,,,0,0,12,148,160,11
2020-04-08,47087,47087,4,1,,,,,4,1,,,,,0,0,4,78,82,28
2020-04-08,47085,47085,4,0,,,,,4,0,,,,,0,0,4,73,77,4
2020-04-08,47083,47083,2,0,,,,,2,0,,,,,0,0,2,89,91,1
2020-04-08,47049,47049,2,0,,,,,2,0,,,,,0,0,2,95,97,11
2020-04-08,47079,47079,6,0,,,,,6,0,,,,,0,0,6,134,140,13
2020-04-08,47077,47077,2,0,,,,,2,0,,,,,0,0,2,131,133,9
2020-04-08,47075,47075,7,1,,,,,7,1,,,,,0,0,7,68,75,9
2020-04-08,47081,47081,2,0,,,,,2,0,,,,,0,0,2,93,95,8
2020-04-08,47071,47071,2,0,,,,,2,0,,,,,0,0,2,184,186,18
2020-04-08,47073,47073,18,2,,,,,17,2,,,,,1,0,18,127,145,25
2020-04-08,47055,47055,3,0,,,,,3,0,,,,,0,0,3,117,120,5
2020-04-08,47057,47057,3,0,,,,,3,0,,,,,0,0,3,60,63,6
2020-04-08,47059,47059,20,2,,,,,19,2,,,,,1,0,20,124,144,9
2020-04-08,47053,47053,13,0,,,,,13,0,,,,,0,0,13,243,256,17
2020-04-08,47063,47063,4,0,,,,,4,0,,,,,0,0,4,171,175,21
2020-04-08,47065,47065,94,-1,,,,,85,-1,,,,,9,0,94,1053,1147,27
2020-04-08,47067,47067,0,0,,,,,0,0,,,,,0,0,0,14,14,2
2020-04-08,47069,47069,6,0,,,,,6,0,,,,,0,0,6,107,113,3
2020-04-08,47061,47061,16,0,,,,,16,0,,,,,0,0,16,69,85,0
2020-04-09,47137,47137,0,0,,,,,0,0,,,,,0,0,0,22,22,0
2020-04-09,47135,47135,3,0,,,,,3,0,,,,,0,0,3,33,36,1
2020-04-09,,47PEN,38,7,,,,,38,7,,,,,0,0,38,8394,8432,157
2020-04-09,47133,47133,5,0,,,,,5,0,,,,,0,0,5,200,205,16
2020-04-09,,47OOS,275,-7,,,,,274,-8,,,,,1,1,275,10506,10781,745
2020-04-09,47131,47131,4,0,,,,,3,0,,,,,1,0,4,101,105,4
2020-04-09,47129,47129,5,0,,,,,5,0,,,,,0,0,5,64,69,7
2020-04-09,47127,47127,0,0,,,,,0,0,,,,,0,0,0,28,28,3
2020-04-09,47125,47125,79,7,,,,,77,7,,,,,2,0,79,1025,1104,76
2020-04-09,47103,47103,7,0,,,,,7,0,,,,,0,0,7,80,87,7
2020-04-09,47121,47121,3,0,,,,,3,0,,,,,0,0,3,62,65,0
2020-04-09,47109,47109,9,2,,,,,9,2,,,,,0,0,9,96,105,6
2020-04-09,47107,47107,3,0,,,,,3,0,,,,,0,0,3,268,271,7
2020-04-09,47119,47119,31,2,,,,,31,2,,,,,0,0,31,560,591,13
2020-04-09,47117,47117,9,0,,,,,8,-1,,,,,1,1,9,163,172,8
2020-04-09,47115,47115,22,1,,,,,21,1,,,,,1,0,22,86,108,6
2020-04-09,47113,47113,47,4,,,,,47,4,,,,,0,0,47,506,553,26
2020-04-09,47111,47111,18,2,,,,,17,2,,,,,1,0,18,258,276,65
2020-04-09,47105,47105,15,0,,,,,15,0,,,,,0,0,15,200,215,12
2020-04-09,47139,47139,3,0,,,,,3,0,,,,,0,0,3,34,37,3
2020-04-09,47123,47123,7,1,,,,,7,1,,,,,0,0,7,172,179,11
2020-04-09,47141,47141,82,1,,,,,82,1,,,,,0,0,82,595,677,20
2020-04-09,47165,47165,389,13,,,,,369,11,,,,,20,2,389,1484,1873,84
2020-04-09,47145,47145,5,0,,,,,5,0,,,,,0,0,5,229,234,7
2020-04-09,47101,47101,2,0,,,,,2,0,,,,,0,0,2,26,28,0
2020-04-09,47187,47187,288,1,,,,,285,1,,,,,3,0,288,2210,2498,77
2020-04-09,47185,47185,3,1,,,,,3,1,,,,,0,0,3,161,164,2
2020-04-09,47183,47183,5,0,,,,,5,0,,,,,0,0,5,122,127,1
2020-04-09,47181,47181,2,0,,,,,2,0,,,,,0,0,2,60,62,1
2020-04-09,47179,47179,32,2,,,,,32,2,,,,,0,0,32,432,464,10
2020-04-09,47177,47177,3,1,,,,,3,1,,,,,0,0,3,186,189,28
2020-04-09,47175,47175,0,0,,,,,0,0,,,,,0,0,0,32,32,0
2020-04-09,47173,47173,1,-1,,,,,1,-1,,,,,0,0,1,45,46,1
2020-04-09,47171,47171,2,1,,,,,2,1,,,,,0,0,2,42,44,2
2020-04-09,47169,47169,14,0,,,,,13,0,,,,,1,0,14,65,79,4
2020-04-09,47167,47167,39,1,,,,,39,1,,,,,0,0,39,370,409,42
2020-04-09,47163,47163,34,7,,,,,33,7,,,,,1,0,34,307,341,15
2020-04-09,47161,47161,2,0,,,,,2,0,,,,,0,0,2,83,85,1
2020-04-09,47159,47159,5,2,,,,,5,2,,,,,0,0,5,155,160,10
2020-04-09,47157,47157,1006,94,,,,,986,91,,,,,20,3,1006,4727,5733,705
2020-04-09,47155,47155,21,2,,,,,21,2,,,,,0,0,21,422,443,15
2020-04-09,47153,47153,1,0,,,,,1,0,,,,,0,0,1,51,52,1
2020-04-09,47151,47151,5,0,,,,,5,0,,,,,0,0,5,86,91,2
2020-04-09,47149,47149,203,10,,,,,197,7,,,,,6,3,203,1758,1961,62
2020-04-09,47147,47147,70,3,,,,,70,3,,,,,0,0,70,591,661,43
2020-04-09,47143,47143,0,0,,,,,0,0,,,,,0,0,0,151,151,0
2020-04-09,47099,47099,11,1,,,,,11,1,,,,,0,0,11,231,242,5
2020-04-09,47189,47189,123,6,,,,,122,5,,,,,1,1,123,1226,1349,64
2020-04-09,47097,47097,7,1,,,,,7,1,,,,,0,0,7,96,103,14
2020-04-09,47041,47041,7,0,,,,,7,0,,,,,0,0,7,167,174,14
2020-04-09,47039,47039,1,0,,,,,1,0,,,,,0,0,1,60,61,1
2020-04-09,47037,47037,1004,58,,,,,991,58,,,,,13,0,1004,6812,7816,282
2020-04-09,47035,47035,34,1,,,,,34,1,,,,,0,0,34,583,617,24
2020-04-09,47033,47033,0,0,,,,,0,0,,,,,0,0,0,56,56,3
2020-04-09,47031,47031,10,3,,,,,10,3,,,,,0,0,10,247,257,24
2020-04-09,47029,47029,3,1,,,,,3,1,,,,,0,0,3,81,84,2
2020-04-09,47027,47027,2,0,,,,,2,0,,,,,0,0,2,103,105,11
2020-04-09,47025,47025,2,0,,,,,2,0,,,,,0,0,2,79,81,0
2020-04-09,47023,47023,6,0,,,,,6,0,,,,,0,0,6,95,101,5
2020-04-09,47021,47021,15,2,,,,,15,2,,,,,0,0,15,364,379,11
2020-04-09,47019,47019,3,0,,,,,3,0,,,,,0,0,3,115,118,5
2020-04-09,47017,47017,10,2,,,,,10,2,,,,,0,0,10,164,174,12
2020-04-09,47015,47015,7,0,,,,,7,0,,,,,0,0,7,97,104,6
2020-04-09,47013,47013,9,3,,,,,9,3,,,,,0,0,9,106,115,5
2020-04-09,47011,47011,28,0,,,,,28,0,,,,,0,0,28,286,314,9
2020-04-09,47009,47009,44,2,,,,,41,1,,,,,3,1,44,394,438,13
2020-04-09,47007,47007,3,0,,,,,3,0,,,,,0,0,3,36,39,2
2020-04-09,47005,47005,4,0,,,,,4,0,,,,,0,0,4,71,75,6
2020-04-09,47003,47003,14,2,,,,,14,2,,,,,0,0,14,195,209,19
2020-04-09,47001,47001,11,0,,,,,10,0,,,,,1,0,11,307,318,17
2020-04-09,47043,47043,28,2,,,,,28,2,,,,,0,0,28,252,280,19
2020-04-09,47045,47045,14,3,,,,,14,3,,,,,0,0,14,177,191,27
2020-04-09,47095,47095,0,0,,,,,0,0,,,,,0,0,0,23,23,1
2020-04-09,47049,47049,2,0,,,,,2,0,,,,,0,0,2,98,100,3
2020-04-09,47093,47093,157,9,,,,,154,9,,,,,3,0,157,1764,1921,75
2020-04-09,47091,47091,2,0,,,,,2,0,,,,,0,0,2,18,20,1
2020-04-09,47089,47089,12,0,,,,,12,0,,,,,0,0,12,155,167,7
2020-04-09,47087,47087,5,1,,,,,5,1,,,,,0,0,5,85,90,8
2020-04-09,47085,47085,4,0,,,,,4,0,,,,,0,0,4,75,79,2
2020-04-09,47083,47083,2,0,,,,,2,0,,,,,0,0,2,94,96,5
2020-04-09,47047,47047,25,3,,,,,25,3,,,,,0,0,25,253,278,40
2020-04-09,47079,47079,6,0,,,,,6,0,,,,,0,0,6,143,149,9
2020-04-09,47077,47077,2,0,,,,,2,0,,,,,0,0,2,143,145,12
2020-04-09,47075,47075,9,2,,,,,8,1,,,,,1,1,9,79,88,13
2020-04-09,47073,47073,21,3,,,,,20,3,,,,,1,0,21,137,158,13
2020-04-09,47081,47081,2,0,,,,,2,0,,,,,0,0,2,97,99,4
2020-04-09,47069,47069,6,0,,,,,6,0,,,,,0,0,6,111,117,4
2020-04-09,47067,47067,0,0,,,,,0,0,,,,,0,0,0,15,15,1
2020-04-09,47065,47065,98,4,,,,,88,3,,,,,10,1,98,1087,1185,38
2020-04-09,47063,47063,4,0,,,,,3,-1,,,,,1,1,4,181,185,10
2020-04-09,47061,47061,17,1,,,,,17,1,,,,,0,0,17,82,99,14
2020-04-09,47059,47059,22,2,,,,,21,2,,,,,1,0,22,138,160,16
2020-04-09,47057,47057,3,0,,,,,3,0,,,,,0,0,3,61,64,1
2020-04-09,47055,47055,3,0,,,,,3,0,,,,,0,0,3,120,123,3
2020-04-09,47053,47053,16,3,,,,,16,3,,,,,0,0,16,260,276,20
2020-04-09,47051,47051,17,0,,,,,16,0,,,,,1,0,17,153,170,14
2020-04-09,47071,47071,2,0,,,,,2,0,,,,,0,0,2,195,197,11
2020-04-10,47125,47125,84,5,,,,,67,-10,,,15,,2,0,84,1053,1137,33
2020-04-10,47127,47127,0,0,,,,,0,0,,,,,0,0,0,30,30,2
2020-04-10,47129,47129,5,0,,,,,1,-4,,,4,,0,0,5,73,78,9
2020-04-10,47131,47131,5,1,,,,,3,0,,,1,,1,0,5,106,111,6
2020-04-10,47137,47137,0,0,,,,,0,0,,,,,0,0,0,26,26,4
2020-04-10,47133,47133,5,0,,,,,2,-3,,,3,,0,0,5,216,221,16
2020-04-10,,47PEN,22,-16,,,,,21,-17,,,1,,0,0,22,8564,8586,154
2020-04-10,47135,47135,3,0,,,,,1,-2,,,2,,0,0,3,33,36,0
2020-04-10,,47OOS,246,-29,,,,,239,-35,,,6,,1,0,246,11052,11298,517
2020-04-10,47123,47123,8,1,,,,,6,-1,,,2,,0,0,8,187,195,16
2020-04-10,47101,47101,2,0,,,,,1,-1,,,1,,0,0,2,27,29,1
2020-04-10,47109,47109,9,0,,,,,5,-4,,,4,,0,0,9,102,111,6
2020-04-10,47107,47107,4,1,,,,,2,-1,,,2,,0,0,4,288,292,21
2020-04-10,47119,47119,32,1,,,,,22,-9,,,10,,0,0,32,575,607,16
2020-04-10,47117,47117,9,0,,,,,6,-2,,,2,,1,0,9,168,177,5
2020-04-10,47115,47115,22,0,,,,,11,-10,,,10,,1,0,22,95,117,9
2020-04-10,47113,47113,56,9,,,,,52,5,,,4,,0,0,56,557,613,60
2020-04-10,47111,47111,19,1,,,,,13,-4,,,4,,2,1,19,264,283,7
2020-04-10,47105,47105,16,1,,,,,8,-7,,,8,,0,0,16,213,229,14
2020-04-10,47103,47103,8,1,,,,,6,-1,,,2,,0,0,8,85,93,6
2020-04-10,47139,47139,5,2,,,,,3,0,,,2,,0,0,5,39,44,7
2020-04-10,47121,47121,3,0,,,,,2,-1,,,1,,0,0,3,66,69,4
2020-04-10,47141,47141,84,2,,,,,68,-14,,,16,,0,0,84,631,715,38
2020-04-10,47165,47165,413,24,,,,,314,-55,,,78,,21,1,413,1565,1978,105
2020-04-10,47145,47145,5,0,,,,,3,-2,,,2,,0,0,5,245,250,16
2020-04-10,47099,47099,12,1,,,,,9,-2,,,3,,0,0,12,244,256,14
2020-04-10,47187,47187,299,11,,,,,152,-133,,,143,,4,1,299,2269,2568,70
2020-04-10,47185,47185,3,0,,,,,3,0,,,,,0,0,3,180,183,19
2020-04-10,47183,47183,5,0,,,,,4,-1,,,1,,0,0,5,130,135,8
2020-04-10,47181,47181,2,0,,,,,2,0,,,,,0,0,2,69,71,9
2020-04-10,47179,47179,37,5,,,,,22,-10,,,15,,0,0,37,445,482,18
2020-04-10,47177,47177,3,0,,,,,3,0,,,,,0,0,3,195,198,9
2020-04-10,47175,47175,0,0,,,,,0,0,,,,,0,0,0,35,35,3
2020-04-10,47173,47173,3,2,,,,,3,2,,,,,0,0,3,48,51,5
2020-04-10,47171,47171,1,-1,,,,,1,-1,,,,,0,0,1,45,46,2
2020-04-10,47169,47169,14,0,,,,,13,0,,,,,1,0,14,70,84,5
2020-04-10,47167,47167,43,4,,,,,29,-10,,,14,,0,0,43,393,436,27
2020-04-10,47163,47163,35,1,,,,,24,-9,,,10,,1,0,35,309,344,3
2020-04-10,47161,47161,3,1,,,,,3,1,,,,,0,0,3,85,88,3
2020-04-10,47159,47159,5,0,,,,,5,0,,,,,0,0,5,161,166,6
2020-04-10,47157,47157,1083,77,,,,,934,-52,,,129,,20,0,1083,4965,6048,315
2020-04-10,47155,47155,21,0,,,,,10,-11,,,11,,0,0,21,442,463,20
2020-04-10,47153,47153,1,0,,,,,1,0,,,,,0,0,1,57,58,6
2020-04-10,47151,47151,8,3,,,,,6,1,,,2,,0,0,8,90,98,7
2020-04-10,47149,47149,222,19,,,,,167,-30,,,49,,6,0,222,1851,2073,112
2020-04-10,47147,47147,73,3,,,,,45,-25,,,28,,0,0,73,626,699,38
2020-04-10,47143,47143,0,0,,,,,0,0,,,,,0,0,0,158,158,7
2020-04-10,47189,47189,129,6,,,,,89,-33,,,39,,1,0,129,1270,1399,50
2020-04-10,47095,47095,0,0,,,,,0,0,,,,,0,0,0,23,23,0
2020-04-10,47093,47093,164,7,,,,,44,-110,,,117,,3,0,164,1927,2091,170
2020-04-10,47041,47041,8,1,,,,,7,0,,,1,,0,0,8,196,204,30
2020-04-10,47039,47039,1,0,,,,,1,0,,,,,0,0,1,64,65,4
2020-04-10,47037,47037,1048,44,,,,,831,-160,,,204,,13,0,1048,7061,8109,293
2020-04-10,47035,47035,39,5,,,,,34,0,,,5,,0,0,39,640,679,62
2020-04-10,47033,47033,0,0,,,,,0,0,,,,,0,0,0,65,65,9
2020-04-10,47031,47031,10,0,,,,,8,-2,,,2,,0,0,10,270,280,23
2020-04-10,47029,47029,3,0,,,,,2,-1,,,1,,0,0,3,86,89,5
2020-04-10,47027,47027,2,0,,,,,1,-1,,,1,,0,0,2,115,117,12
2020-04-10,47025,47025,3,1,,,,,2,0,,,1,,0,0,3,92,95,14
2020-04-10,47021,47021,17,2,,,,,9,-6,,,8,,0,0,17,392,409,30
2020-04-10,47019,47019,3,0,,,,,1,-2,,,2,,0,0,3,119,122,4
2020-04-10,47017,47017,10,0,,,,,4,-6,,,6,,0,0,10,187,197,23
2020-04-10,47015,47015,7,0,,,,,7,0,,,,,0,0,7,108,115,11
2020-04-10,47013,47013,10,1,,,,,6,-3,,,4,,0,0,10,120,130,15
2020-04-10,47011,47011,31,3,,,,,13,-15,,,18,,0,0,31,316,347,33
2020-04-10,47009,47009,45,1,,,,,22,-19,,,20,,3,0,45,436,481,43
2020-04-10,47007,47007,3,0,,,,,1,-2,,,2,,0,0,3,38,41,2
2020-04-10,47005,47005,4,0,,,,,4,0,,,,,0,0,4,74,78,3
2020-04-10,47003,47003,15,1,,,,,13,-1,,,1,,1,1,15,217,232,23
2020-04-10,47001,47001,11,0,,,,,5,-5,,,5,,1,0,11,330,341,23
2020-04-10,47097,47097,8,1,,,,,7,0,,,1,,0,0,8,107,115,12
2020-04-10,47043,47043,29,1,,,,,19,-9,,,10,,0,0,29,272,301,21
2020-04-10,47045,47045,15,1,,,,,12,-2,,,3,,0,0,15,192,207,16
2020-04-10,47023,47023,6,0,,,,,2,-4,,,4,,0,0,6,106,112,11
2020-04-10,47049,47049,2,0,,,,,2,0,,,,,0,0,2,105,107,7
2020-04-10,47047,47047,28,3,,,,,25,0,,,3,,0,0,28,261,289,11
2020-04-10,47089,47089,13,1,,,,,9,-3,,,4,,0,0,13,165,178,11
2020-04-10,47087,47087,5,0,,,,,4,-1,,,1,,0,0,5,88,93,3
2020-04-10,47085,47085,4,0,,,,,2,-2,,,2,,0,0,4,79,83,4
2020-04-10,47083,47083,3,1,,,,,2,0,,,1,,0,0,3,99,102,6
2020-04-10,47081,47081,2,0,,,,,1,-1,,,1,,0,0,2,99,101,2
2020-04-10,47079,47079,6,0,,,,,4,-2,,,2,,0,0,6,147,153,4
2020-04-10,47077,47077,2,0,,,,,1,-1,,,1,,0,0,2,155,157,12
2020-04-10,47075,47075,13,4,,,,,10,2,,,2,,1,0,13,86,99,11
2020-04-10,47073,47073,22,1,,,,,16,-4,,,5,,1,0,22,140,162,4
2020-04-10,47071,47071,2,0,,,,,1,-1,,,1,,0,0,2,206,208,11
2020-04-10,47091,47091,2,0,,,,,2,0,,,,,0,0,2,22,24,4
2020-04-10,47067,47067,0,0,,,,,0,0,,,,,0,0,0,15,15,0
2020-04-10,47065,47065,102,4,,,,,54,-34,,,38,,10,0,102,1142,1244,59
2020-04-10,47063,47063,4,0,,,,,2,-1,,,1,,1,0,4,187,191,6
2020-04-10,47061,47061,19,2,,,,,10,-7,,,9,,0,0,19,85,104,5
2020-04-10,47059,47059,25,3,,,,,10,-11,,,14,,1,0,25,163,188,28
2020-04-10,47057,47057,4,1,,,,,4,1,,,,,0,0,4,66,70,6
2020-04-10,47055,47055,3,0,,,,,3,0,,,,,0,0,3,127,130,7
2020-04-10,47053,47053,18,2,,,,,13,-3,,,5,,0,0,18,273,291,15
2020-04-10,47051,47051,17,0,,,,,2,-14,,,14,,1,0,17,164,181,11
2020-04-10,47069,47069,7,1,,,,,6,0,,,1,,0,0,7,113,120,3
2020-04-11,47139,47139,4,-1,,,,,2,-1,,,2,,0,0,4,39,43,-1
2020-04-11,47127,47127,0,0,,,,,0,0,,,,,0,0,0,31,31,1
2020-04-11,47129,47129,5,0,,,,,1,0,,,4,,0,0,5,81,86,8
2020-04-11,47131,47131,7,2,,,,,4,1,,,2,1,1,0,7,116,123,12
2020-04-11,47137,47137,0,0,,,,,0,0,,,,,0,0,0,29,29,3
2020-04-11,47133,47133,5,0,,,,,2,0,,,3,,0,0,5,274,279,58
2020-04-11,,47PEN,19,-3,,,,,18,-3,,,1,,0,0,19,8817,8836,250
2020-04-11,47135,47135,3,0,,,,,1,0,,,2,,0,0,3,35,38,2
2020-04-11,47125,47125,88,4,,,,,70,3,,,16,1,2,0,88,1145,1233,96
2020-04-11,,47OOS,276,30,,,,,269,30,,,6,,1,0,276,11899,12175,877
2020-04-11,47123,47123,8,0,,,,,3,-3,,,5,3,0,0,8,201,209,14
2020-04-11,47117,47117,9,0,,,,,6,0,,,2,,1,0,9,176,185,8
2020-04-11,47109,47109,9,0,,,,,5,0,,,4,,0,0,9,107,116,5
2020-04-11,47107,47107,4,0,,,,,1,-1,,,3,1,0,0,4,296,300,8
2020-04-11,47119,47119,32,0,,,,,18,-4,,,14,4,0,0,32,599,631,24
2020-04-11,47115,47115,24,2,,,,,13,2,,,10,,1,0,24,111,135,18
2020-04-11,47113,47113,56,0,,,,,48,-4,,,8,4,0,0,56,594,650,37
2020-04-11,47111,47111,23,4,,,,,16,3,,,5,1,2,0,23,344,367,84
2020-04-11,47105,47105,16,0,,,,,5,-3,,,11,3,0,0,16,231,247,18
2020-04-11,47103,47103,8,0,,,,,6,0,,,2,,0,0,8,88,96,3
2020-04-11,47101,47101,2,0,,,,,1,0,,,1,,0,0,2,32,34,5
2020-04-11,47121,47121,3,0,,,,,1,-1,,,2,1,0,0,3,70,73,4
2020-04-11,47141,47141,85,1,,,,,65,-3,,,20,4,0,0,85,687,772,57
2020-04-11,47189,47189,135,6,,,,,91,2,,,43,4,1,0,135,1325,1460,61
2020-04-11,47145,47145,5,0,,,,,1,-2,,,4,2,0,0,5,273,278,28
2020-04-11,47187,47187,312,13,,,,,149,-3,,,159,16,4,0,312,2349,2661,93
2020-04-11,47185,47185,3,0,,,,,3,0,,,,,0,0,3,201,204,21
2020-04-11,47183,47183,5,0,,,,,4,0,,,1,,0,0,5,141,146,11
2020-04-11,47181,47181,2,0,,,,,1,-1,,,1,1,0,0,2,72,74,3
2020-04-11,47179,47179,37,0,,,,,14,-8,,,23,8,0,0,37,473,510,28
2020-04-11,47177,47177,4,1,,,,,3,0,,,1,1,0,0,4,199,203,5
2020-04-11,47175,47175,0,0,,,,,0,0,,,,,0,0,0,35,35,0
2020-04-11,47173,47173,3,0,,,,,2,-1,,,1,1,0,0,3,54,57,6
2020-04-11,47171,47171,1,0,,,,,1,0,,,,,0,0,1,47,48,2
2020-04-11,47169,47169,17,3,,,,,16,3,,,,,1,0,17,85,102,18
2020-04-11,47167,47167,44,1,,,,,27,-2,,,17,3,0,0,44,424,468,32
2020-04-11,47165,47165,435,22,,,,,320,6,,,93,15,22,1,435,1672,2107,129
2020-04-11,47163,47163,37,2,,,,,22,-2,,,14,4,1,0,37,337,374,30
2020-04-11,47161,47161,4,1,,,,,4,1,,,,,0,0,4,94,98,10
2020-04-11,47159,47159,7,2,,,,,7,2,,,,,0,0,7,173,180,14
2020-04-11,47157,47157,1130,47,,,,,953,19,,,157,28,20,0,1130,5339,6469,421
2020-04-11,47155,47155,21,0,,,,,4,-6,,,17,6,0,0,21,469,490,27
2020-04-11,47153,47153,1,0,,,,,1,0,,,,,0,0,1,62,63,5
2020-04-11,47151,47151,8,0,,,,,5,-1,,,3,1,0,0,8,96,104,6
2020-04-11,47149,47149,235,13,,,,,169,2,,,60,11,6,0,235,1948,2183,110
2020-04-11,47147,47147,81,8,,,,,46,1,,,35,7,0,0,81,669,750,51
2020-04-11,47143,47143,0,0,,,,,0,0,,,,,0,0,0,167,167,9
2020-04-11,47099,47099,12,0,,,,,8,-1,,,4,1,0,0,12,270,282,26
2020-04-11,47097,47097,8,0,,,,,7,0,,,1,,0,0,8,119,127,12
2020-04-11,47093,47093,169,5,,,,,40,-4,,,125,8,4,1,169,2129,2298,207
2020-04-11,47041,47041,9,1,,,,,8,1,,,1,,0,0,9,198,207,3
2020-04-11,47039,47039,1,0,,,,,1,0,,,,,0,0,1,70,71,6
2020-04-11,47037,47037,1111,63,,,,,847,16,,,251,47,13,0,1111,7390,8501,392
2020-04-11,47035,47035,40,1,,,,,34,0,,,6,1,0,0,40,686,726,47
2020-04-11,47033,47033,0,0,,,,,0,0,,,,,0,0,0,68,68,3
2020-04-11,47031,47031,11,1,,,,,9,1,,,2,,0,0,11,279,290,10
2020-04-11,47029,47029,3,0,,,,,2,0,,,1,,0,0,3,92,95,6
2020-04-11,47027,47027,2,0,,,,,1,0,,,1,,0,0,2,121,123,6
2020-04-11,47025,47025,3,0,,,,,1,-1,,,2,1,0,0,3,100,103,8
2020-04-11,47023,47023,6,0,,,,,2,0,,,4,,0,0,6,111,117,5
2020-04-11,47021,47021,17,0,,,,,8,-1,,,9,1,0,0,17,406,423,14
2020-04-11,47019,47019,3,0,,,,,1,0,,,2,,0,0,3,131,134,12
2020-04-11,47017,47017,10,0,,,,,4,0,,,6,,0,0,10,196,206,9
2020-04-11,47015,47015,7,0,,,,,7,0,,,,,0,0,7,115,122,7
2020-04-11,47013,47013,10,0,,,,,4,-2,,,6,2,0,0,10,124,134,4
2020-04-11,47011,47011,31,0,,,,,11,-2,,,20,2,0,0,31,333,364,17
2020-04-11,47009,47009,46,1,,,,,7,-15,,,36,16,3,0,46,476,522,41
2020-04-11,47007,47007,3,0,,,,,1,0,,,2,,0,0,3,43,46,5
2020-04-11,47005,47005,4,0,,,,,3,-1,,,1,1,0,0,4,76,80,2
2020-04-11,47003,47003,17,2,,,,,15,2,,,1,,1,0,17,235,252,20
2020-04-11,47001,47001,12,1,,,,,2,-3,,,9,4,1,0,12,378,390,49
2020-04-11,47043,47043,30,1,,,,,19,0,,,11,1,0,0,30,278,308,7
2020-04-11,47045,47045,18,3,,,,,15,3,,,3,,0,0,18,212,230,23
2020-04-11,47095,47095,0,0,,,,,0,0,,,,,0,0,0,24,24,1
2020-04-11,47049,47049,2,0,,,,,2,0,,,,,0,0,2,111,113,6
2020-04-11,47047,47047,30,2,,,,,23,-2,,,7,4,0,0,30,286,316,27
2020-04-11,47091,47091,2,0,,,,,2,0,,,,,0,0,2,24,26,2
2020-04-11,47089,47089,14,1,,,,,7,-2,,,7,3,0,0,14,179,193,15
2020-04-11,47087,47087,5,0,,,,,4,0,,,1,,0,0,5,108,113,20
2020-04-11,47085,47085,4,0,,,,,2,0,,,2,,0,0,4,85,89,6
2020-04-11,47083,47083,3,0,,,,,2,0,,,1,,0,0,3,103,106,4
2020-04-11,47079,47079,6,0,,,,,4,0,,,2,,0,0,6,154,160,7
2020-04-11,47077,47077,2,0,,,,,1,0,,,1,,0,0,2,167,169,12
2020-04-11,47075,47075,13,0,,,,,9,-1,,,3,1,1,0,13,94,107,8
2020-04-11,47073,47073,22,0,,,,,14,-2,,,6,1,2,1,22,157,179,17
2020-04-11,47081,47081,2,0,,,,,1,0,,,1,,0,0,2,106,108,7
2020-04-11,47069,47069,7,0,,,,,6,0,,,1,,0,0,7,124,131,11
2020-04-11,47067,47067,0,0,,,,,0,0,,,,,0,0,0,17,17,2
2020-04-11,47065,47065,105,3,,,,,55,1,,,40,2,10,0,105,1213,1318,74
2020-04-11,47063,47063,4,0,,,,,0,-2,,,3,2,1,0,4,210,214,23
2020-04-11,47051,47051,22,5,,,,,5,3,,,16,2,1,0,22,183,205,24
2020-04-11,47061,47061,21,2,,,,,10,0,,,11,2,0,0,21,117,138,34
2020-04-11,47059,47059,26,1,,,,,7,-3,,,18,4,1,0,26,188,214,26
2020-04-11,47057,47057,4,0,,,,,1,-3,,,3,3,0,0,4,73,77,7
2020-04-11,47055,47055,3,0,,,,,3,0,,,,,0,0,3,133,136,6
2020-04-11,47053,47053,19,1,,,,,13,0,,,6,1,0,0,19,294,313,22
2020-04-11,47071,47071,2,0,,,,,1,0,,,1,,0,0,2,222,224,16
2020-04-12,47127,47127,0,0,,,,,0,0,,,,,0,0,0,33,33,2
2020-04-12,47129,47129,5,0,,,,,1,0,,,4,,0,0,5,87,92,6
2020-04-12,47131,47131,7,0,,,,,4,0,,,2,,1,0,7,128,135,12
2020-04-12,47137,47137,0,0,,,,,0,0,,,,,0,0,0,33,33,4
2020-04-12,47133,47133,5,0,,,,,2,0,,,3,,0,0,5,308,313,34
2020-04-12,,47PEN,12,-7,,,,,12,-6,,,,-1,0,0,12,9088,9100,264
2020-04-12,47135,47135,4,1,,,,,2,1,,,2,,0,0,4,36,40,2
2020-04-12,47125,47125,97,9,,,,,76,6,,,19,3,2,0,97,1192,1289,56
2020-04-12,,47OOS,239,-37,,,,,231,-38,,,7,1,1,0,239,12473,12712,537
2020-04-12,47123,47123,8,0,,,,,3,0,,,5,,0,0,8,211,219,10
2020-04-12,47101,47101,2,0,,,,,1,0,,,1,,0,0,2,32,34,0
2020-04-12,47109,47109,9,0,,,,,5,0,,,4,,0,0,9,111,120,4
2020-04-12,47107,47107,4,0,,,,,1,0,,,3,,0,0,4,309,313,13
2020-04-12,47119,47119,32,0,,,,,16,-2,,,16,2,0,0,32,617,649,18
2020-04-12,47117,47117,9,0,,,,,6,0,,,2,,1,0,9,184,193,8
2020-04-12,47115,47115,25,1,,,,,11,-2,,,13,3,1,0,25,130,155,20
2020-04-12,47113,47113,59,3,,,,,50,2,,,9,1,0,0,59,651,710,60
2020-04-12,47111,47111,24,1,,,,,16,0,,,6,1,2,0,24,353,377,10
2020-04-12,47105,47105,16,0,,,,,5,0,,,11,,0,0,16,237,253,6
2020-04-12,47103,47103,8,0,,,,,6,0,,,2,,0,0,8,91,99,3
2020-04-12,47139,47139,4,0,,,,,1,-1,,,3,1,0,0,4,41,45,2
2020-04-12,47121,47121,3,0,,,,,1,0,,,2,,0,0,3,74,77,4
2020-04-12,47141,47141,87,2,,,,,66,1,,,21,1,0,0,87,737,824,52
2020-04-12,47163,47163,37,0,,,,,17,-5,,,19,5,1,0,37,377,414,40
2020-04-12,47145,47145,5,0,,,,,1,0,,,4,,0,0,5,295,300,22
2020-04-12,47099,47099,12,0,,,,,7,-1,,,5,1,0,0,12,289,301,19
2020-04-12,47187,47187,318,6,,,,,147,-2,,,167,8,4,0,318,2395,2713,52
2020-04-12,47185,47185,3,0,,,,,3,0,,,,,0,0,3,228,231,27
2020-04-12,47183,47183,5,0,,,,,4,0,,,1,,0,0,5,147,152,6
2020-04-12,47181,47181,2,0,,,,,1,0,,,1,,0,0,2,78,80,6
2020-04-12,47179,47179,42,5,,,,,19,5,,,23,,0,0,42,514,556,46
2020-04-12,47177,47177,4,0,,,,,4,1,,,,-1,0,0,4,218,222,19
2020-04-12,47175,47175,0,0,,,,,0,0,,,,,0,0,0,40,40,5
2020-04-12,47173,47173,3,0,,,,,2,0,,,1,,0,0,3,55,58,1
2020-04-12,47171,47171,1,0,,,,,1,0,,,,,0,0,1,53,54,6
2020-04-12,47169,47169,20,3,,,,,19,3,,,,,1,0,20,90,110,8
2020-04-12,47167,47167,49,5,,,,,32,5,,,17,,0,0,49,464,513,45
2020-04-12,47165,47165,445,10,,,,,325,5,,,98,5,22,0,445,1721,2166,59
2020-04-12,47161,47161,4,0,,,,,4,0,,,,,0,0,4,95,99,1
2020-04-12,47159,47159,10,3,,,,,10,3,,,,,0,0,10,183,193,13
2020-04-12,47157,47157,1215,85,,,,,1016,63,,,179,22,20,0,1215,5967,7182,713
2020-04-12,47155,47155,21,0,,,,,4,0,,,17,,0,0,21,474,495,5
2020-04-12,47153,47153,1,0,,,,,1,0,,,,,0,0,1,81,82,19
2020-04-12,47151,47151,8,0,,,,,5,0,,,3,,0,0,8,105,113,9
2020-04-12,47149,47149,243,8,,,,,169,0,,,68,8,6,0,243,2032,2275,92
2020-04-12,47147,47147,84,3,,,,,43,-3,,,41,6,0,0,84,708,792,42
2020-04-12,47143,47143,0,0,,,,,0,0,,,,,0,0,0,194,194,27
2020-04-12,47097,47097,8,0,,,,,7,0,,,1,,0,0,8,129,137,10
2020-04-12,47189,47189,139,4,,,,,92,1,,,46,3,1,0,139,1352,1491,31
2020-04-12,47093,47093,169,0,,,,,36,-4,,,129,4,4,0,169,2196,2365,67
2020-04-12,47041,47041,9,0,,,,,8,0,,,1,,0,0,9,214,223,16
2020-04-12,47039,47039,2,1,,,,,2,1,,,,,0,0,2,74,76,5
2020-04-12,47037,47037,1178,67,,,,,886,39,,,279,28,13,0,1178,7593,8771,270
2020-04-12,47035,47035,42,2,,,,,36,2,,,6,,0,0,42,753,795,69
2020-04-12,47033,47033,0,0,,,,,0,0,,,,,0,0,0,70,70,2
2020-04-12,47031,47031,11,0,,,,,8,-1,,,3,1,0,0,11,306,317,27
2020-04-12,47029,47029,4,1,,,,,3,1,,,1,,0,0,4,95,99,4
2020-04-12,47027,47027,2,0,,,,,1,0,,,1,,0,0,2,127,129,6
2020-04-12,47025,47025,5,2,,,,,3,2,,,2,,0,0,5,100,105,2
2020-04-12,47023,47023,6,0,,,,,2,0,,,4,,0,0,6,121,127,10
2020-04-12,47021,47021,18,1,,,,,7,-1,,,11,2,0,0,18,420,438,15
2020-04-12,47019,47019,3,0,,,,,1,0,,,2,,0,0,3,148,151,17
2020-04-12,47017,47017,11,1,,,,,5,1,,,6,,0,0,11,208,219,13
2020-04-12,47015,47015,7,0,,,,,7,0,,,,,0,0,7,116,123,1
2020-04-12,47013,47013,10,0,,,,,4,0,,,6,,0,0,10,132,142,8
2020-04-12,47011,47011,31,0,,,,,9,-2,,,22,2,0,0,31,358,389,25
2020-04-12,47009,47009,46,0,,,,,7,0,,,36,,3,0,46,484,530,8
2020-04-12,47007,47007,3,0,,,,,1,0,,,2,,0,0,3,357,360,314
2020-04-12,47005,47005,4,0,,,,,3,0,,,1,,0,0,4,83,87,7
2020-04-12,47003,47003,20,3,,,,,17,2,,,2,1,1,0,20,256,276,24
2020-04-12,47001,47001,12,0,,,,,2,0,,,9,,1,0,12,402,414,24
2020-04-12,47043,47043,30,0,,,,,19,0,,,11,,0,0,30,282,312,4
2020-04-12,47045,47045,19,1,,,,,15,0,,,4,1,0,0,19,232,251,21
2020-04-12,47095,47095,0,0,,,,,0,0,,,,,0,0,0,32,32,8
2020-04-12,47049,47049,2,0,,,,,2,0,,,,,0,0,2,117,119,6
2020-04-12,47047,47047,32,2,,,,,24,1,,,8,1,0,0,32,322,354,38
2020-04-12,47091,47091,2,0,,,,,2,0,,,,,0,0,2,27,29,3
2020-04-12,47089,47089,15,1,,,,,7,0,,,8,1,0,0,15,190,205,12
2020-04-12,47087,47087,5,0,,,,,4,0,,,1,,0,0,5,113,118,5
2020-04-12,47085,47085,4,0,,,,,2,0,,,2,,0,0,4,96,100,11
2020-04-12,47083,47083,3,0,,,,,2,0,,,1,,0,0,3,106,109,3
2020-04-12,47079,47079,6,0,,,,,4,0,,,2,,0,0,6,163,169,9
2020-04-12,47077,47077,2,0,,,,,1,0,,,1,,0,0,2,181,183,14
2020-04-12,47075,47075,13,0,,,,,9,0,,,3,,1,0,13,102,115,8
2020-04-12,47073,47073,23,1,,,,,15,1,,,6,,2,0,23,193,216,37
2020-04-12,47081,47081,2,0,,,,,1,0,,,1,,0,0,2,110,112,4
2020-04-12,47069,47069,7,0,,,,,6,0,,,1,,0,0,7,136,143,12
2020-04-12,47067,47067,0,0,,,,,0,0,,,,,0,0,0,17,17,0
2020-04-12,47065,47065,107,2,,,,,54,-1,,,43,3,10,0,107,1247,1354,36
2020-04-12,47063,47063,5,1,,,,,1,1,,,3,,1,0,5,214,219,5
2020-04-12,47051,47051,22,0,,,,,4,-1,,,17,1,1,0,22,211,233,28
2020-04-12,47061,47061,23,2,,,,,9,-1,,,14,3,0,0,23,169,192,54
2020-04-12,47059,47059,26,0,,,,,7,0,,,18,,1,0,26,213,239,25
2020-04-12,47057,47057,4,0,,,,,0,-1,,,4,1,0,0,4,80,84,7
2020-04-12,47055,47055,3,0,,,,,3,0,,,,,0,0,3,139,142,6
2020-04-12,47053,47053,20,1,,,,,14,1,,,6,,0,0,20,314,334,21
2020-04-12,47071,47071,2,0,,,,,1,0,,,1,,0,0,2,232,234,10
2020-04-13,47127,47127,0,0,,,,,0,0,,,,,0,0,0,38,38,5
2020-04-13,47129,47129,5,0,,,,,1,0,,,4,,0,0,5,93,98,6
2020-04-13,47131,47131,8,1,,,,,5,1,,,2,,1,0,8,139,147,12
2020-04-13,47137,47137,0,0,,,,,0,0,,,,,0,0,0,39,39,6
2020-04-13,47133,47133,5,0,,,,,2,0,,,3,,0,0,5,331,336,23
2020-04-13,,47PEN,46,34,,,,,39,27,,,7,7,0,0,46,9637,9683,583
2020-04-13,47135,47135,4,0,,,,,2,0,,,2,,0,0,4,38,42,2
2020-04-13,47125,47125,102,5,,,,,80,4,,,20,1,2,0,102,1284,1386,97
2020-04-13,,47OOS,260,21,,,,,259,28,,,,-7,1,0,260,13253,13513,801
2020-04-13,47123,47123,8,0,,,,,3,0,,,5,,0,0,8,222,230,11
2020-04-13,47101,47101,2,0,,,,,1,0,,,1,,0,0,2,33,35,1
2020-04-13,47109,47109,9,0,,,,,5,0,,,4,,0,0,9,119,128,8
2020-04-13,47107,47107,5,1,,,,,1,0,,,4,1,0,0,5,355,360,47
2020-04-13,47119,47119,33,1,,,,,16,0,,,17,1,0,0,33,629,662,13
2020-04-13,47117,47117,9,0,,,,,6,0,,,2,,1,0,9,196,205,12
2020-04-13,47115,47115,26,1,,,,,12,1,,,13,,1,0,26,139,165,10
2020-04-13,47113,47113,68,9,,,,,57,7,,,11,2,0,0,68,733,801,91
2020-04-13,47111,47111,26,2,,,,,17,1,,,7,1,2,0,26,402,428,51
2020-04-13,47105,47105,16,0,,,,,5,0,,,11,,0,0,16,258,274,21
2020-04-13,47103,47103,9,1,,,,,7,1,,,2,,0,0,9,101,110,11
2020-04-13,47139,47139,5,1,,,,,2,1,,,3,,0,0,5,45,50,5
2020-04-13,47121,47121,3,0,,,,,1,0,,,2,,0,0,3,78,81,4
2020-04-13,47141,47141,87,0,,,,,59,-7,,,28,7,0,0,87,780,867,43
2020-04-13,47163,47163,42,5,,,,,20,3,,,21,2,1,0,42,414,456,42
2020-04-13,47145,47145,5,0,,,,,1,0,,,4,,0,0,5,338,343,43
2020-04-13,47099,47099,13,1,,,,,8,1,,,5,,0,0,13,315,328,27
2020-04-13,47187,47187,318,0,,,,,142,-5,,,172,5,4,0,318,2449,2767,54
2020-04-13,47185,47185,4,1,,,,,3,0,,,1,1,0,0,4,253,257,26
2020-04-13,47183,47183,6,1,,,,,5,1,,,1,,0,0,6,160,166,14
2020-04-13,47181,47181,2,0,,,,,1,0,,,1,,0,0,2,86,88,8
2020-04-13,47179,47179,42,0,,,,,19,0,,,23,,0,0,42,544,586,30
2020-04-13,47177,47177,4,0,,,,,4,0,,,,,0,0,4,242,246,24
2020-04-13,47175,47175,1,1,,,,,1,1,,,,,0,0,1,44,45,5
2020-04-13,47173,47173,3,0,,,,,2,0,,,1,,0,0,3,62,65,7
2020-04-13,47171,47171,1,0,,,,,0,-1,,,1,1,0,0,1,57,58,4
2020-04-13,47169,47169,20,0,,,,,18,-1,,,1,1,1,0,20,93,113,3
2020-04-13,47167,47167,50,1,,,,,30,-2,,,20,3,0,0,50,532,582,69
2020-04-13,47165,47165,454,9,,,,,314,-11,,,114,16,26,4,454,1787,2241,75
2020-04-13,47161,47161,4,0,,,,,4,0,,,,,0,0,4,98,102,3
2020-04-13,47159,47159,10,0,,,,,10,0,,,,,0,0,10,189,199,6
2020-04-13,47157,47157,1331,116,,,,,1074,58,,,236,57,21,1,1331,6845,8176,994
2020-04-13,47155,47155,22,1,,,,,5,1,,,17,,0,0,22,516,538,43
2020-04-13,47153,47153,3,2,,,,,3,2,,,,,0,0,3,90,93,11
2020-04-13,47151,47151,9,1,,,,,6,1,,,3,,0,0,9,109,118,5
2020-04-13,47149,47149,250,7,,,,,160,-9,,,84,16,6,0,250,2147,2397,122
2020-04-13,47147,47147,88,4,,,,,42,-1,,,46,5,0,0,88,738,826,34
2020-04-13,47143,47143,0,0,,,,,0,0,,,,,0,0,0,215,215,21
2020-04-13,47189,47189,143,4,,,,,88,-4,,,54,8,1,0,143,1396,1539,48
2020-04-13,47097,47097,9,1,,,,,8,1,,,1,,0,0,9,136,145,8
2020-04-13,47093,47093,173,4,,,,,41,5,,,128,-1,4,0,173,2411,2584,219
2020-04-13,47041,47041,10,1,,,,,7,-1,,,3,2,0,0,10,238,248,25
2020-04-13,47039,47039,3,1,,,,,3,1,,,,,0,0,3,79,82,6
2020-04-13,47037,47037,1207,29,,,,,900,14,,,291,12,16,3,1207,7693,8900,129
2020-04-13,47035,47035,43,1,,,,,33,-3,,,10,4,0,0,43,796,839,44
2020-04-13,47033,47033,0,0,,,,,0,0,,,,,0,0,0,77,77,7
2020-04-13,47031,47031,11,0,,,,,7,-1,,,4,1,0,0,11,331,342,25
2020-04-13,47029,47029,5,1,,,,,4,1,,,1,,0,0,5,105,110,11
2020-04-13,47027,47027,4,2,,,,,3,2,,,1,,0,0,4,130,134,5
2020-04-13,47025,47025,4,-1,,,,,2,-1,,,2,,0,0,4,102,106,1
2020-04-13,47021,47021,18,0,,,,,7,0,,,11,,0,0,18,448,466,28
2020-04-13,47019,47019,3,0,,,,,1,0,,,2,,0,0,3,162,165,14
2020-04-13,47017,47017,12,1,,,,,6,1,,,6,,0,0,12,225,237,18
2020-04-13,47015,47015,7,0,,,,,5,-2,,,2,2,0,0,7,125,132,9
2020-04-13,47013,47013,11,1,,,,,5,1,,,6,,0,0,11,144,155,13
2020-04-13,47011,47011,32,1,,,,,10,1,,,22,,0,0,32,392,424,35
2020-04-13,47009,47009,46,0,,,,,7,0,,,36,,3,0,46,503,549,19
2020-04-13,47007,47007,8,5,,,,,5,4,,,3,1,0,0,8,737,745,385
2020-04-13,47005,47005,4,0,,,,,3,0,,,1,,0,0,4,86,90,3
2020-04-13,47003,47003,23,3,,,,,19,2,,,3,1,1,0,23,282,305,29
2020-04-13,47001,47001,15,3,,,,,5,3,,,9,,1,0,15,446,461,47
2020-04-13,47095,47095,4,4,,,,,4,4,,,,,0,0,4,455,459,427
2020-04-13,47043,47043,30,0,,,,,18,-1,,,12,1,0,0,30,294,324,12
2020-04-13,47045,47045,22,3,,,,,17,2,,,5,1,0,0,22,269,291,40
2020-04-13,47023,47023,5,-1,,,,,0,-2,,,5,1,0,0,5,132,137,10
2020-04-13,47049,47049,2,0,,,,,2,0,,,,,0,0,2,125,127,8
2020-04-13,47047,47047,36,4,,,,,26,2,,,10,2,0,0,36,364,400,46
2020-04-13,47089,47089,16,1,,,,,8,1,,,8,,0,0,16,209,225,20
2020-04-13,47087,47087,7,2,,,,,6,2,,,1,,0,0,7,126,133,15
2020-04-13,47085,47085,4,0,,,,,2,0,,,2,,0,0,4,104,108,8
2020-04-13,47083,47083,3,0,,,,,1,-1,,,2,1,0,0,3,110,113,4
2020-04-13,47081,47081,2,0,,,,,1,0,,,1,,0,0,2,115,117,5
2020-04-13,47079,47079,8,2,,,,,6,2,,,2,,0,0,8,173,181,12
2020-04-13,47077,47077,2,0,,,,,1,0,,,1,,0,0,2,198,200,17
2020-04-13,47075,47075,12,-1,,,,,8,-1,,,3,,1,0,12,125,137,22
2020-04-13,47073,47073,24,1,,,,,16,1,,,6,,2,0,24,223,247,31
2020-04-13,47071,47071,2,0,,,,,1,0,,,1,,0,0,2,252,254,20
2020-04-13,47091,47091,2,0,,,,,2,0,,,,,0,0,2,29,31,2
2020-04-13,47067,47067,0,0,,,,,0,0,,,,,0,0,0,20,20,3
2020-04-13,47065,47065,109,2,,,,,49,-5,,,50,7,10,0,109,1304,1413,59
2020-04-13,47063,47063,6,1,,,,,2,1,,,3,,1,0,6,237,243,24
2020-04-13,47061,47061,23,0,,,,,8,-1,,,15,1,0,0,23,186,209,17
2020-04-13,47059,47059,27,1,,,,,8,1,,,18,,1,0,27,253,280,41
2020-04-13,47057,47057,4,0,,,,,0,0,,,4,,0,0,4,86,90,6
2020-04-13,47055,47055,3,0,,,,,3,0,,,,,0,0,3,149,152,10
2020-04-13,47053,47053,20,0,,,,,12,-2,,,8,2,0,0,20,351,371,37
2020-04-13,47051,47051,21,-1,,,,,3,-1,,,17,,1,0,21,234,255,22
2020-04-13,47069,47069,7,0,,,,,5,-1,,,2,1,0,0,7,154,161,18
2020-04-14,47139,47139,5,0,,,,,2,0,,,3,,0,0,5,45,50,0
2020-04-14,47127,47127,0,0,,,,,0,0,,,,,0,0,0,38,38,0
2020-04-14,47129,47129,5,0,,,,,1,0,,,4,,0,0,5,93,98,0
2020-04-14,47131,47131,8,0,,,,,5,0,,,2,,1,0,8,139,147,0
2020-04-14,47137,47137,0,0,,,,,0,0,,,,,0,0,0,39,39,0
2020-04-14,47133,47133,6,1,,,,,3,1,,,3,,0,0,6,331,337,1
2020-04-14,,47PEN,136,90,,,,,135,96,,,1,-6,0,0,136,11082,11218,1535
2020-04-14,47135,47135,4,0,,,,,2,0,,,2,,0,0,4,38,42,0
2020-04-14,47125,47125,101,-1,,,,,77,-3,,,22,2,2,0,101,1286,1387,1
2020-04-14,,47OOS,253,-7,,,,,114,-145,,,138,138,1,0,253,14076,14329,816
2020-04-14,47123,47123,9,1,,,,,3,0,,,6,1,0,0,9,223,232,2
2020-04-14,47117,47117,9,0,,,,,4,-2,,,4,2,1,0,9,196,205,0
2020-04-14,47109,47109,9,0,,,,,4,-1,,,5,1,0,0,9,119,128,0
2020-04-14,47107,47107,5,0,,,,,1,0,,,4,,0,0,5,355,360,0
2020-04-14,47119,47119,33,0,,,,,13,-3,,,20,3,0,0,33,629,662,0
2020-04-14,47115,47115,26,0,,,,,10,-2,,,15,2,1,0,26,139,165,0
2020-04-14,47113,47113,73,5,,,,,58,1,,,15,4,0,0,73,734,807,6
2020-04-14,47111,47111,27,1,,,,,17,0,,,8,1,2,0,27,402,429,1
2020-04-14,47105,47105,17,1,,,,,4,-1,,,13,2,0,0,17,262,279,5
2020-04-14,47103,47103,9,0,,,,,6,-1,,,3,1,0,0,9,101,110,0
2020-04-14,47101,47101,2,0,,,,,0,-1,,,2,1,0,0,2,33,35,0
2020-04-14,47121,47121,3,0,,,,,1,0,,,2,,0,0,3,78,81,0
2020-04-14,47141,47141,92,5,,,,,63,4,,,29,1,0,0,92,780,872,5
2020-04-14,47099,47099,15,2,,,,,9,1,,,6,1,0,0,15,315,330,2
2020-04-14,47145,47145,5,0,,,,,0,-1,,,5,1,0,0,5,345,350,7
2020-04-14,47187,47187,322,4,,,,,138,-4,,,179,7,5,1,322,2453,2775,8
2020-04-14,47185,47185,4,0,,,,,2,-1,,,2,1,0,0,4,253,257,0
2020-04-14,47183,47183,6,0,,,,,5,0,,,1,,0,0,6,160,166,0
2020-04-14,47181,47181,2,0,,,,,1,0,,,1,,0,0,2,86,88,0
2020-04-14,47179,47179,44,2,,,,,17,-2,,,27,4,0,0,44,545,589,3
2020-04-14,47177,47177,4,0,,,,,3,-1,,,1,1,0,0,4,242,246,0
2020-04-14,47175,47175,1,0,,,,,0,-1,,,1,1,0,0,1,44,45,0
2020-04-14,47173,47173,3,0,,,,,2,0,,,1,,0,0,3,63,66,1
2020-04-14,47171,47171,1,0,,,,,0,0,,,1,,0,0,1,57,58,0
2020-04-14,47169,47169,20,0,,,,,18,0,,,1,,1,0,20,93,113,0
2020-04-14,47167,47167,52,2,,,,,30,0,,,22,2,0,0,52,535,587,5
2020-04-14,47165,47165,466,12,,,,,316,2,,,123,9,27,1,466,1797,2263,22
2020-04-14,47163,47163,43,1,,,,,15,-5,,,27,6,1,0,43,414,457,1
2020-04-14,47161,47161,4,0,,,,,4,0,,,,,0,0,4,98,102,0
2020-04-14,47159,47159,10,0,,,,,10,0,,,,,0,0,10,190,200,1
2020-04-14,47157,47157,1359,28,,,,,1041,-33,,,292,56,26,5,1359,6858,8217,41
2020-04-14,47155,47155,22,0,,,,,4,-1,,,18,1,0,0,22,529,551,13
2020-04-14,47153,47153,3,0,,,,,3,0,,,,,0,0,3,90,93,0
2020-04-14,47151,47151,10,1,,,,,5,-1,,,5,2,0,0,10,109,119,1
2020-04-14,47149,47149,253,3,,,,,154,-6,,,93,9,6,0,253,2150,2403,6
2020-04-14,47147,47147,92,4,,,,,41,-1,,,51,5,0,0,92,742,834,8
2020-04-14,47143,47143,0,0,,,,,0,0,,,,,0,0,0,215,215,0
2020-04-14,47097,47097,9,0,,,,,8,0,,,1,,0,0,9,136,145,0
2020-04-14,47189,47189,145,2,,,,,86,-2,,,58,4,1,0,145,1397,1542,3
2020-04-14,47093,47093,174,1,,,,,56,15,,,114,-14,4,0,174,2442,2616,32
2020-04-14,47041,47041,10,0,,,,,10,3,,,,-3,0,0,10,238,248,0
2020-04-14,47039,47039,3,0,,,,,3,0,,,,,0,0,3,79,82,0
2020-04-14,47037,47037,1237,30,,,,,912,12,,,307,16,18,2,1237,7701,8938,38
2020-04-14,47035,47035,51,8,,,,,39,6,,,12,2,0,0,51,797,848,9
2020-04-14,47033,47033,0,0,,,,,0,0,,,,,0,0,0,77,77,0
2020-04-14,47031,47031,12,1,,,,,8,1,,,4,,0,0,12,332,344,2
2020-04-14,47029,47029,7,2,,,,,4,0,,,3,2,0,0,7,105,112,2
2020-04-14,47027,47027,4,0,,,,,3,0,,,1,,0,0,4,130,134,0
2020-04-14,47025,47025,5,1,,,,,1,-1,,,4,2,0,0,5,110,115,9
2020-04-14,47023,47023,5,0,,,,,0,0,,,5,,0,0,5,132,137,0
2020-04-14,47021,47021,19,1,,,,,6,-1,,,13,2,0,0,19,448,467,1
2020-04-14,47019,47019,3,0,,,,,0,-1,,,2,,1,1,3,162,165,0
2020-04-14,47017,47017,12,0,,,,,5,-1,,,7,1,0,0,12,226,238,1
2020-04-14,47015,47015,7,0,,,,,5,0,,,2,,0,0,7,126,133,1
2020-04-14,47013,47013,12,1,,,,,5,0,,,7,1,0,0,12,145,157,2
2020-04-14,47011,47011,33,1,,,,,8,-2,,,24,2,1,1,33,393,426,2
2020-04-14,47009,47009,47,1,,,,,8,1,,,36,,3,0,47,503,550,1
2020-04-14,47007,47007,8,0,,,,,5,0,,,3,,0,0,8,738,746,1
2020-04-14,47005,47005,4,0,,,,,2,-1,,,2,1,0,0,4,87,91,1
2020-04-14,47003,47003,25,2,,,,,19,0,,,4,1,2,1,25,282,307,2
2020-04-14,47001,47001,15,0,,,,,4,-1,,,10,1,1,0,15,453,468,7
2020-04-14,47043,47043,33,3,,,,,20,2,,,13,1,0,0,33,296,329,5
2020-04-14,47045,47045,22,0,,,,,14,-3,,,8,3,0,0,22,271,293,2
2020-04-14,47095,47095,4,0,,,,,4,0,,,,,0,0,4,459,463,4
2020-04-14,47049,47049,3,1,,,,,3,1,,,,,0,0,3,125,128,1
2020-04-14,47091,47091,2,0,,,,,2,0,,,,,0,0,2,29,31,0
2020-04-14,47089,47089,16,0,,,,,7,-1,,,9,1,0,0,16,211,227,2
2020-04-14,47087,47087,6,-1,,,,,4,-2,,,2,1,0,0,6,127,133,0
2020-04-14,47085,47085,4,0,,,,,2,0,,,2,,0,0,4,104,108,0
2020-04-14,47083,47083,3,0,,,,,1,0,,,2,,0,0,3,110,113,0
2020-04-14,47047,47047,37,1,,,,,25,-1,,,12,2,0,0,37,365,402,2
2020-04-14,47079,47079,8,0,,,,,6,0,,,2,,0,0,8,173,181,0
2020-04-14,47077,47077,2,0,,,,,1,0,,,1,,0,0,2,198,200,0
2020-04-14,47075,47075,12,0,,,,,8,0,,,3,,1,0,12,125,137,0
2020-04-14,47073,47073,24,0,,,,,15,-1,,,7,1,2,0,24,224,248,1
2020-04-14,47081,47081,2,0,,,,,1,0,,,1,,0,0,2,115,117,0
2020-04-14,47069,47069,7,0,,,,,4,-1,,,3,1,0,0,7,153,160,-1
2020-04-14,47067,47067,0,0,,,,,0,0,,,,,0,0,0,20,20,0
2020-04-14,47065,47065,110,1,,,,,46,-3,,,53,3,11,1,110,1307,1417,4
2020-04-14,47063,47063,6,0,,,,,1,-1,,,4,1,1,0,6,244,250,7
2020-04-14,47061,47061,22,-1,,,,,5,-3,,,16,1,1,1,22,187,209,0
2020-04-14,47059,47059,27,0,,,,,6,-2,,,19,1,2,1,27,253,280,0
2020-04-14,47057,47057,4,0,,,,,0,0,,,4,,0,0,4,86,90,0
2020-04-14,47055,47055,3,0,,,,,3,0,,,,,0,0,3,149,152,0
2020-04-14,47053,47053,21,1,,,,,10,-2,,,11,3,0,0,21,351,372,1
2020-04-14,47051,47051,23,2,,,,,3,0,,,19,2,1,0,23,234,257,2
2020-04-14,47071,47071,2,0,,,,,1,0,,,1,,0,0,2,252,254,0
2020-04-15,47127,47127,1,1,,,,,1,1,,,,,0,0,1,38,39,1
2020-04-15,47129,47129,5,0,,,,,1,0,,,4,,0,0,5,99,104,6
2020-04-15,47131,47131,8,0,,,,,5,0,,,2,,1,0,8,139,147,0
2020-04-15,,47OOS,243,-10,,,,,109,-5,,,133,-5,1,0,243,14463,14706,377
2020-04-15,47139,47139,5,0,,,,,2,0,,,3,,0,0,5,45,50,0
2020-04-15,,47PEN,196,60,,,,,192,57,,,4,3,0,0,196,12138,12334,1116
2020-04-15,47135,47135,5,1,,,,,2,0,,,3,1,0,0,5,38,43,1
2020-04-15,47137,47137,0,0,,,,,0,0,,,,,0,0,0,42,42,3
2020-04-15,47133,47133,7,1,,,,,4,1,,,3,,0,0,7,351,358,21
2020-04-15,47125,47125,102,1,,,,,73,-4,,,27,5,2,0,102,1297,1399,12
2020-04-15,47103,47103,9,0,,,,,6,0,,,3,,0,0,9,101,110,0
2020-04-15,47109,47109,9,0,,,,,4,0,,,5,,0,0,9,119,128,0
2020-04-15,47107,47107,5,0,,,,,1,0,,,4,,0,0,5,361,366,6
2020-04-15,47119,47119,33,0,,,,,11,-2,,,22,2,0,0,33,632,665,3
2020-04-15,47117,47117,9,0,,,,,4,0,,,4,,1,0,9,198,207,2
2020-04-15,47115,47115,27,1,,,,,11,1,,,15,,1,0,27,140,167,2
2020-04-15,47113,47113,75,2,,,,,53,-5,,,22,7,0,0,75,735,810,3
2020-04-15,47111,47111,29,2,,,,,18,1,,,8,,3,1,29,404,433,4
2020-04-15,47105,47105,18,1,,,,,3,-1,,,15,2,0,0,18,271,289,10
2020-04-15,47141,47141,93,1,,,,,61,-2,,,32,3,0,0,93,878,971,99
2020-04-15,47123,47123,9,0,,,,,3,0,,,6,,0,0,9,225,234,2
2020-04-15,47143,47143,0,0,,,,,0,0,,,,,0,0,0,218,218,3
2020-04-15,47165,47165,478,12,,,,,310,-6,,,141,18,27,0,478,1801,2279,16
2020-04-15,47147,47147,94,2,,,,,37,-4,,,57,6,0,0,94,750,844,10
2020-04-15,47189,47189,155,10,,,,,87,1,,,67,9,1,0,155,1396,1551,9
2020-04-15,47187,47187,321,-1,,,,,119,-19,,,197,18,5,0,321,2456,2777,2
2020-04-15,47185,47185,4,0,,,,,2,0,,,2,,0,0,4,259,263,6
2020-04-15,47183,47183,6,0,,,,,4,-1,,,2,1,0,0,6,160,166,0
2020-04-15,47181,47181,2,0,,,,,1,0,,,1,,0,0,2,87,89,1
2020-04-15,47179,47179,45,1,,,,,18,1,,,27,,0,0,45,548,593,4
2020-04-15,47177,47177,4,0,,,,,3,0,,,1,,0,0,4,242,246,0
2020-04-15,47175,47175,1,0,,,,,0,0,,,1,,0,0,1,45,46,1
2020-04-15,47173,47173,3,0,,,,,1,-1,,,2,1,0,0,3,63,66,0
2020-04-15,47171,47171,1,0,,,,,0,0,,,1,,0,0,1,57,58,0
2020-04-15,47169,47169,19,-1,,,,,17,-1,,,1,,1,0,19,94,113,0
2020-04-15,47167,47167,53,1,,,,,28,-2,,,25,3,0,0,53,542,595,8
2020-04-15,47101,47101,2,0,,,,,0,0,,,2,,0,0,2,33,35,0
2020-04-15,47163,47163,43,0,,,,,12,-3,,,30,3,1,0,43,417,460,3
2020-04-15,47161,47161,4,0,,,,,4,0,,,,,0,0,4,99,103,1
2020-04-15,47159,47159,11,1,,,,,9,-1,,,1,1,1,1,11,194,205,5
2020-04-15,47157,47157,1421,62,,,,,1041,0,,,349,57,31,5,1421,6856,8277,60
2020-04-15,47155,47155,22,0,,,,,1,-3,,,21,3,0,0,22,541,563,12
2020-04-15,47153,47153,3,0,,,,,3,0,,,,,0,0,3,91,94,1
2020-04-15,47151,47151,11,1,,,,,6,1,,,5,,0,0,11,114,125,6
2020-04-15,47149,47149,269,16,,,,,156,2,,,107,14,6,0,269,2161,2430,27
2020-04-15,47145,47145,6,1,,,,,1,1,,,5,,0,0,6,355,361,11
2020-04-15,47099,47099,15,0,,,,,6,-3,,,9,3,0,0,15,316,331,1
2020-04-15,47121,47121,3,0,,,,,1,0,,,2,,0,0,3,78,81,0
2020-04-15,47097,47097,12,3,,,,,11,3,,,1,,0,0,12,138,150,5
2020-04-15,47041,47041,10,0,,,,,4,-6,,,6,6,0,0,10,238,248,0
2020-04-15,47039,47039,3,0,,,,,2,-1,,,1,1,0,0,3,79,82,0
2020-04-15,47037,47037,1283,46,,,,,940,28,,,324,17,19,1,1283,7706,8989,51
2020-04-15,47035,47035,53,2,,,,,39,0,,,14,2,0,0,53,806,859,11
2020-04-15,47033,47033,0,0,,,,,0,0,,,,,0,0,0,78,78,1
2020-04-15,47031,47031,13,1,,,,,9,1,,,4,,0,0,13,334,347,3
2020-04-15,47029,47029,8,1,,,,,5,1,,,3,,0,0,8,107,115,3
2020-04-15,47027,47027,5,1,,,,,4,1,,,1,,0,0,5,132,137,3
2020-04-15,47023,47023,6,1,,,,,1,1,,,5,,0,0,6,132,138,1
2020-04-15,47021,47021,19,0,,,,,5,-1,,,14,1,0,0,19,449,468,1
2020-04-15,47019,47019,4,1,,,,,0,0,,,3,1,1,0,4,163,167,2
2020-04-15,47017,47017,13,1,,,,,4,-1,,,9,2,0,0,13,227,240,2
2020-04-15,47015,47015,7,0,,,,,5,0,,,2,,0,0,7,127,134,1
2020-04-15,47013,47013,12,0,,,,,3,-2,,,8,1,1,1,12,146,158,1
2020-04-15,47011,47011,33,0,,,,,6,-2,,,26,2,1,0,33,393,426,0
2020-04-15,47009,47009,47,0,,,,,6,-2,,,38,2,3,0,47,503,550,0
2020-04-15,47007,47007,7,-1,,,,,4,-1,,,3,,0,0,7,740,747,1
2020-04-15,47005,47005,4,0,,,,,1,-1,,,3,1,0,0,4,87,91,0
2020-04-15,47003,47003,33,8,,,,,27,8,,,4,,2,0,33,283,316,9
2020-04-15,47001,47001,16,1,,,,,4,0,,,11,1,1,0,16,459,475,7
2020-04-15,47095,47095,4,0,,,,,4,0,,,,,0,0,4,460,464,1
2020-04-15,47043,47043,37,4,,,,,20,0,,,17,4,0,0,37,297,334,5
2020-04-15,47045,47045,24,2,,,,,16,2,,,8,,0,0,24,278,302,9
2020-04-15,47025,47025,5,0,,,,,1,0,,,4,,0,0,5,111,116,1
2020-04-15,47049,47049,3,0,,,,,3,0,,,,,0,0,3,130,133,5
2020-04-15,47047,47047,39,2,,,,,25,0,,,13,1,1,1,39,366,405,3
2020-04-15,47091,47091,2,0,,,,,0,-2,,,2,2,0,0,2,29,31,0
2020-04-15,47089,47089,16,0,,,,,6,-1,,,9,,1,1,16,214,230,3
2020-04-15,47087,47087,6,0,,,,,4,0,,,2,,0,0,6,134,140,7
2020-04-15,47085,47085,4,0,,,,,2,0,,,2,,0,0,4,104,108,0
2020-04-15,47083,47083,4,1,,,,,1,0,,,3,1,0,0,4,110,114,1
2020-04-15,47081,47081,2,0,,,,,1,0,,,1,,0,0,2,115,117,0
2020-04-15,47079,47079,8,0,,,,,6,0,,,2,,0,0,8,173,181,0
2020-04-15,47077,47077,2,0,,,,,1,0,,,1,,0,0,2,198,200,0
2020-04-15,47075,47075,12,0,,,,,8,0,,,3,,1,0,12,125,137,0
2020-04-15,47073,47073,26,2,,,,,15,0,,,9,2,2,0,26,225,251,3
2020-04-15,47093,47093,179,5,,,,,39,-17,,,136,22,4,0,179,2480,2659,43
2020-04-15,47069,47069,7,0,,,,,4,0,,,3,,0,0,7,154,161,1
2020-04-15,47071,47071,4,2,,,,,3,2,,,1,,0,0,4,254,258,4
2020-04-15,47053,47053,24,3,,,,,12,2,,,12,1,0,0,24,351,375,3
2020-04-15,47055,47055,4,1,,,,,4,1,,,,,0,0,4,149,153,1
2020-04-15,47057,47057,4,0,,,,,0,0,,,4,,0,0,4,87,91,1
2020-04-15,47059,47059,28,1,,,,,7,1,,,19,,2,0,28,254,282,2
2020-04-15,47051,47051,23,0,,,,,2,-1,,,20,1,1,0,23,236,259,2
2020-04-15,47063,47063,7,1,,,,,2,1,,,4,,1,0,7,252,259,9
2020-04-15,47065,47065,109,-1,,,,,44,-2,,,54,1,11,0,109,1311,1420,3
2020-04-15,47067,47067,0,0,,,,,0,0,,,,,0,0,0,20,20,0
2020-04-15,47061,47061,24,2,,,,,7,2,,,16,,1,0,24,186,210,1
2020-04-16,47125,47125,102,0,,,,,64,-9,,,36,9,2,0,102,1304,1406,7
2020-04-16,47135,47135,6,1,,,,,3,1,,,3,,0,0,6,38,44,1
2020-04-16,,47PEN,209,13,,,,,199,7,,,10,6,0,0,209,15029,15238,2904
2020-04-16,47133,47133,7,0,,,,,4,0,,,3,,0,0,7,354,361,3
2020-04-16,,47OOS,250,7,,,,,118,9,,,131,-2,1,0,250,15244,15494,788
2020-04-16,47131,47131,8,0,,,,,4,-1,,,3,1,1,0,8,139,147,0
2020-04-16,47137,47137,0,0,,,,,0,0,,,,,0,0,0,42,42,0
2020-04-16,47129,47129,5,0,,,,,0,-1,,,5,1,0,0,5,103,108,4
2020-04-16,47127,47127,1,0,,,,,1,0,,,,,0,0,1,39,40,1
2020-04-16,47123,47123,9,0,,,,,2,-1,,,6,,1,1,9,226,235,1
2020-04-16,47115,47115,27,0,,,,,11,0,,,15,,1,0,27,142,169,2
2020-04-16,47109,47109,9,0,,,,,4,0,,,5,,0,0,9,120,129,1
2020-04-16,47107,47107,6,1,,,,,2,1,,,4,,0,0,6,364,370,4
2020-04-16,47119,47119,33,0,,,,,9,-2,,,24,2,0,0,33,633,666,1
2020-04-16,47117,47117,12,3,,,,,7,3,,,4,,1,0,12,199,211,4
2020-04-16,47113,47113,73,-2,,,,,45,-8,,,28,6,0,0,73,738,811,1
2020-04-16,47111,47111,30,1,,,,,19,1,,,8,,3,0,30,406,436,3
2020-04-16,47105,47105,19,1,,,,,4,1,,,15,,0,0,19,276,295,6
2020-04-16,47103,47103,9,0,,,,,6,0,,,3,,0,0,9,103,112,2
2020-04-16,47101,47101,2,0,,,,,0,0,,,2,,0,0,2,33,35,0
2020-04-16,47139,47139,5,0,,,,,1,-1,,,4,1,0,0,5,45,50,0
2020-04-16,47121,47121,3,0,,,,,1,0,,,2,,0,0,3,79,82,1
2020-04-16,47141,47141,93,0,,,,,57,-4,,,34,2,2,2,93,885,978,7
2020-04-16,47099,47099,15,0,,,,,5,-1,,,10,1,0,0,15,316,331,0
2020-04-16,47145,47145,7,1,,,,,1,0,,,6,1,0,0,7,374,381,20
2020-04-16,47187,47187,324,3,,,,,113,-6,,,206,9,5,0,324,2460,2784,7
2020-04-16,47185,47185,4,0,,,,,1,-1,,,3,1,0,0,4,264,268,5
2020-04-16,47183,47183,6,0,,,,,4,0,,,2,,0,0,6,161,167,1
2020-04-16,47181,47181,2,0,,,,,1,0,,,1,,0,0,2,87,89,0
2020-04-16,47179,47179,46,1,,,,,10,-8,,,36,9,0,0,46,549,595,2
2020-04-16,47177,47177,4,0,,,,,1,-2,,,3,2,0,0,4,245,249,3
2020-04-16,47175,47175,1,0,,,,,1,1,,,,-1,0,0,1,47,48,2
2020-04-16,47173,47173,3,0,,,,,1,0,,,2,,0,0,3,64,67,1
2020-04-16,47171,47171,1,0,,,,,0,0,,,1,,0,0,1,58,59,1
2020-04-16,47169,47169,19,0,,,,,17,0,,,1,,1,0,19,94,113,0
2020-04-16,47167,47167,54,1,,,,,27,-1,,,27,2,0,0,54,545,599,4
2020-04-16,47165,47165,491,13,,,,,298,-12,,,165,24,28,1,491,1805,2296,17
2020-04-16,47163,47163,45,2,,,,,13,1,,,31,1,1,0,45,419,464,4
2020-04-16,47161,47161,4,0,,,,,4,0,,,,,0,0,4,99,103,0
2020-04-16,47159,47159,11,0,,,,,9,0,,,1,,1,0,11,198,209,4
2020-04-16,47157,47157,1492,71,,,,,1045,4,,,414,65,33,2,1492,6877,8369,92
2020-04-16,47155,47155,22,0,,,,,1,0,,,21,,0,0,22,554,576,13
2020-04-16,47153,47153,3,0,,,,,3,0,,,,,0,0,3,92,95,1
2020-04-16,47151,47151,11,0,,,,,6,0,,,5,,0,0,11,115,126,1
2020-04-16,47149,47149,271,2,,,,,141,-15,,,124,17,6,0,271,2169,2440,10
2020-04-16,47147,47147,95,1,,,,,35,-2,,,60,3,0,0,95,757,852,8
2020-04-16,47143,47143,0,0,,,,,0,0,,,,,0,0,0,219,219,1
2020-04-16,47189,47189,161,6,,,,,78,-9,,,82,15,1,0,161,1397,1558,7
2020-04-16,47097,47097,12,0,,,,,11,0,,,1,,0,0,12,138,150,0
2020-04-16,47093,47093,182,3,,,,,49,10,,,129,-7,4,0,182,2529,2711,52
2020-04-16,47041,47041,10,0,,,,,4,0,,,6,,0,0,10,238,248,0
2020-04-16,47039,47039,3,0,,,,,2,0,,,1,,0,0,3,79,82,0
2020-04-16,47037,47037,1307,24,,,,,584,-356,,,704,380,19,0,1307,7721,9028,39
2020-04-16,47035,47035,55,2,,,,,38,-1,,,17,3,0,0,55,813,868,9
2020-04-16,47033,47033,0,0,,,,,0,0,,,,,0,0,0,80,80,2
2020-04-16,47031,47031,17,4,,,,,13,4,,,4,,0,0,17,334,351,4
2020-04-16,47029,47029,11,3,,,,,8,3,,,3,,0,0,11,109,120,5
2020-04-16,47027,47027,5,0,,,,,4,0,,,1,,0,0,5,132,137,0
2020-04-16,47025,47025,5,0,,,,,1,0,,,4,,0,0,5,121,126,10
2020-04-16,47023,47023,6,0,,,,,1,0,,,5,,0,0,6,132,138,0
2020-04-16,47021,47021,20,1,,,,,4,-1,,,16,2,0,0,20,450,470,2
2020-04-16,47019,47019,5,1,,,,,1,1,,,3,,1,0,5,166,171,4
2020-04-16,47017,47017,13,0,,,,,4,0,,,9,,0,0,13,228,241,1
2020-04-16,47015,47015,8,1,,,,,5,0,,,3,1,0,0,8,127,135,1
2020-04-16,47013,47013,12,0,,,,,3,0,,,8,,1,0,12,148,160,2
2020-04-16,47011,47011,35,2,,,,,4,-2,,,30,4,1,0,35,394,429,3
2020-04-16,47009,47009,46,-1,,,,,4,-2,,,39,1,3,0,46,503,549,-1
2020-04-16,47007,47007,7,0,,,,,4,0,,,3,,0,0,7,742,749,2
2020-04-16,47005,47005,4,0,,,,,0,-1,,,4,1,0,0,4,87,91,0
2020-04-16,47003,47003,40,7,,,,,34,7,,,4,,2,0,40,283,323,7
2020-04-16,47001,47001,15,-1,,,,,3,-1,,,11,,1,0,15,468,483,8
2020-04-16,47043,47043,39,2,,,,,19,-1,,,20,3,0,0,39,298,337,3
2020-04-16,47045,47045,24,0,,,,,16,0,,,8,,0,0,24,280,304,2
2020-04-16,47095,47095,4,0,,,,,4,0,,,,,0,0,4,460,464,0
2020-04-16,47049,47049,4,1,,,,,4,1,,,,,0,0,4,132,136,3
2020-04-16,47047,47047,42,3,,,,,24,-1,,,17,4,1,0,42,367,409,4
2020-04-16,47091,47091,2,0,,,,,0,0,,,2,,0,0,2,29,31,0
2020-04-16,47089,47089,16,0,,,,,4,-2,,,11,2,1,0,16,214,230,0
2020-04-16,47087,47087,6,0,,,,,4,0,,,2,,0,0,6,135,141,1
2020-04-16,47085,47085,4,0,,,,,2,0,,,2,,0,0,4,104,108,0
2020-04-16,47083,47083,4,0,,,,,1,0,,,3,,0,0,4,110,114,0
2020-04-16,47079,47079,8,0,,,,,6,0,,,2,,0,0,8,174,182,1
2020-04-16,47077,47077,2,0,,,,,1,0,,,1,,0,0,2,199,201,1
2020-04-16,47075,47075,12,0,,,,,7,-1,,,4,1,1,0,12,125,137,0
2020-04-16,47073,47073,26,0,,,,,4,-11,,,20,11,2,0,26,228,254,3
2020-04-16,47081,47081,2,0,,,,,1,0,,,1,,0,0,2,116,118,1
2020-04-16,47069,47069,7,0,,,,,4,0,,,3,,0,0,7,154,161,0
2020-04-16,47067,47067,0,0,,,,,0,0,,,,,0,0,0,21,21,1
2020-04-16,47065,47065,110,1,,,,,44,0,,,55,1,11,0,110,1322,1432,12
2020-04-16,47063,47063,7,0,,,,,2,0,,,4,,1,0,7,256,263,4
2020-04-16,47051,47051,23,0,,,,,2,0,,,20,,1,0,23,239,262,3
2020-04-16,47061,47061,25,1,,,,,7,0,,,17,1,1,0,25,187,212,2
2020-04-16,47059,47059,29,1,,,,,4,-3,,,23,4,2,0,29,261,290,8
2020-04-16,47057,47057,4,0,,,,,0,0,,,4,,0,0,4,91,95,4
2020-04-16,47055,47055,5,1,,,,,5,1,,,,,0,0,5,150,155,2
2020-04-16,47053,47053,25,1,,,,,12,0,,,13,1,0,0,25,351,376,1
2020-04-16,47071,47071,4,0,,,,,1,-2,,,3,2,0,0,4,256,260,2
2020-04-17,47127,47127,1,0,,,,,1,0,,,,,0,0,1,47,48,8
2020-04-17,47129,47129,5,0,,,,,0,0,,,5,,0,0,5,113,118,10
2020-04-17,47131,47131,9,1,,,,,5,1,,,3,,1,0,9,158,167,20
2020-04-17,47137,47137,0,0,,,,,0,0,,,,,0,0,0,44,44,2
2020-04-17,47133,47133,7,0,,,,,4,0,,,3,,0,0,7,383,390,29
2020-04-17,,47PEN,40,-169,,,,,39,-160,,,1,-9,0,0,40,10386,10426,-4812
2020-04-17,47135,47135,6,0,,,,,3,0,,,3,,0,0,6,41,47,3
2020-04-17,47125,47125,108,6,,,,,64,0,,,42,6,2,0,108,1429,1537,131
2020-04-17,,47OOS,259,9,,,,,124,6,,,134,3,1,0,259,15536,15795,301
2020-04-17,47123,47123,10,1,,,,,3,1,,,6,,1,0,10,245,255,20
2020-04-17,47101,47101,2,0,,,,,0,0,,,2,,0,0,2,38,40,5
2020-04-17,47109,47109,9,0,,,,,4,0,,,5,,0,0,9,134,143,14
2020-04-17,47107,47107,6,0,,,,,2,0,,,4,,0,0,6,426,432,62
2020-04-17,47119,47119,34,1,,,,,8,-1,,,26,2,0,0,34,679,713,47
2020-04-17,47117,47117,13,1,,,,,8,1,,,4,,1,0,13,212,225,14
2020-04-17,47115,47115,28,1,,,,,10,-1,,,17,2,1,0,28,157,185,16
2020-04-17,47113,47113,83,10,,,,,51,6,,,32,4,0,0,83,853,936,125
2020-04-17,47111,47111,31,1,,,,,18,-1,,,10,2,3,0,31,452,483,47
2020-04-17,47105,47105,21,2,,,,,4,0,,,17,2,0,0,21,297,318,23
2020-04-17,47103,47103,9,0,,,,,6,0,,,3,,0,0,9,130,139,27
2020-04-17,47139,47139,5,0,,,,,1,0,,,4,,0,0,5,51,56,6
2020-04-17,47121,47121,3,0,,,,,1,0,,,2,,0,0,3,84,87,5
2020-04-17,47141,47141,94,1,,,,,54,-3,,,38,4,2,0,94,934,1028,50
2020-04-17,47163,47163,45,0,,,,,9,-4,,,35,4,1,0,45,472,517,53
2020-04-17,47145,47145,8,1,,,,,1,0,,,7,1,0,0,8,405,413,32
2020-04-17,47099,47099,15,0,,,,,2,-3,,,13,3,0,0,15,338,353,22
2020-04-17,47187,47187,336,12,,,,,122,9,,,209,3,5,0,336,2625,2961,177
2020-04-17,47185,47185,4,0,,,,,1,0,,,3,,0,0,4,309,313,45
2020-04-17,47183,47183,6,0,,,,,4,0,,,2,,0,0,6,185,191,24
2020-04-17,47181,47181,2,0,,,,,1,0,,,1,,0,0,2,94,96,7
2020-04-17,47179,47179,46,0,,,,,9,-1,,,37,1,0,0,46,597,643,48
2020-04-17,47177,47177,4,0,,,,,1,0,,,3,,0,0,4,277,281,32
2020-04-17,47175,47175,1,0,,,,,1,0,,,,,0,0,1,59,60,12
2020-04-17,47173,47173,3,0,,,,,1,0,,,2,,0,0,3,67,70,3
2020-04-17,47171,47171,1,0,,,,,0,0,,,1,,0,0,1,61,62,3
2020-04-17,47169,47169,20,1,,,,,18,1,,,1,,1,0,20,111,131,18
2020-04-17,47167,47167,55,1,,,,,25,-2,,,30,3,0,0,55,636,691,92
2020-04-17,47165,47165,497,6,,,,,293,-5,,,175,10,29,1,497,1951,2448,152
2020-04-17,47161,47161,5,1,,,,,5,1,,,,,0,0,5,114,119,16
2020-04-17,47159,47159,12,1,,,,,10,1,,,1,,1,0,12,224,236,27
2020-04-17,47157,47157,1682,190,,,,,1145,100,,,504,90,33,0,1682,8885,10567,2198
2020-04-17,47155,47155,24,2,,,,,1,0,,,22,1,1,1,24,605,629,53
2020-04-17,47153,47153,3,0,,,,,1,-2,,,2,2,0,0,3,150,153,58
2020-04-17,47151,47151,11,0,,,,,6,0,,,5,,0,0,11,125,136,10
2020-04-17,47149,47149,295,24,,,,,158,17,,,131,7,6,0,295,2386,2681,241
2020-04-17,47147,47147,105,10,,,,,39,4,,,66,6,0,0,105,817,922,70
2020-04-17,47143,47143,1,1,,,,,1,1,,,,,0,0,1,245,246,27
2020-04-17,47189,47189,171,10,,,,,85,7,,,85,3,1,0,171,1492,1663,105
2020-04-17,47097,47097,13,1,,,,,12,1,,,1,,0,0,13,155,168,18
2020-04-17,47093,47093,194,12,,,,,57,8,,,133,4,4,0,194,2877,3071,360
2020-04-17,47041,47041,10,0,,,,,3,-1,,,7,1,0,0,10,268,278,30
2020-04-17,47039,47039,5,2,,,,,4,2,,,1,,0,0,5,85,90,8
2020-04-17,47037,47037,1465,158,,,,,693,109,,,753,49,19,0,1465,8416,9881,853
2020-04-17,47035,47035,56,1,,,,,33,-5,,,23,6,0,0,56,885,941,73
2020-04-17,47033,47033,0,0,,,,,0,0,,,,,0,0,0,90,90,10
2020-04-17,47031,47031,18,1,,,,,14,1,,,4,,0,0,18,380,398,47
2020-04-17,47029,47029,11,0,,,,,8,0,,,3,,0,0,11,134,145,25
2020-04-17,47027,47027,5,0,,,,,4,0,,,1,,0,0,5,141,146,9
2020-04-17,47025,47025,5,0,,,,,1,0,,,4,,0,0,5,127,132,6
2020-04-17,47021,47021,21,1,,,,,5,1,,,16,,0,0,21,478,499,29
2020-04-17,47019,47019,5,0,,,,,1,0,,,3,,1,0,5,178,183,12
2020-04-17,47017,47017,13,0,,,,,3,-1,,,10,1,0,0,13,249,262,21
2020-04-17,47015,47015,9,1,,,,,6,1,,,3,,0,0,9,139,148,13
2020-04-17,47013,47013,13,1,,,,,4,1,,,8,,1,0,13,164,177,17
2020-04-17,47011,47011,38,3,,,,,4,0,,,33,3,1,0,38,414,452,23
2020-04-17,47009,47009,46,0,,,,,2,-2,,,41,2,3,0,46,602,648,99
2020-04-17,47007,47007,8,1,,,,,4,0,,,4,1,0,0,8,786,794,45
2020-04-17,47005,47005,4,0,,,,,0,0,,,4,,0,0,4,97,101,10
2020-04-17,47003,47003,48,8,,,,,42,8,,,4,,2,0,48,326,374,51
2020-04-17,47001,47001,15,0,,,,,3,0,,,11,,1,0,15,505,520,37
2020-04-17,47095,47095,4,0,,,,,4,0,,,,,0,0,4,520,524,60
2020-04-17,47043,47043,42,3,,,,,17,-2,,,25,5,0,0,42,329,371,34
2020-04-17,47045,47045,24,0,,,,,16,0,,,8,,0,0,24,328,352,48
2020-04-17,47023,47023,6,0,,,,,1,0,,,5,,0,0,6,143,149,11
2020-04-17,47049,47049,4,0,,,,,3,-1,,,1,1,0,0,4,136,140,4
2020-04-17,47047,47047,44,2,,,,,22,-2,,,21,4,1,0,44,434,478,69
2020-04-17,47089,47089,14,-2,,,,,2,-2,,,12,1,0,-1,14,241,255,25
2020-04-17,47087,47087,6,0,,,,,4,0,,,2,,0,0,6,155,161,20
2020-04-17,47085,47085,4,0,,,,,1,-1,,,3,1,0,0,4,127,131,23
2020-04-17,47083,47083,4,0,,,,,1,0,,,3,,0,0,4,113,117,3
2020-04-17,47081,47081,2,0,,,,,1,0,,,1,,0,0,2,121,123,5
2020-04-17,47079,47079,9,1,,,,,7,1,,,2,,0,0,9,193,202,20
2020-04-17,47077,47077,2,0,,,,,1,0,,,1,,0,0,2,212,214,13
2020-04-17,47075,47075,12,0,,,,,7,0,,,4,,1,0,12,141,153,16
2020-04-17,47073,47073,27,1,,,,,2,-2,,,23,3,2,0,27,248,275,21
2020-04-17,47071,47071,4,0,,,,,1,0,,,3,,0,0,4,318,322,62
2020-04-17,47091,47091,2,0,,,,,0,0,,,2,,0,0,2,32,34,3
2020-04-17,47067,47067,0,0,,,,,0,0,,,,,0,0,0,21,21,0
2020-04-17,47065,47065,114,4,,,,,48,4,,,55,,11,0,114,1453,1567,135
2020-04-17,47063,47063,7,0,,,,,2,0,,,4,,1,0,7,273,280,17
2020-04-17,47061,47061,25,0,,,,,6,-1,,,18,1,1,0,25,191,216,4
2020-04-17,47059,47059,30,1,,,,,6,2,,,22,-1,2,0,30,295,325,35
2020-04-17,47057,47057,4,0,,,,,0,0,,,4,,0,0,4,99,103,8
2020-04-17,47055,47055,5,0,,,,,5,0,,,,,0,0,5,168,173,18
2020-04-17,47053,47053,27,2,,,,,14,2,,,13,,0,0,27,398,425,49
2020-04-17,47051,47051,23,0,,,,,2,0,,,20,,1,0,23,256,279,17
2020-04-17,47069,47069,7,0,,,,,5,1,,,2,-1,0,0,7,184,191,30
2020-04-18,47141,47141,95,1,,,,,53,-1,,,40,2,2,0,95,966,1061,33
2020-04-18,47127,47127,2,1,,,,,2,1,,,,,0,0,2,50,52,4
2020-04-18,47129,47129,5,0,,,,,0,0,,,5,,0,0,5,115,120,2
2020-04-18,47131,47131,9,0,,,,,5,0,,,3,,1,0,9,174,183,16
2020-04-18,47139,47139,5,0,,,,,1,0,,,4,,0,0,5,54,59,3
2020-04-18,47133,47133,7,0,,,,,3,-1,,,4,1,0,0,7,399,406,16
2020-04-18,,47PEN,42,2,,,,,40,1,,,2,1,0,0,42,10667,10709,283
2020-04-18,47135,47135,6,0,,,,,3,0,,,3,,0,0,6,43,49,2
2020-04-18,47125,47125,113,5,,,,,64,0,,,47,5,2,0,113,1488,1601,64
2020-04-18,,47OOS,252,-7,,,,,113,-11,,,138,4,1,0,252,15972,16224,429
2020-04-18,47123,47123,10,0,,,,,3,0,,,6,,1,0,10,256,266,11
2020-04-18,47117,47117,16,3,,,,,9,1,,,6,2,1,0,16,225,241,16
2020-04-18,47109,47109,9,0,,,,,4,0,,,5,,0,0,9,149,158,15
2020-04-18,47107,47107,6,0,,,,,2,0,,,4,,0,0,6,466,472,40
2020-04-18,47119,47119,34,0,,,,,7,-1,,,27,1,0,0,34,689,723,10
2020-04-18,47115,47115,28,0,,,,,9,-1,,,18,1,1,0,28,165,193,8
2020-04-18,47113,47113,79,-4,,,,,43,-8,,,36,4,0,0,79,861,940,4
2020-04-18,47111,47111,33,2,,,,,18,0,,,12,2,3,0,33,477,510,27
2020-04-18,47105,47105,21,0,,,,,4,0,,,17,,0,0,21,300,321,3
2020-04-18,47103,47103,9,0,,,,,6,0,,,3,,0,0,9,138,147,8
2020-04-18,47101,47101,2,0,,,,,0,0,,,2,,0,0,2,42,44,4
2020-04-18,47121,47121,3,0,,,,,1,0,,,2,,0,0,3,84,87,0
2020-04-18,47143,47143,1,0,,,,,1,0,,,,,0,0,1,246,247,1
2020-04-18,47099,47099,15,0,,,,,2,0,,,13,,0,0,15,350,365,12
2020-04-18,47147,47147,105,0,,,,,38,-1,,,67,1,0,0,105,840,945,23
2020-04-18,47189,47189,173,2,,,,,82,-3,,,90,5,1,0,173,1527,1700,37
2020-04-18,47187,47187,342,6,,,,,122,0,,,214,5,6,1,342,2672,3014,53
2020-04-18,47185,47185,4,0,,,,,1,0,,,3,,0,0,4,323,327,14
2020-04-18,47183,47183,6,0,,,,,4,0,,,2,,0,0,6,193,199,8
2020-04-18,47181,47181,2,0,,,,,1,0,,,1,,0,0,2,101,103,7
2020-04-18,47179,47179,46,0,,,,,9,0,,,37,,0,0,46,619,665,22
2020-04-18,47177,47177,4,0,,,,,1,0,,,3,,0,0,4,297,301,20
2020-04-18,47175,47175,1,0,,,,,1,0,,,,,0,0,1,64,65,5
2020-04-18,47173,47173,3,0,,,,,1,0,,,2,,0,0,3,70,73,3
2020-04-18,47171,47171,1,0,,,,,0,0,,,1,,0,0,1,61,62,0
2020-04-18,47169,47169,20,0,,,,,16,-2,,,3,2,1,0,20,115,135,4
2020-04-18,47167,47167,57,2,,,,,23,-2,,,34,4,0,0,57,680,737,46
2020-04-18,47165,47165,503,6,,,,,203,-90,,,270,95,30,1,503,1991,2494,46
2020-04-18,47163,47163,45,0,,,,,9,0,,,35,,1,0,45,480,525,8
2020-04-18,47161,47161,5,0,,,,,5,0,,,,,0,0,5,115,120,1
2020-04-18,47159,47159,12,0,,,,,9,-1,,,2,1,1,0,12,235,247,11
2020-04-18,47157,47157,1730,48,,,,,1160,15,,,536,32,34,1,1730,9568,11298,731
2020-04-18,47155,47155,24,0,,,,,0,-1,,,23,1,1,0,24,616,640,11
2020-04-18,47153,47153,3,0,,,,,1,0,,,2,,0,0,3,162,165,12
2020-04-18,47151,47151,11,0,,,,,6,0,,,5,,0,0,11,127,138,2
2020-04-18,47149,47149,302,7,,,,,158,0,,,138,7,6,0,302,2444,2746,65
2020-04-18,47145,47145,8,0,,,,,1,0,,,7,,0,0,8,420,428,15
2020-04-18,47097,47097,13,0,,,,,11,-1,,,2,1,0,0,13,165,178,10
2020-04-18,47137,47137,0,0,,,,,0,0,,,,,0,0,0,45,45,1
2020-04-18,47093,47093,194,0,,,,,54,-3,,,136,3,4,0,194,2970,3164,93
2020-04-18,47041,47041,10,0,,,,,3,0,,,7,,0,0,10,297,307,29
2020-04-18,47039,47039,4,-1,,,,,3,-1,,,1,,0,0,4,87,91,1
2020-04-18,47037,47037,1531,66,,,,,738,45,,,774,21,19,0,1531,8747,10278,397
2020-04-18,47035,47035,57,1,,,,,34,1,,,23,,0,0,57,927,984,43
2020-04-18,47033,47033,3,3,,,,,2,2,,,1,1,0,0,3,95,98,8
2020-04-18,47031,47031,19,1,,,,,13,-1,,,6,2,0,0,19,397,416,18
2020-04-18,47029,47029,11,0,,,,,6,-2,,,5,2,0,0,11,141,152,7
2020-04-18,47027,47027,5,0,,,,,4,0,,,1,,0,0,5,154,159,13
2020-04-18,47025,47025,5,0,,,,,1,0,,,4,,0,0,5,134,139,7
2020-04-18,47023,47023,6,0,,,,,1,0,,,5,,0,0,6,145,151,2
2020-04-18,47021,47021,22,1,,,,,5,0,,,17,1,0,0,22,492,514,15
2020-04-18,47019,47019,5,0,,,,,1,0,,,3,,1,0,5,182,187,4
2020-04-18,47017,47017,13,0,,,,,3,0,,,10,,0,0,13,258,271,9
2020-04-18,47015,47015,8,-1,,,,,4,-2,,,4,1,0,0,8,149,157,9
2020-04-18,47013,47013,12,-1,,,,,3,-1,,,8,,1,0,12,171,183,6
2020-04-18,47011,47011,38,0,,,,,4,0,,,33,,1,0,38,425,463,11
2020-04-18,47009,47009,46,0,,,,,2,0,,,41,,3,0,46,627,673,25
2020-04-18,47007,47007,9,1,,,,,5,1,,,4,,0,0,9,798,807,13
2020-04-18,47005,47005,4,0,,,,,0,0,,,4,,0,0,4,97,101,0
2020-04-18,47003,47003,62,14,,,,,56,14,,,4,,2,0,62,345,407,33
2020-04-18,47001,47001,15,0,,,,,2,-1,,,12,1,1,0,15,519,534,14
2020-04-18,47043,47043,43,1,,,,,18,1,,,25,,0,0,43,350,393,22
2020-04-18,47045,47045,25,1,,,,,17,1,,,8,,0,0,25,352,377,25
2020-04-18,47095,47095,4,0,,,,,4,0,,,,,0,0,4,541,545,21
2020-04-18,47049,47049,4,0,,,,,3,0,,,1,,0,0,4,143,147,7
2020-04-18,47089,47089,15,1,,,,,3,1,,,12,,0,0,15,253,268,13
2020-04-18,47087,47087,11,5,,,,,9,5,,,2,,0,0,11,159,170,9
2020-04-18,47085,47085,4,0,,,,,1,0,,,3,,0,0,4,133,137,6
2020-04-18,47083,47083,4,0,,,,,1,0,,,3,,0,0,4,123,127,10
2020-04-18,47081,47081,2,0,,,,,1,0,,,1,,0,0,2,125,127,4
2020-04-18,47079,47079,9,0,,,,,6,-1,,,3,1,0,0,9,206,215,13
2020-04-18,47077,47077,4,2,,,,,3,2,,,1,,0,0,4,219,223,9
2020-04-18,47075,47075,13,1,,,,,7,0,,,5,1,1,0,13,158,171,18
2020-04-18,47073,47073,27,0,,,,,2,0,,,23,,2,0,27,253,280,5
2020-04-18,47071,47071,4,0,,,,,1,0,,,3,,0,0,4,392,396,74
2020-04-18,47091,47091,2,0,,,,,0,0,,,2,,0,0,2,32,34,0
2020-04-18,47067,47067,0,0,,,,,0,0,,,,,0,0,0,21,21,0
2020-04-18,47065,47065,116,2,,,,,49,1,,,56,1,11,0,116,1472,1588,21
2020-04-18,47063,47063,7,0,,,,,1,-1,,,5,1,1,0,7,281,288,8
2020-04-18,47061,47061,25,0,,,,,6,0,,,18,,1,0,25,197,222,6
2020-04-18,47059,47059,30,0,,,,,6,0,,,22,,2,0,30,315,345,20
2020-04-18,47057,47057,4,0,,,,,0,0,,,4,,0,0,4,104,108,5
2020-04-18,47055,47055,5,0,,,,,2,-3,,,3,3,0,0,5,178,183,10
2020-04-18,47053,47053,28,1,,,,,15,1,,,13,,0,0,28,424,452,27
2020-04-18,47047,47047,45,1,,,,,23,1,,,21,,1,0,45,468,513,35
2020-04-18,47051,47051,23,0,,,,,2,0,,,20,,1,0,23,272,295,16
2020-04-18,47069,47069,7,0,,,,,4,-1,,,3,1,0,0,7,190,197,6
2020-04-19,47129,47129,5,0,,,,,0,0,,,5,,0,0,5,123,128,8
2020-04-19,47131,47131,9,0,,,,,5,0,,,3,,1,0,9,185,194,11
2020-04-19,,47OOS,274,22,,,,,127,14,,,146,8,1,0,274,16684,16958,734
2020-04-19,47139,47139,5,0,,,,,1,0,,,4,,0,0,5,72,77,18
2020-04-19,,47PEN,88,46,,,,,86,46,,,2,,0,0,88,12321,12409,1700
2020-04-19,47135,47135,6,0,,,,,3,0,,,3,,0,0,6,45,51,2
2020-04-19,47137,47137,0,0,,,,,0,0,,,,,0,0,0,51,51,6
2020-04-19,47127,47127,2,0,,,,,2,0,,,,,0,0,2,75,77,25
2020-04-19,47133,47133,7,0,,,,,3,0,,,4,,0,0,7,436,443,37
2020-04-19,47125,47125,119,6,,,,,67,3,,,50,3,2,0,119,1563,1682,81
2020-04-19,47115,47115,28,0,,,,,7,-2,,,20,2,1,0,28,169,197,4
2020-04-19,47109,47109,9,0,,,,,4,0,,,5,,0,0,9,164,173,15
2020-04-19,47107,47107,6,0,,,,,2,0,,,4,,0,0,6,510,516,44
2020-04-19,47119,47119,34,0,,,,,6,-1,,,28,1,0,0,34,718,752,29
2020-04-19,47117,47117,16,0,,,,,8,-1,,,7,1,1,0,16,247,263,22
2020-04-19,47113,47113,86,7,,,,,48,5,,,37,1,1,1,86,902,988,48
2020-04-19,47111,47111,33,0,,,,,18,0,,,12,,3,0,33,491,524,14
2020-04-19,47105,47105,22,1,,,,,5,1,,,17,,0,0,22,318,340,19
2020-04-19,47103,47103,10,1,,,,,5,-1,,,5,2,0,0,10,154,164,17
2020-04-19,47101,47101,2,0,,,,,0,0,,,2,,0,0,2,45,47,3
2020-04-19,47141,47141,95,0,,,,,53,0,,,40,,2,0,95,1018,1113,52
2020-04-19,47123,47123,10,0,,,,,3,0,,,6,,1,0,10,272,282,16
2020-04-19,47143,47143,2,1,,,,,2,1,,,,,0,0,2,257,259,12
2020-04-19,47165,47165,509,6,,,,,206,3,,,273,3,30,0,509,2041,2550,56
2020-04-19,47147,47147,113,8,,,,,43,5,,,70,3,0,0,113,871,984,39
2020-04-19,47189,47189,181,8,,,,,87,5,,,93,3,1,0,181,1594,1775,75
2020-04-19,47187,47187,348,6,,,,,119,-3,,,223,9,6,0,348,2791,3139,125
2020-04-19,47185,47185,4,0,,,,,1,0,,,3,,0,0,4,336,340,13
2020-04-19,47183,47183,8,2,,,,,6,2,,,2,,0,0,8,205,213,14
2020-04-19,47181,47181,2,0,,,,,1,0,,,1,,0,0,2,107,109,6
2020-04-19,47179,47179,46,0,,,,,9,0,,,37,,0,0,46,644,690,25
2020-04-19,47177,47177,5,1,,,,,2,1,,,3,,0,0,5,320,325,24
2020-04-19,47175,47175,1,0,,,,,1,0,,,,,0,0,1,64,65,0
2020-04-19,47173,47173,3,0,,,,,1,0,,,2,,0,0,3,73,76,3
2020-04-19,47171,47171,1,0,,,,,0,0,,,1,,0,0,1,63,64,2
2020-04-19,47169,47169,22,2,,,,,18,2,,,3,,1,0,22,123,145,10
2020-04-19,47167,47167,56,-1,,,,,22,-1,,,34,,0,0,56,699,755,18
2020-04-19,47099,47099,15,0,,,,,2,0,,,13,,0,0,15,368,383,18
2020-04-19,47163,47163,45,0,,,,,9,0,,,35,,1,0,45,495,540,15
2020-04-19,47161,47161,6,1,,,,,6,1,,,,,0,0,6,118,124,4
2020-04-19,47159,47159,13,1,,,,,10,1,,,2,,1,0,13,241,254,7
2020-04-19,47157,47157,1778,48,,,,,1171,11,,,572,36,35,1,1778,10401,12179,881
2020-04-19,47155,47155,24,0,,,,,0,0,,,23,,1,0,24,647,671,31
2020-04-19,47153,47153,3,0,,,,,1,0,,,2,,0,0,3,164,167,2
2020-04-19,47151,47151,11,0,,,,,6,0,,,5,,0,0,11,137,148,10
2020-04-19,47149,47149,309,7,,,,,161,3,,,142,4,6,0,309,2543,2852,106
2020-04-19,47145,47145,8,0,,,,,1,0,,,7,,0,0,8,441,449,21
2020-04-19,47097,47097,15,2,,,,,13,2,,,2,,0,0,15,178,193,15
2020-04-19,47121,47121,3,0,,,,,1,0,,,2,,0,0,3,89,92,5
2020-04-19,47093,47093,194,0,,,,,52,-2,,,138,2,4,0,194,3108,3302,138
2020-04-19,47041,47041,10,0,,,,,3,0,,,7,,0,0,10,334,344,37
2020-04-19,47039,47039,4,0,,,,,3,0,,,1,,0,0,4,94,98,7
2020-04-19,47037,47037,1638,107,,,,,828,90,,,791,17,19,0,1638,9182,10820,542
2020-04-19,47035,47035,57,0,,,,,34,0,,,23,,0,0,57,956,1013,29
2020-04-19,47033,47033,5,2,,,,,4,2,,,1,,0,0,5,121,126,28
2020-04-19,47031,47031,20,1,,,,,14,1,,,6,,0,0,20,444,464,48
2020-04-19,47029,47029,11,0,,,,,6,0,,,5,,0,0,11,147,158,6
2020-04-19,47027,47027,5,0,,,,,4,0,,,1,,0,0,5,178,183,24
2020-04-19,47025,47025,5,0,,,,,1,0,,,4,,0,0,5,139,144,5
2020-04-19,47023,47023,8,2,,,,,3,2,,,5,,0,0,8,160,168,17
2020-04-19,47021,47021,22,0,,,,,4,-1,,,18,1,0,0,22,529,551,37
2020-04-19,47019,47019,5,0,,,,,1,0,,,3,,1,0,5,196,201,14
2020-04-19,47017,47017,15,2,,,,,5,2,,,10,,0,0,15,282,297,26
2020-04-19,47015,47015,8,0,,,,,4,0,,,4,,0,0,8,167,175,18
2020-04-19,47013,47013,12,0,,,,,2,-1,,,9,1,1,0,12,178,190,7
2020-04-19,47011,47011,37,-1,,,,,3,-1,,,33,,1,0,37,471,508,45
2020-04-19,47009,47009,46,0,,,,,2,0,,,41,,3,0,46,641,687,14
2020-04-19,47007,47007,9,0,,,,,4,-1,,,5,1,0,0,9,1000,1009,202
2020-04-19,47005,47005,4,0,,,,,0,0,,,4,,0,0,4,111,115,14
2020-04-19,47003,47003,71,9,,,,,61,5,,,8,4,2,0,71,390,461,54
2020-04-19,47095,47095,4,0,,,,,4,0,,,,,0,0,4,554,558,13
2020-04-19,47043,47043,45,2,,,,,20,2,,,25,,0,0,45,398,443,50
2020-04-19,47045,47045,28,3,,,,,20,3,,,8,,0,0,28,395,423,46
2020-04-19,47001,47001,16,1,,,,,3,1,,,12,,1,0,16,548,564,30
2020-04-19,47049,47049,4,0,,,,,3,0,,,1,,0,0,4,152,156,9
2020-04-19,47047,47047,45,0,,,,,22,-1,,,22,1,1,0,45,518,563,50
2020-04-19,47089,47089,15,0,,,,,2,-1,,,13,1,0,0,15,262,277,9
2020-04-19,47087,47087,6,-5,,,,,4,-5,,,2,,0,0,6,162,168,-2
2020-04-19,47085,47085,7,3,,,,,4,3,,,3,,0,0,7,137,144,7
2020-04-19,47083,47083,4,0,,,,,0,-1,,,4,1,0,0,4,130,134,7
2020-04-19,47081,47081,2,0,,,,,1,0,,,1,,0,0,2,139,141,14
2020-04-19,47079,47079,9,0,,,,,6,0,,,3,,0,0,9,220,229,14
2020-04-19,47077,47077,4,0,,,,,3,0,,,1,,0,0,4,235,239,16
2020-04-19,47075,47075,13,0,,,,,7,0,,,5,,1,0,13,170,183,12
2020-04-19,47073,47073,27,0,,,,,2,0,,,23,,2,0,27,271,298,18
2020-04-19,47091,47091,2,0,,,,,0,0,,,2,,0,0,2,36,38,4
2020-04-19,47069,47069,7,0,,,,,3,-1,,,4,1,0,0,7,203,210,13
2020-04-19,47067,47067,0,0,,,,,0,0,,,,,0,0,0,21,21,0
2020-04-19,47065,47065,116,0,,,,,46,-3,,,58,2,12,1,116,1524,1640,52
2020-04-19,47063,47063,8,1,,,,,2,1,,,5,,1,0,8,302,310,22
2020-04-19,47061,47061,25,0,,,,,5,-1,,,19,1,1,0,25,210,235,13
2020-04-19,47059,47059,30,0,,,,,6,0,,,22,,2,0,30,341,371,26
2020-04-19,47057,47057,4,0,,,,,0,0,,,4,,0,0,4,110,114,6
2020-04-19,47055,47055,5,0,,,,,2,0,,,3,,0,0,5,206,211,28
2020-04-19,47053,47053,31,3,,,,,18,3,,,13,,0,0,31,509,540,88
2020-04-19,47051,47051,26,3,,,,,4,2,,,21,1,1,0,26,371,397,102
2020-04-19,47071,47071,4,0,,,,,1,0,,,3,,0,0,4,503,507,111
2020-04-20,47101,47101,2,0,,,,,0,0,,,2,,0,0,2,51,53,6
2020-04-20,47129,47129,5,0,,,,,0,0,,,5,,0,0,5,126,131,3
2020-04-20,47131,47131,9,0,,,,,5,0,,,3,,1,0,9,188,197,3
2020-04-20,,47OOS,273,-1,,,,,124,-3,,,148,2,1,0,273,17105,17378,420
2020-04-20,47139,47139,5,0,,,,,1,0,,,4,,0,0,5,77,82,5
2020-04-20,,47PEN,57,-31,,,,,55,-31,,,2,,0,0,57,12597,12654,245
2020-04-20,47135,47135,6,0,,,,,3,0,,,3,,0,0,6,53,59,8
2020-04-20,47137,47137,0,0,,,,,0,0,,,,,0,0,0,53,53,2
2020-04-20,47133,47133,7,0,,,,,3,0,,,4,,0,0,7,453,460,17
2020-04-20,47127,47127,2,0,,,,,2,0,,,,,0,0,2,84,86,9
2020-04-20,47117,47117,16,0,,,,,8,0,,,7,,1,0,16,284,300,37
2020-04-20,47123,47123,11,1,,,,,3,0,,,7,1,1,0,11,273,284,2
2020-04-20,47109,47109,9,0,,,,,3,-1,,,6,1,0,0,9,179,188,15
2020-04-20,47107,47107,6,0,,,,,2,0,,,4,,0,0,6,565,571,55
2020-04-20,47119,47119,34,0,,,,,4,-2,,,30,2,0,0,34,821,855,103
2020-04-20,47115,47115,28,0,,,,,6,-1,,,21,1,1,0,28,182,210,13
2020-04-20,47113,47113,87,1,,,,,47,-1,,,39,2,1,0,87,931,1018,30
2020-04-20,47111,47111,34,1,,,,,19,1,,,12,,3,0,34,519,553,29
2020-04-20,47105,47105,23,1,,,,,6,1,,,17,,0,0,23,328,351,11
2020-04-20,47103,47103,10,0,,,,,5,0,,,5,,0,0,10,185,195,31
2020-04-20,47141,47141,96,1,,,,,48,-5,,,45,5,3,1,96,1068,1164,51
2020-04-20,47125,47125,122,3,,,,,65,-2,,,55,5,2,0,122,1710,1832,150
2020-04-20,47143,47143,2,0,,,,,1,-1,,,1,1,0,0,2,288,290,31
2020-04-20,47165,47165,518,9,,,,,202,-4,,,285,12,31,1,518,2105,2623,73
2020-04-20,47147,47147,116,3,,,,,41,-2,,,75,5,0,0,116,914,1030,46
2020-04-20,47099,47099,15,0,,,,,2,0,,,13,,0,0,15,387,402,19
2020-04-20,47189,47189,185,4,,,,,87,0,,,97,4,1,0,185,1623,1808,33
2020-04-20,47187,47187,357,9,,,,,124,5,,,227,4,6,0,357,2924,3281,142
2020-04-20,47185,47185,4,0,,,,,1,0,,,3,,0,0,4,360,364,24
2020-04-20,47183,47183,8,0,,,,,6,0,,,2,,0,0,8,213,221,8
2020-04-20,47181,47181,2,0,,,,,0,-1,,,2,1,0,0,2,110,112,3
2020-04-20,47179,47179,46,0,,,,,9,0,,,37,,0,0,46,675,721,31
2020-04-20,47177,47177,5,0,,,,,2,0,,,3,,0,0,5,345,350,25
2020-04-20,47175,47175,1,0,,,,,1,0,,,,,0,0,1,70,71,6
2020-04-20,47173,47173,3,0,,,,,1,0,,,2,,0,0,3,77,80,4
2020-04-20,47171,47171,1,0,,,,,0,0,,,1,,0,0,1,67,68,4
2020-04-20,47169,47169,21,-1,,,,,17,-1,,,3,,1,0,21,130,151,6
2020-04-20,47167,47167,83,27,,,,,49,27,,,34,,0,0,83,754,837,82
2020-04-20,47163,47163,45,0,,,,,9,0,,,35,,1,0,45,520,565,25
2020-04-20,47161,47161,6,0,,,,,6,0,,,,,0,0,6,123,129,5
2020-04-20,47159,47159,14,1,,,,,10,0,,,3,1,1,0,14,252,266,12
2020-04-20,47157,47157,1839,61,,,,,1147,-24,,,657,85,35,0,1839,10856,12695,516
2020-04-20,47155,47155,26,2,,,,,2,2,,,23,,1,0,26,654,680,9
2020-04-20,47153,47153,3,0,,,,,1,0,,,2,,0,0,3,183,186,19
2020-04-20,47151,47151,11,0,,,,,6,0,,,5,,0,0,11,137,148,0
2020-04-20,47149,47149,328,19,,,,,171,10,,,150,8,7,1,328,2630,2958,106
2020-04-20,47145,47145,8,0,,,,,1,0,,,7,,0,0,8,451,459,10
2020-04-20,47097,47097,16,1,,,,,14,1,,,2,,0,0,16,185,201,8
2020-04-20,47121,47121,3,0,,,,,1,0,,,2,,0,0,3,94,97,5
2020-04-20,47093,47093,193,-1,,,,,42,-10,,,147,9,4,0,193,3147,3340,38
2020-04-20,47043,47043,46,1,,,,,19,-1,,,27,2,0,0,46,508,554,111
2020-04-20,47041,47041,12,2,,,,,5,2,,,7,,0,0,12,338,350,6
2020-04-20,47039,47039,4,0,,,,,3,0,,,1,,0,0,4,100,104,6
2020-04-20,47037,47037,1675,37,,,,,813,-15,,,843,52,19,0,1675,9373,11048,228
2020-04-20,47035,47035,58,1,,,,,34,0,,,24,1,0,0,58,996,1054,41
2020-04-20,47033,47033,6,1,,,,,5,1,,,1,,0,0,6,176,182,56
2020-04-20,47031,47031,20,0,,,,,14,0,,,6,,0,0,20,487,507,43
2020-04-20,47029,47029,11,0,,,,,6,0,,,5,,0,0,11,161,172,14
2020-04-20,47027,47027,5,0,,,,,4,0,,,1,,0,0,5,180,185,2
2020-04-20,47025,47025,5,0,,,,,1,0,,,4,,0,0,5,145,150,6
2020-04-20,47023,47023,8,0,,,,,2,-1,,,6,1,0,0,8,165,173,5
2020-04-20,47021,47021,22,0,,,,,3,-1,,,19,1,0,0,22,554,576,25
2020-04-20,47019,47019,5,0,,,,,1,0,,,3,,1,0,5,210,215,14
2020-04-20,47017,47017,15,0,,,,,3,-2,,,11,1,1,1,15,285,300,3
2020-04-20,47015,47015,8,0,,,,,4,0,,,4,,0,0,8,171,179,4
2020-04-20,47013,47013,13,1,,,,,3,1,,,9,,1,0,13,189,202,12
2020-04-20,47011,47011,37,0,,,,,3,0,,,33,,1,0,37,479,516,8
2020-04-20,47009,47009,46,0,,,,,2,0,,,41,,3,0,46,657,703,16
2020-04-20,47007,47007,10,1,,,,,5,1,,,5,,0,0,10,1012,1022,13
2020-04-20,47005,47005,4,0,,,,,0,0,,,4,,0,0,4,114,118,3
2020-04-20,47003,47003,76,5,,,,,65,4,,,9,1,2,0,76,427,503,42
2020-04-20,47045,47045,28,0,,,,,18,-2,,,10,2,0,0,28,400,428,5
2020-04-20,47047,47047,46,1,,,,,22,0,,,23,1,1,0,46,530,576,13
2020-04-20,47001,47001,16,0,,,,,3,0,,,12,,1,0,16,555,571,7
2020-04-20,47051,47051,27,1,,,,,4,0,,,22,1,1,0,27,402,429,32
2020-04-20,47049,47049,4,0,,,,,3,0,,,1,,0,0,4,158,162,6
2020-04-20,47091,47091,2,0,,,,,0,0,,,2,,0,0,2,39,41,3
2020-04-20,47089,47089,16,1,,,,,3,1,,,13,,0,0,16,280,296,19
2020-04-20,47087,47087,6,0,,,,,2,-2,,,4,2,0,0,6,167,173,5
2020-04-20,47085,47085,6,-1,,,,,2,-2,,,4,1,0,0,6,159,165,21
2020-04-20,47083,47083,4,0,,,,,0,0,,,4,,0,0,4,133,137,3
2020-04-20,47081,47081,2,0,,,,,1,0,,,1,,0,0,2,169,171,30
2020-04-20,47079,47079,9,0,,,,,4,-2,,,5,2,0,0,9,255,264,35
2020-04-20,47077,47077,4,0,,,,,3,0,,,1,,0,0,4,239,243,4
2020-04-20,47075,47075,13,0,,,,,7,0,,,5,,1,0,13,180,193,10
2020-04-20,47073,47073,27,0,,,,,2,0,,,23,,2,0,27,298,325,27
2020-04-20,47095,47095,4,0,,,,,4,0,,,,,0,0,4,563,567,9
2020-04-20,47071,47071,4,0,,,,,1,0,,,3,,0,0,4,567,571,64
2020-04-20,47069,47069,7,0,,,,,1,-2,,,6,2,0,0,7,212,219,9
2020-04-20,47067,47067,0,0,,,,,0,0,,,,,0,0,0,22,22,1
2020-04-20,47065,47065,118,2,,,,,40,-6,,,66,8,12,0,118,1550,1668,28
2020-04-20,47063,47063,8,0,,,,,2,0,,,5,,1,0,8,309,317,7
2020-04-20,47061,47061,25,0,,,,,4,-1,,,20,1,1,0,25,214,239,4
2020-04-20,47059,47059,35,5,,,,,10,4,,,23,1,2,0,35,349,384,13
2020-04-20,47057,47057,4,0,,,,,0,0,,,4,,0,0,4,121,125,11
2020-04-20,47055,47055,5,0,,,,,2,0,,,3,,0,0,5,226,231,20
2020-04-20,47053,47053,31,0,,,,,16,-2,,,15,2,0,0,31,521,552,12
2020-04-21,47127,47127,2,0,,,,,2,0,,,,,0,0,2,88,90,4
2020-04-21,47129,47129,5,0,,,,,0,0,,,5,,0,0,5,137,142,11
2020-04-21,47131,47131,9,0,,,,,5,0,,,3,,1,0,9,205,214,17
2020-04-21,47137,47137,0,0,,,,,0,0,,,,,0,0,0,53,53,0
2020-04-21,47133,47133,7,0,,,,,2,-1,,,5,1,0,0,7,454,461,1
2020-04-21,,47PEN,36,-21,,,,,34,-21,,,2,,0,0,36,13341,13377,723
2020-04-21,47135,47135,6,0,,,,,3,0,,,3,,0,0,6,53,59,0
2020-04-21,47125,47125,124,2,,,,,66,1,,,56,1,2,0,124,1965,2089,257
2020-04-21,,47OOS,265,-8,,,,,114,-10,,,150,2,1,0,265,17774,18039,661
2020-04-21,47123,47123,11,0,,,,,3,0,,,7,,1,0,11,286,297,13
2020-04-21,47119,47119,34,0,,,,,4,0,,,30,,0,0,34,888,922,67
2020-04-21,47109,47109,9,0,,,,,3,0,,,6,,0,0,9,182,191,3
2020-04-21,47107,47107,6,0,,,,,2,0,,,4,,0,0,6,587,593,22
2020-04-21,47139,47139,5,0,,,,,1,0,,,4,,0,0,5,80,85,3
2020-04-21,47117,47117,22,6,,,,,15,7,,,6,-1,1,0,22,297,319,19
2020-04-21,47115,47115,28,0,,,,,6,0,,,21,,1,0,28,411,439,229
2020-04-21,47113,47113,90,3,,,,,46,-1,,,43,4,1,0,90,958,1048,30
2020-04-21,47111,47111,34,0,,,,,19,0,,,12,,3,0,34,523,557,4
2020-04-21,47105,47105,23,0,,,,,6,0,,,17,,0,0,23,349,372,21
2020-04-21,47103,47103,11,1,,,,,6,1,,,5,,0,0,11,195,206,11
2020-04-21,47101,47101,2,0,,,,,0,0,,,2,,0,0,2,55,57,4
2020-04-21,47121,47121,3,0,,,,,1,0,,,2,,0,0,3,96,99,2
2020-04-21,47141,47141,95,-1,,,,,18,-30,,,74,29,3,0,95,1084,1179,15
2020-04-21,47151,47151,12,1,,,,,2,-4,,,10,5,0,0,12,165,177,29
2020-04-21,47145,47145,8,0,,,,,1,0,,,7,,0,0,8,547,555,96
2020-04-21,47099,47099,16,1,,,,,3,1,,,13,,0,0,16,404,420,18
2020-04-21,47187,47187,359,2,,,,,114,-10,,,239,12,6,0,359,3233,3592,311
2020-04-21,47185,47185,4,0,,,,,1,0,,,3,,0,0,4,372,376,12
2020-04-21,47183,47183,8,0,,,,,6,0,,,2,,0,0,8,291,299,78
2020-04-21,47181,47181,2,0,,,,,0,0,,,2,,0,0,2,111,113,1
2020-04-21,47179,47179,46,0,,,,,9,0,,,37,,0,0,46,719,765,44
2020-04-21,47177,47177,4,-1,,,,,1,-1,,,3,,0,0,4,377,381,31
2020-04-21,47175,47175,1,0,,,,,1,0,,,,,0,0,1,106,107,36
2020-04-21,47173,47173,3,0,,,,,1,0,,,2,,0,0,3,84,87,7
2020-04-21,47171,47171,1,0,,,,,0,0,,,1,,0,0,1,82,83,15
2020-04-21,47169,47169,23,2,,,,,16,-1,,,6,3,1,0,23,135,158,7
2020-04-21,47167,47167,83,0,,,,,45,-4,,,38,4,0,0,83,901,984,147
2020-04-21,47165,47165,530,12,,,,,201,-1,,,298,13,31,0,530,2195,2725,102
2020-04-21,47161,47161,6,0,,,,,5,-1,,,1,1,0,0,6,125,131,2
2020-04-21,47159,47159,14,0,,,,,9,-1,,,4,1,1,0,14,258,272,6
2020-04-21,47157,47157,1873,34,,,,,1104,-43,,,730,73,39,4,1873,11251,13124,429
2020-04-21,47155,47155,29,3,,,,,5,3,,,23,,1,0,29,801,830,150
2020-04-21,47153,47153,3,0,,,,,1,0,,,2,,0,0,3,196,199,13
2020-04-21,47189,47189,187,2,,,,,84,-3,,,102,5,1,0,187,1823,2010,202
2020-04-21,47149,47149,338,10,,,,,170,-1,,,161,11,7,0,338,3076,3414,456
2020-04-21,47147,47147,117,1,,,,,39,-2,,,78,3,0,0,117,981,1098,68
2020-04-21,47143,47143,3,1,,,,,1,0,,,2,1,0,0,3,292,295,5
2020-04-21,47163,47163,45,0,,,,,9,0,,,35,,1,0,45,557,602,37
2020-04-21,47097,47097,16,0,,,,,14,0,,,2,,0,0,16,192,208,7
2020-04-21,47093,47093,196,3,,,,,24,-18,,,168,21,4,0,196,3581,3777,437
2020-04-21,47041,47041,12,0,,,,,5,0,,,7,,0,0,12,339,351,1
2020-04-21,47039,47039,4,0,,,,,3,0,,,1,,0,0,4,103,107,3
2020-04-21,47037,47037,1719,44,,,,,819,6,,,880,37,20,1,1719,10141,11860,812
2020-04-21,47035,47035,59,1,,,,,32,-2,,,27,3,0,0,59,1015,1074,20
2020-04-21,47033,47033,6,0,,,,,5,0,,,1,,0,0,6,177,183,1
2020-04-21,47031,47031,21,1,,,,,13,-1,,,8,2,0,0,21,522,543,36
2020-04-21,47029,47029,11,0,,,,,5,-1,,,6,1,0,0,11,186,197,25
2020-04-21,47027,47027,5,0,,,,,3,-1,,,2,1,0,0,5,180,185,0
2020-04-21,47025,47025,5,0,,,,,1,0,,,4,,0,0,5,151,156,6
2020-04-21,47021,47021,22,0,,,,,3,0,,,19,,0,0,22,577,599,23
2020-04-21,47019,47019,5,0,,,,,1,0,,,3,,1,0,5,216,221,6
2020-04-21,47017,47017,14,-1,,,,,2,-1,,,11,,1,0,14,294,308,8
2020-04-21,47015,47015,8,0,,,,,4,0,,,4,,0,0,8,177,185,6
2020-04-21,47013,47013,13,0,,,,,2,-1,,,10,1,1,0,13,209,222,20
2020-04-21,47011,47011,37,0,,,,,3,0,,,33,,1,0,37,497,534,18
2020-04-21,47009,47009,46,0,,,,,2,0,,,41,,3,0,46,732,778,75
2020-04-21,47007,47007,11,1,,,,,5,0,,,6,1,0,0,11,1228,1239,217
2020-04-21,47005,47005,4,0,,,,,0,0,,,4,,0,0,4,114,118,0
2020-04-21,47003,47003,105,29,,,,,93,28,,,10,1,2,0,105,715,820,317
2020-04-21,47001,47001,21,5,,,,,7,4,,,13,1,1,0,21,955,976,405
2020-04-21,47095,47095,4,0,,,,,4,0,,,,,0,0,4,799,803,236
2020-04-21,47043,47043,46,0,,,,,19,0,,,27,,0,0,46,524,570,16
2020-04-21,47045,47045,28,0,,,,,17,-1,,,11,1,0,0,28,405,433,5
2020-04-21,47023,47023,9,1,,,,,3,1,,,6,,0,0,9,167,176,3
2020-04-21,47049,47049,4,0,,,,,3,0,,,1,,0,0,4,165,169,7
2020-04-21,47047,47047,48,2,,,,,20,-2,,,27,4,1,0,48,559,607,31
2020-04-21,47089,47089,16,0,,,,,3,0,,,13,,0,0,16,321,337,41
2020-04-21,47087,47087,6,0,,,,,0,-2,,,6,2,0,0,6,168,174,1
2020-04-21,47085,47085,6,0,,,,,2,0,,,4,,0,0,6,163,169,4
2020-04-21,47083,47083,4,0,,,,,0,0,,,4,,0,0,4,135,139,2
2020-04-21,47081,47081,3,1,,,,,1,0,,,2,1,0,0,3,172,175,4
2020-04-21,47079,47079,9,0,,,,,4,0,,,5,,0,0,9,258,267,3
2020-04-21,47077,47077,5,1,,,,,4,1,,,1,,0,0,5,245,250,7
2020-04-21,47075,47075,13,0,,,,,7,0,,,5,,1,0,13,181,194,1
2020-04-21,47073,47073,28,1,,,,,2,0,,,24,1,2,0,28,339,367,42
2020-04-21,47071,47071,4,0,,,,,1,0,,,3,,0,0,4,572,576,5
2020-04-21,47091,47091,2,0,,,,,0,0,,,2,,0,0,2,40,42,1
2020-04-21,47067,47067,0,0,,,,,0,0,,,,,0,0,0,24,24,2
2020-04-21,47065,47065,124,6,,,,,41,1,,,71,5,12,0,124,1616,1740,72
2020-04-21,47063,47063,13,5,,,,,7,5,,,5,,1,0,13,345,358,41
2020-04-21,47061,47061,26,1,,,,,5,1,,,20,,1,0,26,224,250,11
2020-04-21,47059,47059,37,2,,,,,11,1,,,24,1,2,0,37,377,414,30
2020-04-21,47057,47057,4,0,,,,,0,0,,,4,,0,0,4,135,139,14
2020-04-21,47055,47055,6,1,,,,,3,1,,,3,,0,0,6,236,242,11
2020-04-21,47053,47053,32,1,,,,,16,0,,,16,1,0,0,32,537,569,17
2020-04-21,47051,47051,27,0,,,,,4,0,,,22,,1,0,27,423,450,21
2020-04-21,47069,47069,8,1,,,,,2,1,,,6,,0,0,8,214,222,3
2020-04-22,47141,47141,100,5,,,,,22,4,,,74,,4,1,100,1097,1197,18
2020-04-22,47129,47129,5,0,,,,,0,0,,,5,,0,0,5,143,148,6
2020-04-22,47131,47131,10,1,,,,,6,1,,,3,,1,0,10,214,224,10
2020-04-22,,47OOS,270,5,,,,,112,-2,,,157,7,1,0,270,19112,19382,1343
2020-04-22,47139,47139,6,1,,,,,2,1,,,4,,0,0,6,84,90,5
2020-04-22,,47PEN,60,24,,,,,58,24,,,2,,0,0,60,13967,14027,650
2020-04-22,47135,47135,8,2,,,,,5,2,,,3,,0,0,8,54,62,3
2020-04-22,47137,47137,0,0,,,,,0,0,,,,,0,0,0,68,68,15
2020-04-22,47127,47127,3,1,,,,,3,1,,,,,0,0,3,90,93,3
2020-04-22,47133,47133,7,0,,,,,2,0,,,5,,0,0,7,457,464,3
2020-04-22,47125,47125,128,4,,,,,66,0,,,60,4,2,0,128,1993,2121,32
2020-04-22,47119,47119,34,0,,,,,4,0,,,30,,0,0,34,903,937,15
2020-04-22,47121,47121,5,2,,,,,3,2,,,2,,0,0,5,106,111,12
2020-04-22,47109,47109,10,1,,,,,4,1,,,6,,0,0,10,186,196,5
2020-04-22,47107,47107,6,0,,,,,2,0,,,4,,0,0,6,743,749,156
2020-04-22,47117,47117,24,2,,,,,12,-3,,,11,5,1,0,24,301,325,6
2020-04-22,47115,47115,28,0,,,,,6,0,,,21,,1,0,28,414,442,3
2020-04-22,47113,47113,91,1,,,,,43,-3,,,47,4,1,0,91,1229,1320,272
2020-04-22,47111,47111,35,1,,,,,16,-3,,,16,4,3,0,35,529,564,7
2020-04-22,47105,47105,23,0,,,,,5,-1,,,18,1,0,0,23,361,384,12
2020-04-22,47103,47103,11,0,,,,,5,-1,,,6,1,0,0,11,199,210,4
2020-04-22,47123,47123,11,0,,,,,3,0,,,7,,1,0,11,305,316,19
2020-04-22,47143,47143,4,1,,,,,1,0,,,3,1,0,0,4,297,301,6
2020-04-22,47101,47101,2,0,,,,,0,0,,,2,,0,0,2,55,57,0
2020-04-22,47147,47147,123,6,,,,,44,5,,,79,1,0,0,123,1039,1162,64
2020-04-22,47189,47189,194,7,,,,,84,0,,,109,7,1,0,194,1921,2115,105
2020-04-22,47187,47187,365,6,,,,,115,1,,,244,5,6,0,365,3352,3717,125
2020-04-22,47185,47185,4,0,,,,,1,0,,,3,,0,0,4,378,382,6
2020-04-22,47183,47183,9,1,,,,,6,0,,,3,1,0,0,9,294,303,4
2020-04-22,47181,47181,2,0,,,,,0,0,,,2,,0,0,2,130,132,19
2020-04-22,47179,47179,46,0,,,,,9,0,,,37,,0,0,46,749,795,30
2020-04-22,47177,47177,4,0,,,,,1,0,,,3,,0,0,4,403,407,26
2020-04-22,47175,47175,1,0,,,,,1,0,,,,,0,0,1,146,147,40
2020-04-22,47173,47173,3,0,,,,,1,0,,,2,,0,0,3,122,125,38
2020-04-22,47171,47171,1,0,,,,,0,0,,,1,,0,0,1,85,86,3
2020-04-22,47169,47169,27,4,,,,,19,3,,,7,1,1,0,27,140,167,9
2020-04-22,47167,47167,83,0,,,,,45,0,,,38,,0,0,83,911,994,10
2020-04-22,47165,47165,550,20,,,,,209,8,,,309,11,32,1,550,2487,3037,312
2020-04-22,47163,47163,47,2,,,,,6,-3,,,40,5,1,0,47,646,693,91
2020-04-22,47161,47161,6,0,,,,,5,0,,,1,,0,0,6,125,131,0
2020-04-22,47159,47159,18,4,,,,,13,4,,,4,,1,0,18,260,278,6
2020-04-22,47157,47157,1924,51,,,,,1082,-22,,,799,69,43,4,1924,11585,13509,385
2020-04-22,47155,47155,33,4,,,,,9,4,,,23,,1,0,33,1078,1111,281
2020-04-22,47153,47153,3,0,,,,,1,0,,,2,,0,0,3,200,203,4
2020-04-22,47151,47151,11,-1,,,,,1,-1,,,10,,0,0,11,185,196,19
2020-04-22,47149,47149,345,7,,,,,174,4,,,164,3,7,0,345,3139,3484,70
2020-04-22,47145,47145,8,0,,,,,1,0,,,7,,0,0,8,561,569,14
2020-04-22,47099,47099,16,0,,,,,3,0,,,13,,0,0,16,408,424,4
2020-04-22,47023,47023,9,0,,,,,4,1,,,5,-1,0,0,9,179,188,12
2020-04-22,47095,47095,9,5,,,,,9,5,,,,,0,0,9,1007,1016,213
2020-04-22,47043,47043,50,4,,,,,22,3,,,28,1,0,0,50,546,596,26
2020-04-22,47041,47041,10,-2,,,,,3,-2,,,7,,0,0,10,343,353,2
2020-04-22,47039,47039,4,0,,,,,2,-1,,,2,1,0,0,4,105,109,2
2020-04-22,47037,47037,1872,153,,,,,940,121,,,912,32,20,0,1872,10501,12373,513
2020-04-22,47035,47035,60,1,,,,,31,-1,,,29,2,0,0,60,1024,1084,10
2020-04-22,47033,47033,6,0,,,,,5,0,,,1,,0,0,6,179,185,2
2020-04-22,47031,47031,23,2,,,,,14,1,,,9,1,0,0,23,726,749,206
2020-04-22,47029,47029,13,2,,,,,3,-2,,,10,4,0,0,13,201,214,17
2020-04-22,47027,47027,5,0,,,,,2,-1,,,3,1,0,0,5,181,186,1
2020-04-22,47025,47025,5,0,,,,,1,0,,,4,,0,0,5,154,159,3
2020-04-22,47097,47097,16,0,,,,,14,0,,,2,,0,0,16,198,214,6
2020-04-22,47021,47021,26,4,,,,,7,4,,,19,,0,0,26,620,646,47
2020-04-22,47019,47019,5,0,,,,,1,0,,,3,,1,0,5,218,223,2
2020-04-22,47017,47017,14,0,,,,,2,0,,,11,,1,0,14,304,318,10
2020-04-22,47015,47015,10,2,,,,,6,2,,,4,,0,0,10,182,192,7
2020-04-22,47013,47013,13,0,,,,,1,-1,,,11,1,1,0,13,217,230,8
2020-04-22,47011,47011,38,1,,,,,4,1,,,33,,1,0,38,518,556,22
2020-04-22,47009,47009,47,1,,,,,3,1,,,41,,3,0,47,777,824,46
2020-04-22,47007,47007,90,79,,,,,84,79,,,6,,0,0,90,1448,1538,299
2020-04-22,47005,47005,4,0,,,,,0,0,,,4,,0,0,4,122,126,8
2020-04-22,47003,47003,117,12,,,,,102,9,,,13,3,2,0,117,729,846,26
2020-04-22,47045,47045,29,1,,,,,17,0,,,12,1,0,0,29,411,440,7
2020-04-22,47047,47047,48,0,,,,,19,-1,,,28,1,1,0,48,738,786,179
2020-04-22,47001,47001,22,1,,,,,8,1,,,13,,1,0,22,1003,1025,49
2020-04-22,47051,47051,28,1,,,,,4,0,,,23,1,1,0,28,447,475,25
2020-04-22,47049,47049,4,0,,,,,3,0,,,1,,0,0,4,166,170,1
2020-04-22,47093,47093,199,3,,,,,26,2,,,169,1,4,0,199,3802,4001,224
2020-04-22,47091,47091,2,0,,,,,0,0,,,2,,0,0,2,42,44,2
2020-04-22,47089,47089,17,1,,,,,4,1,,,13,,0,0,17,410,427,90
2020-04-22,47087,47087,6,0,,,,,0,0,,,6,,0,0,6,169,175,1
2020-04-22,47085,47085,7,1,,,,,3,1,,,4,,0,0,7,166,173,4
2020-04-22,47081,47081,10,7,,,,,8,7,,,2,,0,0,10,176,186,11
2020-04-22,47079,47079,11,2,,,,,6,2,,,5,,0,0,11,264,275,8
2020-04-22,47077,47077,5,0,,,,,2,-2,,,3,2,0,0,5,249,254,4
2020-04-22,47075,47075,14,1,,,,,8,1,,,5,,1,0,14,187,201,7
2020-04-22,47083,47083,4,0,,,,,0,0,,,4,,0,0,4,136,140,1
2020-04-22,47071,47071,4,0,,,,,1,0,,,3,,0,0,4,577,581,5
2020-04-22,47069,47069,8,0,,,,,2,0,,,6,,0,0,8,221,229,7
2020-04-22,47067,47067,0,0,,,,,0,0,,,,,0,0,0,25,25,1
2020-04-22,47065,47065,127,3,,,,,40,-1,,,74,3,13,1,127,1665,1792,52
2020-04-22,47053,47053,33,1,,,,,16,0,,,16,,1,1,33,566,599,30
2020-04-22,47063,47063,13,0,,,,,6,-1,,,5,,2,1,13,374,387,29
2020-04-22,47061,47061,26,0,,,,,5,0,,,20,,1,0,26,228,254,4
2020-04-22,47059,47059,37,0,,,,,11,0,,,24,,2,0,37,388,425,11
2020-04-22,47057,47057,4,0,,,,,0,0,,,4,,0,0,4,200,204,65
2020-04-22,47055,47055,6,0,,,,,3,0,,,3,,0,0,6,239,245,3
2020-04-22,47073,47073,28,0,,,,,2,0,,,24,,2,0,28,559,587,220
2020-04-23,47127,47127,3,0,,,,,3,0,,,,,0,0,3,100,103,10
2020-04-23,47129,47129,5,0,,,,,0,0,,,5,,0,0,5,178,183,35
2020-04-23,47131,47131,12,2,,,,,8,2,,,3,,1,0,12,226,238,14
2020-04-23,47137,47137,0,0,,,,,0,0,,,,,0,0,0,142,142,74
2020-04-23,47133,47133,7,0,,,,,2,0,,,5,,0,0,7,492,499,35
2020-04-23,,47PEN,30,-30,,,,,26,-32,,,4,2,0,0,30,14901,14931,904
2020-04-23,47135,47135,8,0,,,,,5,0,,,3,,0,0,8,55,63,1
2020-04-23,47125,47125,130,2,,,,,67,1,,,61,1,2,0,130,2102,2232,111
2020-04-23,,47OOS,277,7,,,,,119,7,,,157,,1,0,277,19889,20166,784
2020-04-23,47123,47123,12,1,,,,,4,1,,,7,,1,0,12,321,333,17
2020-04-23,47101,47101,2,0,,,,,0,0,,,2,,0,0,2,61,63,6
2020-04-23,47109,47109,10,0,,,,,3,-1,,,7,1,0,0,10,212,222,26
2020-04-23,47107,47107,6,0,,,,,2,0,,,4,,0,0,6,753,759,10
2020-04-23,47119,47119,35,1,,,,,5,1,,,30,,0,0,35,963,998,61
2020-04-23,47117,47117,22,-2,,,,,10,-2,,,11,,1,0,22,328,350,25
2020-04-23,47115,47115,28,0,,,,,6,0,,,21,,1,0,28,431,459,17
2020-04-23,47113,47113,96,5,,,,,45,2,,,50,3,1,0,96,1545,1641,321
2020-04-23,47111,47111,35,0,,,,,16,0,,,16,,3,0,35,567,602,38
2020-04-23,47105,47105,24,1,,,,,6,1,,,18,,0,0,24,403,427,43
2020-04-23,47103,47103,11,0,,,,,4,-1,,,7,1,0,0,11,247,258,48
2020-04-23,47139,47139,7,1,,,,,3,1,,,4,,0,0,7,88,95,5
2020-04-23,47121,47121,5,0,,,,,3,0,,,2,,0,0,5,110,115,4
2020-04-23,47141,47141,101,1,,,,,22,0,,,75,1,4,0,101,1182,1283,86
2020-04-23,47163,47163,47,0,,,,,5,-1,,,41,1,1,0,47,713,760,67
2020-04-23,47145,47145,8,0,,,,,1,0,,,7,,0,0,8,1118,1126,557
2020-04-23,47099,47099,16,0,,,,,3,0,,,13,,0,0,16,447,463,39
2020-04-23,47187,47187,369,4,,,,,113,-2,,,249,5,7,1,369,3492,3861,144
2020-04-23,47185,47185,4,0,,,,,1,0,,,3,,0,0,4,394,398,16
2020-04-23,47183,47183,9,0,,,,,5,-1,,,4,1,0,0,9,316,325,22
2020-04-23,47181,47181,2,0,,,,,0,0,,,2,,0,0,2,137,139,7
2020-04-23,47179,47179,46,0,,,,,4,-5,,,42,5,0,0,46,1175,1221,426
2020-04-23,47177,47177,4,0,,,,,1,0,,,3,,0,0,4,435,439,32
2020-04-23,47175,47175,1,0,,,,,1,0,,,,,0,0,1,147,148,1
2020-04-23,47173,47173,3,0,,,,,1,0,,,2,,0,0,3,172,175,50
2020-04-23,47171,47171,1,0,,,,,0,0,,,1,,0,0,1,111,112,26
2020-04-23,47169,47169,27,0,,,,,18,-1,,,8,1,1,0,27,150,177,10
2020-04-23,47167,47167,87,4,,,,,46,1,,,41,3,0,0,87,959,1046,52
2020-04-23,47165,47165,556,6,,,,,209,0,,,315,6,32,0,556,2704,3260,223
2020-04-23,47161,47161,7,1,,,,,6,1,,,1,,0,0,7,127,134,3
2020-04-23,47159,47159,18,0,,,,,13,0,,,4,,1,0,18,266,284,6
2020-04-23,47157,47157,1953,29,,,,,1031,-51,,,878,79,44,1,1953,12170,14123,614
2020-04-23,47155,47155,34,1,,,,,10,1,,,23,,1,0,34,1099,1133,22
2020-04-23,47153,47153,3,0,,,,,0,-1,,,3,1,0,0,3,224,227,24
2020-04-23,47151,47151,11,0,,,,,1,0,,,10,,0,0,11,188,199,3
2020-04-23,47149,47149,352,7,,,,,175,1,,,170,6,7,0,352,3260,3612,128
2020-04-23,47147,47147,126,3,,,,,45,1,,,81,2,0,0,126,1101,1227,65
2020-04-23,47143,47143,4,0,,,,,1,0,,,3,,0,0,4,308,312,11
2020-04-23,47097,47097,16,0,,,,,14,0,,,2,,0,0,16,219,235,21
2020-04-23,47189,47189,196,2,,,,,83,-1,,,112,3,1,0,196,2012,2208,93
2020-04-23,47093,47093,203,4,,,,,26,0,,,173,4,4,0,203,4026,4229,228
2020-04-23,47041,47041,10,0,,,,,3,0,,,7,,0,0,10,349,359,6
2020-04-23,47039,47039,4,0,,,,,2,0,,,2,,0,0,4,107,111,2
2020-04-23,47037,47037,1934,62,,,,,971,31,,,942,30,21,1,1934,11184,13118,745
2020-04-23,47035,47035,61,1,,,,,29,-2,,,32,3,0,0,61,1049,1110,26
2020-04-23,47033,47033,6,0,,,,,5,0,,,1,,0,0,6,190,196,11
2020-04-23,47031,47031,25,2,,,,,16,2,,,9,,0,0,25,768,793,44
2020-04-23,47029,47029,14,1,,,,,2,-1,,,12,2,0,0,14,206,220,6
2020-04-23,47027,47027,5,0,,,,,2,0,,,3,,0,0,5,186,191,5
2020-04-23,47025,47025,5,0,,,,,1,0,,,4,,0,0,5,162,167,8
2020-04-23,47023,47023,10,1,,,,,5,1,,,5,,0,0,10,191,201,13
2020-04-23,47021,47021,28,2,,,,,8,1,,,20,1,0,0,28,636,664,18
2020-04-23,47019,47019,6,1,,,,,2,1,,,3,,1,0,6,304,310,87
2020-04-23,47017,47017,14,0,,,,,2,0,,,11,,1,0,14,326,340,22
2020-04-23,47015,47015,10,0,,,,,5,-1,,,5,1,0,0,10,186,196,4
2020-04-23,47013,47013,13,0,,,,,1,0,,,11,,1,0,13,224,237,7
2020-04-23,47011,47011,38,0,,,,,2,-2,,,35,2,1,0,38,542,580,24
2020-04-23,47009,47009,48,1,,,,,4,1,,,41,,3,0,48,815,863,39
2020-04-23,47007,47007,351,261,,,,,345,261,,,6,,0,0,351,1799,2150,612
2020-04-23,47005,47005,5,1,,,,,0,0,,,4,,1,1,5,129,134,8
2020-04-23,47003,47003,130,13,,,,,111,9,,,17,4,2,0,130,796,926,80
2020-04-23,47001,47001,23,1,,,,,7,-1,,,15,2,1,0,23,1093,1116,91
2020-04-23,47043,47043,56,6,,,,,25,3,,,31,3,0,0,56,573,629,33
2020-04-23,47045,47045,30,1,,,,,17,0,,,13,1,0,0,30,438,468,28
2020-04-23,47095,47095,20,11,,,,,20,11,,,,,0,0,20,1001,1021,5
2020-04-23,47049,47049,4,0,,,,,3,0,,,1,,0,0,4,174,178,8
2020-04-23,47047,47047,48,0,,,,,19,0,,,28,,1,0,48,768,816,30
2020-04-23,47091,47091,2,0,,,,,0,0,,,2,,0,0,2,46,48,4
2020-04-23,47089,47089,16,-1,,,,,3,-1,,,13,,0,0,16,419,435,8
2020-04-23,47087,47087,6,0,,,,,0,0,,,6,,0,0,6,178,184,9
2020-04-23,47085,47085,7,0,,,,,3,0,,,4,,0,0,7,178,185,12
2020-04-23,47083,47083,4,0,,,,,0,0,,,4,,0,0,4,136,140,0
2020-04-23,47079,47079,11,0,,,,,5,-1,,,6,1,0,0,11,316,327,52
2020-04-23,47077,47077,5,0,,,,,2,0,,,3,,0,0,5,281,286,32
2020-04-23,47075,47075,14,0,,,,,8,0,,,5,,1,0,14,208,222,21
2020-04-23,47073,47073,28,0,,,,,1,-1,,,25,1,2,0,28,567,595,8
2020-04-23,47081,47081,16,6,,,,,14,6,,,2,,0,0,16,184,200,14
2020-04-23,47069,47069,8,0,,,,,2,0,,,6,,0,0,8,234,242,13
2020-04-23,47067,47067,0,0,,,,,0,0,,,,,0,0,0,25,25,0
2020-04-23,47065,47065,129,2,,,,,40,0,,,76,2,13,0,129,1701,1830,38
2020-04-23,47063,47063,14,1,,,,,7,1,,,5,,2,0,14,389,403,16
2020-04-23,47051,47051,28,0,,,,,3,-1,,,24,1,1,0,28,566,594,119
2020-04-23,47061,47061,27,1,,,,,6,1,,,20,,1,0,27,246,273,19
2020-04-23,47059,47059,38,1,,,,,11,0,,,25,1,2,0,38,423,461,36
2020-04-23,47057,47057,4,0,,,,,0,0,,,4,,0,0,4,222,226,22
2020-04-23,47055,47055,6,0,,,,,3,0,,,3,,0,0,6,271,277,32
2020-04-23,47053,47053,32,-1,,,,,15,-1,,,16,,1,0,32,639,671,72
2020-04-23,47071,47071,4,0,,,,,1,0,,,3,,0,0,4,643,647,66
2020-04-24,47127,47127,3,0,,,,,3,0,,,,,0,0,3,106,109,6
2020-04-24,47129,47129,5,0,,,,,0,0,,,5,,0,0,5,182,187,4
2020-04-24,47131,47131,12,0,,,,,8,0,,,3,,1,0,12,249,261,23
2020-04-24,47137,47137,0,0,,,,,0,0,,,,,0,0,0,147,147,5
2020-04-24,47133,47133,7,0,,,,,2,0,,,5,,0,0,7,494,501,2
2020-04-24,,47PEN,19,-11,,,,,19,-7,,,,-4,0,0,19,15826,15845,914
2020-04-24,47135,47135,8,0,,,,,5,0,,,3,,0,0,8,59,67,4
2020-04-24,47125,47125,132,2,,,,,67,0,,,63,2,2,0,132,2245,2377,145
2020-04-24,,47OOS,260,-17,,,,,132,13,,,127,-30,1,0,260,21555,21815,1649
2020-04-24,47123,47123,12,0,,,,,2,-2,,,9,2,1,0,12,327,339,6
2020-04-24,47101,47101,2,0,,,,,0,0,,,2,,0,0,2,67,69,6
2020-04-24,47109,47109,11,1,,,,,4,1,,,7,,0,0,11,231,242,20
2020-04-24,47107,47107,7,1,,,,,3,1,,,4,,0,0,7,773,780,21
2020-04-24,47119,47119,36,1,,,,,6,1,,,30,,0,0,36,1022,1058,60
2020-04-24,47117,47117,22,0,,,,,10,0,,,11,,1,0,22,370,392,42
2020-04-24,47115,47115,28,0,,,,,6,0,,,21,,1,0,28,446,474,15
2020-04-24,47113,47113,98,2,,,,,45,0,,,52,2,1,0,98,1734,1832,191
2020-04-24,47111,47111,35,0,,,,,15,-1,,,17,1,3,0,35,599,634,32
2020-04-24,47105,47105,25,1,,,,,6,0,,,19,1,0,0,25,413,438,11
2020-04-24,47103,47103,11,0,,,,,4,0,,,7,,0,0,11,279,290,32
2020-04-24,47139,47139,6,-1,,,,,2,-1,,,4,,0,0,6,95,101,6
2020-04-24,47121,47121,5,0,,,,,3,0,,,2,,0,0,5,117,122,7
2020-04-24,47141,47141,101,0,,,,,20,-2,,,77,2,4,0,101,1225,1326,43
2020-04-24,47163,47163,47,0,,,,,5,0,,,41,,1,0,47,791,838,78
2020-04-24,47145,47145,8,0,,,,,0,-1,,,8,1,0,0,8,1177,1185,59
2020-04-24,47099,47099,16,0,,,,,3,0,,,13,,0,0,16,502,518,55
2020-04-24,47187,47187,377,8,,,,,115,2,,,255,6,7,0,377,3791,4168,307
2020-04-24,47185,47185,4,0,,,,,0,-1,,,4,1,0,0,4,406,410,12
2020-04-24,47183,47183,10,1,,,,,6,1,,,4,,0,0,10,346,356,31
2020-04-24,47181,47181,2,0,,,,,0,0,,,2,,0,0,2,140,142,3
2020-04-24,47179,47179,46,0,,,,,4,0,,,42,,0,0,46,1261,1307,86
2020-04-24,47177,47177,5,1,,,,,2,1,,,3,,0,0,5,453,458,19
2020-04-24,47175,47175,1,0,,,,,1,0,,,,,0,0,1,149,150,2
2020-04-24,47173,47173,3,0,,,,,1,0,,,2,,0,0,3,174,177,2
2020-04-24,47171,47171,1,0,,,,,0,0,,,1,,0,0,1,118,119,7
2020-04-24,47169,47169,29,2,,,,,20,2,,,8,,1,0,29,165,194,17
2020-04-24,47167,47167,88,1,,,,,47,1,,,41,,0,0,88,994,1082,36
2020-04-24,47165,47165,573,17,,,,,224,15,,,317,2,32,0,573,2794,3367,107
2020-04-24,47161,47161,6,-1,,,,,4,-2,,,2,1,0,0,6,138,144,10
2020-04-24,47159,47159,19,1,,,,,14,1,,,4,,1,0,19,303,322,38
2020-04-24,47157,47157,2001,48,,,,,1003,-28,,,956,78,42,-2,2001,12806,14807,684
2020-04-24,47155,47155,35,1,,,,,11,1,,,23,,1,0,35,1116,1151,18
2020-04-24,47153,47153,3,0,,,,,0,0,,,3,,0,0,3,236,239,12
2020-04-24,47151,47151,11,0,,,,,1,0,,,10,,0,0,11,198,209,10
2020-04-24,47149,47149,364,12,,,,,181,6,,,176,6,7,0,364,3468,3832,220
2020-04-24,47147,47147,125,-1,,,,,41,-4,,,84,3,0,0,125,1205,1330,103
2020-04-24,47143,47143,3,-1,,,,,0,-1,,,3,,0,0,3,313,316,4
2020-04-24,47189,47189,197,1,,,,,79,-4,,,117,5,1,0,197,2057,2254,46
2020-04-24,47095,47095,46,26,,,,,46,26,,,,,0,0,46,1008,1054,33
2020-04-24,47093,47093,204,1,,,,,20,-6,,,180,7,4,0,204,4357,4561,332
2020-04-24,47041,47041,12,2,,,,,5,2,,,7,,0,0,12,409,421,62
2020-04-24,47039,47039,4,0,,,,,2,0,,,2,,0,0,4,121,125,14
2020-04-24,47037,47037,2011,77,,,,,975,4,,,1015,73,21,0,2011,11423,13434,316
2020-04-24,47035,47035,67,6,,,,,31,2,,,36,4,0,0,67,1178,1245,135
2020-04-24,47033,47033,6,0,,,,,5,0,,,1,,0,0,6,200,206,10
2020-04-24,47031,47031,27,2,,,,,18,2,,,9,,0,0,27,803,830,37
2020-04-24,47029,47029,14,0,,,,,2,0,,,12,,0,0,14,232,246,26
2020-04-24,47027,47027,5,0,,,,,2,0,,,3,,0,0,5,195,200,9
2020-04-24,47023,47023,10,0,,,,,5,0,,,5,,0,0,10,213,223,22
2020-04-24,47021,47021,32,4,,,,,9,1,,,23,3,0,0,32,649,681,17
2020-04-24,47019,47019,7,1,,,,,3,1,,,3,,1,0,7,315,322,12
2020-04-24,47017,47017,14,0,,,,,2,0,,,11,,1,0,14,346,360,20
2020-04-24,47015,47015,10,0,,,,,5,0,,,5,,0,0,10,201,211,15
2020-04-24,47013,47013,13,0,,,,,1,0,,,11,,1,0,13,231,244,7
2020-04-24,47011,47011,40,2,,,,,3,1,,,36,1,1,0,40,583,623,43
2020-04-24,47009,47009,49,1,,,,,5,1,,,41,,3,0,49,838,887,24
2020-04-24,47007,47007,585,234,,,,,579,234,,,6,,0,0,585,2494,3079,929
2020-04-24,47005,47005,5,0,,,,,0,0,,,4,,1,0,5,142,147,13
2020-04-24,47003,47003,138,8,,,,,118,7,,,18,1,2,0,138,877,1015,89
2020-04-24,47001,47001,24,1,,,,,7,0,,,16,1,1,0,24,1138,1162,46
2020-04-24,47097,47097,17,1,,,,,15,1,,,2,,0,0,17,234,251,16
2020-04-24,47043,47043,63,7,,,,,29,4,,,34,3,0,0,63,671,734,105
2020-04-24,47045,47045,30,0,,,,,17,0,,,13,,0,0,30,481,511,43
2020-04-24,47025,47025,5,0,,,,,1,0,,,4,,0,0,5,162,167,0
2020-04-24,47049,47049,4,0,,,,,3,0,,,1,,0,0,4,191,195,17
2020-04-24,47047,47047,48,0,,,,,19,0,,,28,,1,0,48,788,836,20
2020-04-24,47089,47089,17,1,,,,,4,1,,,13,,0,0,17,428,445,10
2020-04-24,47087,47087,7,1,,,,,1,1,,,6,,0,0,7,190,197,13
2020-04-24,47085,47085,7,0,,,,,3,0,,,4,,0,0,7,200,207,22
2020-04-24,47083,47083,4,0,,,,,0,0,,,4,,0,0,4,138,142,2
2020-04-24,47081,47081,20,4,,,,,18,4,,,2,,0,0,20,202,222,22
2020-04-24,47079,47079,11,0,,,,,5,0,,,6,,0,0,11,370,381,54
2020-04-24,47077,47077,5,0,,,,,2,0,,,3,,0,0,5,297,302,16
2020-04-24,47075,47075,15,1,,,,,9,1,,,5,,1,0,15,228,243,21
2020-04-24,47073,47073,28,0,,,,,1,0,,,25,,2,0,28,599,627,32
2020-04-24,47071,47071,4,0,,,,,1,0,,,3,,0,0,4,702,706,59
2020-04-24,47091,47091,2,0,,,,,0,0,,,2,,0,0,2,49,51,3
2020-04-24,47067,47067,0,0,,,,,0,0,,,,,0,0,0,25,25,0
2020-04-24,47069,47069,9,1,,,,,3,1,,,6,,0,0,9,259,268,26
2020-04-24,47053,47053,34,2,,,,,16,1,,,17,1,1,0,34,694,728,57
2020-04-24,47055,47055,5,-1,,,,,2,-1,,,3,,0,0,5,302,307,30
2020-04-24,47057,47057,4,0,,,,,0,0,,,4,,0,0,4,235,239,13
2020-04-24,47051,47051,29,1,,,,,4,1,,,24,,1,0,29,651,680,86
2020-04-24,47061,47061,28,1,,,,,7,1,,,20,,1,0,28,261,289,16
2020-04-24,47063,47063,14,0,,,,,7,0,,,5,,2,0,14,397,411,8
2020-04-24,47065,47065,133,4,,,,,40,0,,,80,4,13,0,133,1742,1875,45
2020-04-24,47059,47059,41,3,,,,,14,3,,,25,,2,0,41,491,532,71
2020-04-25,47125,47125,134,2,,,,,68,1,,,64,1,2,0,134,2445,2579,202
2020-04-25,47135,47135,8,0,,,,,5,0,,,3,,0,0,8,62,70,3
2020-04-25,,47PEN,48,29,,,,,48,29,,,,,0,0,48,16745,16793,948
2020-04-25,47133,47133,7,0,,,,,2,0,,,5,,0,0,7,511,518,17
2020-04-25,,47OOS,307,47,,,,,174,42,,,131,4,2,1,307,23052,23359,1544
2020-04-25,47131,47131,12,0,,,,,8,0,,,3,,1,0,12,256,268,7
2020-04-25,47137,47137,0,0,,,,,0,0,,,,,0,0,0,155,155,8
2020-04-25,47129,47129,6,1,,,,,0,0,,,6,1,0,0,6,208,214,27
2020-04-25,47127,47127,3,0,,,,,3,0,,,,,0,0,3,117,120,11
2020-04-25,47123,47123,12,0,,,,,2,0,,,9,,1,0,12,341,353,14
2020-04-25,47117,47117,22,0,,,,,10,0,,,11,,1,0,22,409,431,39
2020-04-25,47109,47109,11,0,,,,,4,0,,,7,,0,0,11,249,260,18
2020-04-25,47107,47107,10,3,,,,,6,3,,,4,,0,0,10,821,831,51
2020-04-25,47119,47119,38,2,,,,,6,0,,,32,2,0,0,38,1075,1113,55
2020-04-25,47115,47115,28,0,,,,,6,0,,,21,,1,0,28,454,482,8
2020-04-25,47113,47113,99,1,,,,,43,-2,,,55,3,1,0,99,2066,2165,333
2020-04-25,47111,47111,37,2,,,,,17,2,,,17,,3,0,37,604,641,7
2020-04-25,47105,47105,25,0,,,,,6,0,,,19,,0,0,25,435,460,22
2020-04-25,47103,47103,12,1,,,,,5,1,,,7,,0,0,12,320,332,42
2020-04-25,47139,47139,6,0,,,,,2,0,,,4,,0,0,6,99,105,4
2020-04-25,47189,47189,199,2,,,,,77,-2,,,119,2,3,2,199,2128,2327,73
2020-04-25,47141,47141,106,5,,,,,25,5,,,76,-1,5,1,106,1347,1453,127
2020-04-25,47101,47101,2,0,,,,,0,0,,,2,,0,0,2,73,75,6
2020-04-25,47145,47145,7,-1,,,,,0,0,,,7,-1,0,0,7,1233,1240,55
2020-04-25,47187,47187,381,4,,,,,116,1,,,258,3,7,0,381,4017,4398,230
2020-04-25,47185,47185,4,0,,,,,0,0,,,4,,0,0,4,443,447,37
2020-04-25,47183,47183,16,6,,,,,12,6,,,4,,0,0,16,374,390,34
2020-04-25,47181,47181,2,0,,,,,0,0,,,2,,0,0,2,232,234,92
2020-04-25,47179,47179,49,3,,,,,5,1,,,44,2,0,0,49,1354,1403,96
2020-04-25,47177,47177,5,0,,,,,2,0,,,3,,0,0,5,512,517,59
2020-04-25,47175,47175,2,1,,,,,2,1,,,,,0,0,2,155,157,7
2020-04-25,47173,47173,3,0,,,,,1,0,,,2,,0,0,3,184,187,10
2020-04-25,47171,47171,1,0,,,,,0,0,,,1,,0,0,1,127,128,9
2020-04-25,47169,47169,47,18,,,,,37,17,,,9,1,1,0,47,262,309,115
2020-04-25,47167,47167,91,3,,,,,50,3,,,41,,0,0,91,1053,1144,62
2020-04-25,47165,47165,584,11,,,,,234,10,,,316,-1,34,2,584,2894,3478,111
2020-04-25,47163,47163,48,1,,,,,5,0,,,42,1,1,0,48,877,925,87
2020-04-25,47161,47161,6,0,,,,,4,0,,,2,,0,0,6,143,149,5
2020-04-25,47159,47159,19,0,,,,,14,0,,,4,,1,0,19,313,332,10
2020-04-25,47157,47157,2086,85,,,,,1036,33,,,1007,51,43,1,2086,14229,16315,1508
2020-04-25,47155,47155,42,7,,,,,17,6,,,24,1,1,0,42,1219,1261,110
2020-04-25,47153,47153,4,1,,,,,1,1,,,3,,0,0,4,259,263,24
2020-04-25,47151,47151,11,0,,,,,0,-1,,,11,1,0,0,11,213,224,15
2020-04-25,47149,47149,387,23,,,,,204,23,,,175,-1,8,1,387,3684,4071,239
2020-04-25,47147,47147,127,2,,,,,40,-1,,,87,3,0,0,127,1243,1370,40
2020-04-25,47143,47143,3,0,,,,,0,0,,,3,,0,0,3,339,342,26
2020-04-25,47099,47099,16,0,,,,,3,0,,,13,,0,0,16,566,582,64
2020-04-25,47121,47121,5,0,,,,,3,0,,,2,,0,0,5,121,126,4
2020-04-25,47097,47097,16,-1,,,,,14,-1,,,2,,0,0,16,250,266,15
2020-04-25,47041,47041,11,-1,,,,,3,-2,,,8,1,0,0,11,439,450,29
2020-04-25,47039,47039,4,0,,,,,2,0,,,2,,0,0,4,127,131,6
2020-04-25,47037,47037,2136,125,,,,,1085,110,,,1029,14,22,1,2136,12306,14442,1008
2020-04-25,47035,47035,66,-1,,,,,29,-2,,,37,1,0,0,66,1266,1332,87
2020-04-25,47033,47033,7,1,,,,,6,1,,,1,,0,0,7,267,274,68
2020-04-25,47031,47031,31,4,,,,,22,4,,,9,,0,0,31,850,881,51
2020-04-25,47029,47029,14,0,,,,,2,0,,,12,,0,0,14,250,264,18
2020-04-25,47027,47027,5,0,,,,,2,0,,,3,,0,0,5,203,208,8
2020-04-25,47025,47025,5,0,,,,,1,0,,,4,,0,0,5,170,175,8
2020-04-25,47023,47023,10,0,,,,,5,0,,,5,,0,0,10,238,248,25
2020-04-25,47021,47021,36,4,,,,,13,4,,,23,,0,0,36,675,711,30
2020-04-25,47019,47019,10,3,,,,,5,2,,,4,1,1,0,10,358,368,46
2020-04-25,47017,47017,16,2,,,,,4,2,,,11,,1,0,16,375,391,31
2020-04-25,47015,47015,10,0,,,,,4,-1,,,6,1,0,0,10,220,230,19
2020-04-25,47013,47013,13,0,,,,,0,-1,,,12,1,1,0,13,261,274,30
2020-04-25,47011,47011,41,1,,,,,4,1,,,36,,1,0,41,642,683,60
2020-04-25,47009,47009,53,4,,,,,9,4,,,41,,3,0,53,922,975,88
2020-04-25,47007,47007,586,1,,,,,580,1,,,6,,0,0,586,2526,3112,33
2020-04-25,47005,47005,6,1,,,,,1,1,,,4,,1,0,6,153,159,12
2020-04-25,47003,47003,150,12,,,,,130,12,,,18,,2,0,150,956,1106,91
2020-04-25,47001,47001,24,0,,,,,7,0,,,16,,1,0,24,1218,1242,80
2020-04-25,47043,47043,64,1,,,,,29,0,,,35,1,0,0,64,758,822,88
2020-04-25,47045,47045,31,1,,,,,18,1,,,13,,0,0,31,511,542,31
2020-04-25,47095,47095,48,2,,,,,48,2,,,,,0,0,48,1010,1058,4
2020-04-25,47049,47049,4,0,,,,,3,0,,,1,,0,0,4,203,207,12
2020-04-25,47093,47093,210,6,,,,,24,4,,,182,2,4,0,210,4939,5149,588
2020-04-25,47091,47091,2,0,,,,,0,0,,,2,,0,0,2,56,58,7
2020-04-25,47089,47089,17,0,,,,,4,0,,,13,,0,0,17,451,468,23
2020-04-25,47087,47087,7,0,,,,,1,0,,,6,,0,0,7,218,225,28
2020-04-25,47085,47085,9,2,,,,,4,1,,,4,,1,1,9,211,220,13
2020-04-25,47083,47083,4,0,,,,,0,0,,,4,,0,0,4,142,146,4
2020-04-25,47047,47047,51,3,,,,,22,3,,,28,,1,0,51,828,879,43
2020-04-25,47079,47079,11,0,,,,,5,0,,,6,,0,0,11,423,434,53
2020-04-25,47077,47077,5,0,,,,,2,0,,,3,,0,0,5,327,332,30
2020-04-25,47075,47075,17,2,,,,,10,1,,,6,1,1,0,17,256,273,30
2020-04-25,47073,47073,29,1,,,,,1,0,,,26,1,2,0,29,613,642,15
2020-04-25,47081,47081,40,20,,,,,38,20,,,2,,0,0,40,395,435,213
2020-04-25,47069,47069,11,2,,,,,4,1,,,7,1,0,0,11,291,302,34
2020-04-25,47067,47067,0,0,,,,,0,0,,,,,0,0,0,27,27,2
2020-04-25,47065,47065,140,7,,,,,47,7,,,80,,13,0,140,1799,1939,64
2020-04-25,47063,47063,14,0,,,,,7,0,,,5,,2,0,14,427,441,30
2020-04-25,47061,47061,28,0,,,,,7,0,,,20,,1,0,28,270,298,9
2020-04-25,47059,47059,41,0,,,,,14,0,,,25,,2,0,41,564,605,73
2020-04-25,47057,47057,4,0,,,,,0,0,,,4,,0,0,4,241,245,6
2020-04-25,47055,47055,5,0,,,,,2,0,,,3,,0,0,5,328,333,26
2020-04-25,47053,47053,35,1,,,,,17,1,,,17,,1,0,35,768,803,75
2020-04-25,47051,47051,29,0,,,,,4,0,,,24,,1,0,29,725,754,74
2020-04-25,47071,47071,5,1,,,,,2,1,,,3,,0,0,5,746,751,45
2020-04-26,47125,47125,136,2,,,,,70,2,,,64,,2,0,136,2485,2621,42
2020-04-26,47127,47127,3,0,,,,,3,0,,,,,0,0,3,126,129,9
2020-04-26,47129,47129,6,0,,,,,0,0,,,6,,0,0,6,213,219,5
2020-04-26,47131,47131,12,0,,,,,8,0,,,3,,1,0,12,294,306,38
2020-04-26,47137,47137,0,0,,,,,0,0,,,,,0,0,0,160,160,5
2020-04-26,47133,47133,7,0,,,,,2,0,,,5,,0,0,7,516,523,5
2020-04-26,,47PEN,37,-11,,,,,37,-11,,,,,0,0,37,17187,17224,431
2020-04-26,47135,47135,8,0,,,,,4,-1,,,4,1,0,0,8,66,74,4
2020-04-26,,47OOS,332,25,,,,,198,24,,,132,1,2,0,332,24066,24398,1039
2020-04-26,47123,47123,13,1,,,,,3,1,,,9,,1,0,13,349,362,9
2020-04-26,47101,47101,2,0,,,,,0,0,,,2,,0,0,2,78,80,5
2020-04-26,47109,47109,11,0,,,,,4,0,,,7,,0,0,11,254,265,5
2020-04-26,47107,47107,14,4,,,,,10,4,,,4,,0,0,14,853,867,36
2020-04-26,47119,47119,40,2,,,,,7,1,,,33,1,0,0,40,1125,1165,52
2020-04-26,47117,47117,22,0,,,,,10,0,,,11,,1,0,22,441,463,32
2020-04-26,47115,47115,28,0,,,,,5,-1,,,22,1,1,0,28,469,497,15
2020-04-26,47113,47113,101,2,,,,,42,-1,,,58,3,1,0,101,2113,2214,49
2020-04-26,47111,47111,38,1,,,,,18,1,,,17,,3,0,38,621,659,18
2020-04-26,47105,47105,27,2,,,,,6,0,,,21,2,0,0,27,441,468,8
2020-04-26,47103,47103,12,0,,,,,5,0,,,7,,0,0,12,356,368,36
2020-04-26,47139,47139,7,1,,,,,3,1,,,4,,0,0,7,116,123,18
2020-04-26,47121,47121,6,1,,,,,3,0,,,3,1,0,0,6,126,132,6
2020-04-26,47141,47141,109,3,,,,,28,3,,,76,,5,0,109,1464,1573,120
2020-04-26,47165,47165,593,9,,,,,243,9,,,316,,34,0,593,2929,3522,44
2020-04-26,47145,47145,7,0,,,,,0,0,,,7,,0,0,7,1249,1256,16
2020-04-26,47099,47099,16,0,,,,,3,0,,,13,,0,0,16,599,615,33
2020-04-26,47187,47187,397,16,,,,,130,14,,,260,2,7,0,397,4131,4528,130
2020-04-26,47185,47185,4,0,,,,,0,0,,,4,,0,0,4,451,455,8
2020-04-26,47183,47183,19,3,,,,,13,1,,,6,2,0,0,19,381,400,10
2020-04-26,47181,47181,2,0,,,,,0,0,,,2,,0,0,2,237,239,5
2020-04-26,47179,47179,52,3,,,,,6,1,,,46,2,0,0,52,1413,1465,62
2020-04-26,47177,47177,5,0,,,,,2,0,,,3,,0,0,5,517,522,5
2020-04-26,47175,47175,2,0,,,,,2,0,,,,,0,0,2,156,158,1
2020-04-26,47173,47173,3,0,,,,,1,0,,,2,,0,0,3,194,197,10
2020-04-26,47171,47171,1,0,,,,,0,0,,,1,,0,0,1,133,134,6
2020-04-26,47169,47169,48,1,,,,,38,1,,,9,,1,0,48,263,311,2
2020-04-26,47167,47167,94,3,,,,,52,2,,,42,1,0,0,94,1088,1182,38
2020-04-26,47163,47163,47,-1,,,,,5,0,,,41,-1,1,0,47,883,930,5
2020-04-26,47161,47161,7,1,,,,,5,1,,,2,,0,0,7,146,153,4
2020-04-26,47159,47159,19,0,,,,,14,0,,,4,,1,0,19,316,335,3
2020-04-26,47157,47157,2296,210,,,,,1223,187,,,1029,22,44,1,2296,15578,17874,1559
2020-04-26,47155,47155,45,3,,,,,19,2,,,25,1,1,0,45,1284,1329,68
2020-04-26,47153,47153,5,1,,,,,2,1,,,3,,0,0,5,306,311,48
2020-04-26,47151,47151,11,0,,,,,0,0,,,11,,0,0,11,219,230,6
2020-04-26,47149,47149,405,18,,,,,218,14,,,178,3,9,1,405,3768,4173,102
2020-04-26,47147,47147,136,9,,,,,48,8,,,88,1,0,0,136,1253,1389,19
2020-04-26,47143,47143,3,0,,,,,0,0,,,3,,0,0,3,357,360,18
2020-04-26,47097,47097,18,2,,,,,16,2,,,2,,0,0,18,262,280,14
2020-04-26,47189,47189,233,34,,,,,107,30,,,123,4,3,0,233,2180,2413,86
2020-04-26,47093,47093,210,0,,,,,24,0,,,182,,4,0,210,5033,5243,94
2020-04-26,47041,47041,13,2,,,,,5,2,,,8,,0,0,13,504,517,67
2020-04-26,47039,47039,4,0,,,,,2,0,,,2,,0,0,4,127,131,0
2020-04-26,47037,47037,2236,100,,,,,1181,96,,,1032,3,23,1,2236,12679,14915,473
2020-04-26,47035,47035,67,1,,,,,30,1,,,37,,0,0,67,1345,1412,80
2020-04-26,47033,47033,7,0,,,,,6,0,,,1,,0,0,7,270,277,3
2020-04-26,47031,47031,32,1,,,,,23,1,,,9,,0,0,32,900,932,51
2020-04-26,47029,47029,14,0,,,,,1,-1,,,13,1,0,0,14,288,302,38
2020-04-26,47027,47027,5,0,,,,,2,0,,,3,,0,0,5,209,214,6
2020-04-26,47025,47025,5,0,,,,,0,-1,,,5,1,0,0,5,174,179,4
2020-04-26,47023,47023,10,0,,,,,5,0,,,5,,0,0,10,241,251,3
2020-04-26,47021,47021,36,0,,,,,13,0,,,23,,0,0,36,710,746,35
2020-04-26,47019,47019,12,2,,,,,6,1,,,5,1,1,0,12,385,397,29
2020-04-26,47017,47017,16,0,,,,,4,0,,,11,,1,0,16,384,400,9
2020-04-26,47015,47015,10,0,,,,,4,0,,,6,,0,0,10,222,232,2
2020-04-26,47013,47013,14,1,,,,,1,1,,,12,,1,0,14,291,305,31
2020-04-26,47011,47011,43,2,,,,,5,1,,,37,1,1,0,43,678,721,38
2020-04-26,47009,47009,53,0,,,,,9,0,,,41,,3,0,53,968,1021,46
2020-04-26,47007,47007,588,2,,,,,580,0,,,8,2,0,0,588,2536,3124,12
2020-04-26,47005,47005,6,0,,,,,1,0,,,4,,1,0,6,167,173,14
2020-04-26,47003,47003,159,9,,,,,137,7,,,20,2,2,0,159,1055,1214,108
2020-04-26,47001,47001,25,1,,,,,8,1,,,16,,1,0,25,1259,1284,42
2020-04-26,47043,47043,66,2,,,,,31,2,,,35,,0,0,66,830,896,74
2020-04-26,47045,47045,31,0,,,,,18,0,,,13,,0,0,31,529,560,18
2020-04-26,47095,47095,48,0,,,,,48,0,,,,,0,0,48,1010,1058,0
2020-04-26,47049,47049,4,0,,,,,3,0,,,1,,0,0,4,207,211,4
2020-04-26,47047,47047,52,1,,,,,23,1,,,28,,1,0,52,867,919,40
2020-04-26,47091,47091,2,0,,,,,0,0,,,2,,0,0,2,57,59,1
2020-04-26,47089,47089,18,1,,,,,5,1,,,13,,0,0,18,486,504,36
2020-04-26,47087,47087,7,0,,,,,1,0,,,6,,0,0,7,248,255,30
2020-04-26,47085,47085,9,0,,,,,3,-1,,,5,1,1,0,9,215,224,4
2020-04-26,47083,47083,4,0,,,,,0,0,,,4,,0,0,4,143,147,1
2020-04-26,47079,47079,11,0,,,,,5,0,,,6,,0,0,11,443,454,20
2020-04-26,47077,47077,6,1,,,,,3,1,,,3,,0,0,6,336,342,10
2020-04-26,47075,47075,18,1,,,,,10,0,,,7,1,1,0,18,269,287,14
2020-04-26,47073,47073,29,0,,,,,1,0,,,26,,2,0,29,646,675,33
2020-04-26,47081,47081,41,1,,,,,39,1,,,2,,0,0,41,416,457,22
2020-04-26,47069,47069,11,0,,,,,4,0,,,7,,0,0,11,306,317,15
2020-04-26,47067,47067,0,0,,,,,0,0,,,,,0,0,0,32,32,5
2020-04-26,47065,47065,141,1,,,,,48,1,,,80,,13,0,141,1834,1975,36
2020-04-26,47063,47063,15,1,,,,,8,1,,,5,,2,0,15,464,479,38
2020-04-26,47051,47051,29,0,,,,,4,0,,,24,,1,0,29,772,801,47
2020-04-26,47061,47061,28,0,,,,,7,0,,,20,,1,0,28,282,310,12
2020-04-26,47059,47059,41,0,,,,,14,0,,,25,,2,0,41,629,670,65
2020-04-26,47057,47057,4,0,,,,,0,0,,,4,,0,0,4,245,249,4
2020-04-26,47055,47055,5,0,,,,,2,0,,,3,,0,0,5,340,345,12
2020-04-26,47053,47053,38,3,,,,,20,3,,,17,,1,0,38,800,838,35
2020-04-26,47071,47071,5,0,,,,,2,0,,,3,,0,0,5,764,769,18
2020-04-27,47127,47127,3,0,,,,,3,0,0,,,,0,0,3,134,137,8
2020-04-27,47129,47129,6,0,,,,,0,0,0,,6,,0,0,6,225,231,12
2020-04-27,47131,47131,12,0,,,,,8,0,1,,3,,1,0,12,305,317,11
2020-04-27,47137,47137,0,0,,,,,0,0,0,,,,0,0,0,163,163,3
2020-04-27,47133,47133,8,1,,,,,3,1,1,,5,,0,0,8,535,543,20
2020-04-27,,47PEN,49,12,,,,,49,12,0,,,,0,0,49,17767,17816,592
2020-04-27,47135,47135,8,0,,,,,4,0,0,,4,,0,0,8,67,75,1
2020-04-27,47125,47125,138,2,,,,,71,1,15,,65,1,2,0,138,2520,2658,37
2020-04-27,,47OOS,283,-49,,,,,154,-44,0,,126,-6,3,1,283,25717,26000,1602
2020-04-27,47123,47123,15,2,,,,,4,1,2,,10,1,1,0,15,357,372,10
2020-04-27,47101,47101,2,0,,,,,0,0,0,,2,,0,0,2,83,85,5
2020-04-27,47109,47109,11,0,,,,,2,-2,1,,9,2,0,0,11,267,278,13
2020-04-27,47107,47107,65,51,,,,,61,51,3,,4,,0,0,65,921,986,119
2020-04-27,47119,47119,41,1,,,,,8,1,4,,33,,0,0,41,1234,1275,110
2020-04-27,47117,47117,22,0,,,,,10,0,4,,11,,1,0,22,490,512,49
2020-04-27,47115,47115,28,0,,,,,5,0,9,,22,,1,0,28,472,500,3
2020-04-27,47113,47113,104,3,,,,,40,-2,7,,63,5,1,0,104,2187,2291,77
2020-04-27,47111,47111,39,1,,,,,19,1,9,,17,,3,0,39,645,684,25
2020-04-27,47105,47105,27,0,,,,,6,0,3,,21,,0,0,27,461,488,20
2020-04-27,47103,47103,12,0,,,,,4,-1,2,,8,1,0,0,12,429,441,73
2020-04-27,47139,47139,7,0,,,,,3,0,1,,4,,0,0,7,132,139,16
2020-04-27,47121,47121,6,0,,,,,3,0,1,,3,,0,0,6,133,139,7
2020-04-27,47141,47141,114,5,,,,,32,4,2,,77,1,5,0,114,1591,1705,132
2020-04-27,47163,47163,47,0,,,,,5,0,6,,41,,1,0,47,1077,1124,194
2020-04-27,47145,47145,7,0,,,,,0,0,1,,7,,0,0,7,1274,1281,25
2020-04-27,47099,47099,17,1,,,,,2,-1,2,,15,2,0,0,17,665,682,67
2020-04-27,47187,47187,399,2,,,,,127,-3,29,,265,5,7,0,399,4238,4637,109
2020-04-27,47185,47185,4,0,,,,,0,0,1,,4,,0,0,4,490,494,39
2020-04-27,47183,47183,18,-1,,,,,10,-3,0,,8,2,0,0,18,425,443,43
2020-04-27,47181,47181,2,0,,,,,0,0,1,,2,,0,0,2,242,244,5
2020-04-27,47179,47179,54,2,,,,,8,2,6,,46,,0,0,54,1547,1601,136
2020-04-27,47177,47177,7,2,,,,,4,2,0,,3,,0,0,7,563,570,48
2020-04-27,47175,47175,2,0,,,,,2,0,0,,,,0,0,2,165,167,9
2020-04-27,47173,47173,3,0,,,,,1,0,0,,2,,0,0,3,218,221,24
2020-04-27,47171,47171,1,0,,,,,0,0,0,,1,,0,0,1,142,143,9
2020-04-27,47169,47169,48,0,,,,,38,0,7,,9,,1,0,48,272,320,9
2020-04-27,47167,47167,95,1,,,,,50,-2,9,,45,3,0,0,95,1134,1229,47
2020-04-27,47165,47165,603,10,,,,,249,6,146,,320,4,34,0,603,3022,3625,103
2020-04-27,47161,47161,7,0,,,,,5,0,0,,2,,0,0,7,153,160,7
2020-04-27,47159,47159,19,0,,,,,13,-1,1,,5,1,1,0,19,350,369,34
2020-04-27,47157,47157,2327,31,,,,,1166,-57,156,,1117,88,44,0,2327,16177,18504,630
2020-04-27,47155,47155,46,1,,,,,18,-1,5,,27,2,1,0,46,1309,1355,26
2020-04-27,47153,47153,5,0,,,,,2,0,1,,3,,0,0,5,342,347,36
2020-04-27,47151,47151,11,0,,,,,0,0,0,,11,,0,0,11,224,235,5
2020-04-27,47149,47149,423,18,,,,,231,13,39,,183,5,9,0,423,3923,4346,173
2020-04-27,47147,47147,138,2,,,,,49,1,14,,89,1,0,0,138,1276,1414,25
2020-04-27,47143,47143,3,0,,,,,0,0,0,,3,,0,0,3,398,401,41
2020-04-27,47189,47189,246,13,,,,,116,9,19,,127,4,3,0,246,2262,2508,95
2020-04-27,47097,47097,17,-1,,,,,14,-2,3,,3,1,0,0,17,274,291,11
2020-04-27,47093,47093,214,4,,,,,27,3,25,,183,1,4,0,214,5254,5468,225
2020-04-27,47041,47041,14,1,,,,,6,1,0,,8,,0,0,14,550,564,47
2020-04-27,47039,47039,4,0,,,,,1,-1,0,,3,1,0,0,4,132,136,5
2020-04-27,47037,47037,2338,102,,,,,1246,65,142,,1067,35,25,2,2338,13066,15404,489
2020-04-27,47035,47035,68,1,,,,,30,0,8,,38,1,0,0,68,1380,1448,36
2020-04-27,47033,47033,6,-1,,,,,5,-1,1,,1,,0,0,6,271,277,0
2020-04-27,47031,47031,33,1,,,,,23,0,3,,10,1,0,0,33,954,987,55
2020-04-27,47029,47029,14,0,,,,,1,0,0,,13,,0,0,14,315,329,27
2020-04-27,47027,47027,5,0,,,,,2,0,0,,3,,0,0,5,218,223,9
2020-04-27,47025,47025,5,0,,,,,0,0,0,,5,,0,0,5,211,216,37
2020-04-27,47021,47021,39,3,,,,,16,3,2,,23,,0,0,39,756,795,49
2020-04-27,47019,47019,12,0,,,,,5,-1,2,,6,1,1,0,12,434,446,49
2020-04-27,47017,47017,16,0,,,,,4,0,1,,11,,1,0,16,396,412,12
2020-04-27,47015,47015,11,1,,,,,5,1,2,,6,,0,0,11,241,252,20
2020-04-27,47013,47013,14,0,,,,,1,0,1,,12,,1,0,14,342,356,51
2020-04-27,47011,47011,45,2,,,,,7,2,8,,37,,1,0,45,720,765,44
2020-04-27,47009,47009,54,1,,,,,9,0,4,,42,1,3,0,54,1010,1064,43
2020-04-27,47007,47007,588,0,,,,,580,0,2,,8,,0,0,588,2590,3178,54
2020-04-27,47005,47005,6,0,,,,,1,0,2,,4,,1,0,6,173,179,6
2020-04-27,47003,47003,165,6,,,,,141,4,4,,22,2,2,0,165,1140,1305,91
2020-04-27,47001,47001,24,-1,,,,,3,-5,3,,20,4,1,0,24,1307,1331,47
2020-04-27,47095,47095,49,1,,,,,49,1,0,,,,0,0,49,1014,1063,5
2020-04-27,47043,47043,70,4,,,,,34,3,11,,36,1,0,0,70,890,960,64
2020-04-27,47045,47045,32,1,,,,,17,-1,3,,15,2,0,0,32,554,586,26
2020-04-27,47023,47023,10,0,,,,,5,0,1,,5,,0,0,10,246,256,5
2020-04-27,47049,47049,4,0,,,,,3,0,0,,1,,0,0,4,208,212,1
2020-04-27,47047,47047,52,0,,,,,19,-4,9,,32,4,1,0,52,878,930,11
2020-04-27,47089,47089,18,0,,,,,5,0,0,,13,,0,0,18,508,526,22
2020-04-27,47087,47087,7,0,,,,,1,0,0,,6,,0,0,7,293,300,45
2020-04-27,47085,47085,10,1,,,,,3,0,0,,6,1,1,0,10,229,239,15
2020-04-27,47083,47083,4,0,,,,,0,0,2,,4,,0,0,4,156,160,13
2020-04-27,47081,47081,42,1,,,,,40,1,1,,2,,0,0,42,435,477,20
2020-04-27,47079,47079,11,0,,,,,4,-1,1,,7,1,0,0,11,482,493,39
2020-04-27,47077,47077,6,0,,,,,3,0,0,,3,,0,0,6,342,348,6
2020-04-27,47075,47075,19,1,,,,,9,-1,5,,9,2,1,0,19,281,300,13
2020-04-27,47073,47073,29,0,,,,,1,0,4,,26,,2,0,29,676,705,30
2020-04-27,47071,47071,5,0,,,,,2,0,0,,3,,0,0,5,781,786,17
2020-04-27,47091,47091,3,1,,,,,1,1,0,,2,,0,0,3,59,62,3
2020-04-27,47067,47067,0,0,,,,,0,0,0,,,,0,0,0,34,34,2
2020-04-27,47065,47065,146,5,,,,,50,2,38,,83,3,13,0,146,1875,2021,46
2020-04-27,47063,47063,16,1,,,,,9,1,3,,5,,2,0,16,505,521,42
2020-04-27,47061,47061,28,0,,,,,5,-2,9,,22,2,1,0,28,286,314,4
2020-04-27,47059,47059,41,0,,,,,12,-2,7,,27,2,2,0,41,716,757,87
2020-04-27,47057,47057,6,2,,,,,2,2,1,,4,,0,0,6,248,254,5
2020-04-27,47055,47055,5,0,,,,,2,0,0,,3,,0,0,5,354,359,14
2020-04-27,47053,47053,41,3,,,,,19,-1,4,,21,4,1,0,41,820,861,23
2020-04-27,47051,47051,29,0,,,,,3,-1,5,,25,1,1,0,29,843,872,71
2020-04-27,47069,47069,11,0,,,,,4,0,2,,7,,0,0,11,314,325,8
2020-04-28,47139,47139,8,1,,,,,3,0,1,0,5,1,0,0,8,133,141,2
2020-04-28,47127,47127,3,0,,,,,2,-1,0,0,1,1,0,0,3,134,137,0
2020-04-28,47129,47129,6,0,,,,,0,0,0,0,6,,0,0,6,237,243,12
2020-04-28,47131,47131,12,0,,,,,7,-1,1,0,4,1,1,0,12,343,355,38
2020-04-28,47137,47137,0,0,,,,,0,0,0,0,,,0,0,0,164,164,1
2020-04-28,47133,47133,8,0,,,,,3,0,1,0,5,,0,0,8,543,551,8
2020-04-28,,47PEN,35,-14,,,,,35,-14,0,0,,,0,0,35,18479,18514,698
2020-04-28,47135,47135,8,0,,,,,4,0,0,0,4,,0,0,8,67,75,0
2020-04-28,47125,47125,139,1,,,,,71,0,15,0,66,1,2,0,139,2673,2812,154
2020-04-28,,47OOS,251,-32,,,,,123,-31,0,0,126,,2,-1,251,26893,27144,1144
2020-04-28,47123,47123,14,-1,,,,,3,-1,2,0,10,,1,0,14,372,386,14
2020-04-28,47117,47117,22,0,,,,,9,-1,4,0,12,1,1,0,22,497,519,7
2020-04-28,47109,47109,11,0,,,,,2,0,1,0,9,,0,0,11,273,284,6
2020-04-28,47107,47107,70,5,,,,,66,5,6,3,4,,0,0,70,1080,1150,164
2020-04-28,47119,47119,40,-1,,,,,7,-1,4,0,33,,0,0,40,1394,1434,159
2020-04-28,47115,47115,28,0,,,,,5,0,9,0,22,,1,0,28,475,503,3
2020-04-28,47113,47113,128,24,,,,,61,21,7,0,66,3,1,0,128,2254,2382,91
2020-04-28,47111,47111,39,0,,,,,18,-1,9,0,18,1,3,0,39,665,704,20
2020-04-28,47105,47105,28,1,,,,,6,0,3,0,22,1,0,0,28,483,511,23
2020-04-28,47103,47103,12,0,,,,,4,0,2,0,8,,0,0,12,431,443,2
2020-04-28,47101,47101,2,0,,,,,0,0,0,0,2,,0,0,2,91,93,8
2020-04-28,47121,47121,6,0,,,,,3,0,1,0,3,,0,0,6,135,141,2
2020-04-28,47141,47141,115,1,,,,,33,1,2,0,77,,5,0,115,1597,1712,7
2020-04-28,47099,47099,17,0,,,,,1,-1,2,0,16,1,0,0,17,669,686,4
2020-04-28,47145,47145,7,0,,,,,0,0,1,0,7,,0,0,7,1325,1332,51
2020-04-28,47187,47187,399,0,,,,,122,-5,31,2,269,4,8,1,399,4419,4818,181
2020-04-28,47185,47185,5,1,,,,,1,1,1,0,4,,0,0,5,510,515,21
2020-04-28,47183,47183,18,0,,,,,10,0,0,0,8,,0,0,18,482,500,57
2020-04-28,47181,47181,4,2,,,,,2,2,1,0,2,,0,0,4,243,247,3
2020-04-28,47179,47179,54,0,,,,,8,0,6,0,46,,0,0,54,1555,1609,8
2020-04-28,47177,47177,7,0,,,,,3,-1,0,0,4,1,0,0,7,641,648,78
2020-04-28,47175,47175,2,0,,,,,2,0,0,0,,,0,0,2,182,184,17
2020-04-28,47173,47173,3,0,,,,,1,0,0,0,2,,0,0,3,227,230,9
2020-04-28,47171,47171,1,0,,,,,0,0,0,0,1,,0,0,1,142,143,0
2020-04-28,47169,47169,50,2,,,,,40,2,7,0,9,,1,0,50,279,329,9
2020-04-28,47167,47167,96,1,,,,,50,0,9,0,46,1,0,0,96,1218,1314,85
2020-04-28,47165,47165,608,5,,,,,253,4,146,0,320,,35,1,608,3137,3745,120
2020-04-28,47163,47163,47,0,,,,,4,-1,6,0,42,1,1,0,47,1168,1215,91
2020-04-28,47161,47161,7,0,,,,,5,0,0,0,2,,0,0,7,161,168,8
2020-04-28,47159,47159,20,1,,,,,11,-2,1,0,8,3,1,0,20,367,387,18
2020-04-28,47157,47157,2376,49,,,,,1161,-5,161,5,1171,54,44,0,2376,17555,19931,1427
2020-04-28,47155,47155,46,0,,,,,17,-1,5,0,28,1,1,0,46,1462,1508,153
2020-04-28,47153,47153,5,0,,,,,2,0,1,0,3,,0,0,5,351,356,9
2020-04-28,47151,47151,11,0,,,,,0,0,0,0,11,,0,0,11,231,242,7
2020-04-28,47149,47149,434,11,,,,,236,5,45,6,188,5,10,1,434,4083,4517,171
2020-04-28,47147,47147,139,1,,,,,48,-1,15,1,91,2,0,0,139,1351,1490,76
2020-04-28,47143,47143,3,0,,,,,0,0,0,0,3,,0,0,3,407,410,9
2020-04-28,47097,47097,17,0,,,,,12,-2,3,0,5,2,0,0,17,288,305,14
2020-04-28,47189,47189,249,3,,,,,111,-5,20,1,135,8,3,0,249,2350,2599,91
2020-04-28,47093,47093,214,0,,,,,13,-14,27,2,196,13,5,1,214,5692,5906,438
2020-04-28,47041,47041,14,0,,,,,6,0,0,0,8,,0,0,14,552,566,2
2020-04-28,47039,47039,4,0,,,,,0,-1,0,0,4,1,0,0,4,135,139,3
2020-04-28,47037,47037,2383,45,,,,,1213,-33,172,30,1145,78,25,0,2383,13644,16027,623
2020-04-28,47035,47035,70,2,,,,,31,1,8,0,38,,1,1,70,1460,1530,82
2020-04-28,47033,47033,7,1,,,,,6,1,1,0,1,,0,0,7,274,281,4
2020-04-28,47031,47031,33,0,,,,,22,-1,3,0,11,1,0,0,33,962,995,8
2020-04-28,47029,47029,16,2,,,,,2,1,1,1,14,1,0,0,16,337,353,24
2020-04-28,47027,47027,5,0,,,,,2,0,0,0,3,,0,0,5,219,224,1
2020-04-28,47025,47025,5,0,,,,,0,0,0,0,5,,0,0,5,219,224,8
2020-04-28,47023,47023,10,0,,,,,5,0,1,0,5,,0,0,10,249,259,3
2020-04-28,47021,47021,42,3,,,,,18,2,2,0,24,1,0,0,42,760,802,7
2020-04-28,47019,47019,12,0,,,,,5,0,2,0,6,,1,0,12,434,446,0
2020-04-28,47017,47017,18,2,,,,,6,2,1,0,11,,1,0,18,408,426,14
2020-04-28,47015,47015,11,0,,,,,5,0,2,0,6,,0,0,11,242,253,1
2020-04-28,47013,47013,14,0,,,,,1,0,1,0,12,,1,0,14,369,383,27
2020-04-28,47011,47011,46,1,,,,,8,1,9,1,37,,1,0,46,730,776,11
2020-04-28,47009,47009,55,1,,,,,10,1,4,0,42,,3,0,55,1102,1157,93
2020-04-28,47007,47007,589,1,,,,,581,1,2,0,8,,0,0,589,2812,3401,223
2020-04-28,47005,47005,6,0,,,,,1,0,2,0,4,,1,0,6,179,185,6
2020-04-28,47003,47003,167,2,,,,,139,-2,4,0,26,4,2,0,167,1153,1320,15
2020-04-28,47001,47001,24,0,,,,,3,0,3,0,20,,1,0,24,1372,1396,65
2020-04-28,47043,47043,71,1,,,,,33,-1,12,1,38,2,0,0,71,914,985,25
2020-04-28,47045,47045,33,1,,,,,18,1,4,1,15,,0,0,33,563,596,10
2020-04-28,47095,47095,50,1,,,,,50,1,0,0,,,0,0,50,1022,1072,9
2020-04-28,47049,47049,4,0,,,,,3,0,0,0,1,,0,0,4,209,213,1
2020-04-28,47091,47091,3,0,,,,,1,0,0,0,2,,0,0,3,60,63,1
2020-04-28,47089,47089,18,0,,,,,3,-2,0,0,15,2,0,0,18,539,557,31
2020-04-28,47087,47087,7,0,,,,,1,0,0,0,6,,0,0,7,321,328,28
2020-04-28,47085,47085,10,0,,,,,3,0,0,0,6,,1,0,10,243,253,14
2020-04-28,47083,47083,4,0,,,,,0,0,2,0,4,,0,0,4,160,164,4
2020-04-28,47047,47047,53,1,,,,,20,1,9,0,32,,1,0,53,930,983,53
2020-04-28,47079,47079,11,0,,,,,4,0,1,0,7,,0,0,11,549,560,67
2020-04-28,47077,47077,6,0,,,,,3,0,0,0,3,,0,0,6,362,368,20
2020-04-28,47075,47075,19,0,,,,,9,0,5,0,9,,1,0,19,301,320,20
2020-04-28,47073,47073,30,1,,,,,2,1,4,0,26,,2,0,30,686,716,11
2020-04-28,47081,47081,43,1,,,,,41,1,1,0,2,,0,0,43,443,486,9
2020-04-28,47069,47069,11,0,,,,,4,0,2,0,7,,0,0,11,330,341,16
2020-04-28,47067,47067,0,0,,,,,0,0,0,0,,,0,0,0,36,36,2
2020-04-28,47065,47065,149,3,,,,,52,2,38,0,84,1,13,0,149,1926,2075,54
2020-04-28,47063,47063,17,1,,,,,6,-3,3,0,9,4,2,0,17,546,563,42
2020-04-28,47061,47061,28,0,,,,,5,0,9,0,22,,1,0,28,287,315,1
2020-04-28,47059,47059,42,1,,,,,13,1,7,0,27,,2,0,42,722,764,7
2020-04-28,47057,47057,5,-1,,,,,1,-1,1,0,4,,0,0,5,256,261,7
2020-04-28,47055,47055,5,0,,,,,2,0,0,0,3,,0,0,5,359,364,5
2020-04-28,47053,47053,41,0,,,,,19,0,4,0,21,,1,0,41,943,984,123
2020-04-28,47051,47051,32,3,,,,,6,3,5,0,25,,1,0,32,849,881,9
2020-04-28,47071,47071,5,0,,,,,2,0,0,0,3,,0,0,5,800,805,19
2020-04-29,47127,47127,3,0,,,,,2,0,0,0,1,,0,0,3,135,138,1
2020-04-29,47129,47129,6,0,,,,,0,0,0,0,6,,0,0,6,259,265,22
2020-04-29,47131,47131,12,0,,,,,5,-2,1,0,6,2,1,0,12,357,369,14
2020-04-29,,47OOS,234,-17,,,,,105,-18,21,21,126,,3,1,234,27562,27796,652
2020-04-29,47139,47139,7,-1,,,,,2,-1,1,0,5,,0,0,7,139,146,5
2020-04-29,,47PEN,42,7,,,,,42,7,1,1,,,0,0,42,19031,19073,559
2020-04-29,47135,47135,8,0,,,,,4,0,0,0,4,,0,0,8,67,75,0
2020-04-29,47137,47137,0,0,,,,,0,0,0,0,,,0,0,0,164,164,0
2020-04-29,47133,47133,8,0,,,,,2,-1,1,0,6,1,0,0,8,550,558,7
2020-04-29,47125,47125,141,2,,,,,72,1,16,1,67,1,2,0,141,2743,2884,72
2020-04-29,47103,47103,13,1,,,,,5,1,2,0,8,,0,0,13,435,448,5
2020-04-29,47109,47109,11,0,,,,,2,0,1,0,9,,0,0,11,274,285,1
2020-04-29,47107,47107,89,19,,,,,83,17,7,1,5,1,1,1,89,1135,1224,74
2020-04-29,47119,47119,42,2,,,,,9,2,4,0,33,,0,0,42,1421,1463,29
2020-04-29,47117,47117,22,0,,,,,9,0,4,0,12,,1,0,22,501,523,4
2020-04-29,47115,47115,28,0,,,,,5,0,9,0,22,,1,0,28,476,504,1
2020-04-29,47113,47113,131,3,,,,,60,-1,7,0,70,4,1,0,131,2351,2482,100
2020-04-29,47111,47111,39,0,,,,,17,-1,9,0,19,1,3,0,39,668,707,3
2020-04-29,47105,47105,32,4,,,,,10,4,3,0,22,,0,0,32,530,562,51
2020-04-29,47141,47141,119,4,,,,,33,0,3,1,81,4,5,0,119,1677,1796,84
2020-04-29,47123,47123,16,2,,,,,5,2,2,0,10,,1,0,16,384,400,14
2020-04-29,47143,47143,4,1,,,,,0,0,0,0,4,1,0,0,4,415,419,9
2020-04-29,47165,47165,619,11,,,,,261,8,151,5,321,1,37,2,619,3172,3791,46
2020-04-29,47147,47147,139,0,,,,,47,-1,15,0,92,1,0,0,139,1376,1515,25
2020-04-29,47189,47189,250,1,,,,,108,-3,22,2,138,3,4,1,250,2407,2657,58
2020-04-29,47187,47187,408,9,,,,,126,4,32,1,273,4,9,1,408,4680,5088,270
2020-04-29,47185,47185,6,1,,,,,2,1,1,0,4,,0,0,6,519,525,10
2020-04-29,47183,47183,21,3,,,,,12,2,1,1,9,1,0,0,21,498,519,19
2020-04-29,47181,47181,4,0,,,,,2,0,1,0,2,,0,0,4,250,254,7
2020-04-29,47179,47179,54,0,,,,,8,0,6,0,46,,0,0,54,1572,1626,17
2020-04-29,47177,47177,7,0,,,,,3,0,0,0,4,,0,0,7,649,656,8
2020-04-29,47175,47175,2,0,,,,,2,0,0,0,,,0,0,2,182,184,0
2020-04-29,47173,47173,3,0,,,,,1,0,0,0,2,,0,0,3,237,240,10
2020-04-29,47171,47171,1,0,,,,,0,0,0,0,1,,0,0,1,142,143,0
2020-04-29,47169,47169,122,72,,,,,110,70,7,0,11,2,1,0,122,339,461,132
2020-04-29,47167,47167,98,2,,,,,49,-1,11,2,49,3,0,0,98,1246,1344,30
2020-04-29,47101,47101,2,0,,,,,0,0,0,0,2,,0,0,2,92,94,1
2020-04-29,47163,47163,48,1,,,,,4,0,6,0,43,1,1,0,48,1234,1282,67
2020-04-29,47161,47161,7,0,,,,,5,0,0,0,2,,0,0,7,163,170,2
2020-04-29,47159,47159,20,0,,,,,10,-1,1,0,9,1,1,0,20,416,436,49
2020-04-29,47157,47157,2432,56,,,,,1148,-13,171,10,1240,69,44,0,2432,18381,20813,882
2020-04-29,47155,47155,48,2,,,,,19,2,5,0,28,,1,0,48,1509,1557,49
2020-04-29,47153,47153,5,0,,,,,2,0,1,0,3,,0,0,5,355,360,4
2020-04-29,47151,47151,11,0,,,,,0,0,0,0,11,,0,0,11,237,248,6
2020-04-29,47149,47149,448,14,,,,,239,3,50,5,198,10,11,1,448,4236,4684,167
2020-04-29,47145,47145,7,0,,,,,0,0,1,0,7,,0,0,7,1407,1414,82
2020-04-29,47099,47099,17,0,,,,,1,0,2,0,16,,0,0,17,746,763,77
2020-04-29,47121,47121,8,2,,,,,5,2,1,0,3,,0,0,8,142,150,9
2020-04-29,47097,47097,19,2,,,,,14,2,4,1,5,,0,0,19,312,331,26
2020-04-29,47041,47041,14,0,,,,,5,-1,0,0,9,1,0,0,14,555,569,3
2020-04-29,47039,47039,4,0,,,,,0,0,0,0,4,,0,0,4,144,148,9
2020-04-29,47037,47037,2454,71,,,,,1211,-2,242,70,1218,73,25,0,2454,14010,16464,437
2020-04-29,47035,47035,74,4,,,,,30,-1,9,1,43,5,1,0,74,1505,1579,49
2020-04-29,47033,47033,7,0,,,,,6,0,1,0,1,,0,0,7,279,286,5
2020-04-29,47031,47031,35,2,,,,,21,-1,3,0,14,3,0,0,35,979,1014,19
2020-04-29,47029,47029,16,0,,,,,2,0,1,0,14,,0,0,16,388,404,51
2020-04-29,47027,47027,5,0,,,,,0,-2,0,0,5,2,0,0,5,221,226,2
2020-04-29,47023,47023,10,0,,,,,5,0,1,0,5,,0,0,10,254,264,5
2020-04-29,47021,47021,42,0,,,,,18,0,2,0,24,,0,0,42,780,822,20
2020-04-29,47019,47019,12,0,,,,,5,0,2,0,6,,1,0,12,437,449,3
2020-04-29,47017,47017,18,0,,,,,5,-1,1,0,12,1,1,0,18,429,447,21
2020-04-29,47015,47015,11,0,,,,,5,0,2,0,6,,0,0,11,243,254,1
2020-04-29,47013,47013,14,0,,,,,1,0,1,0,12,,1,0,14,386,400,17
2020-04-29,47011,47011,48,2,,,,,10,2,9,0,37,,1,0,48,751,799,23
2020-04-29,47009,47009,55,0,,,,,9,-1,4,0,43,1,3,0,55,1142,1197,40
2020-04-29,47007,47007,592,3,,,,,583,2,2,0,9,1,0,0,592,2827,3419,18
2020-04-29,47005,47005,6,0,,,,,1,0,2,0,4,,1,0,6,180,186,1
2020-04-29,47003,47003,169,2,,,,,139,0,4,0,28,2,2,0,169,1160,1329,9
2020-04-29,47001,47001,27,3,,,,,5,2,3,0,21,1,1,0,27,1679,1706,310
2020-04-29,47095,47095,53,3,,,,,53,3,0,0,,,0,0,53,1042,1095,23
2020-04-29,47043,47043,72,1,,,,,33,0,12,0,39,1,0,0,72,936,1008,23
2020-04-29,47045,47045,34,1,,,,,17,-1,4,0,17,2,0,0,34,571,605,9
2020-04-29,47025,47025,5,0,,,,,0,0,0,0,5,,0,0,5,240,245,21
2020-04-29,47049,47049,4,0,,,,,3,0,0,0,1,,0,0,4,212,216,3
2020-04-29,47047,47047,53,0,,,,,14,-6,11,2,38,6,1,0,53,951,1004,21
2020-04-29,47091,47091,3,0,,,,,1,0,0,0,2,,0,0,3,72,75,12
2020-04-29,47089,47089,18,0,,,,,3,0,0,0,15,,0,0,18,792,810,253
2020-04-29,47087,47087,7,0,,,,,1,0,0,0,6,,0,0,7,331,338,10
2020-04-29,47085,47085,10,0,,,,,3,0,0,0,6,,1,0,10,249,259,6
2020-04-29,47083,47083,5,1,,,,,1,1,3,1,4,,0,0,5,164,169,5
2020-04-29,47081,47081,43,0,,,,,41,0,1,0,2,,0,0,43,453,496,10
2020-04-29,47079,47079,11,0,,,,,4,0,3,2,7,,0,0,11,552,563,3
2020-04-29,47077,47077,6,0,,,,,3,0,0,0,3,,0,0,6,506,512,144
2020-04-29,47075,47075,19,0,,,,,7,-2,6,1,11,2,1,0,19,301,320,0
2020-04-29,47073,47073,30,0,,,,,2,0,5,1,26,,2,0,30,715,745,29
2020-04-29,47093,47093,221,7,,,,,19,6,27,0,197,1,5,0,221,6388,6609,703
2020-04-29,47069,47069,11,0,,,,,4,0,2,0,7,,0,0,11,336,347,6
2020-04-29,47071,47071,5,0,,,,,2,0,0,0,3,,0,0,5,803,808,3
2020-04-29,47053,47053,44,3,,,,,22,3,4,0,21,,1,0,44,1032,1076,92
2020-04-29,47055,47055,7,2,,,,,4,2,0,0,3,,0,0,7,369,376,12
2020-04-29,47057,47057,5,0,,,,,1,0,1,0,4,,0,0,5,271,276,15
2020-04-29,47059,47059,43,1,,,,,13,0,7,0,28,1,2,0,43,737,780,16
2020-04-29,47051,47051,34,2,,,,,8,2,5,0,25,,1,0,34,913,947,66
2020-04-29,47063,47063,17,0,,,,,5,-1,3,0,10,1,2,0,17,816,833,270
2020-04-29,47065,47065,152,3,,,,,51,-1,40,2,88,4,13,0,152,1980,2132,57
2020-04-29,47067,47067,0,0,,,,,0,0,0,0,,,0,0,0,40,40,4
2020-04-29,47061,47061,28,0,,,,,5,0,9,0,22,,1,0,28,289,317,2
2020-04-30,47125,47125,146,5,,,,,73,1,16,0,71,4,2,0,146,2970,3116,232
2020-04-30,47135,47135,9,1,,,,,5,1,0,0,4,,0,0,9,74,83,8
2020-04-30,,47PEN,33,-9,,,,,33,-9,0,-1,,,0,0,33,19813,19846,773
2020-04-30,47133,47133,8,0,,,,,2,0,1,0,6,,0,0,8,564,572,14
2020-04-30,,47OOS,254,20,,,,,122,17,21,0,131,5,1,-2,254,28747,29001,1205
2020-04-30,47131,47131,13,1,,,,,6,1,1,0,6,,1,0,13,374,387,18
2020-04-30,47137,47137,0,0,,,,,0,0,0,0,,,0,0,0,168,168,4
2020-04-30,47129,47129,6,0,,,,,0,0,0,0,6,,0,0,6,272,278,13
2020-04-30,47127,47127,3,0,,,,,2,0,0,0,1,,0,0,3,147,150,12
2020-04-30,47123,47123,20,4,,,,,9,4,2,0,10,,1,0,20,409,429,29
2020-04-30,47115,47115,29,1,,,,,6,1,9,0,22,,1,0,29,514,543,39
2020-04-30,47109,47109,11,0,,,,,2,0,1,0,9,,0,0,11,295,306,21
2020-04-30,47107,47107,92,3,,,,,86,3,7,0,5,,1,0,92,1270,1362,138
2020-04-30,47119,47119,42,0,,,,,9,0,5,1,33,,0,0,42,1489,1531,68
2020-04-30,47117,47117,22,0,,,,,9,0,4,0,12,,1,0,22,539,561,38
2020-04-30,47113,47113,135,4,,,,,63,3,7,0,71,1,1,0,135,2471,2606,124
2020-04-30,47111,47111,40,1,,,,,17,0,9,0,20,1,3,0,40,672,712,5
2020-04-30,47105,47105,33,1,,,,,11,1,3,0,22,,0,0,33,566,599,37
2020-04-30,47103,47103,13,0,,,,,5,0,2,0,8,,0,0,13,490,503,55
2020-04-30,47101,47101,2,0,,,,,0,0,0,0,2,,0,0,2,101,103,9
2020-04-30,47139,47139,8,1,,,,,3,1,1,0,5,,0,0,8,159,167,21
2020-04-30,47121,47121,8,0,,,,,5,0,1,0,3,,0,0,8,157,165,15
2020-04-30,47141,47141,121,2,,,,,34,1,3,0,82,1,5,0,121,1766,1887,91
2020-04-30,47099,47099,17,0,,,,,1,0,2,0,16,,0,0,17,802,819,56
2020-04-30,47145,47145,7,0,,,,,0,0,1,0,7,,0,0,7,1471,1478,64
2020-04-30,47187,47187,411,3,,,,,124,-2,37,5,278,5,9,0,411,4818,5229,141
2020-04-30,47185,47185,7,1,,,,,3,1,1,0,4,,0,0,7,549,556,31
2020-04-30,47183,47183,23,2,,,,,13,1,1,0,10,1,0,0,23,535,558,39
2020-04-30,47181,47181,4,0,,,,,2,0,1,0,2,,0,0,4,259,263,9
2020-04-30,47179,47179,54,0,,,,,8,0,6,0,46,,0,0,54,1606,1660,34
2020-04-30,47177,47177,7,0,,,,,3,0,0,0,4,,0,0,7,662,669,13
2020-04-30,47175,47175,2,0,,,,,1,-1,0,0,1,1,0,0,2,186,188,4
2020-04-30,47173,47173,3,0,,,,,1,0,0,0,2,,0,0,3,251,254,14
2020-04-30,47171,47171,1,0,,,,,0,0,0,0,1,,0,0,1,146,147,4
2020-04-30,47169,47169,123,1,,,,,111,1,7,0,11,,1,0,123,770,893,432
2020-04-30,47167,47167,98,0,,,,,47,-2,12,1,51,2,0,0,98,1304,1402,58
2020-04-30,47165,47165,623,4,,,,,261,0,152,1,325,4,37,0,623,3312,3935,144
2020-04-30,47163,47163,49,1,,,,,5,1,6,0,43,,1,0,49,1281,1330,48
2020-04-30,47161,47161,7,0,,,,,5,0,1,1,2,,0,0,7,170,177,7
2020-04-30,47159,47159,21,1,,,,,11,1,1,0,9,,1,0,21,420,441,5
2020-04-30,47157,47157,2507,75,,,,,1172,24,175,4,1288,48,47,3,2507,19345,21852,1039
2020-04-30,47155,47155,49,1,,,,,20,1,6,1,28,,1,0,49,1534,1583,26
2020-04-30,47153,47153,5,0,,,,,2,0,1,0,3,,0,0,5,429,434,74
2020-04-30,47151,47151,11,0,,,,,0,0,0,0,11,,0,0,11,239,250,2
2020-04-30,47149,47149,474,26,,,,,264,25,53,3,199,1,11,0,474,4446,4920,236
2020-04-30,47147,47147,148,9,,,,,51,4,16,1,97,5,0,0,148,1456,1604,89
2020-04-30,47143,47143,5,1,,,,,1,1,0,0,4,,0,0,5,489,494,75
2020-04-30,47189,47189,253,3,,,,,111,3,22,0,138,,4,0,253,2456,2709,52
2020-04-30,47097,47097,21,2,,,,,14,0,4,0,7,2,0,0,21,335,356,25
2020-04-30,47093,47093,228,7,,,,,24,5,27,0,199,2,5,0,228,6666,6894,285
2020-04-30,47041,47041,15,1,,,,,6,1,0,0,9,,0,0,15,564,579,10
2020-04-30,47039,47039,4,0,,,,,0,0,0,0,4,,0,0,4,158,162,14
2020-04-30,47037,47037,2612,158,,,,,1304,93,254,12,1280,62,28,3,2612,14803,17415,951
2020-04-30,47035,47035,74,0,,,,,29,-1,9,0,44,1,1,0,74,1541,1615,36
2020-04-30,47033,47033,7,0,,,,,6,0,1,0,1,,0,0,7,288,295,9
2020-04-30,47031,47031,36,1,,,,,20,-1,3,0,16,2,0,0,36,1030,1066,52
2020-04-30,47029,47029,16,0,,,,,2,0,1,0,14,,0,0,16,402,418,14
2020-04-30,47027,47027,5,0,,,,,0,0,0,0,5,,0,0,5,223,228,2
2020-04-30,47025,47025,5,0,,,,,0,0,0,0,5,,0,0,5,248,253,8
2020-04-30,47023,47023,10,0,,,,,5,0,1,0,5,,0,0,10,262,272,8
2020-04-30,47021,47021,46,4,,,,,21,3,3,1,25,1,0,0,46,851,897,75
2020-04-30,47019,47019,12,0,,,,,5,0,2,0,6,,1,0,12,476,488,39
2020-04-30,47017,47017,18,0,,,,,5,0,1,0,12,,1,0,18,454,472,25
2020-04-30,47015,47015,12,1,,,,,5,0,2,0,7,1,0,0,12,254,266,12
2020-04-30,47013,47013,15,1,,,,,1,0,1,0,13,1,1,0,15,401,416,16
2020-04-30,47011,47011,49,1,,,,,10,0,9,0,38,1,1,0,49,808,857,58
2020-04-30,47009,47009,56,1,,,,,9,0,4,0,44,1,3,0,56,1162,1218,21
2020-04-30,47007,47007,594,2,,,,,585,2,2,0,9,,0,0,594,2939,3533,114
2020-04-30,47005,47005,6,0,,,,,1,0,2,0,4,,1,0,6,197,203,17
2020-04-30,47003,47003,173,4,,,,,135,-4,5,1,36,8,2,0,173,1262,1435,106
2020-04-30,47001,47001,28,1,,,,,6,1,3,0,21,,1,0,28,1986,2014,308
2020-04-30,47043,47043,72,0,,,,,33,0,12,0,39,,0,0,72,1023,1095,87
2020-04-30,47045,47045,34,0,,,,,16,-1,4,0,18,1,0,0,34,608,642,37
2020-04-30,47095,47095,55,2,,,,,25,-28,0,0,30,30,0,0,55,1047,1102,7
2020-04-30,47049,47049,4,0,,,,,2,-1,0,0,2,1,0,0,4,215,219,3
2020-04-30,47047,47047,56,3,,,,,17,3,11,0,38,,1,0,56,979,1035,31
2020-04-30,47091,47091,3,0,,,,,1,0,0,0,2,,0,0,3,73,76,1
2020-04-30,47089,47089,19,1,,,,,4,1,0,0,15,,0,0,19,803,822,12
2020-04-30,47087,47087,7,0,,,,,1,0,0,0,6,,0,0,7,333,340,2
2020-04-30,47085,47085,10,0,,,,,3,0,0,0,6,,1,0,10,266,276,17
2020-04-30,47083,47083,5,0,,,,,1,0,3,0,4,,0,0,5,170,175,6
2020-04-30,47079,47079,13,2,,,,,5,1,3,0,8,1,0,0,13,588,601,38
2020-04-30,47077,47077,7,1,,,,,3,0,0,0,4,1,0,0,7,537,544,32
2020-04-30,47075,47075,20,1,,,,,8,1,6,0,11,,1,0,20,330,350,30
2020-04-30,47073,47073,30,0,,,,,2,0,5,0,26,,2,0,30,784,814,69
2020-04-30,47081,47081,44,1,,,,,42,1,1,0,2,,0,0,44,491,535,39
2020-04-30,47069,47069,14,3,,,,,6,2,2,0,8,1,0,0,14,345,359,12
2020-04-30,47067,47067,0,0,,,,,0,0,0,0,,,0,0,0,51,51,11
2020-04-30,47065,47065,156,4,,,,,55,4,41,1,88,,13,0,156,2394,2550,418
2020-04-30,47063,47063,18,1,,,,,5,0,3,0,11,1,2,0,18,851,869,36
2020-04-30,47051,47051,36,2,,,,,9,1,5,0,26,1,1,0,36,1039,1075,128
2020-04-30,47061,47061,28,0,,,,,5,0,9,0,22,,1,0,28,305,333,16
2020-04-30,47059,47059,44,1,,,,,14,1,7,0,28,,2,0,44,771,815,35
2020-04-30,47057,47057,5,0,,,,,1,0,1,0,4,,0,0,5,277,282,6
2020-04-30,47055,47055,8,1,,,,,5,1,0,0,3,,0,0,8,401,409,33
2020-04-30,47053,47053,43,-1,,,,,21,-1,4,0,21,,1,0,43,1115,1158,82
2020-04-30,47071,47071,5,0,,,,,2,0,0,0,3,,0,0,5,822,827,19
2020-05-01,47127,47127,3,0,,,,,2,0,0,0,1,,0,0,3,155,158,8
2020-05-01,47129,47129,6,0,,,,,0,0,0,0,6,,0,0,6,295,301,23
2020-05-01,47131,47131,14,1,,,,,6,0,1,0,7,1,1,0,14,395,409,22
2020-05-01,47137,47137,0,0,,,,,0,0,0,0,,,0,0,0,171,171,3
2020-05-01,47133,47133,8,0,,,,,1,-1,1,0,7,1,0,0,8,587,595,23
2020-05-01,,47PEN,33,0,,,,,32,-1,0,0,1,1,0,0,33,20501,20534,688
2020-05-01,47135,47135,12,3,,,,,8,3,0,0,4,,0,0,12,75,87,4
2020-05-01,47125,47125,146,0,,,,,71,-2,16,0,73,2,2,0,146,3207,3353,237
2020-05-01,,47OOS,258,4,,,,,124,2,22,1,133,2,1,0,258,29685,29943,942
2020-05-01,47123,47123,21,1,,,,,10,1,2,0,10,,1,0,21,420,441,12
2020-05-01,47101,47101,2,0,,,,,0,0,0,0,2,,0,0,2,116,118,15
2020-05-01,47109,47109,11,0,,,,,1,-1,1,0,10,1,0,0,11,356,367,61
2020-05-01,47107,47107,94,2,,,,,87,1,7,0,6,1,1,0,94,1362,1456,94
2020-05-01,47119,47119,44,2,,,,,10,1,6,1,34,1,0,0,44,1543,1587,56
2020-05-01,47117,47117,23,1,,,,,11,2,5,1,11,-1,1,0,23,563,586,25
2020-05-01,47115,47115,29,0,,,,,6,0,9,0,22,,1,0,29,526,555,12
2020-05-01,47113,47113,136,1,,,,,63,0,8,1,72,1,1,0,136,2653,2789,183
2020-05-01,47111,47111,41,1,,,,,18,1,9,0,20,,3,0,41,705,746,34
2020-05-01,47105,47105,32,-1,,,,,8,-3,3,0,24,2,0,0,32,599,631,32
2020-05-01,47103,47103,14,1,,,,,6,1,2,0,8,,0,0,14,545,559,56
2020-05-01,47139,47139,8,0,,,,,3,0,1,0,5,,0,0,8,166,174,7
2020-05-01,47121,47121,9,1,,,,,6,1,2,1,3,,0,0,9,161,170,5
2020-05-01,47141,47141,122,1,,,,,33,-1,3,0,84,2,5,0,122,1786,1908,21
2020-05-01,47163,47163,49,0,,,,,4,-1,6,0,44,1,1,0,49,1349,1398,68
2020-05-01,47145,47145,7,0,,,,,0,0,1,0,7,,0,0,7,1517,1524,46
2020-05-01,47099,47099,17,0,,,,,1,0,2,0,16,,0,0,17,842,859,40
2020-05-01,47187,47187,416,5,,,,,127,3,43,6,280,2,9,0,416,4919,5335,106
2020-05-01,47185,47185,7,0,,,,,3,0,1,0,4,,0,0,7,564,571,15
2020-05-01,47183,47183,23,0,,,,,12,-1,1,0,11,1,0,0,23,593,616,58
2020-05-01,47181,47181,4,0,,,,,2,0,1,0,2,,0,0,4,262,266,3
2020-05-01,47179,47179,55,1,,,,,6,-2,6,0,49,3,0,0,55,1664,1719,59
2020-05-01,47177,47177,8,1,,,,,4,1,0,0,4,,0,0,8,724,732,63
2020-05-01,47175,47175,2,0,,,,,1,0,0,0,1,,0,0,2,194,196,8
2020-05-01,47173,47173,3,0,,,,,1,0,0,0,2,,0,0,3,263,266,12
2020-05-01,47171,47171,2,1,,,,,1,1,0,0,1,,0,0,2,152,154,7
2020-05-01,47169,47169,1020,897,,,,,1008,897,7,0,11,,1,0,1020,843,1863,970
2020-05-01,47167,47167,98,0,,,,,47,0,12,0,51,,0,0,98,1378,1476,74
2020-05-01,47165,47165,632,9,,,,,270,9,184,32,325,,37,0,632,3490,4122,187
2020-05-01,47161,47161,7,0,,,,,5,0,1,0,2,,0,0,7,184,191,14
2020-05-01,47159,47159,22,1,,,,,10,-1,1,0,11,2,1,0,22,448,470,29
2020-05-01,47157,47157,2599,92,,,,,1210,38,181,6,1338,50,51,4,2599,20465,23064,1212
2020-05-01,47155,47155,49,0,,,,,19,-1,6,0,29,1,1,0,49,1639,1688,105
2020-05-01,47153,47153,5,0,,,,,0,-2,1,0,5,2,0,0,5,465,470,36
2020-05-01,47151,47151,11,0,,,,,0,0,0,0,11,,0,0,11,248,259,9
2020-05-01,47149,47149,502,28,,,,,284,20,56,3,207,8,11,0,502,4695,5197,277
2020-05-01,47147,47147,157,9,,,,,57,6,21,5,100,3,0,0,157,1560,1717,113
2020-05-01,47143,47143,5,0,,,,,1,0,0,0,4,,0,0,5,523,528,34
2020-05-01,47189,47189,259,6,,,,,110,-1,22,0,144,6,5,1,259,2548,2807,98
2020-05-01,47097,47097,21,0,,,,,11,-3,4,0,10,3,0,0,21,346,367,11
2020-05-01,47093,47093,233,5,,,,,28,4,27,0,200,1,5,0,233,7009,7242,348
2020-05-01,47041,47041,17,2,,,,,7,1,0,0,10,1,0,0,17,625,642,63
2020-05-01,47039,47039,4,0,,,,,0,0,0,0,4,,0,0,4,165,169,7
2020-05-01,47037,47037,2652,40,,,,,1276,-28,259,5,1348,68,28,0,2652,15109,17761,346
2020-05-01,47035,47035,74,0,,,,,28,-1,9,0,45,1,1,0,74,1616,1690,75
2020-05-01,47033,47033,7,0,,,,,6,0,1,0,1,,0,0,7,309,316,21
2020-05-01,47031,47031,36,0,,,,,20,0,3,0,16,,0,0,36,1077,1113,47
2020-05-01,47029,47029,16,0,,,,,2,0,1,0,14,,0,0,16,415,431,13
2020-05-01,47027,47027,5,0,,,,,0,0,0,0,5,,0,0,5,231,236,8
2020-05-01,47025,47025,5,0,,,,,0,0,0,0,5,,0,0,5,274,279,26
2020-05-01,47021,47021,48,2,,,,,23,2,5,2,25,,0,0,48,881,929,32
2020-05-01,47019,47019,13,1,,,,,2,-3,2,0,10,4,1,0,13,518,531,43
2020-05-01,47017,47017,18,0,,,,,4,-1,1,0,13,1,1,0,18,478,496,24
2020-05-01,47015,47015,12,0,,,,,4,-1,2,0,8,1,0,0,12,271,283,17
2020-05-01,47013,47013,16,1,,,,,2,1,1,0,13,,1,0,16,437,453,37
2020-05-01,47011,47011,52,3,,,,,12,2,11,2,39,1,1,0,52,883,935,78
2020-05-01,47009,47009,58,2,,,,,9,0,4,0,46,2,3,0,58,1221,1279,61
2020-05-01,47007,47007,595,1,,,,,586,1,3,1,9,,0,0,595,2947,3542,9
2020-05-01,47005,47005,5,-1,,,,,0,-1,2,0,4,,1,0,5,209,214,11
2020-05-01,47003,47003,184,11,,,,,144,9,6,1,38,2,2,0,184,1341,1525,90
2020-05-01,47001,47001,28,0,,,,,6,0,3,0,21,,1,0,28,2041,2069,55
2020-05-01,47095,47095,55,0,,,,,18,-7,0,0,37,7,0,0,55,1048,1103,1
2020-05-01,47043,47043,74,2,,,,,35,2,12,0,39,,0,0,74,1046,1120,25
2020-05-01,47045,47045,36,2,,,,,15,-1,4,0,21,3,0,0,36,623,659,17
2020-05-01,47023,47023,10,0,,,,,5,0,1,0,5,,0,0,10,282,292,20
2020-05-01,47049,47049,4,0,,,,,2,0,0,0,2,,0,0,4,220,224,5
2020-05-01,47047,47047,59,3,,,,,16,-1,11,0,42,4,1,0,59,1029,1088,53
2020-05-01,47089,47089,20,1,,,,,5,1,0,0,15,,0,0,20,818,838,16
2020-05-01,47087,47087,7,0,,,,,1,0,0,0,6,,0,0,7,345,352,12
2020-05-01,47085,47085,11,1,,,,,4,1,0,0,6,,1,0,11,283,294,18
2020-05-01,47083,47083,5,0,,,,,1,0,3,0,4,,0,0,5,176,181,6
2020-05-01,47081,47081,44,0,,,,,42,0,1,0,2,,0,0,44,517,561,26
2020-05-01,47079,47079,13,0,,,,,4,-1,3,0,9,1,0,0,13,631,644,43
2020-05-01,47077,47077,7,0,,,,,3,0,0,0,4,,0,0,7,571,578,34
2020-05-01,47075,47075,23,3,,,,,11,3,6,0,11,,1,0,23,349,372,22
2020-05-01,47073,47073,30,0,,,,,1,-1,5,0,27,1,2,0,30,812,842,28
2020-05-01,47071,47071,5,0,,,,,2,0,0,0,3,,0,0,5,839,844,17
2020-05-01,47091,47091,3,0,,,,,0,-1,0,0,3,1,0,0,3,79,82,6
2020-05-01,47067,47067,0,0,,,,,0,0,0,0,,,0,0,0,54,54,3
2020-05-01,47065,47065,160,4,,,,,59,4,41,0,88,,13,0,160,2628,2788,238
2020-05-01,47063,47063,18,0,,,,,5,0,3,0,11,,2,0,18,884,902,33
2020-05-01,47061,47061,28,0,,,,,5,0,9,0,22,,1,0,28,309,337,4
2020-05-01,47059,47059,44,0,,,,,7,-7,7,0,35,7,2,0,44,805,849,34
2020-05-01,47057,47057,6,1,,,,,2,1,1,0,4,,0,0,6,288,294,12
2020-05-01,47055,47055,8,0,,,,,4,-1,0,0,4,1,0,0,8,425,433,24
2020-05-01,47053,47053,45,2,,,,,19,-2,4,0,25,4,1,0,45,1207,1252,94
2020-05-01,47051,47051,36,0,,,,,9,0,5,0,26,,1,0,36,1113,1149,74
2020-05-01,47069,47069,16,2,,,,,7,1,2,0,9,1,0,0,16,356,372,13
2020-05-02,47139,47139,11,3,,,,,6,3,1,0,5,,0,0,11,187,198,24
2020-05-02,47127,47127,3,0,,,,,2,0,0,0,1,,0,0,3,164,167,9
2020-05-02,47129,47129,6,0,,,,,0,0,0,0,6,,0,0,6,330,336,35
2020-05-02,47131,47131,15,1,,,,,6,0,1,0,8,1,1,0,15,431,446,37
2020-05-02,47137,47137,0,0,,,,,0,0,0,0,,,0,0,0,171,171,0
2020-05-02,47133,47133,9,1,,,,,2,1,1,0,7,,0,0,9,620,629,34
2020-05-02,,47PEN,86,53,,,,,85,53,0,0,1,,0,0,86,21195,21281,747
2020-05-02,47135,47135,12,0,,,,,7,-1,0,0,5,1,0,0,12,86,98,11
2020-05-02,47125,47125,148,2,,,,,71,0,16,0,75,2,2,0,148,3428,3576,223
2020-05-02,,47OOS,302,44,,,,,166,42,20,-2,135,2,1,0,302,30808,31110,1167
2020-05-02,47123,47123,22,1,,,,,10,0,2,0,11,1,1,0,22,440,462,21
2020-05-02,47117,47117,23,0,,,,,11,0,5,0,11,,1,0,23,596,619,33
2020-05-02,47109,47109,11,0,,,,,1,0,1,0,10,,0,0,11,387,398,31
2020-05-02,47107,47107,97,3,,,,,87,0,7,0,9,3,1,0,97,1473,1570,114
2020-05-02,47119,47119,44,0,,,,,10,0,6,0,34,,0,0,44,1586,1630,43
2020-05-02,47115,47115,29,0,,,,,5,-1,9,0,23,1,1,0,29,541,570,15
2020-05-02,47113,47113,138,2,,,,,63,0,9,1,74,2,1,0,138,2788,2926,137
2020-05-02,47111,47111,44,3,,,,,21,3,9,0,20,,3,0,44,740,784,38
2020-05-02,47105,47105,37,5,,,,,13,5,3,0,24,,0,0,37,647,684,53
2020-05-02,47103,47103,14,0,,,,,5,-1,2,0,9,1,0,0,14,598,612,53
2020-05-02,47101,47101,2,0,,,,,0,0,0,0,2,,0,0,2,125,127,9
2020-05-02,47121,47121,9,0,,,,,5,-1,2,0,4,1,0,0,9,170,179,9
2020-05-02,47141,47141,136,14,,,,,46,13,3,0,85,1,5,0,136,1932,2068,160
2020-05-02,47189,47189,268,9,,,,,115,5,22,0,148,4,5,0,268,2628,2896,89
2020-05-02,47145,47145,7,0,,,,,0,0,1,0,7,,0,0,7,1603,1610,86
2020-05-02,47187,47187,419,3,,,,,128,1,43,0,282,2,9,0,419,5012,5431,96
2020-05-02,47185,47185,7,0,,,,,3,0,1,0,4,,0,0,7,575,582,11
2020-05-02,47183,47183,23,0,,,,,12,0,1,0,11,,0,0,23,618,641,25
2020-05-02,47181,47181,4,0,,,,,2,0,1,0,2,,0,0,4,267,271,5
2020-05-02,47179,47179,57,2,,,,,7,1,6,0,50,1,0,0,57,1773,1830,111
2020-05-02,47177,47177,8,0,,,,,4,0,0,0,4,,0,0,8,743,751,19
2020-05-02,47175,47175,2,0,,,,,0,-1,0,0,2,1,0,0,2,196,198,2
2020-05-02,47173,47173,3,0,,,,,1,0,0,0,2,,0,0,3,278,281,15
2020-05-02,47171,47171,2,0,,,,,1,0,0,0,1,,0,0,2,155,157,3
2020-05-02,47169,47169,1344,324,,,,,1331,323,8,1,12,1,1,0,1344,1500,2844,981
2020-05-02,47167,47167,99,1,,,,,45,-2,12,0,54,3,0,0,99,1409,1508,32
2020-05-02,47165,47165,640,8,,,,,276,6,184,0,326,1,38,1,640,3558,4198,76
2020-05-02,47163,47163,49,0,,,,,3,-1,6,0,45,1,1,0,49,1480,1529,131
2020-05-02,47161,47161,7,0,,,,,5,0,1,0,2,,0,0,7,192,199,8
2020-05-02,47159,47159,22,0,,,,,9,-1,1,0,12,1,1,0,22,454,476,6
2020-05-02,47157,47157,2672,73,,,,,1243,33,189,8,1374,36,55,4,2672,21552,24224,1160
2020-05-02,47155,47155,49,0,,,,,12,-7,6,0,36,7,1,0,49,1770,1819,131
2020-05-02,47153,47153,5,0,,,,,0,0,1,0,5,,0,0,5,506,511,41
2020-05-02,47151,47151,11,0,,,,,0,0,0,0,11,,0,0,11,269,280,21
2020-05-02,47149,47149,547,45,,,,,328,44,59,3,208,1,11,0,547,4899,5446,249
2020-05-02,47147,47147,168,11,,,,,59,2,21,0,109,9,0,0,168,1619,1787,70
2020-05-02,47143,47143,5,0,,,,,1,0,0,0,4,,0,0,5,571,576,48
2020-05-02,47099,47099,17,0,,,,,1,0,2,0,16,,0,0,17,868,885,26
2020-05-02,47097,47097,21,0,,,,,10,-1,4,0,11,1,0,0,21,361,382,15
2020-05-02,47093,47093,236,3,,,,,30,2,27,0,201,1,5,0,236,7341,7577,335
2020-05-02,47041,47041,18,1,,,,,7,0,0,0,11,1,0,0,18,641,659,17
2020-05-02,47039,47039,4,0,,,,,0,0,0,0,4,,0,0,4,171,175,6
2020-05-02,47037,47037,2773,121,,,,,1344,68,258,-1,1401,53,28,0,2773,15944,18717,956
2020-05-02,47035,47035,74,0,,,,,24,-4,9,0,49,4,1,0,74,1735,1809,119
2020-05-02,47033,47033,7,0,,,,,6,0,1,0,1,,0,0,7,317,324,8
2020-05-02,47031,47031,38,2,,,,,22,2,3,0,16,,0,0,38,1130,1168,55
2020-05-02,47029,47029,16,0,,,,,2,0,1,0,14,,0,0,16,450,466,35
2020-05-02,47027,47027,5,0,,,,,0,0,0,0,5,,0,0,5,244,249,13
2020-05-02,47025,47025,5,0,,,,,0,0,0,0,5,,0,0,5,291,296,17
2020-05-02,47023,47023,10,0,,,,,4,-1,1,0,6,1,0,0,10,296,306,14
2020-05-02,47021,47021,48,0,,,,,22,-1,5,0,26,1,0,0,48,933,981,52
2020-05-02,47019,47019,14,1,,,,,3,1,2,0,10,,1,0,14,558,572,41
2020-05-02,47017,47017,18,0,,,,,4,0,1,0,13,,1,0,18,506,524,28
2020-05-02,47015,47015,12,0,,,,,4,0,2,0,8,,0,0,12,279,291,8
2020-05-02,47013,47013,16,0,,,,,2,0,1,0,13,,1,0,16,493,509,56
2020-05-02,47011,47011,52,0,,,,,10,-2,11,0,41,2,1,0,52,953,1005,70
2020-05-02,47009,47009,63,5,,,,,12,3,5,1,48,2,3,0,63,1283,1346,67
2020-05-02,47007,47007,596,1,,,,,587,1,3,0,9,,0,0,596,3023,3619,77
2020-05-02,47005,47005,6,1,,,,,1,1,2,0,4,,1,0,6,221,227,13
2020-05-02,47003,47003,193,9,,,,,149,5,6,0,42,4,2,0,193,1391,1584,59
2020-05-02,47001,47001,28,0,,,,,5,-1,3,0,22,1,1,0,28,2203,2231,162
2020-05-02,47043,47043,77,3,,,,,38,3,12,0,39,,0,0,77,1110,1187,67
2020-05-02,47045,47045,36,0,,,,,12,-3,4,0,24,3,0,0,36,693,729,70
2020-05-02,47095,47095,55,0,,,,,15,-3,0,0,40,3,0,0,55,1060,1115,12
2020-05-02,47049,47049,4,0,,,,,2,0,0,0,2,,0,0,4,240,244,20
2020-05-02,47091,47091,3,0,,,,,0,0,0,0,3,,0,0,3,81,84,2
2020-05-02,47089,47089,22,2,,,,,7,2,0,0,15,,0,0,22,859,881,43
2020-05-02,47087,47087,7,0,,,,,1,0,0,0,6,,0,0,7,367,374,22
2020-05-02,47085,47085,11,0,,,,,4,0,0,0,6,,1,0,11,317,328,34
2020-05-02,47083,47083,5,0,,,,,1,0,3,0,4,,0,0,5,182,187,6
2020-05-02,47081,47081,44,0,,,,,42,0,1,0,2,,0,0,44,536,580,19
2020-05-02,47079,47079,13,0,,,,,3,-1,3,0,10,1,0,0,13,675,688,44
2020-05-02,47077,47077,9,2,,,,,5,2,0,0,4,,0,0,9,598,607,29
2020-05-02,47075,47075,23,0,,,,,10,-1,6,0,12,1,1,0,23,367,390,18
2020-05-02,47073,47073,30,0,,,,,1,0,5,0,27,,2,0,30,853,883,41
2020-05-02,47047,47047,59,0,,,,,13,-3,11,0,45,3,1,0,59,1105,1164,76
2020-05-02,47069,47069,17,1,,,,,8,1,2,0,9,,0,0,17,377,394,22
2020-05-02,47067,47067,0,0,,,,,0,0,0,0,,,0,0,0,75,75,21
2020-05-02,47065,47065,168,8,,,,,67,8,41,0,88,,13,0,168,3177,3345,557
2020-05-02,47063,47063,18,0,,,,,4,-1,3,0,12,1,2,0,18,967,985,83
2020-05-02,47061,47061,28,0,,,,,5,0,10,1,22,,1,0,28,320,348,11
2020-05-02,47059,47059,43,-1,,,,,6,-1,7,0,35,,2,0,43,844,887,38
2020-05-02,47057,47057,6,0,,,,,2,0,1,0,4,,0,0,6,296,302,8
2020-05-02,47055,47055,8,0,,,,,4,0,0,0,4,,0,0,8,450,458,25
2020-05-02,47053,47053,48,3,,,,,19,0,4,0,28,3,1,0,48,1288,1336,84
2020-05-02,47051,47051,36,0,,,,,7,-2,5,0,28,2,1,0,36,1227,1263,114
2020-05-02,47071,47071,5,0,,,,,2,0,0,0,3,,0,0,5,849,854,10
2020-05-03,47129,47129,6,0,,,,,0,0,0,0,6,,0,0,6,343,349,13
2020-05-03,47131,47131,15,0,,,,,6,0,1,0,8,,1,0,15,455,470,24
2020-05-03,,47OOS,311,9,,,,,172,6,20,0,138,3,1,0,311,31699,32010,900
2020-05-03,47139,47139,11,0,,,,,5,-1,1,0,6,1,0,0,11,205,216,18
2020-05-03,,47PEN,118,32,,,,,117,32,0,0,1,,0,0,118,22019,22137,856
2020-05-03,47135,47135,12,0,,,,,5,-2,0,0,7,2,0,0,12,89,101,3
2020-05-03,47137,47137,0,0,,,,,0,0,0,0,,,0,0,0,177,177,6
2020-05-03,47127,47127,3,0,,,,,2,0,0,0,1,,0,0,3,177,180,13
2020-05-03,47133,47133,9,0,,,,,2,0,1,0,7,,0,0,9,647,656,27
2020-05-03,47125,47125,148,0,,,,,70,-1,16,0,76,1,2,0,148,3555,3703,127
2020-05-03,47115,47115,29,0,,,,,5,0,9,0,23,,1,0,29,549,578,8
2020-05-03,47109,47109,11,0,,,,,1,0,1,0,10,,0,0,11,430,441,43
2020-05-03,47107,47107,100,3,,,,,88,1,7,0,11,2,1,0,100,1553,1653,83
2020-05-03,47119,47119,44,0,,,,,10,0,6,0,34,,0,0,44,1646,1690,60
2020-05-03,47117,47117,23,0,,,,,11,0,5,0,11,,1,0,23,625,648,29
2020-05-03,47113,47113,140,2,,,,,65,2,9,0,74,,1,0,140,2913,3053,127
2020-05-03,47111,47111,50,6,,,,,27,6,9,0,20,,3,0,50,757,807,23
2020-05-03,47105,47105,37,0,,,,,13,0,3,0,24,,0,0,37,673,710,26
2020-05-03,47103,47103,14,0,,,,,5,0,2,0,9,,0,0,14,650,664,52
2020-05-03,47101,47101,2,0,,,,,0,0,0,0,2,,0,0,2,139,141,14
2020-05-03,47141,47141,136,0,,,,,45,-1,3,0,86,1,5,0,136,1963,2099,31
2020-05-03,47123,47123,21,-1,,,,,9,-1,2,0,11,,1,0,21,454,475,13
2020-05-03,47143,47143,5,0,,,,,1,0,0,0,4,,0,0,5,592,597,21
2020-05-03,47165,47165,653,13,,,,,289,13,184,0,326,,38,0,653,3691,4344,146
2020-05-03,47147,47147,179,11,,,,,67,8,21,0,112,3,0,0,179,1679,1858,71
2020-05-03,47189,47189,273,5,,,,,116,1,22,0,152,4,5,0,273,2779,3052,156
2020-05-03,47187,47187,427,8,,,,,137,9,44,1,281,-1,9,0,427,5300,5727,296
2020-05-03,47185,47185,14,7,,,,,10,7,1,0,4,,0,0,14,619,633,51
2020-05-03,47183,47183,23,0,,,,,11,-1,1,0,12,1,0,0,23,645,668,27
2020-05-03,47181,47181,4,0,,,,,2,0,1,0,2,,0,0,4,271,275,4
2020-05-03,47179,47179,57,0,,,,,7,0,6,0,50,,0,0,57,1843,1900,70
2020-05-03,47177,47177,8,0,,,,,4,0,0,0,4,,0,0,8,801,809,58
2020-05-03,47175,47175,2,0,,,,,0,0,0,0,2,,0,0,2,200,202,4
2020-05-03,47173,47173,3,0,,,,,1,0,0,0,2,,0,0,3,288,291,10
2020-05-03,47171,47171,2,0,,,,,1,0,0,0,1,,0,0,2,162,164,7
2020-05-03,47169,47169,1346,2,,,,,1332,1,8,0,13,1,1,0,1346,1510,2856,12
2020-05-03,47167,47167,146,47,,,,,91,46,12,0,55,1,0,0,146,1474,1620,112
2020-05-03,47099,47099,17,0,,,,,1,0,2,0,16,,0,0,17,912,929,44
2020-05-03,47163,47163,51,2,,,,,4,1,6,0,46,1,1,0,51,1632,1683,154
2020-05-03,47161,47161,7,0,,,,,5,0,1,0,2,,0,0,7,194,201,2
2020-05-03,47159,47159,22,0,,,,,9,0,1,0,12,,1,0,22,472,494,18
2020-05-03,47157,47157,2815,143,,,,,1361,118,191,2,1399,25,55,0,2815,22943,25758,1534
2020-05-03,47155,47155,51,2,,,,,14,2,6,0,36,,1,0,51,1872,1923,104
2020-05-03,47153,47153,5,0,,,,,0,0,1,0,5,,0,0,5,544,549,38
2020-05-03,47151,47151,11,0,,,,,0,0,0,0,11,,0,0,11,276,287,7
2020-05-03,47149,47149,579,32,,,,,359,31,61,2,209,1,11,0,579,5194,5773,327
2020-05-03,47145,47145,7,0,,,,,0,0,1,0,7,,0,0,7,1625,1632,22
2020-05-03,47097,47097,24,3,,,,,8,-2,5,1,16,5,0,0,24,388,412,30
2020-05-03,47121,47121,9,0,,,,,5,0,2,0,4,,0,0,9,182,191,12
2020-05-03,47093,47093,243,7,,,,,34,4,27,0,204,3,5,0,243,7654,7897,320
2020-05-03,47041,47041,21,3,,,,,10,3,0,0,11,,0,0,21,665,686,27
2020-05-03,47039,47039,4,0,,,,,0,0,0,0,4,,0,0,4,182,186,11
2020-05-03,47037,47037,2904,131,,,,,1464,120,259,1,1412,11,28,0,2904,16329,19233,516
2020-05-03,47035,47035,80,6,,,,,30,6,9,0,49,,1,0,80,1819,1899,90
2020-05-03,47033,47033,7,0,,,,,6,0,1,0,1,,0,0,7,328,335,11
2020-05-03,47031,47031,41,3,,,,,25,3,3,0,16,,0,0,41,1178,1219,51
2020-05-03,47029,47029,16,0,,,,,2,0,1,0,14,,0,0,16,489,505,39
2020-05-03,47027,47027,5,0,,,,,0,0,0,0,5,,0,0,5,250,255,6
2020-05-03,47025,47025,5,0,,,,,0,0,0,0,5,,0,0,5,302,307,11
2020-05-03,47023,47023,10,0,,,,,3,-1,1,0,7,1,0,0,10,311,321,15
2020-05-03,47021,47021,53,5,,,,,26,4,5,0,27,1,0,0,53,966,1019,38
2020-05-03,47019,47019,14,0,,,,,3,0,2,0,10,,1,0,14,584,598,26
2020-05-03,47017,47017,18,0,,,,,2,-2,1,0,15,2,1,0,18,527,545,21
2020-05-03,47015,47015,12,0,,,,,4,0,2,0,8,,0,0,12,283,295,4
2020-05-03,47013,47013,16,0,,,,,2,0,1,0,13,,1,0,16,519,535,26
2020-05-03,47011,47011,53,1,,,,,9,-1,11,0,43,2,1,0,53,1005,1058,53
2020-05-03,47009,47009,63,0,,,,,12,0,5,0,48,,3,0,63,1335,1398,52
2020-05-03,47007,47007,598,2,,,,,588,1,3,0,10,1,0,0,598,3051,3649,30
2020-05-03,47005,47005,6,0,,,,,1,0,2,0,4,,1,0,6,237,243,16
2020-05-03,47003,47003,200,7,,,,,152,3,7,1,45,3,3,1,200,1471,1671,87
2020-05-03,47095,47095,57,2,,,,,16,1,0,0,41,1,0,0,57,1066,1123,8
2020-05-03,47043,47043,80,3,,,,,36,-2,13,1,44,5,0,0,80,1176,1256,69
2020-05-03,47045,47045,36,0,,,,,10,-2,4,0,26,2,0,0,36,740,776,47
2020-05-03,47001,47001,28,0,,,,,5,0,3,0,22,,1,0,28,2273,2301,70
2020-05-03,47049,47049,4,0,,,,,2,0,0,0,2,,0,0,4,249,253,9
2020-05-03,47047,47047,63,4,,,,,15,2,11,0,47,2,1,0,63,1186,1249,85
2020-05-03,47089,47089,24,2,,,,,8,1,0,0,16,1,0,0,24,893,917,36
2020-05-03,47087,47087,7,0,,,,,1,0,0,0,6,,0,0,7,388,395,21
2020-05-03,47085,47085,11,0,,,,,4,0,0,0,6,,1,0,11,328,339,11
2020-05-03,47083,47083,5,0,,,,,1,0,3,0,4,,0,0,5,188,193,6
2020-05-03,47081,47081,45,1,,,,,43,1,1,0,2,,0,0,45,565,610,30
2020-05-03,47079,47079,13,0,,,,,3,0,3,0,10,,0,0,13,721,734,46
2020-05-03,47077,47077,9,0,,,,,4,-1,0,0,5,1,0,0,9,626,635,28
2020-05-03,47075,47075,25,2,,,,,10,0,6,0,14,2,1,0,25,390,415,25
2020-05-03,47073,47073,30,0,,,,,1,0,5,0,27,,2,0,30,898,928,45
2020-05-03,47091,47091,3,0,,,,,0,0,0,0,3,,0,0,3,90,93,9
2020-05-03,47069,47069,19,2,,,,,7,-1,2,0,12,3,0,0,19,527,546,152
2020-05-03,47067,47067,0,0,,,,,0,0,0,0,,,0,0,0,75,75,0
2020-05-03,47065,47065,172,4,,,,,70,3,42,1,89,1,13,0,172,3287,3459,114
2020-05-03,47063,47063,19,1,,,,,5,1,3,0,12,,2,0,19,1001,1020,35
2020-05-03,47061,47061,28,0,,,,,5,0,10,0,22,,1,0,28,327,355,7
2020-05-03,47059,47059,43,0,,,,,6,0,7,0,35,,2,0,43,885,928,41
2020-05-03,47057,47057,6,0,,,,,2,0,1,0,4,,0,0,6,301,307,5
2020-05-03,47055,47055,8,0,,,,,4,0,0,0,4,,0,0,8,481,489,31
2020-05-03,47053,47053,50,2,,,,,20,1,4,0,29,1,1,0,50,1346,1396,60
2020-05-03,47051,47051,36,0,,,,,5,-2,5,0,30,2,1,0,36,1271,1307,44
2020-05-03,47071,47071,7,2,,,,,4,2,0,0,3,,0,0,7,861,868,14
2020-05-04,47103,47103,16,2,16,,0,,7,2,2,0,9,,0,0,16,692,708,44
2020-05-04,47129,47129,6,0,6,,0,,0,0,0,0,6,,0,0,6,353,359,10
2020-05-04,47131,47131,16,1,16,,1,,7,1,1,0,9,1,1,0,16,470,486,16
2020-05-04,,47OOS,347,36,347,,0,,209,37,21,1,133,-5,5,4,347,32703,33050,1040
2020-05-04,47139,47139,12,1,12,,0,,6,1,1,0,6,,0,0,12,220,232,16
2020-05-04,,47PEN,133,15,133,,0,,132,15,0,0,1,,0,0,133,22657,22790,653
2020-05-04,47135,47135,12,0,12,,0,,5,0,0,0,7,,0,0,12,91,103,2
2020-05-04,47137,47137,0,0,0,,0,,0,0,0,0,,,0,0,0,177,177,0
2020-05-04,47133,47133,9,0,9,,0,,2,0,1,0,7,,0,0,9,660,669,13
2020-05-04,47127,47127,3,0,3,,0,,0,-2,0,0,3,2,0,0,3,181,184,4
2020-05-04,47119,47119,49,5,49,,0,,15,5,6,0,34,,0,0,49,1734,1783,93
2020-05-04,47123,47123,25,4,25,,4,,16,7,2,0,12,1,1,0,25,471,496,21
2020-05-04,47121,47121,10,1,10,,0,,6,1,2,0,4,,0,0,10,186,196,5
2020-05-04,47109,47109,11,0,11,,0,,1,0,1,0,10,,0,0,11,441,452,11
2020-05-04,47107,47107,103,3,103,,0,,91,3,7,0,11,,1,0,103,1639,1742,89
2020-05-04,47117,47117,24,1,24,,0,,10,-1,5,0,13,2,1,0,24,653,677,29
2020-05-04,47115,47115,29,0,29,,0,,4,-1,9,0,24,1,1,0,29,557,586,8
2020-05-04,47113,47113,142,2,142,,0,,59,-6,9,0,82,8,1,0,142,2988,3130,77
2020-05-04,47111,47111,53,3,53,,0,,29,2,9,0,21,1,3,0,53,796,849,42
2020-05-04,47105,47105,38,1,38,,1,,13,0,3,0,26,2,0,0,38,682,720,10
2020-05-04,47141,47141,139,3,139,,0,,45,0,3,0,89,3,5,0,139,2008,2147,48
2020-05-04,47125,47125,149,1,149,,0,,69,-1,16,0,78,2,2,0,149,3672,3821,118
2020-05-04,47143,47143,5,0,5,,0,,1,0,0,0,4,,0,0,5,618,623,26
2020-05-04,47165,47165,660,7,660,,3,,293,4,184,0,332,6,38,0,660,3795,4455,111
2020-05-04,47147,47147,184,5,184,,0,,72,5,21,0,112,,0,0,184,1742,1926,68
2020-05-04,47101,47101,2,0,2,,0,,0,0,0,0,2,,0,0,2,150,152,11
2020-05-04,47189,47189,276,3,276,,0,,116,0,22,0,155,3,5,0,276,2881,3157,105
2020-05-04,47187,47187,430,3,430,,1,,135,-2,44,0,287,6,9,0,430,5522,5952,225
2020-05-04,47185,47185,14,0,14,,1,,11,1,1,0,4,,0,0,14,637,651,18
2020-05-04,47183,47183,23,0,23,,1,,12,1,1,0,12,,0,0,23,661,684,16
2020-05-04,47181,47181,4,0,4,,0,,2,0,1,0,2,,0,0,4,279,283,8
2020-05-04,47179,47179,57,0,57,,0,,7,0,6,0,50,,0,0,57,1904,1961,61
2020-05-04,47177,47177,8,0,8,,0,,3,-1,0,0,5,1,0,0,8,872,880,71
2020-05-04,47175,47175,2,0,2,,0,,0,0,0,0,2,,0,0,2,214,216,14
2020-05-04,47173,47173,3,0,3,,0,,1,0,0,0,2,,0,0,3,290,293,2
2020-05-04,47171,47171,2,0,2,,0,,1,0,0,0,1,,0,0,2,162,164,0
2020-05-04,47169,47169,1347,1,1347,,1,,1332,0,8,0,15,2,1,0,1347,1517,2864,8
2020-05-04,47167,47167,146,0,146,,2,,91,0,13,1,56,1,1,1,146,1508,1654,34
2020-05-04,47163,47163,53,2,53,,4,,9,5,6,0,47,1,1,0,53,1842,1895,212
2020-05-04,47161,47161,7,0,7,,1,,6,1,1,0,2,,0,0,7,203,210,9
2020-05-04,47159,47159,23,1,23,,1,,9,0,1,0,14,2,1,0,23,495,518,24
2020-05-04,47157,47157,2877,62,2877,,1,,1321,-40,191,0,1499,100,58,3,2877,23630,26507,749
2020-05-04,47155,47155,55,4,55,,3,,18,4,6,0,39,3,1,0,55,1942,1997,74
2020-05-04,47153,47153,5,0,5,,0,,0,0,1,0,5,,0,0,5,571,576,27
2020-05-04,47151,47151,11,0,11,,1,,0,0,0,0,12,1,0,0,11,285,296,9
2020-05-04,47149,47149,602,23,602,,1,,374,15,61,0,218,9,11,0,602,5452,6054,281
2020-05-04,47145,47145,7,0,7,,1,,0,0,1,0,8,1,0,0,7,1659,1666,34
2020-05-04,47099,47099,17,0,17,,0,,0,-1,2,0,17,1,0,0,17,954,971,42
2020-05-04,47025,47025,5,0,5,,0,,0,0,0,0,5,,0,0,5,309,314,7
2020-05-04,47095,47095,57,0,57,,1,,17,1,0,0,41,,0,0,57,1069,1126,3
2020-05-04,47043,47043,82,2,82,,0,,37,1,13,0,45,1,0,0,82,1220,1302,46
2020-05-04,47041,47041,25,4,25,,0,,13,3,0,0,12,1,0,0,25,707,732,46
2020-05-04,47039,47039,4,0,4,,0,,0,0,0,0,4,,0,0,4,191,195,9
2020-05-04,47037,47037,2995,91,2995,,4,,1504,40,262,3,1466,54,29,1,2995,16906,19901,668
2020-05-04,47035,47035,84,4,84,,0,,32,2,9,0,51,2,1,0,84,1893,1977,78
2020-05-04,47033,47033,7,0,7,,2,,8,2,1,0,1,,0,0,7,332,339,4
2020-05-04,47031,47031,43,2,43,,1,,25,0,4,1,19,3,0,0,43,1239,1282,63
2020-05-04,47029,47029,16,0,16,,3,,3,1,1,0,16,2,0,0,16,503,519,14
2020-05-04,47027,47027,5,0,5,,0,,0,0,0,0,5,,0,0,5,254,259,4
2020-05-04,47023,47023,10,0,10,,0,,3,0,1,0,7,,0,0,10,321,331,10
2020-05-04,47021,47021,56,3,56,,0,,28,2,5,0,28,1,0,0,56,1023,1079,60
2020-05-04,47019,47019,14,0,14,,0,,3,0,2,0,10,,1,0,14,614,628,30
2020-05-04,47017,47017,19,1,19,,4,,7,5,1,0,15,,1,0,19,633,652,107
2020-05-04,47015,47015,12,0,12,,0,,4,0,2,0,8,,0,0,12,299,311,16
2020-05-04,47013,47013,16,0,16,,1,,2,0,1,0,14,1,1,0,16,541,557,22
2020-05-04,47011,47011,56,3,56,,0,,11,2,11,0,44,1,1,0,56,1053,1109,51
2020-05-04,47009,47009,65,2,65,,5,,13,1,6,1,54,6,3,0,65,1383,1448,50
2020-05-04,47007,47007,598,0,598,,0,,588,0,3,0,10,,0,0,598,3061,3659,10
2020-05-04,47005,47005,6,0,6,,0,,1,0,2,0,4,,1,0,6,253,259,16
2020-05-04,47003,47003,200,0,200,,0,,133,-19,7,0,64,19,3,0,200,1531,1731,60
2020-05-04,47097,47097,24,0,24,,1,,8,0,5,0,17,1,0,0,24,406,430,18
2020-05-04,47045,47045,36,0,36,,3,,12,2,4,0,27,1,0,0,36,783,819,43
2020-05-04,47047,47047,68,5,68,,0,,20,5,11,0,47,,1,0,68,1219,1287,38
2020-05-04,47001,47001,29,1,29,,1,,4,-1,3,0,25,3,1,0,29,2324,2353,52
2020-05-04,47051,47051,36,0,36,,0,,5,0,5,0,30,,1,0,36,1325,1361,54
2020-05-04,47049,47049,5,1,5,,0,,2,0,0,0,3,1,0,0,5,258,263,10
2020-05-04,47091,47091,5,2,5,,0,,2,2,0,0,3,,0,0,5,95,100,7
2020-05-04,47089,47089,26,2,26,,2,,11,3,0,0,17,1,0,0,26,925,951,34
2020-05-04,47087,47087,7,0,7,,0,,1,0,0,0,6,,0,0,7,393,400,5
2020-05-04,47085,47085,11,0,11,,0,,4,0,0,0,6,,1,0,11,353,364,25
2020-05-04,47083,47083,5,0,5,,0,,1,0,3,0,4,,0,0,5,192,197,4
2020-05-04,47081,47081,45,0,45,,0,,43,0,1,0,2,,0,0,45,595,640,30
2020-05-04,47079,47079,13,0,13,,0,,2,-1,3,0,11,1,0,0,13,741,754,20
2020-05-04,47077,47077,8,-1,8,,1,,4,0,0,0,5,,0,0,8,632,640,5
2020-05-04,47075,47075,26,1,26,,1,,11,1,6,0,15,1,1,0,26,400,426,11
2020-05-04,47073,47073,31,1,31,,0,,2,1,5,0,27,,2,0,31,939,970,42
2020-05-04,47093,47093,246,3,246,,3,,35,1,28,1,209,5,5,0,246,7822,8068,171
2020-05-04,47069,47069,20,1,20,,0,,7,0,2,0,13,1,0,0,20,546,566,20
2020-05-04,47067,47067,0,0,0,,0,,0,0,0,0,,,0,0,0,77,77,2
2020-05-04,47065,47065,179,7,179,,1,,76,6,42,0,91,2,13,0,179,3354,3533,74
2020-05-04,47063,47063,19,0,19,,3,,6,1,3,0,14,2,2,0,19,1072,1091,71
2020-05-04,47061,47061,28,0,28,,0,,4,-1,10,0,23,1,1,0,28,330,358,3
2020-05-04,47059,47059,43,0,43,,0,,6,0,7,0,35,,2,0,43,925,968,40
2020-05-04,47057,47057,6,0,6,,1,,3,1,1,0,4,,0,0,6,312,318,11
2020-05-04,47055,47055,8,0,8,,0,,4,0,0,0,4,,0,0,8,510,518,29
2020-05-04,47053,47053,50,0,50,,3,,22,2,4,0,30,1,1,0,50,1390,1440,44
2020-05-04,47071,47071,7,0,7,,0,,4,0,0,0,3,,0,0,7,872,879,11
2020-05-05,47101,47101,2,0,2,0,0,0,0,0,0,0,2,,0,0,2,153,155,3
2020-05-05,47127,47127,3,0,3,0,0,0,0,0,0,0,3,,0,0,3,184,187,3
2020-05-05,47129,47129,6,0,6,0,0,0,0,0,0,0,6,,0,0,6,365,371,12
2020-05-05,47131,47131,15,-1,15,-1,1,0,5,-2,1,0,10,1,1,0,15,477,492,6
2020-05-05,47137,47137,0,0,0,0,0,0,0,0,0,0,,,0,0,0,181,181,4
2020-05-05,47133,47133,10,1,10,1,0,0,3,1,1,0,7,,0,0,10,688,698,29
2020-05-05,,47PEN,89,-44,89,-44,0,0,87,-45,0,0,2,1,0,0,89,23288,23377,587
2020-05-05,47135,47135,12,0,12,0,0,0,5,0,0,0,7,,0,0,12,91,103,0
2020-05-05,,47OOS,356,9,356,9,0,0,217,8,21,0,134,1,5,0,356,34267,34623,1573
2020-05-05,47125,47125,151,2,151,2,0,0,71,2,16,0,78,,2,0,151,3778,3929,108
2020-05-05,47119,47119,49,0,49,0,0,0,15,0,6,0,34,,0,0,49,1753,1802,19
2020-05-05,47121,47121,10,0,10,0,0,0,6,0,2,0,4,,0,0,10,196,206,10
2020-05-05,47109,47109,11,0,11,0,0,0,0,-1,1,0,11,1,0,0,11,478,489,37
2020-05-05,47107,47107,106,3,106,3,0,0,92,1,7,0,12,1,2,1,106,1654,1760,18
2020-05-05,47117,47117,24,0,24,0,0,0,10,0,5,0,13,,1,0,24,657,681,4
2020-05-05,47115,47115,29,0,29,0,0,0,4,0,9,0,24,,1,0,29,562,591,5
2020-05-05,47113,47113,140,-2,140,-2,0,0,53,-6,10,1,86,4,1,0,140,3062,3202,72
2020-05-05,47111,47111,53,0,53,0,0,0,26,-3,9,0,24,3,3,0,53,822,875,26
2020-05-05,47105,47105,38,0,38,0,1,0,9,-4,3,0,30,4,0,0,38,729,767,47
2020-05-05,47103,47103,16,0,16,0,0,0,7,0,2,0,9,,0,0,16,723,739,31
2020-05-05,47139,47139,12,0,12,0,0,0,4,-2,1,0,8,2,0,0,12,233,245,13
2020-05-05,47123,47123,27,2,27,2,5,1,18,2,2,0,13,1,1,0,27,496,523,27
2020-05-05,47141,47141,160,21,160,21,0,0,66,21,3,0,89,,5,0,160,2225,2385,238
2020-05-05,47163,47163,54,1,54,1,5,1,10,1,6,0,48,1,1,0,54,1999,2053,158
2020-05-05,47145,47145,7,0,7,0,1,0,0,0,1,0,8,,0,0,7,1726,1733,67
2020-05-05,47099,47099,17,0,17,0,0,0,0,0,2,0,17,,0,0,17,958,975,4
2020-05-05,47187,47187,438,8,438,8,1,0,141,6,44,0,289,2,9,0,438,5645,6083,131
2020-05-05,47185,47185,14,0,14,0,1,0,11,0,1,0,4,,0,0,14,682,696,45
2020-05-05,47183,47183,24,1,24,1,1,0,3,-9,1,0,22,10,0,0,24,679,703,19
2020-05-05,47181,47181,4,0,4,0,0,0,2,0,1,0,2,,0,0,4,280,284,1
2020-05-05,47179,47179,58,1,58,1,0,0,8,1,6,0,50,,0,0,58,1946,2004,43
2020-05-05,47177,47177,8,0,8,0,0,0,3,0,0,0,5,,0,0,8,944,952,72
2020-05-05,47175,47175,2,0,2,0,0,0,0,0,0,0,2,,0,0,2,233,235,19
2020-05-05,47173,47173,3,0,3,0,0,0,1,0,0,0,2,,0,0,3,296,299,6
2020-05-05,47171,47171,2,0,2,0,0,0,1,0,0,0,1,,0,0,2,169,171,7
2020-05-05,47169,47169,1351,4,1351,4,1,0,1335,3,9,1,15,,2,1,1351,1543,2894,30
2020-05-05,47167,47167,148,2,148,2,1,-1,84,-7,13,0,64,8,1,0,148,1547,1695,41
2020-05-05,47165,47165,662,2,662,2,3,0,293,0,184,0,334,2,38,0,662,3901,4563,108
2020-05-05,47161,47161,7,0,7,0,0,-1,5,-1,1,0,2,,0,0,7,207,214,4
2020-05-05,47159,47159,22,-1,22,-1,1,0,4,-5,1,0,18,4,1,0,22,516,538,20
2020-05-05,47157,47157,2901,24,2901,24,0,-1,1243,-78,194,3,1598,99,60,2,2901,24167,27068,561
2020-05-05,47155,47155,58,3,58,3,2,-1,19,1,6,0,39,,2,1,58,2040,2098,101
2020-05-05,47153,47153,5,0,5,0,0,0,0,0,1,0,5,,0,0,5,574,579,3
2020-05-05,47151,47151,11,0,11,0,1,0,0,0,0,0,12,,0,0,11,293,304,8
2020-05-05,47149,47149,620,18,620,18,0,-1,389,15,61,0,219,1,12,1,620,5788,6408,354
2020-05-05,47147,47147,185,1,185,1,0,0,68,-4,21,0,117,5,0,0,185,1814,1999,73
2020-05-05,47143,47143,6,1,6,1,0,0,2,1,0,0,4,,0,0,6,629,635,12
2020-05-05,47097,47097,24,0,24,0,1,0,6,-2,5,0,19,2,0,0,24,418,442,12
2020-05-05,47189,47189,281,5,281,5,0,0,117,1,23,1,159,4,5,0,281,2975,3256,99
2020-05-05,47093,47093,248,2,248,2,3,0,37,2,28,0,209,,5,0,248,8092,8340,272
2020-05-05,47041,47041,25,0,25,0,0,0,12,-1,0,0,13,1,0,0,25,721,746,14
2020-05-05,47039,47039,4,0,4,0,0,0,0,0,0,0,4,,0,0,4,193,197,2
2020-05-05,47037,47037,3030,35,3030,35,3,-1,1490,-14,265,3,1513,47,30,1,3030,17543,20573,672
2020-05-05,47035,47035,84,0,84,0,0,0,31,-1,9,0,52,1,1,0,84,1989,2073,96
2020-05-05,47033,47033,7,0,7,0,2,0,6,-2,1,0,3,2,0,0,7,338,345,6
2020-05-05,47031,47031,44,1,44,1,1,0,24,-1,5,1,21,2,0,0,44,1248,1292,10
2020-05-05,47029,47029,16,0,16,0,3,0,3,0,1,0,16,,0,0,16,542,558,39
2020-05-05,47027,47027,5,0,5,0,0,0,0,0,0,0,5,,0,0,5,259,264,5
2020-05-05,47025,47025,6,1,6,1,0,0,1,1,0,0,5,,0,0,6,341,347,33
2020-05-05,47023,47023,10,0,10,0,0,0,2,-1,1,0,8,1,0,0,10,322,332,1
2020-05-05,47021,47021,57,1,57,1,0,0,28,0,6,1,29,1,0,0,57,1038,1095,16
2020-05-05,47019,47019,15,1,15,1,1,1,3,0,2,0,12,2,1,0,15,815,830,202
2020-05-05,47017,47017,18,-1,18,-1,4,0,5,-2,1,0,16,1,1,0,18,639,657,5
2020-05-05,47015,47015,12,0,12,0,0,0,4,0,2,0,8,,0,0,12,301,313,2
2020-05-05,47013,47013,16,0,16,0,1,0,2,0,1,0,14,,1,0,16,573,589,32
2020-05-05,47011,47011,59,3,59,3,0,0,11,0,11,0,47,3,1,0,59,1310,1369,260
2020-05-05,47009,47009,69,4,69,4,4,-1,16,3,5,-1,54,,3,0,69,1536,1605,157
2020-05-05,47007,47007,601,3,601,3,0,0,589,1,4,1,12,2,0,0,601,3060,3661,2
2020-05-05,47005,47005,6,0,6,0,0,0,0,-1,2,0,5,1,1,0,6,255,261,2
2020-05-05,47003,47003,201,1,201,1,0,0,127,-6,7,0,71,7,3,0,201,1543,1744,13
2020-05-05,47001,47001,28,-1,28,-1,1,0,3,-1,3,0,25,,1,0,28,2424,2452,99
2020-05-05,47043,47043,84,2,84,2,0,0,37,0,13,0,47,2,0,0,84,1243,1327,25
2020-05-05,47045,47045,37,1,37,1,3,0,7,-5,4,0,33,6,0,0,37,790,827,8
2020-05-05,47095,47095,57,0,57,0,1,0,17,0,0,0,41,,0,0,57,1071,1128,2
2020-05-05,47049,47049,5,0,5,0,0,0,2,0,0,0,3,,0,0,5,290,295,32
2020-05-05,47047,47047,69,1,69,1,0,0,13,-7,12,1,55,8,1,0,69,1255,1324,37
2020-05-05,47091,47091,5,0,5,0,0,0,2,0,0,0,3,,0,0,5,101,106,6
2020-05-05,47089,47089,25,-1,25,-1,2,0,10,-1,0,0,17,,0,0,25,970,995,44
2020-05-05,47087,47087,7,0,7,0,0,0,0,-1,0,0,7,1,0,0,7,416,423,23
2020-05-05,47085,47085,11,0,11,0,0,0,4,0,0,0,6,,1,0,11,359,370,6
2020-05-05,47083,47083,6,1,6,1,0,0,2,1,4,1,4,,0,0,6,193,199,2
2020-05-05,47079,47079,13,0,13,0,0,0,2,0,3,0,11,,0,0,13,766,779,25
2020-05-05,47077,47077,9,1,9,1,1,0,2,-2,0,0,8,3,0,0,9,647,656,16
2020-05-05,47075,47075,26,0,26,0,1,0,6,-5,6,0,20,5,1,0,26,411,437,11
2020-05-05,47073,47073,31,0,31,0,0,0,1,-1,5,0,28,1,2,0,31,948,979,9
2020-05-05,47081,47081,47,2,47,2,0,0,45,2,1,0,2,,0,0,47,598,645,5
2020-05-05,47069,47069,20,0,20,0,0,0,5,-2,2,0,15,2,0,0,20,567,587,21
2020-05-05,47067,47067,0,0,0,0,0,0,0,0,0,0,,,0,0,0,80,80,3
2020-05-05,47065,47065,183,4,183,4,1,0,77,1,42,0,94,3,13,0,183,3452,3635,102
2020-05-05,47063,47063,19,0,19,0,4,1,5,-1,3,0,16,2,2,0,19,1163,1182,91
2020-05-05,47051,47051,36,0,36,0,0,0,5,0,5,0,30,,1,0,36,1344,1380,19
2020-05-05,47061,47061,28,0,28,0,0,0,4,0,10,0,23,,1,0,28,331,359,1
2020-05-05,47059,47059,43,0,43,0,0,0,4,-2,7,0,37,2,2,0,43,930,973,5
2020-05-05,47057,47057,6,0,6,0,1,0,3,0,1,0,4,,0,0,6,324,330,12
2020-05-05,47055,47055,8,0,8,0,0,0,2,-2,0,0,6,2,0,0,8,513,521,3
2020-05-05,47053,47053,50,0,50,0,3,0,13,-9,4,0,39,9,1,0,50,1417,1467,27
2020-05-05,47071,47071,7,0,7,0,0,0,3,-1,0,0,4,1,0,0,7,880,887,8
2020-05-06,47129,47129,6,0,6,0,0,0,0,0,0,0,6,,0,0,6,383,389,18
2020-05-06,47131,47131,15,0,15,0,1,0,4,-1,1,0,10,,1,0,15,496,511,19
2020-05-06,,47OOS,344,-12,344,-12,0,0,210,-7,22,1,153,19,6,1,344,35717,36061,1438
2020-05-06,47139,47139,12,0,12,0,0,0,4,0,1,0,8,,0,0,12,236,248,3
2020-05-06,,47PEN,76,-13,76,-13,0,0,75,-12,0,0,1,-1,0,0,76,23976,24052,675
2020-05-06,47135,47135,13,1,13,1,0,0,6,1,0,0,7,,0,0,13,92,105,2
2020-05-06,47137,47137,0,0,0,0,0,0,0,0,0,0,,,0,0,0,182,182,1
2020-05-06,47127,47127,3,0,3,0,0,0,0,0,0,0,3,,0,0,3,184,187,0
2020-05-06,47133,47133,10,0,10,0,0,0,3,0,1,0,7,,0,0,10,696,706,8
2020-05-06,47125,47125,153,2,153,2,0,0,72,1,16,0,79,1,2,0,153,4008,4161,232
2020-05-06,47103,47103,16,0,16,0,0,0,7,0,2,0,9,,0,0,16,724,740,1
2020-05-06,47121,47121,11,1,11,1,0,0,7,1,2,0,4,,0,0,11,198,209,3
2020-05-06,47109,47109,11,0,11,0,0,0,0,0,1,0,11,,0,0,11,57,68,-421
2020-05-06,47107,47107,107,1,107,1,0,0,90,-2,7,0,13,1,3,1,107,1661,1768,8
2020-05-06,47119,47119,51,2,51,2,0,0,16,1,6,0,35,1,0,0,51,1788,1839,37
2020-05-06,47117,47117,23,-1,23,-1,0,0,8,-2,5,0,14,1,1,0,23,669,692,11
2020-05-06,47115,47115,29,0,29,0,0,0,5,1,9,0,23,-1,1,0,29,574,603,12
2020-05-06,47113,47113,144,4,144,4,0,0,56,3,13,3,87,1,1,0,144,3119,3263,61
2020-05-06,47111,47111,54,1,54,1,0,0,27,1,9,0,24,,3,0,54,827,881,6
2020-05-06,47105,47105,39,1,39,1,1,0,10,1,3,0,29,-1,0,0,39,780,819,52
2020-05-06,47141,47141,162,2,162,2,0,0,68,2,4,1,89,,5,0,162,2345,2507,122
2020-05-06,47123,47123,26,-1,26,-1,6,1,10,-8,2,0,15,2,1,0,26,515,541,18
2020-05-06,47143,47143,6,0,6,0,0,0,2,0,0,0,4,,0,0,6,635,641,6
2020-05-06,47165,47165,671,9,671,9,3,0,303,10,185,1,330,-4,38,0,671,4023,4694,131
2020-05-06,47147,47147,186,1,186,1,0,0,66,-2,22,1,120,3,0,0,186,1853,2039,40
2020-05-06,47101,47101,2,0,2,0,0,0,0,0,0,0,2,,0,0,2,155,157,2
2020-05-06,47189,47189,287,6,287,6,0,0,117,0,26,3,163,4,7,2,287,3061,3348,92
2020-05-06,47187,47187,436,-2,436,-2,1,0,131,-10,44,0,295,6,10,1,436,5776,6212,129
2020-05-06,47185,47185,15,1,15,1,1,0,11,0,1,0,4,,0,0,15,690,705,9
2020-05-06,47183,47183,24,0,24,0,1,0,2,-1,1,0,22,,0,0,24,685,709,6
2020-05-06,47181,47181,4,0,4,0,0,0,2,0,1,0,2,,0,0,4,284,288,4
2020-05-06,47179,47179,59,1,59,1,0,0,10,2,6,0,49,-1,0,0,59,1992,2051,47
2020-05-06,47177,47177,10,2,10,2,0,0,4,1,0,0,6,1,0,0,10,960,970,18
2020-05-06,47175,47175,2,0,2,0,0,0,0,0,0,0,2,,0,0,2,236,238,3
2020-05-06,47173,47173,3,0,3,0,0,0,1,0,0,0,2,,0,0,3,305,308,9
2020-05-06,47171,47171,2,0,2,0,0,0,1,0,0,0,1,,0,0,2,286,288,117
2020-05-06,47169,47169,1355,4,1355,4,1,0,1338,3,9,0,15,,2,0,1355,1551,2906,12
2020-05-06,47167,47167,155,7,155,7,1,0,89,5,14,1,64,,2,1,155,1605,1760,65
2020-05-06,47163,47163,52,-2,52,-2,5,0,5,-5,6,0,46,-2,1,0,52,2034,2086,33
2020-05-06,47161,47161,7,0,7,0,0,0,5,0,1,0,2,,0,0,7,210,217,3
2020-05-06,47159,47159,23,1,23,1,1,0,4,0,1,0,18,,1,0,23,526,549,11
2020-05-06,47157,47157,3010,109,3010,109,0,0,1287,44,238,44,1659,61,64,4,3010,25177,28187,1119
2020-05-06,47155,47155,60,2,60,2,2,0,20,1,6,0,38,-1,2,0,60,2095,2155,57
2020-05-06,47153,47153,7,2,7,2,0,0,2,2,1,0,5,,0,0,7,682,689,110
2020-05-06,47151,47151,11,0,11,0,1,0,0,0,0,0,11,-1,0,0,11,306,317,13
2020-05-06,47149,47149,655,35,655,35,0,0,409,20,64,3,232,13,14,2,655,6204,6859,451
2020-05-06,47145,47145,7,0,7,0,1,0,0,0,1,0,7,-1,0,0,7,1764,1771,38
2020-05-06,47099,47099,17,0,17,0,0,0,0,0,2,0,17,,0,0,17,960,977,2
2020-05-06,47025,47025,6,0,6,0,0,0,1,0,0,0,5,,0,0,6,370,376,29
2020-05-06,47095,47095,59,2,59,2,1,0,18,1,0,0,41,,0,0,59,1096,1155,27
2020-05-06,47043,47043,84,0,84,0,0,0,36,-1,13,0,48,1,0,0,84,1319,1403,76
2020-05-06,47041,47041,25,0,25,0,0,0,1,-11,0,0,,-13,0,0,25,727,752,6
2020-05-06,47039,47039,4,0,4,0,0,0,0,0,0,0,4,,0,0,4,202,206,9
2020-05-06,47037,47037,3128,98,3128,98,3,0,1496,6,274,9,1601,88,31,1,3128,18156,21284,711
2020-05-06,47035,47035,85,1,85,1,0,0,32,1,9,0,52,,1,0,85,2025,2110,37
2020-05-06,47033,47033,7,0,7,0,2,0,4,-2,1,0,3,,0,0,7,345,352,7
2020-05-06,47031,47031,45,1,45,1,1,0,24,0,5,0,21,,0,0,45,1257,1302,10
2020-05-06,47029,47029,16,0,16,0,3,0,1,-2,1,0,15,-1,0,0,16,557,573,15
2020-05-06,47027,47027,6,1,6,1,0,0,1,1,0,0,5,,0,0,6,259,265,1
2020-05-06,47097,47097,25,1,25,1,1,0,7,1,5,0,18,-1,0,0,25,608,633,191
2020-05-06,47023,47023,10,0,10,0,0,0,0,-2,1,0,10,2,0,0,10,333,343,11
2020-05-06,47021,47021,58,1,58,1,0,0,29,1,6,0,29,,0,0,58,1070,1128,33
2020-05-06,47019,47019,16,1,16,1,1,0,2,-1,2,0,13,1,1,0,16,829,845,15
2020-05-06,47017,47017,18,0,18,0,4,0,1,-4,1,0,16,,1,0,18,733,751,94
2020-05-06,47015,47015,12,0,12,0,0,0,4,0,2,0,8,,0,0,12,314,326,13
2020-05-06,47013,47013,16,0,16,0,1,0,2,0,1,0,13,-1,1,0,16,723,739,150
2020-05-06,47011,47011,61,2,61,2,0,0,13,2,11,0,47,,1,0,61,1330,1391,22
2020-05-06,47009,47009,69,0,69,0,4,0,14,-2,5,0,52,-2,3,0,69,1796,1865,260
2020-05-06,47007,47007,601,0,601,0,0,0,580,-9,4,0,21,9,0,0,601,3087,3688,27
2020-05-06,47005,47005,7,1,7,1,0,0,1,1,2,0,5,,1,0,7,348,355,94
2020-05-06,47003,47003,212,11,212,11,0,0,121,-6,7,0,88,17,3,0,212,1565,1777,33
2020-05-06,47045,47045,38,1,38,1,3,0,6,-1,4,0,32,-1,0,0,38,838,876,49
2020-05-06,47047,47047,73,4,73,4,0,0,15,2,12,0,57,2,1,0,73,1284,1357,33
2020-05-06,47001,47001,29,1,29,1,1,0,4,1,3,0,24,-1,1,0,29,2478,2507,55
2020-05-06,47051,47051,36,0,36,0,0,0,5,0,5,0,30,,1,0,36,1352,1388,8
2020-05-06,47093,47093,252,4,252,4,3,0,39,2,28,0,208,-1,5,0,252,8302,8554,214
2020-05-06,47091,47091,7,2,7,2,0,0,4,2,0,0,3,,0,0,7,107,114,8
2020-05-06,47089,47089,26,1,26,1,3,1,10,0,0,0,16,-1,0,0,26,987,1013,18
2020-05-06,47087,47087,7,0,7,0,0,0,0,0,0,0,7,,0,0,7,425,432,9
2020-05-06,47085,47085,11,0,11,0,0,0,4,0,0,0,6,,1,0,11,369,380,10
2020-05-06,47083,47083,6,0,6,0,0,0,2,0,4,0,4,,0,0,6,196,202,3
2020-05-06,47049,47049,5,0,5,0,0,0,2,0,0,0,3,,0,0,5,421,426,131
2020-05-06,47079,47079,13,0,13,0,0,0,0,-2,3,0,13,2,0,0,13,774,787,8
2020-05-06,47077,47077,10,1,10,1,1,0,2,0,0,0,8,,0,0,10,665,675,19
2020-05-06,47075,47075,26,0,26,0,1,0,6,0,6,0,19,-1,1,0,26,420,446,9
2020-05-06,47081,47081,47,0,47,0,0,0,43,-2,1,0,4,2,0,0,47,608,655,10
2020-05-06,47071,47071,7,0,7,0,0,0,3,0,0,0,4,,0,0,7,887,894,7
2020-05-06,47073,47073,31,0,31,0,0,0,1,0,5,0,28,,2,0,31,957,988,9
2020-05-06,47055,47055,9,1,9,1,0,0,2,0,0,0,7,1,0,0,9,624,633,112
2020-05-06,47057,47057,6,0,6,0,1,0,2,-1,1,0,4,,0,0,6,336,342,12
2020-05-06,47059,47059,43,0,43,0,0,0,2,-2,7,0,39,2,2,0,43,959,1002,29
2020-05-06,47053,47053,50,0,50,0,3,0,11,-2,4,0,38,-1,1,0,50,1432,1482,15
2020-05-06,47063,47063,19,0,19,0,4,0,1,-4,3,0,16,,2,0,19,1187,1206,24
2020-05-06,47065,47065,196,13,196,13,1,0,86,9,42,0,97,3,13,0,196,3785,3981,346
2020-05-06,47067,47067,0,0,0,0,0,0,0,0,0,0,,,0,0,0,81,81,1
2020-05-06,47069,47069,22,2,22,2,0,0,6,1,2,0,16,1,0,0,22,599,621,34
2020-05-06,47061,47061,28,0,28,0,0,0,4,0,10,0,23,,1,0,28,332,360,1
2020-05-07,47137,47137,0,0,0,0,0,0,0,0,0,0,,,0,0,0,184,184,2
2020-05-07,47135,47135,13,0,13,0,0,0,6,0,0,0,7,,0,0,13,96,109,4
2020-05-07,,47PEN,56,-20,56,-20,0,0,55,-20,0,0,1,,0,0,56,24859,24915,863
2020-05-07,47133,47133,11,1,11,1,0,0,3,0,1,0,8,1,0,0,11,718,729,23
2020-05-07,,47OOS,354,10,354,10,0,0,207,-3,21,-1,142,-11,5,-1,354,36921,37275,1214
2020-05-07,47131,47131,15,0,15,0,1,0,4,0,1,0,10,,1,0,15,523,538,27
2020-05-07,47129,47129,6,0,6,0,0,0,0,0,0,0,6,,0,0,6,400,406,17
2020-05-07,47127,47127,3,0,3,0,0,0,0,0,0,0,3,,0,0,3,193,196,9
2020-05-07,47125,47125,155,2,155,2,0,0,73,1,17,1,80,1,2,0,155,4123,4278,117
2020-05-07,47103,47103,16,0,16,0,0,0,6,-1,2,0,10,1,0,0,16,761,777,37
2020-05-07,47121,47121,17,6,17,6,0,0,11,4,3,1,6,2,0,0,17,213,230,21
2020-05-07,47109,47109,11,0,11,0,0,0,0,0,1,0,11,,0,0,11,498,509,441
2020-05-07,47107,47107,108,1,108,1,0,0,91,1,7,0,14,1,3,0,108,1755,1863,95
2020-05-07,47119,47119,52,1,52,1,0,0,17,1,6,0,35,,0,0,52,1844,1896,57
2020-05-07,47117,47117,24,1,24,1,0,0,7,-1,5,0,16,2,1,0,24,699,723,31
2020-05-07,47115,47115,29,0,29,0,0,0,5,0,9,0,23,,1,0,29,594,623,20
2020-05-07,47113,47113,145,1,145,1,0,0,54,-2,15,2,90,3,1,0,145,3258,3403,140
2020-05-07,47111,47111,55,1,55,1,0,0,27,0,9,0,25,1,3,0,55,842,897,16
2020-05-07,47105,47105,38,-1,38,-1,1,0,9,-1,3,0,29,,0,0,38,808,846,27
2020-05-07,47139,47139,12,0,12,0,0,0,4,0,1,0,8,,0,0,12,278,290,42
2020-05-07,47123,47123,26,0,26,0,6,0,10,0,3,1,15,,1,0,26,536,562,21
2020-05-07,47141,47141,162,0,162,0,0,0,68,0,5,1,89,,5,0,162,2381,2543,36
2020-05-07,47165,47165,672,1,672,1,3,0,297,-6,187,2,337,7,38,0,672,4340,5012,318
2020-05-07,47145,47145,8,1,8,1,1,0,1,1,1,0,7,,0,0,8,1806,1814,43
2020-05-07,47101,47101,2,0,2,0,0,0,0,0,0,0,2,,0,0,2,167,169,12
2020-05-07,47187,47187,434,-2,434,-2,1,0,128,-3,45,1,296,1,10,0,434,5908,6342,130
2020-05-07,47185,47185,16,1,16,1,1,0,12,1,1,0,4,,0,0,16,733,749,44
2020-05-07,47183,47183,24,0,24,0,1,0,2,0,1,0,22,,0,0,24,704,728,19
2020-05-07,47181,47181,4,0,4,0,0,0,1,-1,1,0,3,1,0,0,4,287,291,3
2020-05-07,47179,47179,59,0,59,0,0,0,5,-5,6,0,54,5,0,0,59,2106,2165,114
2020-05-07,47177,47177,10,0,10,0,0,0,4,0,0,0,6,,0,0,10,1134,1144,174
2020-05-07,47175,47175,2,0,2,0,0,0,0,0,0,0,2,,0,0,2,243,245,7
2020-05-07,47173,47173,3,0,3,0,0,0,1,0,0,0,2,,0,0,3,315,318,10
2020-05-07,47171,47171,2,0,2,0,0,0,1,0,0,0,1,,0,0,2,318,320,32
2020-05-07,47169,47169,1356,1,1356,1,1,0,1338,0,10,1,16,1,2,0,1356,1576,2932,26
2020-05-07,47167,47167,158,3,158,3,1,0,92,3,14,0,64,,2,0,158,1676,1834,74
2020-05-07,47163,47163,52,0,52,0,5,0,4,-1,6,0,47,1,1,0,52,2071,2123,37
2020-05-07,47161,47161,7,0,7,0,0,0,5,0,1,0,2,,0,0,7,218,225,8
2020-05-07,47159,47159,23,0,23,0,1,0,4,0,1,0,18,,1,0,23,535,558,9
2020-05-07,47157,47157,3066,56,3066,56,0,0,1279,-8,265,27,1723,64,64,0,3066,26371,29437,1250
2020-05-07,47155,47155,63,3,63,3,2,0,21,1,6,0,40,2,2,0,63,2168,2231,76
2020-05-07,47153,47153,7,0,7,0,0,0,2,0,1,0,5,,0,0,7,700,707,18
2020-05-07,47151,47151,11,0,11,0,1,0,0,0,0,0,11,,0,0,11,320,331,14
2020-05-07,47149,47149,661,6,661,6,0,0,402,-7,64,0,245,13,14,0,661,6487,7148,289
2020-05-07,47147,47147,195,9,195,9,0,0,70,4,22,0,125,5,0,0,195,1893,2088,49
2020-05-07,47143,47143,6,0,6,0,0,0,2,0,0,0,4,,0,0,6,668,674,33
2020-05-07,47099,47099,19,2,19,2,0,0,2,2,2,0,17,,0,0,19,979,998,21
2020-05-07,47189,47189,288,1,288,1,1,1,118,1,25,-1,164,1,6,-1,288,3182,3470,122
2020-05-07,47097,47097,25,0,25,0,1,0,7,0,5,0,18,,0,0,25,628,653,20
2020-05-07,47041,47041,25,0,25,0,0,0,10,9,0,0,15,15,0,0,25,735,760,8
2020-05-07,47039,47039,4,0,4,0,0,0,0,0,0,0,4,,0,0,4,205,209,3
2020-05-07,47037,47037,3157,29,3157,29,3,0,1453,-43,277,3,1673,72,31,0,3157,19632,22789,1505
2020-05-07,47035,47035,84,-1,84,-1,1,1,31,-1,9,0,52,,1,0,84,2091,2175,65
2020-05-07,47033,47033,7,0,7,0,2,0,4,0,1,0,3,,0,0,7,349,356,4
2020-05-07,47031,47031,47,2,47,2,1,0,26,2,5,0,21,,0,0,47,1320,1367,65
2020-05-07,47029,47029,17,1,17,1,3,0,2,1,1,0,15,,0,0,17,578,595,22
2020-05-07,47027,47027,6,0,6,0,0,0,1,0,0,0,5,,0,0,6,262,268,3
2020-05-07,47025,47025,7,1,7,1,0,0,2,1,0,0,5,,0,0,7,398,405,29
2020-05-07,47023,47023,10,0,10,0,0,0,0,0,1,0,10,,0,0,10,344,354,11
2020-05-07,47021,47021,58,0,58,0,0,0,29,0,6,0,29,,0,0,58,1097,1155,27
2020-05-07,47019,47019,18,2,18,2,1,0,4,2,2,0,13,,1,0,18,864,882,37
2020-05-07,47017,47017,19,1,19,1,5,1,2,1,1,0,16,,1,0,19,751,770,19
2020-05-07,47015,47015,13,1,13,1,0,0,5,1,2,0,8,,0,0,13,332,345,19
2020-05-07,47013,47013,16,0,16,0,1,0,1,-1,2,1,14,1,1,0,16,876,892,153
2020-05-07,47011,47011,64,3,64,3,0,0,15,2,12,1,48,1,1,0,64,1390,1454,63
2020-05-07,47009,47009,69,0,69,0,4,0,13,-1,5,0,53,1,3,0,69,1856,1925,60
2020-05-07,47007,47007,602,1,602,1,0,0,577,-3,4,0,25,4,0,0,602,3092,3694,6
2020-05-07,47005,47005,7,0,7,0,0,0,1,0,2,0,5,,1,0,7,359,366,11
2020-05-07,47003,47003,217,5,217,5,0,0,114,-7,7,0,100,12,3,0,217,1629,1846,69
2020-05-07,47001,47001,31,2,31,2,1,0,5,1,3,0,25,1,1,0,31,2560,2591,84
2020-05-07,47043,47043,85,1,85,1,0,0,37,1,13,0,48,,0,0,85,1354,1439,36
2020-05-07,47045,47045,39,1,39,1,3,0,7,1,4,0,32,,0,0,39,864,903,27
2020-05-07,47095,47095,59,0,59,0,1,0,18,0,0,0,41,,0,0,59,1109,1168,13
2020-05-07,47049,47049,5,0,5,0,0,0,2,0,0,0,3,,0,0,5,424,429,3
2020-05-07,47093,47093,253,1,253,1,3,0,36,-3,28,0,212,4,5,0,253,8597,8850,296
2020-05-07,47091,47091,5,-2,5,-2,0,0,2,-2,0,0,3,,0,0,5,125,130,16
2020-05-07,47089,47089,26,0,26,0,3,0,10,0,0,0,16,,0,0,26,1032,1058,45
2020-05-07,47087,47087,8,1,8,1,0,0,1,1,1,1,7,,0,0,8,430,438,6
2020-05-07,47085,47085,11,0,11,0,0,0,4,0,0,0,6,,1,0,11,380,391,11
2020-05-07,47083,47083,6,0,6,0,0,0,2,0,4,0,4,,0,0,6,199,205,3
2020-05-07,47047,47047,73,0,73,0,0,0,14,-1,12,0,58,1,1,0,73,1349,1422,65
2020-05-07,47079,47079,14,1,14,1,0,0,1,1,3,0,13,,0,0,14,807,821,34
2020-05-07,47077,47077,10,0,10,0,0,-1,2,0,1,1,8,,0,0,10,691,701,26
2020-05-07,47075,47075,26,0,26,0,1,0,6,0,6,0,19,,1,0,26,450,476,30
2020-05-07,47073,47073,31,0,31,0,0,0,1,0,5,0,28,,2,0,31,1013,1044,56
2020-05-07,47081,47081,48,1,48,1,0,0,43,0,1,0,5,1,0,0,48,630,678,23
2020-05-07,47069,47069,23,1,23,1,0,0,7,1,2,0,16,,0,0,23,631,654,33
2020-05-07,47067,47067,0,0,0,0,0,0,0,0,0,0,,,0,0,0,87,87,6
2020-05-07,47065,47065,211,15,211,15,1,0,99,13,42,0,99,2,13,0,211,3919,4130,149
2020-05-07,47063,47063,20,1,20,1,4,0,2,1,3,0,16,,2,0,20,1244,1264,58
2020-05-07,47061,47061,30,2,30,2,0,0,6,2,10,0,23,,1,0,30,339,369,9
2020-05-07,47059,47059,43,0,43,0,0,0,1,-1,7,0,40,1,2,0,43,1023,1066,64
2020-05-07,47057,47057,6,0,6,0,1,0,2,0,2,1,4,,0,0,6,346,352,10
2020-05-07,47055,47055,9,0,9,0,0,0,2,0,0,0,7,,0,0,9,656,665,32
2020-05-07,47053,47053,52,2,52,2,3,0,13,2,4,0,38,,1,0,52,1479,1531,49
2020-05-07,47051,47051,37,1,37,1,0,0,5,0,5,0,31,1,1,0,37,1398,1435,47
2020-05-07,47071,47071,7,0,7,0,0,0,3,0,0,0,4,,0,0,7,919,926,32
2020-05-08,47125,47125,161,6,161,6,0,0,79,6,17,0,80,,2,0,161,4288,4449,171
2020-05-08,47127,47127,3,0,3,0,0,0,0,0,0,0,3,,0,0,3,202,205,9
2020-05-08,47129,47129,6,0,6,0,0,0,0,0,0,0,6,,0,0,6,637,643,237
2020-05-08,47131,47131,16,1,16,1,1,0,4,0,1,0,11,1,1,0,16,538,554,16
2020-05-08,47137,47137,0,0,0,0,0,0,0,0,0,0,,,0,0,0,188,188,4
2020-05-08,47133,47133,11,0,11,0,0,0,3,0,1,0,8,,0,0,11,728,739,10
2020-05-08,,47PEN,30,-26,30,-26,0,0,28,-27,0,0,2,1,0,0,30,25626,25656,741
2020-05-08,47135,47135,13,0,13,0,0,0,6,0,0,0,7,,0,0,13,99,112,3
2020-05-08,,47OOS,371,17,371,17,0,0,217,10,22,1,149,7,5,0,371,37722,38093,818
2020-05-08,47123,47123,29,3,29,3,6,0,12,2,4,1,16,1,1,0,29,544,573,11
2020-05-08,47101,47101,2,0,2,0,0,0,0,0,0,0,2,,0,0,2,177,179,10
2020-05-08,47109,47109,11,0,11,0,0,0,0,0,1,0,11,,0,0,11,507,518,9
2020-05-08,47107,47107,113,5,113,5,0,0,92,1,8,1,17,3,4,1,113,1826,1939,76
2020-05-08,47119,47119,52,0,52,0,0,0,17,0,6,0,35,,0,0,52,1895,1947,51
2020-05-08,47117,47117,24,0,24,0,0,0,7,0,5,0,16,,1,0,24,707,731,8
2020-05-08,47115,47115,29,0,29,0,0,0,5,0,9,0,23,,1,0,29,605,634,11
2020-05-08,47113,47113,148,3,148,3,0,0,53,-1,15,0,94,4,1,0,148,3310,3458,55
2020-05-08,47111,47111,57,2,57,2,0,0,29,2,10,1,25,,3,0,57,881,938,41
2020-05-08,47105,47105,39,1,39,1,1,0,8,-1,3,0,31,2,0,0,39,816,855,9
2020-05-08,47103,47103,16,0,16,0,0,0,6,0,2,0,10,,0,0,16,793,809,32
2020-05-08,47139,47139,12,0,12,0,0,0,4,0,1,0,8,,0,0,12,320,332,42
2020-05-08,47121,47121,18,1,18,1,0,0,12,1,3,0,6,,0,0,18,220,238,8
2020-05-08,47141,47141,166,4,166,4,0,0,72,4,5,0,89,,5,0,166,2500,2666,123
2020-05-08,47165,47165,683,11,683,11,3,0,306,9,188,1,339,2,38,0,683,4427,5110,98
2020-05-08,47145,47145,8,0,8,0,1,0,1,0,1,0,7,,0,0,8,1834,1842,28
2020-05-08,47099,47099,19,0,19,0,0,0,2,0,2,0,17,,0,0,19,1009,1028,30
2020-05-08,47187,47187,441,7,441,7,1,0,133,5,45,0,298,2,10,0,441,6112,6553,211
2020-05-08,47185,47185,16,0,16,0,1,0,12,0,1,0,4,,0,0,16,749,765,16
2020-05-08,47183,47183,24,0,24,0,1,0,2,0,1,0,22,,0,0,24,713,737,9
2020-05-08,47181,47181,4,0,4,0,0,0,1,0,1,0,3,,0,0,4,294,298,7
2020-05-08,47179,47179,60,1,60,1,0,0,6,1,6,0,54,,0,0,60,2145,2205,40
2020-05-08,47177,47177,10,0,10,0,0,0,4,0,0,0,6,,0,0,10,1148,1158,14
2020-05-08,47175,47175,2,0,2,0,0,0,0,0,0,0,2,,0,0,2,249,251,6
2020-05-08,47173,47173,3,0,3,0,0,0,1,0,0,0,2,,0,0,3,324,327,9
2020-05-08,47171,47171,2,0,2,0,0,0,1,0,0,0,1,,0,0,2,327,329,9
2020-05-08,47169,47169,1355,-1,1355,-1,1,0,1336,-2,12,2,17,1,2,0,1355,1581,2936,4
2020-05-08,47167,47167,158,0,158,0,1,0,92,0,14,0,64,,2,0,158,1724,1882,48
2020-05-08,47163,47163,54,2,54,2,5,0,5,1,6,0,48,1,1,0,54,2082,2136,13
2020-05-08,47161,47161,7,0,7,0,0,0,5,0,1,0,2,,0,0,7,228,235,10
2020-05-08,47159,47159,24,1,24,1,1,0,5,1,1,0,18,,1,0,24,557,581,23
2020-05-08,47157,47157,3108,42,3108,42,0,0,1271,-8,281,16,1770,47,67,3,3108,27049,30157,720
2020-05-08,47155,47155,65,2,65,2,2,0,22,1,6,0,41,1,2,0,65,2200,2265,34
2020-05-08,47153,47153,6,-1,6,-1,0,0,0,-2,1,0,6,1,0,0,6,719,725,18
2020-05-08,47151,47151,11,0,11,0,1,0,0,0,0,0,11,,0,0,11,326,337,6
2020-05-08,47149,47149,685,24,685,24,0,0,420,18,64,0,251,6,14,0,685,6692,7377,229
2020-05-08,47147,47147,207,12,207,12,0,0,79,9,24,2,128,3,0,0,207,2008,2215,127
2020-05-08,47143,47143,6,0,6,0,0,0,2,0,0,0,4,,0,0,6,699,705,31
2020-05-08,47189,47189,290,2,290,2,1,0,118,0,26,1,166,2,6,0,290,3232,3522,52
2020-05-08,47095,47095,59,0,59,0,1,0,17,-1,0,0,42,1,0,0,59,1113,1172,4
2020-05-08,47093,47093,255,2,255,2,3,0,37,1,28,0,213,1,5,0,255,8676,8931,81
2020-05-08,47041,47041,26,1,26,1,0,0,11,1,0,0,15,,0,0,26,766,792,32
2020-05-08,47039,47039,4,0,4,0,0,0,0,0,0,0,4,,0,0,4,205,209,0
2020-05-08,47037,47037,3300,143,3300,143,3,0,1511,58,280,3,1758,85,31,0,3300,21181,24481,1692
2020-05-08,47035,47035,84,0,84,0,1,0,31,0,9,0,52,,1,0,84,2117,2201,26
2020-05-08,47033,47033,7,0,7,0,2,0,2,-2,1,0,5,2,0,0,7,355,362,6
2020-05-08,47031,47031,48,1,48,1,1,0,25,-1,5,0,23,2,0,0,48,1360,1408,41
2020-05-08,47029,47029,17,0,17,0,3,0,1,-1,1,0,16,1,0,0,17,594,611,16
2020-05-08,47027,47027,6,0,6,0,0,0,1,0,0,0,5,,0,0,6,274,280,12
2020-05-08,47025,47025,7,0,7,0,0,0,2,0,0,0,5,,0,0,7,418,425,20
2020-05-08,47021,47021,59,1,59,1,0,0,29,0,6,0,30,1,0,0,59,1154,1213,58
2020-05-08,47019,47019,18,0,18,0,1,0,4,0,2,0,13,,1,0,18,891,909,27
2020-05-08,47017,47017,19,0,19,0,5,0,2,0,1,0,16,,1,0,19,756,775,5
2020-05-08,47015,47015,13,0,13,0,0,0,5,0,2,0,8,,0,0,13,337,350,5
2020-05-08,47013,47013,16,0,16,0,1,0,1,0,2,0,14,,1,0,16,897,913,21
2020-05-08,47011,47011,68,4,68,4,0,0,18,3,14,2,49,1,1,0,68,1449,1517,63
2020-05-08,47009,47009,69,0,69,0,4,0,11,-2,5,0,55,2,3,0,69,1874,1943,18
2020-05-08,47007,47007,604,2,604,2,0,0,545,-32,4,0,59,34,0,0,604,3101,3705,11
2020-05-08,47005,47005,7,0,7,0,0,0,1,0,2,0,5,,1,0,7,372,379,13
2020-05-08,47003,47003,222,5,222,5,0,0,112,-2,8,1,107,7,3,0,222,1676,1898,52
2020-05-08,47001,47001,31,0,31,0,1,0,5,0,3,0,25,,1,0,31,2594,2625,34
2020-05-08,47097,47097,25,0,25,0,1,0,7,0,5,0,18,,0,0,25,651,676,23
2020-05-08,47043,47043,85,0,85,0,0,0,37,0,13,0,48,,0,0,85,1398,1483,44
2020-05-08,47045,47045,41,2,41,2,3,0,8,1,4,0,33,1,0,0,41,879,920,17
2020-05-08,47023,47023,12,2,12,2,0,0,2,2,1,0,10,,0,0,12,348,360,6
2020-05-08,47049,47049,5,0,5,0,0,0,2,0,1,1,3,,0,0,5,428,433,4
2020-05-08,47047,47047,75,2,75,2,0,0,16,2,12,0,58,,1,0,75,1371,1446,24
2020-05-08,47089,47089,26,0,26,0,3,0,9,-1,0,0,17,1,0,0,26,1047,1073,15
2020-05-08,47087,47087,8,0,8,0,0,0,1,0,1,0,7,,0,0,8,447,455,17
2020-05-08,47085,47085,11,0,11,0,0,0,4,0,0,0,6,,1,0,11,390,401,10
2020-05-08,47083,47083,6,0,6,0,0,0,2,0,4,0,4,,0,0,6,202,208,3
2020-05-08,47081,47081,48,0,48,0,0,0,43,0,1,0,5,,0,0,48,647,695,17
2020-05-08,47079,47079,14,0,14,0,0,0,1,0,3,0,13,,0,0,14,824,838,17
2020-05-08,47077,47077,10,0,10,0,0,0,2,0,1,0,8,,0,0,10,694,704,3
2020-05-08,47075,47075,26,0,26,0,1,0,6,0,6,0,19,,1,0,26,461,487,11
2020-05-08,47073,47073,31,0,31,0,0,0,1,0,5,0,28,,2,0,31,1029,1060,16
2020-05-08,47071,47071,7,0,7,0,0,0,3,0,0,0,4,,0,0,7,925,932,6
2020-05-08,47091,47091,5,0,5,0,0,0,2,0,0,0,3,,0,0,5,130,135,5
2020-05-08,47067,47067,0,0,0,0,0,0,0,0,0,0,,,0,0,0,89,89,2
2020-05-08,47065,47065,229,18,229,18,2,1,113,14,42,0,103,4,13,0,229,3993,4222,92
2020-05-08,47063,47063,21,1,21,1,4,0,3,1,3,0,16,,2,0,21,1289,1310,46
2020-05-08,47061,47061,30,0,30,0,0,0,6,0,10,0,23,,1,0,30,351,381,12
2020-05-08,47059,47059,43,0,43,0,0,0,1,0,7,0,40,,2,0,43,1049,1092,26
2020-05-08,47057,47057,6,0,6,0,1,0,2,0,2,0,4,,0,0,6,352,358,6
2020-05-08,47055,47055,9,0,9,0,0,0,2,0,0,0,7,,0,0,9,666,675,10
2020-05-08,47053,47053,52,0,52,0,3,0,13,0,4,0,38,,1,0,52,1502,1554,23
2020-05-08,47051,47051,38,1,38,1,0,0,6,1,5,0,31,,1,0,38,1427,1465,30
2020-05-08,47069,47069,64,41,64,41,0,0,48,41,2,0,16,,0,0,64,831,895,241
2020-05-09,47139,47139,12,0,12,0,0,0,4,0,1,0,8,,0,0,12,337,349,17
2020-05-09,47127,47127,3,0,3,0,0,0,0,0,0,0,3,,0,0,3,208,211,6
2020-05-09,47129,47129,10,4,10,4,0,0,4,4,0,0,6,,0,0,10,1806,1816,1173
2020-05-09,47131,47131,16,0,16,0,1,0,4,0,1,0,11,,1,0,16,554,570,16
2020-05-09,47137,47137,0,0,0,0,0,0,0,0,0,0,,,0,0,0,193,193,5
2020-05-09,47133,47133,11,0,11,0,0,0,3,0,1,0,8,,0,0,11,743,754,15
2020-05-09,,47PEN,33,3,33,3,0,0,33,5,0,0,,-2,0,0,33,26101,26134,478
2020-05-09,47135,47135,13,0,13,0,0,0,6,0,0,0,7,,0,0,13,105,118,6
2020-05-09,47125,47125,172,11,172,11,0,0,90,11,17,0,80,,2,0,172,4425,4597,148
2020-05-09,,47OOS,366,-5,366,-5,0,0,213,-4,21,-1,148,-1,5,0,366,38590,38956,863
2020-05-09,47123,47123,30,1,30,1,6,0,13,1,4,0,16,,1,0,30,561,591,18
2020-05-09,47117,47117,24,0,24,0,0,0,5,-2,5,0,18,2,1,0,24,732,756,25
2020-05-09,47109,47109,11,0,11,0,0,0,0,0,1,0,11,,0,0,11,516,527,9
2020-05-09,47107,47107,116,3,116,3,0,0,93,1,11,3,19,2,4,0,116,1889,2005,66
2020-05-09,47119,47119,55,3,55,3,0,0,19,2,6,0,36,1,0,0,55,1964,2019,72
2020-05-09,47115,47115,29,0,29,0,0,0,5,0,9,0,23,,1,0,29,620,649,15
2020-05-09,47113,47113,150,2,150,2,0,0,34,-19,16,1,115,21,1,0,150,3503,3653,195
2020-05-09,47111,47111,58,1,58,1,0,0,28,-1,10,0,27,2,3,0,58,911,969,31
2020-05-09,47105,47105,39,0,39,0,1,0,1,-7,3,0,38,7,0,0,39,831,870,15
2020-05-09,47103,47103,16,0,16,0,0,0,5,-1,2,0,11,1,0,0,16,815,831,22
2020-05-09,47101,47101,2,0,2,0,0,0,0,0,0,0,2,,0,0,2,188,190,11
2020-05-09,47121,47121,22,4,22,4,0,0,16,4,3,0,6,,0,0,22,246,268,30
2020-05-09,47141,47141,166,0,166,0,0,0,69,-3,5,0,92,3,5,0,166,2500,2666,0
2020-05-09,47189,47189,297,7,297,7,1,0,124,6,26,0,167,1,6,0,297,3283,3580,58
2020-05-09,47145,47145,8,0,8,0,1,0,1,0,1,0,7,,0,0,8,1868,1876,34
2020-05-09,47187,47187,441,0,441,0,1,0,127,-6,45,0,304,6,10,0,441,6181,6622,69
2020-05-09,47185,47185,16,0,16,0,1,0,9,-3,1,0,7,3,0,0,16,750,766,1
2020-05-09,47183,47183,24,0,24,0,1,0,2,0,1,0,22,,0,0,24,719,743,6
2020-05-09,47181,47181,3,-1,3,-1,0,0,0,-1,2,1,3,,0,0,3,299,302,4
2020-05-09,47179,47179,61,1,61,1,0,0,6,0,6,0,55,1,0,0,61,2228,2289,84
2020-05-09,47177,47177,12,2,12,2,0,0,4,0,0,0,8,2,0,0,12,1158,1170,12
2020-05-09,47175,47175,2,0,2,0,0,0,0,0,0,0,2,,0,0,2,253,255,4
2020-05-09,47173,47173,3,0,3,0,0,0,0,-1,0,0,3,1,0,0,3,330,333,6
2020-05-09,47171,47171,2,0,2,0,0,0,1,0,0,0,1,,0,0,2,334,336,7
2020-05-09,47169,47169,1357,2,1357,2,1,0,1338,2,13,1,17,,2,0,1357,1581,2938,2
2020-05-09,47167,47167,158,0,158,0,1,0,73,-19,14,0,83,19,2,0,158,1759,1917,35
2020-05-09,47165,47165,693,10,693,10,3,0,314,8,188,0,341,2,38,0,693,4563,5256,146
2020-05-09,47163,47163,54,0,54,0,5,0,4,-1,6,0,49,1,1,0,54,2133,2187,51
2020-05-09,47161,47161,7,0,7,0,0,0,5,0,1,0,2,,0,0,7,229,236,1
2020-05-09,47159,47159,24,0,24,0,1,0,5,0,1,0,18,,1,0,24,566,590,9
2020-05-09,47157,47157,3189,81,3189,81,0,0,1304,33,283,2,1817,47,68,1,3189,28360,31549,1392
2020-05-09,47155,47155,65,0,65,0,3,1,15,-7,6,0,48,7,2,0,65,2297,2362,97
2020-05-09,47153,47153,6,0,6,0,0,0,0,0,1,0,6,,0,0,6,735,741,16
2020-05-09,47151,47151,11,0,11,0,1,0,0,0,0,0,11,,0,0,11,334,345,8
2020-05-09,47149,47149,720,35,720,35,0,0,428,8,64,0,278,27,14,0,720,6872,7592,215
2020-05-09,47147,47147,219,12,219,12,0,0,81,2,25,1,138,10,0,0,219,2021,2240,25
2020-05-09,47143,47143,6,0,6,0,0,0,2,0,0,0,4,,0,0,6,722,728,23
2020-05-09,47099,47099,20,1,20,1,0,0,3,1,3,1,17,,0,0,20,1035,1055,27
2020-05-09,47097,47097,26,1,26,1,2,1,8,1,5,0,18,,0,0,26,673,699,23
2020-05-09,47093,47093,262,7,262,7,3,0,30,-7,28,0,227,14,5,0,262,8949,9211,280
2020-05-09,47041,47041,27,1,27,1,1,1,11,0,0,0,16,1,0,0,27,809,836,44
2020-05-09,47039,47039,4,0,4,0,0,0,0,0,0,0,4,,0,0,4,211,215,6
2020-05-09,47037,47037,3358,58,3358,58,3,0,1527,16,285,5,1800,42,31,0,3358,21847,25205,724
2020-05-09,47035,47035,85,1,85,1,1,0,30,-1,9,0,54,2,1,0,85,2219,2304,103
2020-05-09,47033,47033,9,2,9,2,2,0,4,2,1,0,5,,0,0,9,356,365,3
2020-05-09,47031,47031,52,4,52,4,1,0,28,3,5,0,24,1,0,0,52,1433,1485,77
2020-05-09,47029,47029,17,0,17,0,3,0,1,0,1,0,16,,0,0,17,623,640,29
2020-05-09,47027,47027,6,0,6,0,0,0,1,0,0,0,5,,0,0,6,276,282,2
2020-05-09,47025,47025,7,0,7,0,0,0,2,0,0,0,5,,0,0,7,429,436,11
2020-05-09,47023,47023,12,0,12,0,0,0,2,0,1,0,10,,0,0,12,355,367,7
2020-05-09,47021,47021,61,2,61,2,0,0,31,2,7,1,30,,0,0,61,1167,1228,15
2020-05-09,47019,47019,18,0,18,0,1,0,4,0,2,0,13,,1,0,18,914,932,23
2020-05-09,47017,47017,18,-1,18,-1,5,0,0,-2,1,0,17,1,1,0,18,769,787,12
2020-05-09,47015,47015,13,0,13,0,0,0,5,0,2,0,8,,0,0,13,349,362,12
2020-05-09,47013,47013,16,0,16,0,1,0,0,-1,2,0,15,1,1,0,16,926,942,29
2020-05-09,47011,47011,69,1,69,1,0,0,19,1,14,0,49,,1,0,69,1506,1575,58
2020-05-09,47009,47009,71,2,71,2,4,0,12,1,4,-1,56,1,3,0,71,1935,2006,63
2020-05-09,47007,47007,604,0,604,0,0,0,443,-102,4,0,161,102,0,0,604,3107,3711,6
2020-05-09,47005,47005,6,-1,6,-1,0,0,0,-1,2,0,5,,1,0,6,439,445,66
2020-05-09,47003,47003,231,9,231,9,0,0,97,-15,9,1,131,24,3,0,231,1723,1954,56
2020-05-09,47001,47001,31,0,31,0,1,0,5,0,3,0,25,,1,0,31,2665,2696,71
2020-05-09,47043,47043,85,0,85,0,0,0,37,0,13,0,48,,0,0,85,1425,1510,27
2020-05-09,47045,47045,41,0,41,0,3,0,8,0,4,0,33,,0,0,41,894,935,15
2020-05-09,47095,47095,59,0,59,0,1,0,17,0,0,0,42,,0,0,59,1129,1188,16
2020-05-09,47049,47049,6,1,6,1,0,0,3,1,1,0,3,,0,0,6,442,448,15
2020-05-09,47047,47047,77,2,77,2,0,0,16,0,13,1,60,2,1,0,77,1433,1510,64
2020-05-09,47091,47091,5,0,5,0,0,0,2,0,0,0,3,,0,0,5,139,144,9
2020-05-09,47089,47089,26,0,26,0,3,0,8,-1,0,0,18,1,0,0,26,1076,1102,29
2020-05-09,47087,47087,8,0,8,0,0,0,1,0,1,0,7,,0,0,8,447,455,0
2020-05-09,47085,47085,11,0,11,0,0,0,4,0,0,0,6,,1,0,11,406,417,16
2020-05-09,47083,47083,6,0,6,0,0,0,2,0,4,0,4,,0,0,6,204,210,2
2020-05-09,47079,47079,15,1,15,1,0,0,2,1,3,0,13,,0,0,15,836,851,13
2020-05-09,47077,47077,10,0,10,0,0,0,2,0,1,0,8,,0,0,10,710,720,16
2020-05-09,47075,47075,26,0,26,0,1,0,5,-1,6,0,20,1,1,0,26,465,491,4
2020-05-09,47073,47073,31,0,31,0,0,0,1,0,6,1,28,,2,0,31,1060,1091,31
2020-05-09,47081,47081,49,1,49,1,0,0,44,1,2,1,5,,0,0,49,665,714,19
2020-05-09,47069,47069,116,52,116,52,0,0,100,52,2,0,16,,0,0,116,1774,1890,995
2020-05-09,47067,47067,0,0,0,0,0,0,0,0,0,0,,,0,0,0,91,91,2
2020-05-09,47065,47065,232,3,232,3,2,0,116,3,42,0,103,,13,0,232,4309,4541,319
2020-05-09,47063,47063,21,0,21,0,4,0,3,0,4,1,16,,2,0,21,1351,1372,62
2020-05-09,47051,47051,40,2,40,2,0,0,8,2,5,0,31,,1,0,40,1468,1508,43
2020-05-09,47061,47061,30,0,30,0,0,0,6,0,10,0,23,,1,0,30,354,384,3
2020-05-09,47059,47059,44,1,44,1,0,0,1,0,7,0,41,1,2,0,44,1153,1197,105
2020-05-09,47057,47057,6,0,6,0,1,0,1,-1,2,0,5,1,0,0,6,361,367,9
2020-05-09,47055,47055,9,0,9,0,0,0,2,0,1,1,7,,0,0,9,683,692,17
2020-05-09,47053,47053,53,1,53,1,4,1,14,1,4,0,38,,1,0,53,1531,1584,30
2020-05-09,47071,47071,7,0,7,0,0,0,3,0,0,0,4,,0,0,7,946,953,21
2020-05-10,47127,47127,3,0,3,0,0,0,0,0,0,0,3,,0,0,3,208,211,0
2020-05-10,47129,47129,12,2,12,2,0,0,6,2,0,0,6,,0,0,12,2584,2596,780
2020-05-10,47131,47131,16,0,16,0,1,0,4,0,1,0,11,,1,0,16,570,586,16
2020-05-10,47137,47137,1,1,1,1,0,0,1,1,0,0,,,0,0,1,199,200,7
2020-05-10,47133,47133,11,0,11,0,0,0,3,0,1,0,8,,0,0,11,772,783,29
2020-05-10,,47PEN,34,1,34,1,0,0,34,1,0,0,,,0,0,34,27881,27915,1781
2020-05-10,47135,47135,13,0,13,0,0,0,6,0,0,0,7,,0,0,13,106,119,1
2020-05-10,47125,47125,174,2,174,2,0,0,90,0,17,0,82,2,2,0,174,4521,4695,98
2020-05-10,,47OOS,375,9,375,9,0,0,220,7,21,0,150,2,5,0,375,39361,39736,780
2020-05-10,47123,47123,28,-2,28,-2,6,0,11,-2,4,0,16,,1,0,28,579,607,16
2020-05-10,47101,47101,2,0,2,0,0,0,0,0,0,0,2,,0,0,2,190,192,2
2020-05-10,47109,47109,11,0,11,0,0,0,0,0,1,0,11,,0,0,11,523,534,7
2020-05-10,47107,47107,117,1,117,1,0,0,84,-9,11,0,28,9,5,1,117,1901,2018,13
2020-05-10,47119,47119,55,0,55,0,0,0,19,0,6,0,36,,0,0,55,1986,2041,22
2020-05-10,47117,47117,24,0,24,0,0,0,5,0,5,0,18,,1,0,24,736,760,4
2020-05-10,47115,47115,29,0,29,0,0,0,5,0,9,0,23,,1,0,29,622,651,2
2020-05-10,47113,47113,151,1,151,1,0,0,26,-8,16,0,124,9,1,0,151,3571,3722,69
2020-05-10,47111,47111,58,0,58,0,0,0,28,0,10,0,27,,3,0,58,941,999,30
2020-05-10,47105,47105,41,2,41,2,1,0,3,2,3,0,38,,0,0,41,870,911,41
2020-05-10,47103,47103,16,0,16,0,0,0,5,0,2,0,11,,0,0,16,817,833,2
2020-05-10,47139,47139,12,0,12,0,0,0,4,0,1,0,8,,0,0,12,337,349,0
2020-05-10,47121,47121,22,0,22,0,0,0,16,0,3,0,6,,0,0,22,253,275,7
2020-05-10,47141,47141,175,9,175,9,0,0,78,9,5,0,92,,5,0,175,2713,2888,222
2020-05-10,47163,47163,54,0,54,0,5,0,4,0,6,0,49,,1,0,54,2282,2336,149
2020-05-10,47145,47145,8,0,8,0,1,0,1,0,1,0,7,,0,0,8,2012,2020,144
2020-05-10,47099,47099,20,0,20,0,0,0,3,0,3,0,17,,0,0,20,1040,1060,5
2020-05-10,47187,47187,443,2,443,2,1,0,128,1,45,0,305,1,10,0,443,6372,6815,193
2020-05-10,47185,47185,16,0,16,0,1,0,9,0,1,0,7,,0,0,16,827,843,77
2020-05-10,47183,47183,24,0,24,0,1,0,2,0,1,0,22,,0,0,24,730,754,11
2020-05-10,47181,47181,3,0,3,0,0,0,0,0,2,0,3,,0,0,3,301,304,2
2020-05-10,47179,47179,61,0,61,0,0,0,6,0,6,0,55,,0,0,61,2254,2315,26
2020-05-10,47177,47177,12,0,12,0,0,0,4,0,0,0,8,,0,0,12,1214,1226,56
2020-05-10,47175,47175,2,0,2,0,0,0,0,0,0,0,2,,0,0,2,266,268,13
2020-05-10,47173,47173,3,0,3,0,0,0,0,0,0,0,3,,0,0,3,334,337,4
2020-05-10,47171,47171,3,1,3,1,0,0,2,1,0,0,1,,0,0,3,341,344,8
2020-05-10,47169,47169,1357,0,1357,0,1,0,1338,0,13,0,17,,2,0,1357,1611,2968,30
2020-05-10,47167,47167,159,1,159,1,1,0,74,1,18,4,83,,2,0,159,1834,1993,76
2020-05-10,47165,47165,698,5,698,5,3,0,318,4,188,0,342,1,38,0,698,4897,5595,339
2020-05-10,47161,47161,7,0,7,0,0,0,5,0,1,0,2,,0,0,7,234,241,5
2020-05-10,47159,47159,24,0,24,0,1,0,5,0,1,0,18,,1,0,24,594,618,28
2020-05-10,47157,47157,3260,71,3260,71,0,0,1353,49,284,1,1839,22,68,0,3260,29083,32343,794
2020-05-10,47155,47155,65,0,65,0,3,0,15,0,6,0,48,,2,0,65,2364,2429,67
2020-05-10,47153,47153,6,0,6,0,0,0,0,0,1,0,6,,0,0,6,737,743,2
2020-05-10,47151,47151,11,0,11,0,1,0,0,0,0,0,11,,0,0,11,422,433,88
2020-05-10,47149,47149,725,5,725,5,0,0,433,5,64,0,278,,14,0,725,7226,7951,359
2020-05-10,47147,47147,218,-1,218,-1,0,0,78,-3,25,0,140,2,0,0,218,2173,2391,151
2020-05-10,47143,47143,6,0,6,0,0,0,2,0,0,0,4,,0,0,6,733,739,11
2020-05-10,47097,47097,26,0,26,0,2,0,8,0,6,1,18,,0,0,26,785,811,112
2020-05-10,47189,47189,300,3,300,3,1,0,125,1,26,0,169,2,6,0,300,3461,3761,181
2020-05-10,47093,47093,263,1,263,1,3,0,32,2,28,0,226,-1,5,0,263,9357,9620,409
2020-05-10,47041,47041,27,0,27,0,1,0,11,0,0,0,16,,0,0,27,820,847,11
2020-05-10,47039,47039,4,0,4,0,0,0,0,0,0,0,4,,0,0,4,215,219,4
2020-05-10,47037,47037,3401,43,3401,43,3,0,1543,16,282,-3,1827,27,31,0,3401,22338,25739,534
2020-05-10,47035,47035,85,0,85,0,1,0,29,-1,9,0,55,1,1,0,85,2289,2374,70
2020-05-10,47033,47033,9,0,9,0,2,0,4,0,1,0,5,,0,0,9,367,376,11
2020-05-10,47031,47031,53,1,53,1,1,0,28,0,5,0,25,1,0,0,53,1437,1490,5
2020-05-10,47029,47029,17,0,17,0,3,0,1,0,1,0,16,,0,0,17,636,653,13
2020-05-10,47027,47027,6,0,6,0,0,0,1,0,0,0,5,,0,0,6,282,288,6
2020-05-10,47025,47025,7,0,7,0,0,0,2,0,0,0,5,,0,0,7,440,447,11
2020-05-10,47023,47023,12,0,12,0,0,0,2,0,1,0,10,,0,0,12,364,376,9
2020-05-10,47021,47021,63,2,63,2,0,0,32,1,7,0,31,1,0,0,63,1191,1254,26
2020-05-10,47019,47019,18,0,18,0,1,0,4,0,2,0,13,,1,0,18,968,986,54
2020-05-10,47017,47017,19,1,19,1,5,0,1,1,1,0,17,,1,0,19,780,799,12
2020-05-10,47015,47015,13,0,13,0,0,0,5,0,2,0,8,,0,0,13,354,367,5
2020-05-10,47013,47013,17,1,17,1,1,0,0,0,2,0,16,1,1,0,17,941,958,16
2020-05-10,47011,47011,69,0,69,0,0,0,19,0,14,0,49,,1,0,69,1524,1593,18
2020-05-10,47009,47009,71,0,71,0,4,0,12,0,4,0,56,,3,0,71,1984,2055,49
2020-05-10,47007,47007,604,0,604,0,0,0,383,-60,4,0,221,60,0,0,604,3112,3716,5
2020-05-10,47005,47005,6,0,6,0,0,0,0,0,2,0,5,,1,0,6,477,483,38
2020-05-10,47003,47003,237,6,237,6,0,0,100,3,9,0,134,3,3,0,237,1740,1977,23
2020-05-10,47001,47001,31,0,31,0,1,0,4,-1,3,0,26,1,1,0,31,2764,2795,99
2020-05-10,47043,47043,86,1,86,1,0,0,38,1,13,0,48,,0,0,86,1439,1525,15
2020-05-10,47045,47045,41,0,41,0,3,0,8,0,4,0,33,,0,0,41,918,959,24
2020-05-10,47095,47095,59,0,59,0,1,0,17,0,0,0,42,,0,0,59,1138,1197,9
2020-05-10,47049,47049,6,0,6,0,0,0,3,0,1,0,3,,0,0,6,461,467,19
2020-05-10,47047,47047,79,2,79,2,0,0,18,2,13,0,60,,1,0,79,1481,1560,50
2020-05-10,47091,47091,5,0,5,0,0,0,2,0,0,0,3,,0,0,5,260,265,121
2020-05-10,47089,47089,26,0,26,0,3,0,8,0,0,0,18,,0,0,26,1104,1130,28
2020-05-10,47087,47087,10,2,10,2,0,0,3,2,1,0,7,,0,0,10,456,466,11
2020-05-10,47085,47085,12,1,12,1,0,0,5,1,1,1,6,,1,0,12,410,422,5
2020-05-10,47083,47083,6,0,6,0,0,0,2,0,4,0,4,,0,0,6,208,214,4
2020-05-10,47079,47079,15,0,15,0,0,0,2,0,3,0,13,,0,0,15,836,851,0
2020-05-10,47077,47077,10,0,10,0,0,0,2,0,1,0,8,,0,0,10,717,727,7
2020-05-10,47075,47075,26,0,26,0,1,0,5,0,6,0,20,,1,0,26,471,497,6
2020-05-10,47073,47073,31,0,31,0,0,0,1,0,6,0,28,,2,0,31,1074,1105,14
2020-05-10,47081,47081,52,3,52,3,0,0,34,-10,2,0,18,13,0,0,52,668,720,6
2020-05-10,47069,47069,151,35,151,35,0,0,135,35,2,0,16,,0,0,151,2136,2287,397
2020-05-10,47067,47067,0,0,0,0,0,0,0,0,0,0,,,0,0,0,92,92,1
2020-05-10,47065,47065,233,1,233,1,2,0,116,0,42,0,104,1,13,0,233,4339,4572,31
2020-05-10,47063,47063,21,0,21,0,4,0,3,0,4,0,16,,2,0,21,1375,1396,24
2020-05-10,47051,47051,40,0,40,0,0,0,8,0,5,0,31,,1,0,40,1472,1512,4
2020-05-10,47061,47061,30,0,30,0,0,0,6,0,10,0,23,,1,0,30,357,387,3
2020-05-10,47059,47059,46,2,46,2,0,0,3,2,8,1,41,,2,0,46,1161,1207,10
2020-05-10,47057,47057,6,0,6,0,1,0,1,0,2,0,5,,0,0,6,372,378,11
2020-05-10,47055,47055,9,0,9,0,0,0,2,0,1,0,7,,0,0,9,684,693,1
2020-05-10,47053,47053,54,1,54,1,4,0,14,0,4,0,39,1,1,0,54,1553,1607,23
2020-05-10,47071,47071,8,1,8,1,0,0,4,1,1,1,4,,0,0,8,954,962,9
2020-05-11,47127,47127,3,0,3,0,0,0,0,0,0,0,3,,0,0,3,222,225,14
2020-05-11,47129,47129,12,0,12,0,0,0,6,0,0,0,6,,0,0,12,2666,2678,82
2020-05-11,47131,47131,16,0,16,0,1,0,4,0,1,0,11,,1,0,16,592,608,22
2020-05-11,47137,47137,1,0,1,0,0,0,1,0,0,0,,,0,0,1,199,200,0
2020-05-11,47133,47133,14,3,14,3,0,0,6,3,1,0,8,,0,0,14,793,807,24
2020-05-11,,47PEN,38,4,38,4,0,0,38,4,0,0,,,0,0,38,28626,28664,749
2020-05-11,47135,47135,13,0,13,0,0,0,3,-3,0,0,10,3,0,0,13,113,126,7
2020-05-11,47125,47125,180,6,180,6,0,0,91,1,17,0,87,5,2,0,180,4627,4807,112
2020-05-11,,47OOS,395,20,395,20,0,0,236,16,22,1,153,3,6,1,395,40611,41006,1270
2020-05-11,47123,47123,31,3,31,3,5,-1,13,2,4,0,17,1,1,0,31,588,619,12
2020-05-11,47101,47101,2,0,2,0,0,0,0,0,0,0,2,,0,0,2,198,200,8
2020-05-11,47109,47109,11,0,11,0,0,0,0,0,1,0,11,,0,0,11,529,540,6
2020-05-11,47107,47107,122,5,122,5,0,0,82,-2,16,5,32,4,8,3,122,1977,2099,81
2020-05-11,47119,47119,55,0,55,0,0,0,18,-1,6,0,37,1,0,0,55,2088,2143,102
2020-05-11,47117,47117,24,0,24,0,0,0,3,-2,5,0,20,2,1,0,24,787,811,51
2020-05-11,47115,47115,29,0,29,0,0,0,5,0,9,0,23,,1,0,29,643,672,21
2020-05-11,47113,47113,156,5,156,5,0,0,27,1,17,1,128,4,1,0,156,3706,3862,140
2020-05-11,47111,47111,59,1,59,1,0,0,29,1,10,0,27,,3,0,59,947,1006,7
2020-05-11,47105,47105,43,2,43,2,1,0,4,1,4,1,39,1,0,0,43,972,1015,104
2020-05-11,47103,47103,16,0,16,0,0,0,5,0,2,0,11,,0,0,16,907,923,90
2020-05-11,47139,47139,12,0,12,0,0,0,4,0,1,0,8,,0,0,12,369,381,32
2020-05-11,47121,47121,22,0,22,0,0,0,14,-2,3,0,8,2,0,0,22,350,372,97
2020-05-11,47141,47141,178,3,178,3,0,0,78,0,5,0,95,3,5,0,178,2719,2897,9
2020-05-11,47163,47163,54,0,54,0,5,0,3,-1,6,0,50,1,1,0,54,2329,2383,47
2020-05-11,47145,47145,8,0,8,0,3,2,1,0,1,0,7,,0,0,8,2048,2056,36
2020-05-11,47099,47099,21,1,21,1,0,0,4,1,3,0,17,,0,0,21,1097,1118,58
2020-05-11,47187,47187,445,2,445,2,1,0,128,0,45,0,307,2,10,0,445,6563,7008,193
2020-05-11,47185,47185,16,0,16,0,1,0,8,-1,1,0,8,1,0,0,16,840,856,13
2020-05-11,47183,47183,24,0,24,0,1,0,2,0,1,0,22,,0,0,24,747,771,17
2020-05-11,47181,47181,3,0,3,0,0,0,0,0,2,0,3,,0,0,3,307,310,6
2020-05-11,47179,47179,65,4,65,4,0,0,10,4,6,0,55,,0,0,65,2367,2432,117
2020-05-11,47177,47177,12,0,12,0,0,0,4,0,0,0,8,,0,0,12,1260,1272,46
2020-05-11,47175,47175,2,0,2,0,0,0,0,0,0,0,2,,0,0,2,267,269,1
2020-05-11,47173,47173,3,0,3,0,0,0,0,0,0,0,3,,0,0,3,339,342,5
2020-05-11,47171,47171,3,0,3,0,0,0,2,0,0,0,1,,0,0,3,355,358,14
2020-05-11,47169,47169,1363,6,1363,6,1,0,1341,3,13,0,20,3,2,0,1363,1614,2977,9
2020-05-11,47167,47167,373,214,373,214,2,1,288,214,18,0,83,,2,0,373,2170,2543,550
2020-05-11,47165,47165,699,1,699,1,3,0,318,0,189,1,343,1,38,0,699,4997,5696,101
2020-05-11,47161,47161,7,0,7,0,0,0,5,0,1,0,2,,0,0,7,237,244,3
2020-05-11,47159,47159,24,0,24,0,1,0,5,0,1,0,18,,1,0,24,607,631,13
2020-05-11,47157,47157,3372,112,3372,112,0,0,1425,72,290,6,1877,38,70,2,3372,30882,34254,1911
2020-05-11,47155,47155,65,0,65,0,5,2,15,0,6,0,48,,2,0,65,2427,2492,63
2020-05-11,47153,47153,6,0,6,0,0,0,0,0,1,0,6,,0,0,6,758,764,21
2020-05-11,47151,47151,11,0,11,0,1,0,0,0,0,0,11,,0,0,11,424,435,2
2020-05-11,47149,47149,745,20,745,20,0,0,450,17,64,0,281,3,14,0,745,7434,8179,228
2020-05-11,47147,47147,220,2,220,2,0,0,80,2,26,1,140,,0,0,220,2205,2425,34
2020-05-11,47143,47143,6,0,6,0,0,0,1,-1,0,0,5,1,0,0,6,803,809,70
2020-05-11,47189,47189,302,2,302,2,0,-1,123,-2,27,1,172,3,7,1,302,3528,3830,69
2020-05-11,47097,47097,36,10,36,10,2,0,18,10,6,0,18,,0,0,36,1875,1911,1100
2020-05-11,47093,47093,280,17,280,17,3,0,49,17,29,1,226,,5,0,280,9611,9891,271
2020-05-11,47041,47041,28,1,28,1,1,0,12,1,0,0,16,,0,0,28,875,903,56
2020-05-11,47039,47039,4,0,4,0,0,0,0,0,0,0,4,,0,0,4,219,223,4
2020-05-11,47037,47037,3465,64,3465,64,3,0,1547,4,283,1,1886,59,32,1,3465,23000,26465,726
2020-05-11,47035,47035,84,-1,84,-1,1,0,27,-2,9,0,56,1,1,0,84,2336,2420,46
2020-05-11,47033,47033,12,3,12,3,2,0,5,1,1,0,7,2,0,0,12,379,391,15
2020-05-11,47031,47031,54,1,54,1,1,0,26,-2,5,0,28,3,0,0,54,1559,1613,123
2020-05-11,47029,47029,18,1,18,1,2,-1,2,1,1,0,16,,0,0,18,655,673,20
2020-05-11,47027,47027,6,0,6,0,0,0,1,0,0,0,5,,0,0,6,287,293,5
2020-05-11,47025,47025,7,0,7,0,0,0,2,0,0,0,5,,0,0,7,450,457,10
2020-05-11,47021,47021,66,3,66,3,0,0,35,3,7,0,31,,0,0,66,1220,1286,32
2020-05-11,47019,47019,18,0,18,0,1,0,4,0,2,0,13,,1,0,18,1046,1064,78
2020-05-11,47017,47017,21,2,21,2,5,0,3,2,2,1,17,,1,0,21,804,825,26
2020-05-11,47015,47015,13,0,13,0,0,0,5,0,2,0,8,,0,0,13,360,373,6
2020-05-11,47013,47013,17,0,17,0,1,0,0,0,2,0,16,,1,0,17,963,980,22
2020-05-11,47011,47011,72,3,72,3,0,0,20,1,13,-1,51,2,1,0,72,1676,1748,155
2020-05-11,47009,47009,72,1,72,1,4,0,13,1,4,0,56,,3,0,72,2031,2103,48
2020-05-11,47007,47007,604,0,604,0,0,0,52,-331,4,0,552,331,0,0,604,3136,3740,24
2020-05-11,47005,47005,6,0,6,0,0,0,0,0,2,0,5,,1,0,6,496,502,19
2020-05-11,47003,47003,238,1,238,1,0,0,91,-9,9,0,144,10,3,0,238,1837,2075,98
2020-05-11,47001,47001,33,2,33,2,1,0,5,1,3,0,27,1,1,0,33,2848,2881,86
2020-05-11,47095,47095,61,2,61,2,1,0,12,-5,0,0,49,7,0,0,61,1151,1212,15
2020-05-11,47043,47043,86,0,86,0,0,0,38,0,13,0,48,,0,0,86,1478,1564,39
2020-05-11,47045,47045,43,2,43,2,3,0,9,1,4,0,34,1,0,0,43,993,1036,77
2020-05-11,47023,47023,12,0,12,0,0,0,2,0,1,0,10,,0,0,12,380,392,16
2020-05-11,47049,47049,6,0,6,0,0,0,3,0,1,0,3,,0,0,6,464,470,3
2020-05-11,47047,47047,80,1,80,1,1,1,19,1,13,0,60,,1,0,80,1562,1642,82
2020-05-11,47089,47089,26,0,26,0,3,0,8,0,0,0,18,,0,0,26,1135,1161,31
2020-05-11,47087,47087,10,0,10,0,0,0,3,0,1,0,7,,0,0,10,462,472,6
2020-05-11,47085,47085,12,0,12,0,0,0,5,0,1,0,6,,1,0,12,418,430,8
2020-05-11,47083,47083,6,0,6,0,0,0,2,0,4,0,4,,0,0,6,211,217,3
2020-05-11,47081,47081,52,0,52,0,0,0,29,-5,2,0,23,5,0,0,52,700,752,32
2020-05-11,47079,47079,15,0,15,0,0,0,2,0,3,0,13,,0,0,15,865,880,29
2020-05-11,47077,47077,10,0,10,0,0,0,2,0,1,0,8,,0,0,10,734,744,17
2020-05-11,47075,47075,26,0,26,0,1,0,5,0,6,0,20,,1,0,26,514,540,43
2020-05-11,47073,47073,31,0,31,0,0,0,1,0,6,0,28,,2,0,31,1117,1148,43
2020-05-11,47071,47071,8,0,8,0,0,0,4,0,1,0,4,,0,0,8,974,982,20
2020-05-11,47091,47091,5,0,5,0,0,0,2,0,0,0,3,,0,0,5,280,285,20
2020-05-11,47067,47067,0,0,0,0,0,0,0,0,0,0,,,0,0,0,96,96,4
2020-05-11,47065,47065,240,7,240,7,2,0,119,3,42,0,108,4,13,0,240,4440,4680,108
2020-05-11,47063,47063,21,0,21,0,4,0,3,0,4,0,16,,2,0,21,1436,1457,61
2020-05-11,47061,47061,30,0,30,0,0,0,5,-1,10,0,24,1,1,0,30,379,409,22
2020-05-11,47059,47059,46,0,46,0,0,0,3,0,8,0,41,,2,0,46,1365,1411,204
2020-05-11,47057,47057,6,0,6,0,1,0,1,0,2,0,5,,0,0,6,384,390,12
2020-05-11,47055,47055,9,0,9,0,0,0,2,0,1,0,7,,0,0,9,716,725,32
2020-05-11,47053,47053,56,2,56,2,4,0,15,1,4,0,40,1,1,0,56,1591,1647,40
2020-05-11,47051,47051,41,1,41,1,0,0,9,1,5,0,31,,1,0,41,1568,1609,97
2020-05-11,47069,47069,171,20,171,20,0,0,155,20,2,0,16,,0,0,171,2823,2994,707
2020-05-12,47139,47139,12,0,12,0,0,0,4,0,1,0,8,,0,0,12,371,383,2
2020-05-12,47127,47127,3,0,3,0,0,0,0,0,0,0,3,,0,0,3,223,226,1
2020-05-12,47129,47129,12,0,12,0,0,0,6,0,0,0,6,,0,0,12,2698,2710,32
2020-05-12,47131,47131,16,0,16,0,1,0,4,0,1,0,11,,1,0,16,617,633,25
2020-05-12,47137,47137,1,0,1,0,0,0,1,0,0,0,,,0,0,1,200,201,1
2020-05-12,47133,47133,14,0,14,0,0,0,6,0,1,0,8,,0,0,14,811,825,18
2020-05-12,,47PEN,256,218,256,218,0,0,256,218,0,0,,,0,0,256,29563,29819,1155
2020-05-12,47135,47135,13,0,13,0,0,0,2,-1,0,0,11,1,0,0,13,114,127,1
2020-05-12,47125,47125,188,8,188,8,0,0,98,7,17,0,88,1,2,0,188,4869,5057,250
2020-05-12,,47OOS,363,-32,363,-32,0,0,204,-32,19,-3,154,1,5,-1,363,42927,43290,2284
2020-05-12,47123,47123,33,2,33,2,4,-1,14,1,5,1,18,1,1,0,33,619,652,33
2020-05-12,47117,47117,24,0,24,0,0,0,3,0,5,0,20,,1,0,24,790,814,3
2020-05-12,47109,47109,11,0,11,0,0,0,0,0,1,0,11,,0,0,11,535,546,6
2020-05-12,47107,47107,122,0,122,0,0,0,76,-6,16,0,37,5,9,1,122,1991,2113,14
2020-05-12,47119,47119,57,2,57,2,0,0,20,2,6,0,37,,0,0,57,2105,2162,19
2020-05-12,47115,47115,29,0,29,0,0,0,5,0,9,0,23,,1,0,29,646,675,3
2020-05-12,47113,47113,157,1,157,1,0,0,25,-2,17,0,131,3,1,0,157,3768,3925,63
2020-05-12,47111,47111,69,10,69,10,0,0,38,9,10,0,28,1,3,0,69,987,1056,50
2020-05-12,47105,47105,44,1,44,1,1,0,4,0,4,0,40,1,0,0,44,1019,1063,48
2020-05-12,47103,47103,16,0,16,0,0,0,5,0,2,0,11,,0,0,16,910,926,3
2020-05-12,47101,47101,2,0,2,0,0,0,0,0,0,0,2,,0,0,2,200,202,2
2020-05-12,47121,47121,22,0,22,0,0,0,6,-8,3,0,16,8,0,0,22,354,376,4
2020-05-12,47141,47141,180,2,180,2,0,0,80,2,5,0,95,,5,0,180,2733,2913,16
2020-05-12,47099,47099,21,0,21,0,0,0,4,0,3,0,17,,0,0,21,1101,1122,4
2020-05-12,47145,47145,8,0,8,0,3,0,1,0,1,0,7,,0,0,8,2145,2153,97
2020-05-12,47187,47187,447,2,447,2,1,0,129,1,45,0,308,1,10,0,447,6844,7291,283
2020-05-12,47185,47185,17,1,17,1,1,0,9,1,1,0,8,,0,0,17,884,901,45
2020-05-12,47183,47183,24,0,24,0,1,0,2,0,1,0,22,,0,0,24,761,785,14
2020-05-12,47181,47181,3,0,3,0,0,0,0,0,2,0,3,,0,0,3,311,314,4
2020-05-12,47179,47179,65,0,65,0,0,0,5,-5,6,0,60,5,0,0,65,2406,2471,39
2020-05-12,47177,47177,13,1,13,1,0,0,5,1,0,0,8,,0,0,13,1265,1278,6
2020-05-12,47175,47175,2,0,2,0,0,0,0,0,0,0,2,,0,0,2,270,272,3
2020-05-12,47173,47173,3,0,3,0,0,0,0,0,0,0,3,,0,0,3,353,356,14
2020-05-12,47171,47171,3,0,3,0,0,0,2,0,0,0,1,,0,0,3,357,360,2
2020-05-12,47169,47169,1364,1,1364,1,1,0,1321,-20,13,0,40,20,3,1,1364,1618,2982,5
2020-05-12,47167,47167,395,22,395,22,2,0,308,20,18,0,85,2,2,0,395,2378,2773,230
2020-05-12,47165,47165,708,9,708,9,3,0,325,7,191,2,344,1,39,1,708,5081,5789,93
2020-05-12,47163,47163,54,0,54,0,5,0,2,-1,6,0,50,,2,1,54,2428,2482,99
2020-05-12,47161,47161,7,0,7,0,0,0,5,0,1,0,2,,0,0,7,244,251,7
2020-05-12,47159,47159,24,0,24,0,1,0,5,0,1,0,18,,1,0,24,634,658,27
2020-05-12,47157,47157,3429,57,3429,57,1,1,1415,-10,295,5,1941,64,73,3,3429,31920,35349,1095
2020-05-12,47155,47155,65,0,65,0,5,0,10,-5,6,0,53,5,2,0,65,2661,2726,234
2020-05-12,47153,47153,6,0,6,0,0,0,0,0,1,0,6,,0,0,6,761,767,3
2020-05-12,47151,47151,11,0,11,0,1,0,0,0,0,0,11,,0,0,11,448,459,24
2020-05-12,47149,47149,764,19,764,19,0,0,450,0,67,3,296,15,18,4,764,7745,8509,330
2020-05-12,47147,47147,244,24,244,24,0,0,94,14,27,1,150,10,0,0,244,2343,2587,162
2020-05-12,47143,47143,6,0,6,0,0,0,1,0,0,0,5,,0,0,6,810,816,7
2020-05-12,47097,47097,40,4,40,4,1,-1,22,4,6,0,18,,0,0,40,2104,2144,233
2020-05-12,47189,47189,306,4,306,4,0,0,119,-4,27,0,179,7,8,1,306,3621,3927,97
2020-05-12,47093,47093,286,6,286,6,4,1,53,4,30,1,228,2,5,0,286,9966,10252,361
2020-05-12,47041,47041,28,0,28,0,0,-1,12,0,0,0,16,,0,0,28,898,926,23
2020-05-12,47039,47039,4,0,4,0,0,0,0,0,0,0,4,,0,0,4,225,229,6
2020-05-12,47037,47037,3580,115,3580,115,4,1,1597,50,290,7,1950,64,33,1,3580,23804,27384,919
2020-05-12,47035,47035,86,2,86,2,1,0,29,2,9,0,56,,1,0,86,2505,2591,171
2020-05-12,47033,47033,12,0,12,0,2,0,3,-2,1,0,9,2,0,0,12,383,395,4
2020-05-12,47031,47031,54,0,54,0,1,0,25,-1,5,0,29,1,0,0,54,1569,1623,10
2020-05-12,47029,47029,19,1,19,1,2,0,3,1,1,0,16,,0,0,19,678,697,24
2020-05-12,47027,47027,6,0,6,0,0,0,1,0,0,0,5,,0,0,6,301,307,14
2020-05-12,47025,47025,7,0,7,0,0,0,2,0,0,0,5,,0,0,7,477,484,27
2020-05-12,47023,47023,12,0,12,0,0,0,2,0,1,0,10,,0,0,12,393,405,13
2020-05-12,47021,47021,76,10,76,10,1,1,45,10,7,0,31,,0,0,76,1297,1373,87
2020-05-12,47019,47019,18,0,18,0,1,0,3,-1,2,0,14,1,1,0,18,1055,1073,9
2020-05-12,47017,47017,22,1,22,1,5,0,5,2,2,0,16,-1,1,0,22,824,846,21
2020-05-12,47015,47015,13,0,13,0,0,0,5,0,2,0,8,,0,0,13,372,385,12
2020-05-12,47013,47013,17,0,17,0,1,0,0,0,2,0,16,,1,0,17,1003,1020,40
2020-05-12,47011,47011,74,2,74,2,0,0,22,2,13,0,51,,1,0,74,1696,1770,22
2020-05-12,47009,47009,73,1,73,1,5,1,14,1,4,0,56,,3,0,73,2150,2223,120
2020-05-12,47007,47007,604,0,604,0,0,0,10,-42,5,1,593,41,1,1,604,3138,3742,2
2020-05-12,47005,47005,6,0,6,0,0,0,0,0,2,0,5,,1,0,6,552,558,56
2020-05-12,47003,47003,239,1,239,1,0,0,85,-6,9,0,151,7,3,0,239,1840,2079,4
2020-05-12,47001,47001,34,1,34,1,1,0,6,1,3,0,27,,1,0,34,2972,3006,125
2020-05-12,47043,47043,88,2,88,2,0,0,40,2,13,0,48,,0,0,88,1513,1601,37
2020-05-12,47045,47045,43,0,43,0,3,0,9,0,4,0,34,,0,0,43,1029,1072,36
2020-05-12,47095,47095,99,38,99,38,1,0,46,34,0,0,53,4,0,0,99,1152,1251,39
2020-05-12,47049,47049,6,0,6,0,0,0,3,0,1,0,3,,0,0,6,471,477,7
2020-05-12,47091,47091,11,6,11,6,0,0,8,6,0,0,3,,0,0,11,930,941,656
2020-05-12,47089,47089,26,0,26,0,3,0,6,-2,0,0,20,2,0,0,26,1183,1209,48
2020-05-12,47087,47087,10,0,10,0,0,0,3,0,1,0,7,,0,0,10,471,481,9
2020-05-12,47085,47085,12,0,12,0,0,0,5,0,1,0,6,,1,0,12,438,450,20
2020-05-12,47083,47083,6,0,6,0,0,0,2,0,4,0,4,,0,0,6,213,219,2
2020-05-12,47047,47047,82,2,82,2,1,0,21,2,13,0,60,,1,0,82,1590,1672,30
2020-05-12,47079,47079,15,0,15,0,0,0,2,0,3,0,13,,0,0,15,902,917,37
2020-05-12,47077,47077,10,0,10,0,0,0,2,0,1,0,8,,0,0,10,745,755,11
2020-05-12,47075,47075,28,2,28,2,1,0,7,2,6,0,20,,1,0,28,539,567,27
2020-05-12,47073,47073,32,1,32,1,0,0,2,1,6,0,28,,2,0,32,1130,1162,14
2020-05-12,47081,47081,52,0,52,0,0,0,10,-19,2,0,42,19,0,0,52,707,759,7
2020-05-12,47069,47069,170,-1,170,-1,0,0,154,-1,2,0,16,,0,0,170,2867,3037,43
2020-05-12,47067,47067,0,0,0,0,0,0,0,0,0,0,,,0,0,0,98,98,2
2020-05-12,47065,47065,257,17,257,17,2,0,134,15,42,0,110,2,13,0,257,4515,4772,92
2020-05-12,47063,47063,23,2,23,2,4,0,5,2,4,0,16,,2,0,23,1541,1564,107
2020-05-12,47061,47061,30,0,30,0,0,0,5,0,10,0,24,,1,0,30,379,409,0
2020-05-12,47059,47059,46,0,46,0,0,0,3,0,8,0,41,,2,0,46,1381,1427,16
2020-05-12,47057,47057,6,0,6,0,1,0,1,0,2,0,5,,0,0,6,397,403,13
2020-05-12,47055,47055,9,0,9,0,0,0,2,0,1,0,7,,0,0,9,718,727,2
2020-05-12,47053,47053,57,1,57,1,4,0,15,0,4,0,41,1,1,0,57,1708,1765,118
2020-05-12,47051,47051,41,0,41,0,0,0,8,-1,5,0,32,1,1,0,41,1574,1615,6
2020-05-12,47071,47071,8,0,8,0,0,0,4,0,1,0,4,,0,0,8,981,989,7
2020-05-13,47127,47127,3,0,3,0,0,0,0,0,0,0,3,,0,0,3,224,227,1
2020-05-13,47129,47129,12,0,12,0,0,0,6,0,0,0,6,,0,0,12,2721,2733,23
2020-05-13,47131,47131,16,0,16,0,1,0,4,0,1,0,11,,1,0,16,636,652,19
2020-05-13,,47OOS,318,-45,318,-45,0,0,163,-41,18,-1,151,-3,4,-1,318,44140,44458,1168
2020-05-13,47139,47139,12,0,12,0,0,0,3,-1,1,0,9,1,0,0,12,380,392,9
2020-05-13,,47PEN,128,-128,128,-128,0,0,126,-130,0,0,2,2,0,0,128,30223,30351,532
2020-05-13,47135,47135,13,0,13,0,0,0,2,0,0,0,11,,0,0,13,116,129,2
2020-05-13,47137,47137,1,0,1,0,0,0,1,0,0,0,,,0,0,1,201,202,1
2020-05-13,47133,47133,14,0,14,0,0,0,6,0,2,1,8,,0,0,14,829,843,18
2020-05-13,47125,47125,191,3,191,3,0,0,97,-1,18,1,92,4,2,0,191,5058,5249,192
2020-05-13,47103,47103,16,0,16,0,0,0,4,-1,2,0,12,1,0,0,16,912,928,2
2020-05-13,47109,47109,12,1,12,1,0,0,1,1,1,0,11,,0,0,12,550,562,16
2020-05-13,47107,47107,123,1,123,1,0,0,73,-3,17,1,41,4,9,0,123,2013,2136,23
2020-05-13,47119,47119,58,1,58,1,0,0,21,1,6,0,37,,0,0,58,2118,2176,14
2020-05-13,47117,47117,24,0,24,0,0,0,3,0,5,0,20,,1,0,24,794,818,4
2020-05-13,47115,47115,29,0,29,0,0,0,5,0,9,0,23,,1,0,29,645,674,-1
2020-05-13,47113,47113,156,-1,156,-1,0,0,23,-2,17,0,132,1,1,0,156,3820,3976,51
2020-05-13,47111,47111,71,2,71,2,0,0,38,0,10,0,30,2,3,0,71,1017,1088,32
2020-05-13,47105,47105,46,2,46,2,1,0,6,2,4,0,40,,0,0,46,1075,1121,58
2020-05-13,47141,47141,190,10,190,10,0,0,87,7,5,0,98,3,5,0,190,2812,3002,89
2020-05-13,47123,47123,33,0,33,0,4,0,13,-1,5,0,19,1,1,0,33,644,677,25
2020-05-13,47143,47143,6,0,6,0,0,0,1,0,0,0,5,,0,0,6,819,825,9
2020-05-13,47165,47165,714,6,714,6,3,0,327,2,194,3,347,3,40,1,714,5240,5954,165
2020-05-13,47147,47147,245,1,245,1,0,0,94,0,27,0,151,1,0,0,245,2398,2643,56
2020-05-13,47189,47189,309,3,309,3,0,0,114,-5,27,0,187,8,8,0,309,3671,3980,53
2020-05-13,47187,47187,453,6,453,6,1,0,130,1,45,0,313,5,10,0,453,7012,7465,174
2020-05-13,47185,47185,17,0,17,0,1,0,9,0,1,0,8,,0,0,17,974,991,90
2020-05-13,47183,47183,24,0,24,0,1,0,2,0,1,0,22,,0,0,24,776,800,15
2020-05-13,47181,47181,3,0,3,0,0,0,0,0,2,0,3,,0,0,3,320,323,9
2020-05-13,47179,47179,64,-1,64,-1,1,1,4,-1,6,0,60,,0,0,64,2437,2501,30
2020-05-13,47177,47177,13,0,13,0,0,0,5,0,0,0,8,,0,0,13,1303,1316,38
2020-05-13,47175,47175,2,0,2,0,0,0,0,0,0,0,2,,0,0,2,278,280,8
2020-05-13,47173,47173,4,1,4,1,0,0,1,1,0,0,3,,0,0,4,361,365,9
2020-05-13,47171,47171,3,0,3,0,0,0,2,0,0,0,1,,0,0,3,358,361,1
2020-05-13,47169,47169,1381,17,1381,17,1,0,1338,17,13,0,40,,3,0,1381,1646,3027,45
2020-05-13,47167,47167,400,5,400,5,2,0,312,4,18,0,86,1,2,0,400,2495,2895,122
2020-05-13,47101,47101,2,0,2,0,0,0,0,0,0,0,2,,0,0,2,200,202,0
2020-05-13,47163,47163,54,0,54,0,5,0,2,0,6,0,50,,2,0,54,2545,2599,117
2020-05-13,47161,47161,7,0,7,0,0,0,4,-1,1,0,3,1,0,0,7,257,264,13
2020-05-13,47159,47159,24,0,24,0,1,0,5,0,1,0,18,,1,0,24,638,662,4
2020-05-13,47157,47157,3475,46,3475,46,0,-1,1371,-44,301,6,2029,88,75,2,3475,32822,36297,948
2020-05-13,47155,47155,65,0,65,0,6,1,5,-5,6,0,58,5,2,0,65,2768,2833,107
2020-05-13,47153,47153,7,1,7,1,0,0,1,1,1,0,6,,0,0,7,762,769,2
2020-05-13,47151,47151,11,0,11,0,1,0,0,0,0,0,11,,0,0,11,461,472,13
2020-05-13,47149,47149,780,16,780,16,0,0,444,-6,68,1,316,20,20,2,780,7911,8691,182
2020-05-13,47145,47145,8,0,8,0,3,0,1,0,1,0,7,,0,0,8,2245,2253,100
2020-05-13,47099,47099,21,0,21,0,0,0,4,0,3,0,17,,0,0,21,1109,1130,8
2020-05-13,47121,47121,22,0,22,0,0,0,5,-1,3,0,17,1,0,0,22,357,379,3
2020-05-13,47097,47097,40,0,40,0,1,0,21,-1,6,0,19,1,0,0,40,2749,2789,645
2020-05-13,47041,47041,28,0,28,0,0,0,12,0,0,0,16,,0,0,28,934,962,36
2020-05-13,47039,47039,4,0,4,0,0,0,0,0,0,0,4,,0,0,4,232,236,7
2020-05-13,47037,47037,3623,43,3623,43,4,0,1531,-66,299,9,2055,105,37,4,3623,24120,27743,359
2020-05-13,47035,47035,87,1,87,1,1,0,28,-1,9,0,58,2,1,0,87,2600,2687,96
2020-05-13,47033,47033,12,0,12,0,2,0,3,0,1,0,8,-1,1,1,12,387,399,4
2020-05-13,47031,47031,56,2,56,2,1,0,24,-1,5,0,32,3,0,0,56,1576,1632,9
2020-05-13,47029,47029,19,0,19,0,2,0,3,0,1,0,16,,0,0,19,709,728,31
2020-05-13,47027,47027,6,0,6,0,0,0,1,0,0,0,5,,0,0,6,305,311,4
2020-05-13,47023,47023,12,0,12,0,0,0,2,0,1,0,10,,0,0,12,406,418,13
2020-05-13,47021,47021,78,2,78,2,1,0,43,-2,7,0,35,4,0,0,78,1306,1384,11
2020-05-13,47019,47019,18,0,18,0,1,0,3,0,2,0,14,,1,0,18,1058,1076,3
2020-05-13,47017,47017,22,0,22,0,5,0,5,0,2,0,16,,1,0,22,849,871,25
2020-05-13,47015,47015,13,0,13,0,0,0,4,-1,2,0,9,1,0,0,13,373,386,1
2020-05-13,47013,47013,17,0,17,0,1,0,0,0,2,0,16,,1,0,17,1050,1067,47
2020-05-13,47011,47011,75,1,75,1,0,0,23,1,13,0,51,,1,0,75,1708,1783,13
2020-05-13,47009,47009,74,1,74,1,5,0,14,0,4,0,57,1,3,0,74,2261,2335,112
2020-05-13,47007,47007,603,-1,603,-1,0,0,10,0,5,0,592,-1,1,0,603,3144,3747,5
2020-05-13,47005,47005,6,0,6,0,0,0,0,0,2,0,5,,1,0,6,634,640,82
2020-05-13,47003,47003,246,7,246,7,0,0,86,1,9,0,157,6,3,0,246,1860,2106,27
2020-05-13,47001,47001,35,1,35,1,1,0,7,1,3,0,27,,1,0,35,3149,3184,178
2020-05-13,47095,47095,300,201,300,201,1,0,247,201,0,0,53,,0,0,300,1156,1456,205
2020-05-13,47043,47043,88,0,88,0,0,0,39,-1,13,0,49,1,0,0,88,1543,1631,30
2020-05-13,47045,47045,44,1,44,1,3,0,10,1,4,0,34,,0,0,44,1048,1092,20
2020-05-13,47025,47025,7,0,7,0,0,0,2,0,0,0,5,,0,0,7,493,500,16
2020-05-13,47049,47049,6,0,6,0,0,0,3,0,1,0,3,,0,0,6,495,501,24
2020-05-13,47047,47047,85,3,85,3,1,0,23,2,13,0,61,1,1,0,85,1638,1723,51
2020-05-13,47091,47091,15,4,15,4,0,0,12,4,0,0,3,,0,0,15,1781,1796,855
2020-05-13,47089,47089,26,0,26,0,3,0,6,0,0,0,20,,0,0,26,1269,1295,86
2020-05-13,47087,47087,10,0,10,0,0,0,3,0,1,0,7,,0,0,10,487,497,16
2020-05-13,47085,47085,12,0,12,0,0,0,5,0,1,0,6,,1,0,12,449,461,11
2020-05-13,47083,47083,6,0,6,0,0,0,2,0,4,0,4,,0,0,6,217,223,4
2020-05-13,47081,47081,52,0,52,0,0,0,10,0,2,0,42,,0,0,52,716,768,9
2020-05-13,47079,47079,15,0,15,0,0,0,2,0,3,0,13,,0,0,15,927,942,25
2020-05-13,47077,47077,10,0,10,0,0,0,2,0,1,0,8,,0,0,10,759,769,14
2020-05-13,47075,47075,28,0,28,0,1,0,6,-1,6,0,21,1,1,0,28,552,580,13
2020-05-13,47073,47073,31,-1,31,-1,0,0,1,-1,6,0,28,,2,0,31,1145,1176,14
2020-05-13,47093,47093,295,9,295,9,4,0,57,4,30,0,233,5,5,0,295,10339,10634,382
2020-05-13,47069,47069,177,7,177,7,0,0,161,7,2,0,16,,0,0,177,3327,3504,467
2020-05-13,47071,47071,8,0,8,0,0,0,4,0,1,0,4,,0,0,8,1032,1040,51
2020-05-13,47053,47053,57,0,57,0,4,0,15,0,4,0,41,,1,0,57,1740,1797,32
2020-05-13,47055,47055,9,0,9,0,0,0,2,0,1,0,7,,0,0,9,720,729,2
2020-05-13,47057,47057,6,0,6,0,1,0,1,0,2,0,5,,0,0,6,427,433,30
2020-05-13,47059,47059,47,1,47,1,0,0,4,1,8,0,41,,2,0,47,1399,1446,19
2020-05-13,47051,47051,41,0,41,0,0,0,8,0,5,0,32,,1,0,41,1576,1617,2
2020-05-13,47063,47063,25,2,25,2,4,0,6,1,4,0,17,1,2,0,25,1729,1754,190
2020-05-13,47065,47065,286,29,286,29,2,0,154,20,47,5,119,9,13,0,286,4600,4886,114
2020-05-13,47067,47067,0,0,0,0,0,0,0,0,0,0,,,0,0,0,101,101,3
2020-05-13,47061,47061,30,0,30,0,0,0,5,0,10,0,24,,1,0,30,381,411,2
2020-05-14,47125,47125,199,8,199,8,0,0,99,2,18,0,98,6,2,0,199,5247,5446,197
2020-05-14,47135,47135,13,0,13,0,0,0,2,0,0,0,11,,0,0,13,119,132,3
2020-05-14,,47PEN,20,-108,20,-108,0,0,20,-106,0,0,,-2,0,0,20,30956,30976,625
2020-05-14,47133,47133,14,0,14,0,0,0,6,0,2,0,8,,0,0,14,844,858,15
2020-05-14,,47OOS,320,2,320,2,0,0,163,0,17,-1,152,1,5,1,320,45802,46122,1664
2020-05-14,47131,47131,17,1,17,1,1,0,3,-1,1,0,13,2,1,0,17,658,675,23
2020-05-14,47137,47137,1,0,1,0,0,0,1,0,0,0,,,0,0,1,204,205,3
2020-05-14,47129,47129,12,0,12,0,0,0,6,0,0,0,6,,0,0,12,2749,2761,28
2020-05-14,47127,47127,3,0,3,0,0,0,0,0,0,0,3,,0,0,3,234,237,10
2020-05-14,47123,47123,37,4,37,4,5,1,17,4,6,1,19,,1,0,37,655,692,15
2020-05-14,47115,47115,30,1,30,1,0,0,6,1,9,0,23,,1,0,30,652,682,8
2020-05-14,47109,47109,12,0,12,0,0,0,1,0,1,0,11,,0,0,12,559,571,9
2020-05-14,47107,47107,123,0,123,0,0,0,69,-4,17,0,44,3,10,1,123,2054,2177,41
2020-05-14,47119,47119,60,2,60,2,0,0,22,1,6,0,38,1,0,0,60,2186,2246,70
2020-05-14,47117,47117,25,1,25,1,0,0,4,1,5,0,20,,1,0,25,818,843,25
2020-05-14,47113,47113,157,1,157,1,0,0,20,-3,17,0,135,3,2,1,157,3892,4049,73
2020-05-14,47111,47111,74,3,74,3,0,0,35,-3,10,0,36,6,3,0,74,1029,1103,15
2020-05-14,47105,47105,46,0,46,0,1,0,5,-1,4,0,41,1,0,0,46,1103,1149,28
2020-05-14,47103,47103,16,0,16,0,0,0,3,-1,2,0,13,1,0,0,16,935,951,23
2020-05-14,47101,47101,2,0,2,0,0,0,0,0,0,0,2,,0,0,2,210,212,10
2020-05-14,47139,47139,12,0,12,0,0,0,3,0,1,0,9,,0,0,12,399,411,19
2020-05-14,47121,47121,22,0,22,0,0,0,4,-1,3,0,18,1,0,0,22,369,391,12
2020-05-14,47141,47141,204,14,204,14,0,0,90,3,5,0,109,11,5,0,204,3037,3241,239
2020-05-14,47099,47099,21,0,21,0,0,0,4,0,3,0,17,,0,0,21,1138,1159,29
2020-05-14,47145,47145,8,0,8,0,4,1,1,0,1,0,7,,0,0,8,2278,2286,33
2020-05-14,47187,47187,456,3,456,3,1,0,133,3,45,0,313,,10,0,456,7139,7595,130
2020-05-14,47185,47185,17,0,17,0,1,0,8,-1,1,0,9,1,0,0,17,989,1006,15
2020-05-14,47183,47183,24,0,24,0,1,0,1,-1,1,0,23,1,0,0,24,784,808,8
2020-05-14,47181,47181,3,0,3,0,0,0,0,0,2,0,3,,0,0,3,336,339,16
2020-05-14,47179,47179,66,2,66,2,1,0,7,3,6,0,59,-1,0,0,66,2480,2546,45
2020-05-14,47177,47177,14,1,14,1,0,0,5,0,0,0,9,1,0,0,14,1316,1330,14
2020-05-14,47175,47175,2,0,2,0,0,0,0,0,0,0,2,,0,0,2,279,281,1
2020-05-14,47173,47173,4,0,4,0,0,0,1,0,0,0,3,,0,0,4,368,372,7
2020-05-14,47171,47171,3,0,3,0,0,0,1,-1,0,0,2,1,0,0,3,364,367,6
2020-05-14,47169,47169,1382,1,1382,1,1,0,1339,1,13,0,40,,3,0,1382,1663,3045,18
2020-05-14,47167,47167,402,2,402,2,2,0,309,-3,18,0,91,5,2,0,402,2549,2951,56
2020-05-14,47165,47165,720,6,720,6,3,0,327,0,195,1,352,5,41,1,720,5374,6094,140
2020-05-14,47163,47163,56,2,56,2,5,0,4,2,6,0,50,,2,0,56,2579,2635,36
2020-05-14,47161,47161,7,0,7,0,0,0,4,0,1,0,3,,0,0,7,264,271,7
2020-05-14,47159,47159,24,0,24,0,1,0,3,-2,1,0,20,2,1,0,24,652,676,14
2020-05-14,47157,47157,3542,67,3542,67,0,0,1368,-3,333,32,2093,64,81,6,3542,34177,37719,1422
2020-05-14,47155,47155,65,0,65,0,6,0,5,0,6,0,58,,2,0,65,2799,2864,31
2020-05-14,47153,47153,10,3,10,3,0,0,4,3,1,0,6,,0,0,10,770,780,11
2020-05-14,47151,47151,11,0,11,0,1,0,0,0,0,0,11,,0,0,11,467,478,6
2020-05-14,47149,47149,796,16,796,16,0,0,447,3,68,0,330,14,19,-1,796,8104,8900,209
2020-05-14,47147,47147,250,5,250,5,0,0,92,-2,27,0,158,7,0,0,250,2425,2675,32
2020-05-14,47143,47143,6,0,6,0,0,0,1,0,0,0,5,,0,0,6,840,846,21
2020-05-14,47189,47189,312,3,312,3,0,0,114,0,27,0,190,3,8,0,312,3739,4051,71
2020-05-14,47097,47097,43,3,43,3,1,0,24,3,6,0,19,,0,0,43,2854,2897,108
2020-05-14,47093,47093,297,2,297,2,5,1,58,1,30,0,234,1,5,0,297,10614,10911,277
2020-05-14,47041,47041,28,0,28,0,0,0,11,-1,0,0,17,1,0,0,28,938,966,4
2020-05-14,47039,47039,5,1,5,1,0,0,0,0,0,0,5,1,0,0,5,235,240,4
2020-05-14,47037,47037,3745,122,3745,122,4,0,1571,40,308,9,2134,79,40,3,3745,24878,28623,880
2020-05-14,47035,47035,87,0,87,0,1,0,28,0,9,0,58,,1,0,87,2655,2742,55
2020-05-14,47033,47033,13,1,13,1,2,0,4,1,1,0,8,,1,0,13,394,407,8
2020-05-14,47031,47031,57,1,57,1,1,0,23,-1,5,0,34,2,0,0,57,1640,1697,65
2020-05-14,47029,47029,20,1,20,1,2,0,4,1,1,0,16,,0,0,20,714,734,6
2020-05-14,47027,47027,6,0,6,0,0,0,1,0,0,0,5,,0,0,6,312,318,7
2020-05-14,47025,47025,7,0,7,0,0,0,2,0,0,0,5,,0,0,7,527,534,34
2020-05-14,47023,47023,12,0,12,0,0,0,2,0,1,0,10,,0,0,12,409,421,3
2020-05-14,47021,47021,85,7,85,7,1,0,50,7,7,0,35,,0,0,85,1352,1437,53
2020-05-14,47019,47019,19,1,19,1,1,0,3,0,2,0,15,1,1,0,19,1076,1095,19
2020-05-14,47017,47017,23,1,23,1,5,0,6,1,2,0,16,,1,0,23,858,881,10
2020-05-14,47015,47015,13,0,13,0,0,0,4,0,2,0,9,,0,0,13,388,401,15
2020-05-14,47013,47013,17,0,17,0,1,0,0,0,2,0,16,,1,0,17,1061,1078,11
2020-05-14,47011,47011,80,5,80,5,0,0,21,-2,13,0,58,7,1,0,80,1777,1857,74
2020-05-14,47009,47009,75,1,75,1,5,0,14,0,4,0,58,1,3,0,75,2294,2369,34
2020-05-14,47007,47007,603,0,603,0,0,0,8,-2,5,0,594,2,1,0,603,3156,3759,12
2020-05-14,47005,47005,6,0,6,0,0,0,0,0,2,0,5,,1,0,6,637,643,3
2020-05-14,47003,47003,248,2,248,2,0,0,75,-11,10,1,169,12,4,1,248,1913,2161,55
2020-05-14,47001,47001,35,0,35,0,2,1,6,-1,3,0,28,1,1,0,35,3210,3245,61
2020-05-14,47043,47043,88,0,88,0,0,0,39,0,13,0,49,,0,0,88,1590,1678,47
2020-05-14,47045,47045,44,0,44,0,3,0,10,0,4,0,34,,0,0,44,1063,1107,15
2020-05-14,47095,47095,401,101,401,101,1,0,348,101,0,0,53,,0,0,401,1168,1569,113
2020-05-14,47049,47049,6,0,6,0,0,0,3,0,1,0,3,,0,0,6,506,512,11
2020-05-14,47047,47047,86,1,86,1,1,0,22,-1,13,0,62,1,2,1,86,1691,1777,54
2020-05-14,47091,47091,15,0,15,0,0,0,11,-1,0,0,4,1,0,0,15,1822,1837,41
2020-05-14,47089,47089,26,0,26,0,3,0,5,-1,0,0,21,1,0,0,26,1292,1318,23
2020-05-14,47087,47087,10,0,10,0,0,0,3,0,1,0,7,,0,0,10,501,511,14
2020-05-14,47085,47085,12,0,12,0,0,0,5,0,1,0,6,,1,0,12,456,468,7
2020-05-14,47083,47083,6,0,6,0,0,0,2,0,4,0,4,,0,0,6,224,230,7
2020-05-14,47079,47079,16,1,16,1,0,0,3,1,3,0,13,,0,0,16,936,952,10
2020-05-14,47077,47077,11,1,11,1,0,0,3,1,1,0,8,,0,0,11,768,779,10
2020-05-14,47075,47075,29,1,29,1,1,0,7,1,6,0,21,,1,0,29,560,589,9
2020-05-14,47073,47073,32,1,32,1,0,0,2,1,6,0,28,,2,0,32,1165,1197,21
2020-05-14,47081,47081,52,0,52,0,0,0,9,-1,2,0,43,1,0,0,52,735,787,19
2020-05-14,47069,47069,179,2,179,2,0,0,163,2,2,0,16,,0,0,179,4629,4808,1304
2020-05-14,47067,47067,0,0,0,0,0,0,0,0,0,0,,,0,0,0,104,104,3
2020-05-14,47065,47065,319,33,319,33,2,0,182,28,50,3,124,5,13,0,319,4711,5030,144
2020-05-14,47063,47063,25,0,25,0,4,0,6,0,4,0,17,,2,0,25,1790,1815,61
2020-05-14,47051,47051,41,0,41,0,0,0,7,-1,5,0,33,1,1,0,41,1626,1667,50
2020-05-14,47061,47061,30,0,30,0,0,0,5,0,10,0,24,,1,0,30,390,420,9
2020-05-14,47059,47059,46,-1,46,-1,0,0,3,-1,8,0,41,,2,0,46,1433,1479,33
2020-05-14,47057,47057,6,0,6,0,1,0,1,0,2,0,5,,0,0,6,444,450,17
2020-05-14,47055,47055,9,0,9,0,0,0,2,0,1,0,7,,0,0,9,737,746,17
2020-05-14,47053,47053,57,0,57,0,4,0,14,-1,4,0,42,1,1,0,57,1762,1819,22
2020-05-14,47071,47071,9,1,9,1,0,0,4,0,2,1,5,1,0,0,9,1039,1048,8
2020-05-15,47127,47127,3,0,3,0,0,0,0,0,0,0,3,,0,0,3,244,247,10
2020-05-15,47129,47129,12,0,12,0,0,0,6,0,0,0,6,,0,0,12,2760,2772,11
2020-05-15,47131,47131,17,0,17,0,1,0,3,0,1,0,13,,1,0,17,686,703,28
2020-05-15,47137,47137,1,0,1,0,0,0,1,0,0,0,,,0,0,1,207,208,3
2020-05-15,47133,47133,14,0,14,0,0,0,6,0,2,0,8,,0,0,14,863,877,19
2020-05-15,,47PEN,8,-12,8,-12,0,0,8,-12,0,0,,,0,0,8,31430,31438,462
2020-05-15,47135,47135,13,0,13,0,0,0,2,0,0,0,11,,0,0,13,125,138,6
2020-05-15,47125,47125,203,4,203,4,0,0,102,3,21,3,99,1,2,0,203,5329,5532,86
2020-05-15,,47OOS,343,23,343,23,0,0,188,25,18,1,150,-2,5,0,343,46582,46925,803
2020-05-15,47123,47123,38,1,38,1,5,0,18,1,6,0,19,,1,0,38,668,706,14
2020-05-15,47101,47101,2,0,2,0,0,0,0,0,0,0,2,,0,0,2,217,219,7
2020-05-15,47109,47109,12,0,12,0,0,0,1,0,1,0,11,,0,0,12,576,588,17
2020-05-15,47107,47107,123,0,123,0,0,0,62,-7,17,0,50,6,11,1,123,2099,2222,45
2020-05-15,47119,47119,60,0,60,0,0,0,21,-1,6,0,39,1,0,0,60,2246,2306,60
2020-05-15,47117,47117,25,0,25,0,0,0,4,0,5,0,20,,1,0,25,840,865,22
2020-05-15,47115,47115,30,0,30,0,0,0,6,0,9,0,23,,1,0,30,659,689,7
2020-05-15,47113,47113,160,3,160,3,0,0,21,1,17,0,137,2,2,0,160,3969,4129,80
2020-05-15,47111,47111,75,1,75,1,0,0,36,1,10,0,36,,3,0,75,1050,1125,22
2020-05-15,47105,47105,48,2,48,2,1,0,7,2,4,0,41,,0,0,48,1130,1178,29
2020-05-15,47103,47103,16,0,16,0,0,0,3,0,2,0,13,,0,0,16,959,975,24
2020-05-15,47139,47139,12,0,12,0,0,0,2,-1,1,0,10,1,0,0,12,405,417,6
2020-05-15,47121,47121,22,0,22,0,0,0,3,-1,3,0,19,1,0,0,22,380,402,11
2020-05-15,47141,47141,206,2,206,2,0,0,92,2,5,0,109,,5,0,206,3062,3268,27
2020-05-15,47163,47163,57,1,57,1,3,-2,5,1,6,0,50,,2,0,57,2703,2760,125
2020-05-15,47145,47145,8,0,8,0,4,0,1,0,1,0,7,,0,0,8,2336,2344,58
2020-05-15,47099,47099,21,0,21,0,0,0,4,0,3,0,17,,0,0,21,1167,1188,29
2020-05-15,47187,47187,462,6,462,6,1,0,128,-5,45,0,324,11,10,0,462,7251,7713,118
2020-05-15,47185,47185,17,0,17,0,1,0,7,-1,1,0,10,1,0,0,17,996,1013,7
2020-05-15,47183,47183,24,0,24,0,1,0,1,0,1,0,23,,0,0,24,808,832,24
2020-05-15,47181,47181,61,58,61,58,0,0,58,58,2,0,3,,0,0,61,1873,1934,1595
2020-05-15,47179,47179,66,0,66,0,1,0,7,0,6,0,59,,0,0,66,2547,2613,67
2020-05-15,47177,47177,14,0,14,0,0,0,5,0,0,0,9,,0,0,14,1345,1359,29
2020-05-15,47175,47175,3,1,3,1,0,0,1,1,0,0,2,,0,0,3,282,285,4
2020-05-15,47173,47173,4,0,4,0,0,0,1,0,0,0,3,,0,0,4,372,376,4
2020-05-15,47171,47171,3,0,3,0,0,0,1,0,0,0,2,,0,0,3,367,370,3
2020-05-15,47169,47169,1382,0,1382,0,1,0,1268,-71,13,0,110,70,4,1,1382,1671,3053,8
2020-05-15,47167,47167,402,0,402,0,2,0,309,0,18,0,91,,2,0,402,2622,3024,73
2020-05-15,47165,47165,724,4,724,4,3,0,329,2,195,0,354,2,41,0,724,5444,6168,74
2020-05-15,47161,47161,7,0,7,0,0,0,4,0,1,0,3,,0,0,7,270,277,6
2020-05-15,47159,47159,24,0,24,0,1,0,3,0,1,0,20,,1,0,24,656,680,4
2020-05-15,47157,47157,3595,53,3595,53,0,0,1228,-140,341,8,2286,193,81,0,3595,35357,38952,1233
2020-05-15,47155,47155,66,1,66,1,6,0,6,1,6,0,58,,2,0,66,2869,2935,71
2020-05-15,47153,47153,10,0,10,0,0,0,4,0,1,0,6,,0,0,10,782,792,12
2020-05-15,47151,47151,11,0,11,0,1,0,0,0,0,0,11,,0,0,11,475,486,8
2020-05-15,47149,47149,814,18,814,18,0,0,454,7,68,0,341,11,19,0,814,8222,9036,136
2020-05-15,47147,47147,263,13,263,13,0,0,97,5,28,1,166,8,0,0,263,2470,2733,58
2020-05-15,47143,47143,7,1,7,1,0,0,2,1,0,0,5,,0,0,7,867,874,28
2020-05-15,47189,47189,316,4,316,4,0,0,118,4,27,0,190,,8,0,316,3853,4169,118
2020-05-15,47097,47097,43,0,43,0,1,0,24,0,6,0,19,,0,0,43,2885,2928,31
2020-05-15,47093,47093,302,5,302,5,4,-1,62,4,30,0,235,1,5,0,302,10857,11159,248
2020-05-15,47041,47041,28,0,28,0,0,0,11,0,0,0,17,,0,0,28,950,978,12
2020-05-15,47039,47039,5,0,5,0,0,0,0,0,0,0,5,,0,0,5,241,246,6
2020-05-15,47037,47037,3795,50,3795,50,4,0,1551,-20,311,3,2203,69,41,1,3795,25109,28904,281
2020-05-15,47035,47035,88,1,88,1,1,0,28,0,9,0,59,1,1,0,88,2740,2828,86
2020-05-15,47033,47033,13,0,13,0,2,0,4,0,1,0,8,,1,0,13,396,409,2
2020-05-15,47031,47031,60,3,60,3,1,0,23,0,5,0,37,3,0,0,60,1690,1750,53
2020-05-15,47029,47029,20,0,20,0,2,0,4,0,1,0,16,,0,0,20,738,758,24
2020-05-15,47027,47027,6,0,6,0,0,0,1,0,0,0,5,,0,0,6,314,320,2
2020-05-15,47025,47025,7,0,7,0,0,0,2,0,0,0,5,,0,0,7,546,553,19
2020-05-15,47021,47021,88,3,88,3,1,0,51,1,7,0,37,2,0,0,88,1361,1449,12
2020-05-15,47019,47019,19,0,19,0,1,0,3,0,2,0,15,,1,0,19,1098,1117,22
2020-05-15,47017,47017,24,1,24,1,5,0,7,1,4,2,16,,1,0,24,868,892,11
2020-05-15,47015,47015,13,0,13,0,0,0,4,0,2,0,9,,0,0,13,391,404,3
2020-05-15,47013,47013,17,0,17,0,1,0,0,0,2,0,16,,1,0,17,1093,1110,32
2020-05-15,47011,47011,81,1,81,1,0,0,21,0,13,0,59,1,1,0,81,1828,1909,52
2020-05-15,47009,47009,75,0,75,0,5,0,13,-1,5,1,59,1,3,0,75,2350,2425,56
2020-05-15,47007,47007,605,2,605,2,0,0,8,0,4,-1,596,2,1,0,605,3166,3771,12
2020-05-15,47005,47005,6,0,6,0,0,0,0,0,2,0,5,,1,0,6,640,646,3
2020-05-15,47003,47003,248,0,248,0,0,0,68,-7,10,0,176,7,4,0,248,1955,2203,42
2020-05-15,47001,47001,36,1,36,1,2,0,7,1,3,0,28,,1,0,36,3291,3327,82
2020-05-15,47095,47095,401,0,401,0,1,0,348,0,0,0,53,,0,0,401,1180,1581,12
2020-05-15,47043,47043,90,2,90,2,0,0,40,1,13,0,50,1,0,0,90,1615,1705,27
2020-05-15,47045,47045,44,0,44,0,3,0,10,0,4,0,34,,0,0,44,1081,1125,18
2020-05-15,47023,47023,12,0,12,0,0,0,2,0,1,0,10,,0,0,12,413,425,4
2020-05-15,47049,47049,6,0,6,0,0,0,3,0,1,0,3,,0,0,6,516,522,10
2020-05-15,47047,47047,88,2,88,2,1,0,24,2,13,0,62,,2,0,88,1747,1835,58
2020-05-15,47089,47089,26,0,26,0,3,0,5,0,0,0,21,,0,0,26,1319,1345,27
2020-05-15,47087,47087,10,0,10,0,0,0,3,0,1,0,7,,0,0,10,504,514,3
2020-05-15,47085,47085,12,0,12,0,0,0,5,0,1,0,6,,1,0,12,461,473,5
2020-05-15,47083,47083,6,0,6,0,0,0,2,0,4,0,4,,0,0,6,225,231,1
2020-05-15,47081,47081,52,0,52,0,0,0,9,0,2,0,43,,0,0,52,756,808,21
2020-05-15,47079,47079,17,1,17,1,0,0,4,1,3,0,13,,0,0,17,948,965,13
2020-05-15,47077,47077,11,0,11,0,0,0,3,0,1,0,8,,0,0,11,779,790,11
2020-05-15,47075,47075,29,0,29,0,1,0,7,0,6,0,21,,1,0,29,571,600,11
2020-05-15,47073,47073,32,0,32,0,0,0,2,0,6,0,28,,2,0,32,1196,1228,31
2020-05-15,47071,47071,9,0,9,0,0,0,4,0,2,0,5,,0,0,9,1112,1121,73
2020-05-15,47091,47091,15,0,15,0,0,0,10,-1,0,0,5,1,0,0,15,1825,1840,3
2020-05-15,47067,47067,0,0,0,0,0,0,0,0,0,0,,,0,0,0,104,104,0
2020-05-15,47065,47065,332,13,332,13,2,0,193,11,51,1,126,2,13,0,332,4796,5128,98
2020-05-15,47063,47063,24,-1,24,-1,4,0,5,-1,4,0,17,,2,0,24,1857,1881,66
2020-05-15,47061,47061,30,0,30,0,0,0,3,-2,10,0,26,2,1,0,30,402,432,12
2020-05-15,47059,47059,46,0,46,0,0,0,3,0,8,0,41,,2,0,46,1468,1514,35
2020-05-15,47057,47057,6,0,6,0,1,0,1,0,2,0,5,,0,0,6,457,463,13
2020-05-15,47055,47055,9,0,9,0,0,0,2,0,1,0,7,,0,0,9,761,770,24
2020-05-15,47053,47053,57,0,57,0,4,0,14,0,4,0,42,,1,0,57,1782,1839,20
2020-05-15,47051,47051,43,2,43,2,0,0,9,2,5,0,33,,1,0,43,1668,1711,44
2020-05-15,47069,47069,180,1,180,1,0,0,164,1,2,0,16,,0,0,180,4645,4825,17
2020-05-16,47141,47141,232,26,232,26,0,0,118,26,5,0,109,,5,0,232,3117,3349,81
2020-05-16,47127,47127,3,0,3,0,0,0,0,0,0,0,3,,0,0,3,247,250,3
2020-05-16,47129,47129,12,0,12,0,0,0,6,0,0,0,6,,0,0,12,2766,2778,6
2020-05-16,47131,47131,17,0,17,0,1,0,3,0,1,0,13,,1,0,17,699,716,13
2020-05-16,47139,47139,12,0,12,0,0,0,1,-1,1,0,11,1,0,0,12,412,424,7
2020-05-16,47133,47133,14,0,14,0,0,0,6,0,2,0,8,,0,0,14,873,887,10
2020-05-16,,47PEN,41,33,41,33,0,0,41,33,0,0,,,0,0,41,32764,32805,1367
2020-05-16,47135,47135,13,0,13,0,0,0,2,0,0,0,11,,0,0,13,129,142,4
2020-05-16,47125,47125,204,1,204,1,0,0,103,1,21,0,99,,2,0,204,5429,5633,101
2020-05-16,,47OOS,324,-19,324,-19,0,0,165,-23,18,0,154,4,5,0,324,48370,48694,1769
2020-05-16,47123,47123,41,3,41,3,5,0,20,2,7,1,20,1,1,0,41,679,720,14
2020-05-16,47117,47117,26,1,26,1,0,0,5,1,5,0,20,,1,0,26,850,876,11
2020-05-16,47109,47109,12,0,12,0,0,0,1,0,1,0,11,,0,0,12,591,603,15
2020-05-16,47107,47107,123,0,123,0,0,0,31,-31,17,0,80,30,12,1,123,2124,2247,25
2020-05-16,47119,47119,61,1,61,1,0,0,22,1,6,0,39,,0,0,61,2296,2357,51
2020-05-16,47115,47115,31,1,31,1,1,1,7,1,9,0,23,,1,0,31,663,694,5
2020-05-16,47113,47113,162,2,162,2,0,0,20,-1,17,0,140,3,2,0,162,4016,4178,49
2020-05-16,47111,47111,81,6,81,6,0,0,42,6,10,0,36,,3,0,81,1087,1168,43
2020-05-16,47105,47105,48,0,48,0,1,0,6,-1,4,0,42,1,0,0,48,1154,1202,24
2020-05-16,47103,47103,16,0,16,0,0,0,1,-2,2,0,15,2,0,0,16,992,1008,33
2020-05-16,47101,47101,2,0,2,0,0,0,0,0,0,0,2,,0,0,2,223,225,6
2020-05-16,47121,47121,22,0,22,0,0,0,3,0,3,0,19,,0,0,22,384,406,4
2020-05-16,47143,47143,7,0,7,0,0,0,2,0,0,0,5,,0,0,7,885,892,18
2020-05-16,47099,47099,21,0,21,0,0,0,4,0,3,0,17,,0,0,21,1187,1208,20
2020-05-16,47147,47147,274,11,274,11,0,0,104,7,28,0,170,4,0,0,274,2565,2839,106
2020-05-16,47189,47189,318,2,318,2,1,1,115,-3,27,0,195,5,8,0,318,3959,4277,108
2020-05-16,47187,47187,471,9,471,9,1,0,134,6,45,0,327,3,10,0,471,7447,7918,205
2020-05-16,47185,47185,18,1,18,1,1,0,8,1,1,0,10,,0,0,18,1047,1065,52
2020-05-16,47183,47183,24,0,24,0,1,0,1,0,1,0,23,,0,0,24,818,842,10
2020-05-16,47181,47181,63,2,63,2,0,0,59,1,2,0,4,1,0,0,63,2134,2197,263
2020-05-16,47179,47179,66,0,66,0,1,0,7,0,6,0,59,,0,0,66,2606,2672,59
2020-05-16,47177,47177,15,1,15,1,0,0,5,0,0,0,10,1,0,0,15,1390,1405,46
2020-05-16,47175,47175,3,0,3,0,0,0,1,0,0,0,2,,0,0,3,286,289,4
2020-05-16,47173,47173,4,0,4,0,0,0,1,0,0,0,3,,0,0,4,377,381,5
2020-05-16,47171,47171,3,0,3,0,0,0,1,0,0,0,2,,0,0,3,371,374,4
2020-05-16,47169,47169,1382,0,1382,0,1,0,1267,-1,13,0,111,1,4,0,1382,1680,3062,9
2020-05-16,47167,47167,403,1,403,1,2,0,310,1,18,0,91,,2,0,403,2708,3111,87
2020-05-16,47165,47165,737,13,737,13,3,0,341,12,195,0,355,1,41,0,737,5645,6382,214
2020-05-16,47163,47163,57,0,57,0,3,0,5,0,6,0,50,,2,0,57,2966,3023,263
2020-05-16,47161,47161,7,0,7,0,0,0,4,0,1,0,3,,0,0,7,273,280,3
2020-05-16,47159,47159,24,0,24,0,1,0,3,0,1,0,20,,1,0,24,675,699,19
2020-05-16,47157,47157,3681,86,3681,86,1,1,1266,38,349,8,2330,44,85,4,3681,36976,40657,1705
2020-05-16,47155,47155,68,2,68,2,6,0,4,-2,6,0,62,4,2,0,68,2935,3003,68
2020-05-16,47153,47153,10,0,10,0,0,0,4,0,1,0,6,,0,0,10,796,806,14
2020-05-16,47151,47151,11,0,11,0,1,0,0,0,0,0,11,,0,0,11,484,495,9
2020-05-16,47149,47149,847,33,847,33,0,0,468,14,71,3,360,19,19,0,847,8581,9428,392
2020-05-16,47145,47145,8,0,8,0,4,0,1,0,1,0,7,,0,0,8,2406,2414,70
2020-05-16,47097,47097,44,1,44,1,1,0,25,1,6,0,19,,0,0,44,2914,2958,30
2020-05-16,47137,47137,1,0,1,0,0,0,1,0,0,0,,,0,0,1,209,210,2
2020-05-16,47093,47093,303,1,303,1,3,-1,59,-3,30,0,239,4,5,0,303,11309,11612,453
2020-05-16,47041,47041,29,1,29,1,0,0,10,-1,0,0,19,2,0,0,29,996,1025,47
2020-05-16,47039,47039,5,0,5,0,0,0,0,0,0,0,5,,0,0,5,254,259,13
2020-05-16,47037,47037,3872,77,3872,77,4,0,1536,-15,314,3,2295,92,41,0,3872,25631,29503,599
2020-05-16,47035,47035,88,0,88,0,1,0,28,0,9,0,59,,1,0,88,2780,2868,40
2020-05-16,47033,47033,13,0,13,0,2,0,3,-1,1,0,9,1,1,0,13,396,409,0
2020-05-16,47031,47031,60,0,60,0,1,0,22,-1,5,0,38,1,0,0,60,1738,1798,48
2020-05-16,47029,47029,20,0,20,0,2,0,4,0,1,0,16,,0,0,20,755,775,17
2020-05-16,47027,47027,6,0,6,0,0,0,1,0,0,0,5,,0,0,6,320,326,6
2020-05-16,47025,47025,7,0,7,0,0,0,2,0,0,0,5,,0,0,7,556,563,10
2020-05-16,47023,47023,12,0,12,0,0,0,2,0,1,0,10,,0,0,12,416,428,3
2020-05-16,47021,47021,88,0,88,0,1,0,51,0,7,0,37,,0,0,88,1417,1505,56
2020-05-16,47019,47019,19,0,19,0,1,0,3,0,2,0,15,,1,0,19,1115,1134,17
2020-05-16,47017,47017,25,1,25,1,5,0,8,1,5,1,16,,1,0,25,891,916,24
2020-05-16,47015,47015,13,0,13,0,0,0,4,0,2,0,9,,0,0,13,403,416,12
2020-05-16,47013,47013,17,0,17,0,1,0,0,0,2,0,16,,1,0,17,1109,1126,16
2020-05-16,47011,47011,81,0,81,0,0,0,18,-3,13,0,62,3,1,0,81,1896,1977,68
2020-05-16,47009,47009,75,0,75,0,5,0,13,0,5,0,59,,3,0,75,2424,2499,74
2020-05-16,47007,47007,607,2,607,2,0,0,10,2,4,0,596,,1,0,607,3175,3782,11
2020-05-16,47005,47005,6,0,6,0,0,0,0,0,2,0,5,,1,0,6,646,652,6
2020-05-16,47003,47003,251,3,251,3,0,0,69,1,10,0,178,2,4,0,251,2001,2252,49
2020-05-16,47001,47001,36,0,36,0,2,0,7,0,3,0,28,,1,0,36,3368,3404,77
2020-05-16,47043,47043,91,1,91,1,0,0,41,1,13,0,50,,0,0,91,1648,1739,34
2020-05-16,47045,47045,44,0,44,0,3,0,9,-1,5,1,35,1,0,0,44,1092,1136,11
2020-05-16,47095,47095,401,0,401,0,1,0,347,-1,0,0,54,1,0,0,401,1181,1582,1
2020-05-16,47049,47049,6,0,6,0,0,0,3,0,1,0,3,,0,0,6,527,533,11
2020-05-16,47089,47089,26,0,26,0,3,0,5,0,0,0,21,,0,0,26,1359,1385,40
2020-05-16,47087,47087,11,1,11,1,0,0,4,1,1,0,7,,0,0,11,505,516,2
2020-05-16,47085,47085,12,0,12,0,0,0,5,0,1,0,6,,1,0,12,465,477,4
2020-05-16,47083,47083,6,0,6,0,0,0,2,0,4,0,4,,0,0,6,227,233,2
2020-05-16,47081,47081,52,0,52,0,0,0,10,1,2,0,42,-1,0,0,52,774,826,18
2020-05-16,47079,47079,17,0,17,0,0,0,4,0,3,0,13,,0,0,17,984,1001,36
2020-05-16,47077,47077,12,1,12,1,0,0,2,-1,1,0,10,2,0,0,12,792,804,14
2020-05-16,47075,47075,29,0,29,0,1,0,7,0,6,0,21,,1,0,29,595,624,24
2020-05-16,47073,47073,31,-1,31,-1,0,0,1,-1,6,0,28,,2,0,31,1223,1254,26
2020-05-16,47071,47071,9,0,9,0,0,0,3,-1,2,0,6,1,0,0,9,1216,1225,104
2020-05-16,47091,47091,15,0,15,0,0,0,10,0,0,0,5,,0,0,15,1831,1846,6
2020-05-16,47067,47067,0,0,0,0,0,0,0,0,0,0,,,0,0,0,109,109,5
2020-05-16,47065,47065,342,10,342,10,2,0,200,7,54,3,129,3,13,0,342,5551,5893,765
2020-05-16,47063,47063,24,0,24,0,4,0,5,0,4,0,17,,2,0,24,1898,1922,41
2020-05-16,47061,47061,30,0,30,0,0,0,3,0,10,0,26,,1,0,30,411,441,9
2020-05-16,47059,47059,46,0,46,0,1,1,3,0,8,0,41,,2,0,46,1512,1558,44
2020-05-16,47057,47057,6,0,6,0,1,0,1,0,2,0,5,,0,0,6,465,471,8
2020-05-16,47055,47055,9,0,9,0,0,0,2,0,1,0,7,,0,0,9,772,781,11
2020-05-16,47053,47053,58,1,58,1,4,0,11,-3,4,0,46,4,1,0,58,1802,1860,21
2020-05-16,47047,47047,88,0,88,0,1,0,20,-4,13,0,66,4,2,0,88,1829,1917,82
2020-05-16,47051,47051,43,0,43,0,1,1,7,-2,5,0,35,2,1,0,43,1703,1746,35
2020-05-16,47069,47069,183,3,183,3,0,0,165,1,2,0,18,2,0,0,183,4661,4844,19
2020-05-17,47129,47129,12,0,12,0,0,0,6,0,0,0,6,,0,0,12,2788,2800,22
2020-05-17,47131,47131,19,2,19,2,1,0,5,2,1,0,13,,1,0,19,703,722,6
2020-05-17,,47OOS,337,13,337,13,0,0,173,8,18,0,159,5,5,0,337,49224,49561,867
2020-05-17,47139,47139,13,1,13,1,0,0,2,1,1,0,11,,0,0,13,425,438,14
2020-05-17,,47PEN,32,-9,32,-9,2,2,32,-9,0,0,,,0,0,32,33042,33074,269
2020-05-17,47135,47135,13,0,13,0,0,0,2,0,0,0,11,,0,0,13,131,144,2
2020-05-17,47137,47137,1,0,1,0,0,0,1,0,0,0,,,0,0,1,213,214,4
2020-05-17,47127,47127,3,0,3,0,0,0,0,0,0,0,3,,0,0,3,253,256,6
2020-05-17,47133,47133,14,0,14,0,0,0,6,0,2,0,8,,0,0,14,971,985,98
2020-05-17,47125,47125,206,2,206,2,0,0,101,-2,22,1,103,4,2,0,206,5504,5710,77
2020-05-17,47115,47115,32,1,32,1,1,0,8,1,9,0,23,,1,0,32,673,705,11
2020-05-17,47109,47109,12,0,12,0,0,0,1,0,1,0,11,,0,0,12,597,609,6
2020-05-17,47107,47107,123,0,123,0,0,0,30,-1,17,0,81,1,12,0,123,2167,2290,43
2020-05-17,47119,47119,63,2,63,2,0,0,24,2,6,0,39,,0,0,63,2332,2395,38
2020-05-17,47117,47117,26,0,26,0,0,0,5,0,5,0,20,,1,0,26,868,894,18
2020-05-17,47113,47113,163,1,163,1,0,0,20,0,17,0,141,1,2,0,163,4151,4314,136
2020-05-17,47111,47111,81,0,81,0,0,0,42,0,10,0,36,,3,0,81,1093,1174,6
2020-05-17,47105,47105,48,0,48,0,1,0,6,0,4,0,42,,0,0,48,1196,1244,42
2020-05-17,47103,47103,16,0,16,0,0,0,1,0,2,0,15,,0,0,16,1010,1026,18
2020-05-17,47101,47101,2,0,2,0,0,0,0,0,0,0,2,,0,0,2,231,233,8
2020-05-17,47141,47141,235,3,235,3,0,0,117,-1,5,0,113,4,5,0,235,3153,3388,39
2020-05-17,47123,47123,41,0,41,0,5,0,19,-1,7,0,21,1,1,0,41,695,736,16
2020-05-17,47143,47143,7,0,7,0,0,0,2,0,0,0,5,,0,0,7,894,901,9
2020-05-17,47165,47165,739,2,739,2,7,4,343,2,195,0,355,,41,0,739,5679,6418,36
2020-05-17,47147,47147,274,0,274,0,0,0,103,-1,28,0,171,1,0,0,274,2575,2849,10
2020-05-17,47189,47189,318,0,318,0,2,1,115,0,27,0,195,,8,0,318,3993,4311,34
2020-05-17,47187,47187,471,0,471,0,1,0,131,-3,45,0,330,3,10,0,471,7515,7986,68
2020-05-17,47185,47185,18,0,18,0,1,0,7,-1,1,0,11,1,0,0,18,1048,1066,1
2020-05-17,47183,47183,24,0,24,0,1,0,1,0,1,0,23,,0,0,24,825,849,7
2020-05-17,47181,47181,63,0,63,0,0,0,59,0,2,0,4,,0,0,63,2142,2205,8
2020-05-17,47179,47179,66,0,66,0,1,0,7,0,6,0,59,,0,0,66,2662,2728,56
2020-05-17,47177,47177,15,0,15,0,0,0,5,0,0,0,10,,0,0,15,1401,1416,11
2020-05-17,47175,47175,3,0,3,0,0,0,1,0,0,0,2,,0,0,3,287,290,1
2020-05-17,47173,47173,4,0,4,0,0,0,1,0,0,0,3,,0,0,4,380,384,3
2020-05-17,47171,47171,3,0,3,0,0,0,1,0,0,0,2,,0,0,3,380,383,9
2020-05-17,47169,47169,1383,1,1383,1,3,2,1268,1,13,0,111,,4,0,1383,1682,3065,3
2020-05-17,47167,47167,403,0,403,0,2,0,310,0,19,1,91,,2,0,403,2740,3143,32
2020-05-17,47099,47099,21,0,21,0,0,0,4,0,3,0,17,,0,0,21,1201,1222,14
2020-05-17,47163,47163,57,0,57,0,3,0,5,0,6,0,50,,2,0,57,3004,3061,38
2020-05-17,47161,47161,7,0,7,0,0,0,4,0,1,0,3,,0,0,7,279,286,6
2020-05-17,47159,47159,24,0,24,0,1,0,3,0,1,0,20,,1,0,24,682,706,7
2020-05-17,47157,47157,3726,45,3726,45,0,-1,1283,17,350,1,2358,28,85,0,3726,37624,41350,693
2020-05-17,47155,47155,68,0,68,0,6,0,4,0,6,0,62,,2,0,68,2957,3025,22
2020-05-17,47153,47153,10,0,10,0,0,0,4,0,1,0,6,,0,0,10,805,815,9
2020-05-17,47151,47151,11,0,11,0,1,0,0,0,0,0,11,,0,0,11,496,507,12
2020-05-17,47149,47149,847,0,847,0,9,9,465,-3,72,1,363,3,19,0,847,8769,9616,188
2020-05-17,47145,47145,8,0,8,0,4,0,0,-1,1,0,8,1,0,0,8,2451,2459,45
2020-05-17,47097,47097,44,0,44,0,1,0,24,-1,6,0,20,1,0,0,44,2928,2972,14
2020-05-17,47121,47121,22,0,22,0,0,0,3,0,3,0,19,,0,0,22,389,411,5
2020-05-17,47093,47093,303,0,303,0,4,1,44,-15,30,0,254,15,5,0,303,11583,11886,274
2020-05-17,47041,47041,29,0,29,0,0,0,10,0,0,0,19,,0,0,29,1005,1034,9
2020-05-17,47039,47039,5,0,5,0,0,0,0,0,0,0,5,,0,0,5,264,269,10
2020-05-17,47037,47037,3893,21,3893,21,5,1,1526,-10,317,3,2323,28,44,3,3893,26017,29910,407
2020-05-17,47035,47035,89,1,89,1,1,0,27,-1,9,0,61,2,1,0,89,2788,2877,9
2020-05-17,47033,47033,13,0,13,0,2,0,3,0,1,0,9,,1,0,13,403,416,7
2020-05-17,47031,47031,60,0,60,0,1,0,22,0,5,0,38,,0,0,60,1768,1828,30
2020-05-17,47029,47029,20,0,20,0,2,0,3,-1,1,0,17,1,0,0,20,762,782,7
2020-05-17,47027,47027,6,0,6,0,0,0,1,0,0,0,5,,0,0,6,330,336,10
2020-05-17,47025,47025,7,0,7,0,0,0,2,0,0,0,5,,0,0,7,568,575,12
2020-05-17,47023,47023,12,0,12,0,0,0,2,0,1,0,10,,0,0,12,508,520,92
2020-05-17,47021,47021,88,0,88,0,1,0,45,-6,7,0,43,6,0,0,88,1433,1521,16
2020-05-17,47019,47019,19,0,19,0,1,0,3,0,2,0,15,,1,0,19,1142,1161,27
2020-05-17,47017,47017,25,0,25,0,5,0,8,0,5,0,16,,1,0,25,900,925,9
2020-05-17,47015,47015,13,0,13,0,0,0,4,0,2,0,9,,0,0,13,414,427,11
2020-05-17,47013,47013,17,0,17,0,1,0,0,0,2,0,16,,1,0,17,1125,1142,16
2020-05-17,47011,47011,82,1,82,1,0,0,16,-2,14,1,65,3,1,0,82,1961,2043,66
2020-05-17,47009,47009,75,0,75,0,5,0,10,-3,5,0,62,3,3,0,75,2461,2536,37
2020-05-17,47007,47007,607,0,607,0,0,0,10,0,4,0,596,,1,0,607,3181,3788,6
2020-05-17,47005,47005,6,0,6,0,0,0,0,0,2,0,5,,1,0,6,648,654,2
2020-05-17,47003,47003,252,1,252,1,0,0,67,-2,10,0,181,3,4,0,252,2056,2308,56
2020-05-17,47095,47095,404,3,404,3,1,0,350,3,0,0,54,,0,0,404,1189,1593,11
2020-05-17,47043,47043,92,1,92,1,1,1,42,1,13,0,50,,0,0,92,1666,1758,19
2020-05-17,47045,47045,44,0,44,0,3,0,9,0,5,0,35,,0,0,44,1104,1148,12
2020-05-17,47001,47001,36,0,36,0,2,0,5,-2,3,0,30,2,1,0,36,3538,3574,170
2020-05-17,47049,47049,6,0,6,0,0,0,3,0,1,0,3,,0,0,6,532,538,5
2020-05-17,47047,47047,90,2,90,2,1,0,22,2,13,0,66,,2,0,90,2129,2219,302
2020-05-17,47089,47089,26,0,26,0,3,0,5,0,0,0,21,,0,0,26,1376,1402,17
2020-05-17,47087,47087,11,0,11,0,0,0,4,0,1,0,7,,0,0,11,508,519,3
2020-05-17,47085,47085,12,0,12,0,1,1,5,0,1,0,6,,1,0,12,469,481,4
2020-05-17,47083,47083,6,0,6,0,0,0,2,0,4,0,4,,0,0,6,231,237,4
2020-05-17,47081,47081,52,0,52,0,0,0,10,0,2,0,42,,0,0,52,787,839,13
2020-05-17,47079,47079,17,0,17,0,0,0,4,0,3,0,13,,0,0,17,989,1006,5
2020-05-17,47077,47077,12,0,12,0,0,0,2,0,1,0,10,,0,0,12,798,810,6
2020-05-17,47075,47075,29,0,29,0,1,0,7,0,6,0,21,,1,0,29,616,645,21
2020-05-17,47073,47073,31,0,31,0,0,0,1,0,6,0,28,,2,0,31,1254,1285,31
2020-05-17,47091,47091,15,0,15,0,0,0,10,0,0,0,5,,0,0,15,1840,1855,9
2020-05-17,47069,47069,182,-1,182,-1,0,0,163,-2,2,0,19,1,0,0,182,4674,4856,12
2020-05-17,47067,47067,0,0,0,0,0,0,0,0,0,0,,,0,0,0,116,116,7
2020-05-17,47065,47065,347,5,347,5,2,0,202,2,54,0,132,3,13,0,347,5645,5992,99
2020-05-17,47063,47063,25,1,25,1,4,0,5,0,4,0,18,1,2,0,25,1916,1941,19
2020-05-17,47061,47061,30,0,30,0,0,0,3,0,10,0,26,,1,0,30,414,444,3
2020-05-17,47059,47059,46,0,46,0,1,0,3,0,8,0,41,,2,0,46,1540,1586,28
2020-05-17,47057,47057,6,0,6,0,1,0,1,0,2,0,5,,0,0,6,468,474,3
2020-05-17,47055,47055,10,1,10,1,0,0,3,1,1,0,7,,0,0,10,795,805,24
2020-05-17,47053,47053,58,0,58,0,4,0,10,-1,4,0,47,1,1,0,58,1823,1881,21
2020-05-17,47051,47051,43,0,43,0,1,0,7,0,5,0,35,,1,0,43,1726,1769,23
2020-05-17,47071,47071,9,0,9,0,0,0,3,0,2,0,6,,0,0,9,1224,1233,8
2020-05-18,47101,47101,2,0,2,0,0,0,0,0,0,0,2,,0,0,2,237,239,6
2020-05-18,47129,47129,12,0,12,0,0,0,6,0,0,0,6,,0,0,12,2806,2818,18
2020-05-18,47131,47131,19,0,19,0,1,0,5,0,1,0,13,,1,0,19,752,771,49
2020-05-18,,47OOS,386,49,386,49,0,0,213,40,18,0,168,9,5,0,386,51144,51530,1969
2020-05-18,47139,47139,14,1,14,1,0,0,3,1,1,0,11,,0,0,14,435,449,11
2020-05-18,,47PEN,84,52,84,52,2,0,84,52,0,0,,,0,0,84,33883,33967,893
2020-05-18,47135,47135,13,0,13,0,0,0,2,0,0,0,11,,0,0,13,133,146,2
2020-05-18,47137,47137,2,1,2,1,0,0,2,1,0,0,,,0,0,2,213,215,1
2020-05-18,47133,47133,16,2,16,2,0,0,8,2,2,0,8,,0,0,16,1026,1042,57
2020-05-18,47127,47127,3,0,3,0,0,0,0,0,0,0,3,,0,0,3,260,263,7
2020-05-18,47117,47117,27,1,27,1,0,0,6,1,5,0,20,,1,0,27,882,909,15
2020-05-18,47123,47123,49,8,49,8,5,0,24,5,7,0,24,3,1,0,49,739,788,52
2020-05-18,47109,47109,12,0,12,0,0,0,1,0,1,0,11,,0,0,12,615,627,18
2020-05-18,47107,47107,123,0,123,0,0,0,27,-3,17,0,84,3,12,0,123,2228,2351,61
2020-05-18,47119,47119,68,5,68,5,0,0,28,4,6,0,40,1,0,0,68,2390,2458,63
2020-05-18,47115,47115,33,1,33,1,1,0,9,1,9,0,23,,1,0,33,684,717,12
2020-05-18,47113,47113,163,0,163,0,0,0,18,-2,17,0,143,2,2,0,163,4304,4467,153
2020-05-18,47111,47111,90,9,90,9,0,0,51,9,10,0,36,,3,0,90,1134,1224,50
2020-05-18,47105,47105,94,46,94,46,2,1,51,45,4,0,43,1,0,0,94,1400,1494,250
2020-05-18,47103,47103,16,0,16,0,0,0,1,0,2,0,15,,0,0,16,1039,1055,29
2020-05-18,47141,47141,240,5,240,5,0,0,118,1,5,0,117,4,5,0,240,3172,3412,24
2020-05-18,47125,47125,213,7,213,7,0,0,108,7,22,0,103,,2,0,213,5779,5992,282
2020-05-18,47143,47143,10,3,10,3,0,0,4,2,0,0,6,1,0,0,10,937,947,46
2020-05-18,47165,47165,749,10,749,10,8,1,352,9,196,1,356,1,41,0,749,5973,6722,304
2020-05-18,47147,47147,294,20,294,20,0,0,121,18,28,0,173,2,0,0,294,2662,2956,107
2020-05-18,47099,47099,21,0,21,0,0,0,4,0,3,0,17,,0,0,21,1229,1250,28
2020-05-18,47189,47189,327,9,327,9,2,0,119,4,27,0,200,5,8,0,327,4428,4755,444
2020-05-18,47187,47187,480,9,480,9,1,0,139,8,45,0,331,1,10,0,480,7838,8318,332
2020-05-18,47185,47185,19,1,19,1,1,0,8,1,1,0,11,,0,0,19,1067,1086,20
2020-05-18,47183,47183,26,2,26,2,1,0,3,2,1,0,23,,0,0,26,865,891,42
2020-05-18,47181,47181,63,0,63,0,0,0,59,0,2,0,4,,0,0,63,2149,2212,7
2020-05-18,47179,47179,66,0,66,0,1,0,7,0,6,0,59,,0,0,66,2727,2793,65
2020-05-18,47177,47177,16,1,16,1,0,0,6,1,0,0,10,,0,0,16,1446,1462,46
2020-05-18,47175,47175,4,1,4,1,0,0,2,1,0,0,2,,0,0,4,290,294,4
2020-05-18,47173,47173,4,0,4,0,0,0,1,0,0,0,3,,0,0,4,398,402,18
2020-05-18,47171,47171,3,0,3,0,0,0,1,0,0,0,2,,0,0,3,388,391,8
2020-05-18,47169,47169,1383,0,1383,0,3,0,1268,0,13,0,111,,4,0,1383,1690,3073,8
2020-05-18,47167,47167,405,2,405,2,2,0,311,1,19,0,92,1,2,0,405,2911,3316,173
2020-05-18,47163,47163,57,0,57,0,3,0,4,-1,6,0,51,1,2,0,57,3259,3316,255
2020-05-18,47161,47161,7,0,7,0,0,0,4,0,1,0,3,,0,0,7,289,296,10
2020-05-18,47159,47159,25,1,25,1,1,0,3,0,1,0,21,1,1,0,25,711,736,30
2020-05-18,47157,47157,3846,120,3846,120,0,0,1318,35,352,2,2441,83,87,2,3846,39518,43364,2014
2020-05-18,47155,47155,69,1,69,1,6,0,5,1,6,0,62,,2,0,69,3060,3129,104
2020-05-18,47153,47153,10,0,10,0,0,0,4,0,1,0,6,,0,0,10,818,828,13
2020-05-18,47151,47151,12,1,12,1,1,0,1,1,0,0,11,,0,0,12,529,541,34
2020-05-18,47149,47149,884,37,884,37,9,0,492,27,72,0,373,10,19,0,884,9072,9956,340
2020-05-18,47145,47145,9,1,9,1,4,0,1,1,1,0,8,,0,0,9,2474,2483,24
2020-05-18,47097,47097,44,0,44,0,1,0,22,-2,7,1,21,1,1,1,44,2983,3027,55
2020-05-18,47121,47121,22,0,22,0,0,0,3,0,3,0,19,,0,0,22,401,423,12
2020-05-18,47093,47093,308,5,308,5,5,1,42,-2,30,0,261,7,5,0,308,11769,12077,191
2020-05-18,47043,47043,93,1,93,1,1,0,43,1,13,0,50,,0,0,93,1781,1874,116
2020-05-18,47041,47041,30,1,30,1,0,0,11,1,0,0,19,,0,0,30,1036,1066,32
2020-05-18,47039,47039,5,0,5,0,0,0,0,0,0,0,5,,0,0,5,276,281,12
2020-05-18,47037,47037,4066,173,4066,173,5,0,1632,106,319,2,2390,67,44,0,4066,27213,31279,1369
2020-05-18,47035,47035,93,4,93,4,1,0,30,3,9,0,62,1,1,0,93,2920,3013,136
2020-05-18,47033,47033,13,0,13,0,2,0,3,0,1,0,9,,1,0,13,418,431,15
2020-05-18,47031,47031,61,1,61,1,1,0,22,0,5,0,39,1,0,0,61,1811,1872,44
2020-05-18,47029,47029,20,0,20,0,2,0,3,0,1,0,17,,0,0,20,782,802,20
2020-05-18,47027,47027,6,0,6,0,0,0,1,0,0,0,5,,0,0,6,344,350,14
2020-05-18,47025,47025,8,1,8,1,0,0,3,1,0,0,5,,0,0,8,579,587,12
2020-05-18,47023,47023,12,0,12,0,0,0,2,0,1,0,10,,0,0,12,527,539,19
2020-05-18,47021,47021,92,4,92,4,1,0,49,4,7,0,43,,0,0,92,1509,1601,80
2020-05-18,47019,47019,19,0,19,0,1,0,3,0,2,0,15,,1,0,19,1176,1195,34
2020-05-18,47017,47017,25,0,25,0,5,0,7,-1,5,0,17,1,1,0,25,1024,1049,124
2020-05-18,47015,47015,13,0,13,0,0,0,3,-1,2,0,10,1,0,0,13,424,437,10
2020-05-18,47013,47013,17,0,17,0,1,0,0,0,2,0,16,,1,0,17,1175,1192,50
2020-05-18,47011,47011,83,1,83,1,0,0,15,-1,14,0,67,2,1,0,83,2021,2104,61
2020-05-18,47009,47009,76,1,76,1,5,0,9,-1,5,0,64,2,3,0,76,2486,2562,26
2020-05-18,47007,47007,607,0,607,0,0,0,9,-1,4,0,597,1,1,0,607,3196,3803,15
2020-05-18,47005,47005,7,1,7,1,0,0,1,1,2,0,5,,1,0,7,670,677,23
2020-05-18,47003,47003,254,2,254,2,0,0,62,-5,10,0,188,7,4,0,254,2093,2347,39
2020-05-18,47045,47045,44,0,44,0,3,0,9,0,6,1,35,,0,0,44,1150,1194,46
2020-05-18,47047,47047,94,4,94,4,1,0,24,2,13,0,68,2,2,0,94,2235,2329,110
2020-05-18,47001,47001,37,1,37,1,2,0,6,1,3,0,30,,1,0,37,3599,3636,62
2020-05-18,47051,47051,43,0,43,0,1,0,6,-1,5,0,36,1,1,0,43,1762,1805,36
2020-05-18,47049,47049,6,0,6,0,0,0,3,0,1,0,3,,0,0,6,563,569,31
2020-05-18,47091,47091,15,0,15,0,0,0,10,0,0,0,5,,0,0,15,1860,1875,20
2020-05-18,47089,47089,26,0,26,0,3,0,5,0,0,0,21,,0,0,26,1426,1452,50
2020-05-18,47087,47087,11,0,11,0,0,0,4,0,1,0,7,,0,0,11,517,528,9
2020-05-18,47085,47085,12,0,12,0,1,0,5,0,1,0,6,,1,0,12,483,495,14
2020-05-18,47083,47083,6,0,6,0,0,0,2,0,4,0,4,,0,0,6,235,241,4
2020-05-18,47081,47081,52,0,52,0,0,0,10,0,2,0,42,,0,0,52,810,862,23
2020-05-18,47079,47079,19,2,19,2,0,0,6,2,3,0,13,,0,0,19,1058,1077,71
2020-05-18,47077,47077,12,0,12,0,0,0,2,0,1,0,10,,0,0,12,822,834,24
2020-05-18,47075,47075,29,0,29,0,1,0,7,0,6,0,21,,1,0,29,637,666,21
2020-05-18,47073,47073,31,0,31,0,0,0,1,0,6,0,28,,2,0,31,1294,1325,40
2020-05-18,47095,47095,404,0,404,0,1,0,349,-1,0,0,55,1,0,0,404,1193,1597,4
2020-05-18,47071,47071,10,1,10,1,0,0,4,1,2,0,6,,0,0,10,1279,1289,56
2020-05-18,47069,47069,183,1,183,1,0,0,163,0,2,0,20,1,0,0,183,4725,4908,52
2020-05-18,47067,47067,0,0,0,0,0,0,0,0,0,0,,,0,0,0,117,117,1
2020-05-18,47065,47065,357,10,357,10,2,0,205,3,54,0,139,7,13,0,357,5831,6188,196
2020-05-18,47063,47063,25,0,25,0,4,0,4,-1,4,0,19,1,2,0,25,1985,2010,69
2020-05-18,47061,47061,30,0,30,0,0,0,3,0,10,0,26,,1,0,30,427,457,13
2020-05-18,47059,47059,46,0,46,0,1,0,3,0,8,0,41,,2,0,46,1577,1623,37
2020-05-18,47057,47057,6,0,6,0,1,0,1,0,2,0,5,,0,0,6,471,477,3
2020-05-18,47055,47055,12,2,12,2,0,0,4,1,1,0,8,1,0,0,12,812,824,19
2020-05-18,47053,47053,59,1,59,1,4,0,11,1,4,0,47,,1,0,59,1952,2011,130
2020-05-19,47127,47127,3,0,3,0,0,0,0,0,0,0,3,,0,0,3,261,264,1
2020-05-19,47129,47129,17,5,17,5,0,0,11,5,0,0,6,,0,0,17,2870,2887,69
2020-05-19,47131,47131,19,0,19,0,1,0,4,-1,1,0,14,1,1,0,19,791,810,39
2020-05-19,47137,47137,2,0,2,0,0,0,2,0,0,0,,,0,0,2,217,219,4
2020-05-19,47133,47133,18,2,18,2,0,0,8,0,2,0,10,2,0,0,18,1050,1068,26
2020-05-19,,47PEN,66,-18,66,-18,2,0,65,-19,0,0,1,1,0,0,66,34457,34523,556
2020-05-19,47135,47135,13,0,13,0,0,0,2,0,0,0,11,,0,0,13,133,146,0
2020-05-19,47125,47125,216,3,216,3,0,0,110,2,22,0,104,1,2,0,216,5973,6189,197
2020-05-19,,47OOS,370,-16,370,-16,0,0,201,-12,18,0,164,-4,5,0,370,52620,52990,1460
2020-05-19,47123,47123,51,2,51,2,5,0,23,-1,8,1,26,2,2,1,51,765,816,28
2020-05-19,47119,47119,71,3,71,3,0,0,29,1,7,1,42,2,0,0,71,2405,2476,18
2020-05-19,47109,47109,12,0,12,0,0,0,1,0,1,0,11,,0,0,12,622,634,7
2020-05-19,47107,47107,125,2,125,2,0,0,29,2,17,0,84,,12,0,125,2241,2366,15
2020-05-19,47139,47139,14,0,14,0,0,0,2,-1,1,0,12,1,0,0,14,437,451,2
2020-05-19,47117,47117,26,-1,26,-1,0,0,5,-1,5,0,20,,1,0,26,887,913,4
2020-05-19,47115,47115,34,1,34,1,2,1,9,0,9,0,24,1,1,0,34,690,724,7
2020-05-19,47113,47113,162,-1,162,-1,0,0,14,-4,18,1,146,3,2,0,162,4368,4530,63
2020-05-19,47111,47111,93,3,93,3,0,0,46,-5,10,0,44,8,3,0,93,1173,1266,42
2020-05-19,47105,47105,97,3,97,3,2,0,54,3,4,0,43,,0,0,97,1457,1554,60
2020-05-19,47103,47103,17,1,17,1,0,0,2,1,2,0,15,,0,0,17,1041,1058,3
2020-05-19,47101,47101,2,0,2,0,0,0,0,0,0,0,2,,0,0,2,242,244,5
2020-05-19,47121,47121,22,0,22,0,0,0,3,0,3,0,19,,0,0,22,403,425,2
2020-05-19,47141,47141,286,46,286,46,0,0,155,37,6,1,126,9,5,0,286,3343,3629,217
2020-05-19,47151,47151,11,-1,11,-1,1,0,0,-1,0,0,11,,0,0,11,543,554,13
2020-05-19,47145,47145,9,0,9,0,5,1,1,0,1,0,8,,0,0,9,2546,2555,72
2020-05-19,47099,47099,21,0,21,0,0,0,4,0,3,0,17,,0,0,21,1235,1256,6
2020-05-19,47187,47187,492,12,492,12,1,0,147,8,45,0,335,4,10,0,492,8005,8497,179
2020-05-19,47185,47185,21,2,21,2,1,0,9,1,1,0,12,1,0,0,21,1081,1102,16
2020-05-19,47183,47183,27,1,27,1,1,0,4,1,1,0,23,,0,0,27,884,911,20
2020-05-19,47181,47181,63,0,63,0,0,0,59,0,2,0,4,,0,0,63,2154,2217,5
2020-05-19,47179,47179,70,4,70,4,1,0,8,1,7,1,62,3,0,0,70,2739,2809,16
2020-05-19,47177,47177,16,0,16,0,0,0,6,0,0,0,10,,0,0,16,1478,1494,32
2020-05-19,47175,47175,4,0,4,0,0,0,2,0,0,0,2,,0,0,4,297,301,7
2020-05-19,47173,47173,4,0,4,0,0,0,1,0,0,0,3,,0,0,4,412,416,14
2020-05-19,47171,47171,3,0,3,0,0,0,0,-1,0,0,3,1,0,0,3,390,393,2
2020-05-19,47169,47169,1384,1,1384,1,3,0,483,-785,13,0,897,786,4,0,1384,1701,3085,12
2020-05-19,47167,47167,407,2,407,2,2,0,302,-9,19,0,103,11,2,0,407,2998,3405,89
2020-05-19,47165,47165,768,19,768,19,8,0,369,17,196,0,358,2,41,0,768,6358,7126,404
2020-05-19,47161,47161,8,1,8,1,0,0,5,1,1,0,3,,0,0,8,294,302,6
2020-05-19,47159,47159,29,4,29,4,1,0,7,4,1,0,21,,1,0,29,733,762,26
2020-05-19,47157,47157,3936,90,3936,90,1,1,1307,-11,351,-1,2542,101,87,0,3936,40729,44665,1301
2020-05-19,47155,47155,68,-1,68,-1,6,0,4,-1,6,0,62,,2,0,68,3391,3459,330
2020-05-19,47153,47153,9,-1,9,-1,0,0,2,-2,1,0,7,1,0,0,9,824,833,5
2020-05-19,47189,47189,338,11,338,11,2,0,129,10,27,0,201,1,8,0,338,4696,5034,279
2020-05-19,47149,47149,906,22,906,22,9,0,496,4,72,0,391,18,19,0,906,9323,10229,273
2020-05-19,47147,47147,298,4,298,4,0,0,124,3,28,0,174,1,0,0,298,2757,3055,99
2020-05-19,47143,47143,15,5,15,5,0,0,8,4,1,1,7,1,0,0,15,947,962,15
2020-05-19,47163,47163,57,0,57,0,3,0,4,0,6,0,51,,2,0,57,3350,3407,91
2020-05-19,47097,47097,48,4,48,4,1,0,16,-6,7,0,31,10,1,0,48,3023,3071,44
2020-05-19,47093,47093,313,5,313,5,5,0,45,3,30,0,263,2,5,0,313,12341,12654,577
2020-05-19,47041,47041,32,2,32,2,0,0,12,1,0,0,20,1,0,0,32,1058,1090,24
2020-05-19,47039,47039,5,0,5,0,0,0,0,0,0,0,5,,0,0,5,279,284,3
2020-05-19,47037,47037,4174,108,4174,108,5,0,1681,49,322,3,2447,57,46,2,4174,27834,32008,729
2020-05-19,47035,47035,94,1,94,1,1,0,29,-1,9,0,64,2,1,0,94,3029,3123,110
2020-05-19,47033,47033,14,1,14,1,2,0,3,0,1,0,10,1,1,0,14,427,441,10
2020-05-19,47031,47031,63,2,63,2,1,0,23,1,5,0,40,1,0,0,63,1818,1881,9
2020-05-19,47029,47029,20,0,20,0,2,0,3,0,1,0,17,,0,0,20,815,835,33
2020-05-19,47027,47027,6,0,6,0,0,0,1,0,0,0,5,,0,0,6,357,363,13
2020-05-19,47025,47025,8,0,8,0,0,0,2,-1,0,0,6,1,0,0,8,599,607,20
2020-05-19,47021,47021,93,1,93,1,1,0,50,1,7,0,43,,0,0,93,1534,1627,26
2020-05-19,47019,47019,19,0,19,0,1,0,1,-2,2,0,17,2,1,0,19,1183,1202,7
2020-05-19,47017,47017,25,0,25,0,5,0,7,0,5,0,17,,1,0,25,1037,1062,13
2020-05-19,47015,47015,13,0,13,0,0,0,2,-1,2,0,11,1,0,0,13,438,451,14
2020-05-19,47013,47013,17,0,17,0,1,0,0,0,2,0,16,,1,0,17,1193,1210,18
2020-05-19,47011,47011,84,1,84,1,0,0,14,-1,14,0,69,2,1,0,84,2043,2127,23
2020-05-19,47009,47009,76,0,76,0,5,0,8,-1,5,0,65,1,3,0,76,2620,2696,134
2020-05-19,47007,47007,607,0,607,0,0,0,9,0,4,0,597,,1,0,607,3203,3810,7
2020-05-19,47005,47005,7,0,7,0,0,0,1,0,2,0,5,,1,0,7,673,680,3
2020-05-19,47003,47003,257,3,257,3,0,0,60,-2,10,0,193,5,4,0,257,2105,2362,15
2020-05-19,47001,47001,37,0,37,0,2,0,6,0,3,0,30,,1,0,37,3684,3721,85
2020-05-19,47095,47095,403,-1,403,-1,1,0,348,-1,0,0,55,,0,0,403,1197,1600,3
2020-05-19,47043,47043,93,0,93,0,1,0,43,0,13,0,50,,0,0,93,1802,1895,21
2020-05-19,47045,47045,45,1,45,1,3,0,10,1,6,0,35,,0,0,45,1176,1221,27
2020-05-19,47023,47023,12,0,12,0,0,0,2,0,1,0,10,,0,0,12,535,547,8
2020-05-19,47049,47049,9,3,9,3,0,0,5,2,1,0,4,1,0,0,9,576,585,16
2020-05-19,47047,47047,95,1,95,1,1,0,20,-4,13,0,73,5,2,0,95,2304,2399,70
2020-05-19,47089,47089,26,0,26,0,3,0,3,-2,0,0,23,2,0,0,26,1476,1502,50
2020-05-19,47087,47087,13,2,13,2,0,0,6,2,1,0,7,,0,0,13,522,535,7
2020-05-19,47085,47085,12,0,12,0,1,0,5,0,1,0,6,,1,0,12,494,506,11
2020-05-19,47083,47083,7,1,7,1,0,0,3,1,4,0,4,,0,0,7,237,244,3
2020-05-19,47081,47081,52,0,52,0,0,0,10,0,2,0,42,,0,0,52,814,866,4
2020-05-19,47079,47079,20,1,20,1,0,0,6,0,3,0,14,1,0,0,20,1119,1139,62
2020-05-19,47077,47077,12,0,12,0,0,0,2,0,1,0,10,,0,0,12,840,852,18
2020-05-19,47075,47075,29,0,29,0,1,0,6,-1,6,0,22,1,1,0,29,658,687,21
2020-05-19,47073,47073,31,0,31,0,0,0,0,-1,6,0,29,1,2,0,31,1305,1336,11
2020-05-19,47071,47071,10,0,10,0,0,0,3,-1,2,0,6,,1,1,10,1296,1306,17
2020-05-19,47091,47091,15,0,15,0,0,0,0,-10,0,0,15,10,0,0,15,1860,1875,0
2020-05-19,47067,47067,1,1,1,1,0,0,1,1,0,0,,,0,0,1,120,121,4
2020-05-19,47065,47065,377,20,377,20,2,0,211,6,55,1,153,14,13,0,377,5926,6303,115
2020-05-19,47063,47063,24,-1,24,-1,4,0,4,0,4,0,18,-1,2,0,24,2065,2089,79
2020-05-19,47061,47061,31,1,31,1,0,0,4,1,10,0,26,,1,0,31,429,460,3
2020-05-19,47059,47059,46,0,46,0,1,0,0,-3,8,0,44,3,2,0,46,1581,1627,4
2020-05-19,47057,47057,6,0,6,0,1,0,1,0,2,0,5,,0,0,6,487,493,16
2020-05-19,47055,47055,12,0,12,0,0,0,4,0,1,0,8,,0,0,12,817,829,5
2020-05-19,47053,47053,59,0,59,0,4,0,9,-2,4,0,49,2,1,0,59,1980,2039,28
2020-05-19,47051,47051,43,0,43,0,1,0,6,0,5,0,36,,1,0,43,1772,1815,10
2020-05-19,47069,47069,183,0,183,0,0,0,163,0,2,0,20,,0,0,183,4753,4936,28
2020-05-20,47141,47141,310,24,310,24,0,0,162,7,7,1,143,17,5,0,310,3402,3712,83
2020-05-20,47129,47129,17,0,17,0,0,0,11,0,0,0,6,,0,0,17,2879,2896,9
2020-05-20,47131,47131,20,1,20,1,1,0,5,1,1,0,14,,1,0,20,797,817,7
2020-05-20,,47OOS,344,-26,344,-26,0,0,173,-28,18,0,167,3,4,-1,344,54712,55056,2066
2020-05-20,47139,47139,14,0,14,0,0,0,2,0,1,0,12,,0,0,14,438,452,1
2020-05-20,,47PEN,70,4,70,4,2,0,69,4,0,0,1,,0,0,70,35093,35163,640
2020-05-20,47135,47135,13,0,13,0,0,0,2,0,0,0,11,,0,0,13,133,146,0
2020-05-20,47137,47137,2,0,2,0,0,0,2,0,0,0,,,0,0,2,223,225,6
2020-05-20,47127,47127,3,0,3,0,0,0,0,0,0,0,3,,0,0,3,313,316,52
2020-05-20,47133,47133,18,0,18,0,0,0,5,-3,2,0,13,3,0,0,18,1092,1110,42
2020-05-20,47125,47125,216,0,216,0,0,0,108,-2,23,1,106,2,2,0,216,6066,6282,93
2020-05-20,47119,47119,73,2,73,2,0,0,31,2,7,0,42,,0,0,73,2418,2491,15
2020-05-20,47121,47121,22,0,22,0,0,0,3,0,3,0,19,,0,0,22,405,427,2
2020-05-20,47109,47109,12,0,12,0,0,0,1,0,1,0,11,,0,0,12,639,651,17
2020-05-20,47107,47107,125,0,125,0,0,0,23,-6,17,0,90,6,12,0,125,2261,2386,20
2020-05-20,47117,47117,27,1,27,1,0,0,5,0,5,0,21,1,1,0,27,889,916,3
2020-05-20,47115,47115,35,1,35,1,1,-1,10,1,9,0,24,,1,0,35,701,736,12
2020-05-20,47113,47113,162,0,162,0,0,0,13,-1,18,0,147,1,2,0,162,4442,4604,74
2020-05-20,47111,47111,93,0,93,0,0,0,42,-4,10,0,48,4,3,0,93,1195,1288,22
2020-05-20,47105,47105,102,5,102,5,4,2,59,5,5,1,43,,0,0,102,1487,1589,35
2020-05-20,47103,47103,19,2,19,2,0,0,3,1,2,0,16,1,0,0,19,1045,1064,6
2020-05-20,47123,47123,53,2,53,2,6,1,23,0,8,0,28,2,2,0,53,786,839,23
2020-05-20,47143,47143,13,-2,13,-2,0,0,5,-3,1,0,8,1,0,0,13,954,967,5
2020-05-20,47101,47101,2,0,2,0,0,0,0,0,0,0,2,,0,0,2,242,244,0
2020-05-20,47147,47147,301,3,301,3,0,0,122,-2,28,0,179,5,0,0,301,2784,3085,30
2020-05-20,47189,47189,344,6,344,6,2,0,118,-11,27,0,218,17,8,0,344,4853,5197,163
2020-05-20,47187,47187,488,-4,488,-4,0,-1,138,-9,45,0,340,5,10,0,488,8107,8595,98
2020-05-20,47185,47185,22,1,22,1,1,0,9,0,2,1,13,1,0,0,22,1100,1122,20
2020-05-20,47183,47183,26,-1,26,-1,1,0,3,-1,1,0,23,,0,0,26,900,926,15
2020-05-20,47181,47181,63,0,63,0,0,0,59,0,2,0,4,,0,0,63,2154,2217,0
2020-05-20,47179,47179,71,1,71,1,1,0,9,1,7,0,62,,0,0,71,2741,2812,3
2020-05-20,47177,47177,16,0,16,0,0,0,5,-1,0,0,11,1,0,0,16,1484,1500,6
2020-05-20,47175,47175,4,0,4,0,0,0,2,0,0,0,2,,0,0,4,298,302,1
2020-05-20,47173,47173,4,0,4,0,0,0,1,0,0,0,3,,0,0,4,414,418,2
2020-05-20,47171,47171,3,0,3,0,0,0,0,0,0,0,3,,0,0,3,391,394,1
2020-05-20,47169,47169,1384,0,1384,0,3,0,53,-430,13,0,1327,430,4,0,1384,1724,3108,23
2020-05-20,47167,47167,409,2,409,2,2,0,260,-42,19,0,147,44,2,0,409,3054,3463,58
2020-05-20,47165,47165,769,1,769,1,8,0,367,-2,196,0,361,3,41,0,769,6686,7455,329
2020-05-20,47163,47163,58,1,58,1,3,0,2,-2,6,0,54,3,2,0,58,3369,3427,20
2020-05-20,47161,47161,8,0,8,0,0,0,5,0,1,0,3,,0,0,8,299,307,5
2020-05-20,47159,47159,29,0,29,0,1,0,6,-1,1,0,22,1,1,0,29,741,770,8
2020-05-20,47157,47157,3973,37,3973,37,1,0,1269,-38,357,6,2614,72,90,3,3973,41690,45663,998
2020-05-20,47155,47155,68,0,68,0,6,0,1,-3,6,0,65,3,2,0,68,3559,3627,168
2020-05-20,47153,47153,9,0,9,0,0,0,2,0,1,0,7,,0,0,9,826,835,2
2020-05-20,47151,47151,11,0,11,0,1,0,0,0,0,0,11,,0,0,11,551,562,8
2020-05-20,47149,47149,913,7,913,7,8,-1,485,-11,72,0,409,18,19,0,913,9547,10460,231
2020-05-20,47145,47145,9,0,9,0,5,0,1,0,1,0,8,,0,0,9,2586,2595,40
2020-05-20,47099,47099,22,1,22,1,0,0,5,1,3,0,17,,0,0,22,1238,1260,4
2020-05-20,47025,47025,8,0,8,0,0,0,2,0,0,0,6,,0,0,8,616,624,17
2020-05-20,47095,47095,403,0,403,0,1,0,346,-2,0,0,57,2,0,0,403,1209,1612,12
2020-05-20,47043,47043,94,1,94,1,1,0,43,0,13,0,51,1,0,0,94,1816,1910,15
2020-05-20,47041,47041,32,0,32,0,0,0,12,0,0,0,20,,0,0,32,1066,1098,8
2020-05-20,47039,47039,5,0,5,0,0,0,0,0,0,0,5,,0,0,5,283,288,4
2020-05-20,47037,47037,4222,48,4222,48,5,0,1615,-66,327,5,2559,112,48,2,4222,28784,33006,998
2020-05-20,47035,47035,94,0,94,0,1,0,28,-1,9,0,65,1,1,0,94,3086,3180,57
2020-05-20,47033,47033,14,0,14,0,2,0,3,0,1,0,10,,1,0,14,434,448,7
2020-05-20,47031,47031,62,-1,62,-1,1,0,23,0,5,0,39,-1,0,0,62,1828,1890,9
2020-05-20,47029,47029,20,0,20,0,2,0,3,0,1,0,17,,0,0,20,829,849,14
2020-05-20,47027,47027,6,0,6,0,0,0,0,-1,0,0,6,1,0,0,6,360,366,3
2020-05-20,47097,47097,50,2,50,2,2,1,17,1,7,0,32,1,1,0,50,3036,3086,15
2020-05-20,47023,47023,12,0,12,0,0,0,1,-1,1,0,11,1,0,0,12,544,556,9
2020-05-20,47021,47021,94,1,94,1,1,0,51,1,7,0,43,,0,0,94,1542,1636,9
2020-05-20,47019,47019,19,0,19,0,1,0,1,0,2,0,17,,1,0,19,1184,1203,1
2020-05-20,47017,47017,26,1,26,1,5,0,7,0,5,0,18,1,1,0,26,1061,1087,25
2020-05-20,47015,47015,13,0,13,0,0,0,2,0,2,0,11,,0,0,13,445,458,7
2020-05-20,47013,47013,17,0,17,0,1,0,0,0,2,0,16,,1,0,17,1225,1242,32
2020-05-20,47011,47011,84,0,84,0,0,0,14,0,14,0,69,,1,0,84,2058,2142,15
2020-05-20,47009,47009,76,0,76,0,5,0,6,-2,5,0,67,2,3,0,76,2670,2746,50
2020-05-20,47007,47007,607,0,607,0,0,0,8,-1,4,0,598,1,1,0,607,3204,3811,1
2020-05-20,47005,47005,7,0,7,0,0,0,1,0,2,0,5,,1,0,7,679,686,6
2020-05-20,47003,47003,259,2,259,2,0,0,58,-2,10,0,197,4,4,0,259,2117,2376,14
2020-05-20,47045,47045,45,0,45,0,3,0,7,-3,6,0,38,3,0,0,45,1201,1246,25
2020-05-20,47047,47047,95,0,95,0,1,0,16,-4,13,0,77,4,2,0,95,2336,2431,32
2020-05-20,47001,47001,37,0,37,0,2,0,6,0,3,0,30,,1,0,37,3756,3793,72
2020-05-20,47051,47051,43,0,43,0,1,0,6,0,5,0,36,,1,0,43,1774,1817,2
2020-05-20,47049,47049,9,0,9,0,0,0,5,0,1,0,4,,0,0,9,579,588,3
2020-05-20,47093,47093,319,6,319,6,5,0,32,-13,30,0,282,19,5,0,319,12761,13080,426
2020-05-20,47091,47091,15,0,15,0,0,0,0,0,0,0,15,,0,0,15,1861,1876,1
2020-05-20,47089,47089,26,0,26,0,3,0,3,0,0,0,23,,0,0,26,1504,1530,28
2020-05-20,47087,47087,13,0,13,0,0,0,6,0,1,0,7,,0,0,13,528,541,6
2020-05-20,47085,47085,12,0,12,0,1,0,5,0,1,0,6,,1,0,12,509,521,15
2020-05-20,47081,47081,52,0,52,0,0,0,10,0,2,0,42,,0,0,52,816,868,2
2020-05-20,47079,47079,20,0,20,0,0,0,5,-1,4,1,15,1,0,0,20,1132,1152,13
2020-05-20,47077,47077,12,0,12,0,0,0,2,0,1,0,10,,0,0,12,876,888,36
2020-05-20,47075,47075,29,0,29,0,1,0,4,-2,6,0,24,2,1,0,29,677,706,19
2020-05-20,47083,47083,7,0,7,0,0,0,2,-1,4,0,5,1,0,0,7,237,244,0
2020-05-20,47071,47071,10,0,10,0,0,0,3,0,2,0,6,,1,0,10,1303,1313,7
2020-05-20,47069,47069,183,0,183,0,0,0,162,-1,2,0,21,1,0,0,183,4763,4946,10
2020-05-20,47067,47067,1,0,1,0,0,0,1,0,0,0,,,0,0,1,119,120,-1
2020-05-20,47065,47065,402,25,402,25,2,0,228,17,55,0,161,8,13,0,402,6219,6621,318
2020-05-20,47053,47053,59,0,59,0,4,0,5,-4,4,0,53,4,1,0,59,2014,2073,34
2020-05-20,47063,47063,24,0,24,0,4,0,4,0,5,1,18,,2,0,24,2091,2115,26
2020-05-20,47061,47061,31,0,31,0,0,0,4,0,10,0,26,,1,0,31,429,460,0
2020-05-20,47059,47059,46,0,46,0,1,0,0,0,8,0,44,,2,0,46,1583,1629,2
2020-05-20,47057,47057,6,0,6,0,1,0,0,-1,2,0,6,1,0,0,6,495,501,8
2020-05-20,47055,47055,12,0,12,0,0,0,4,0,1,0,8,,0,0,12,823,835,6
2020-05-20,47073,47073,31,0,31,0,0,0,0,0,6,0,29,,2,0,31,1311,1342,6
2020-05-21,47127,47127,3,0,3,0,0,0,0,0,0,0,3,,0,0,3,319,322,6
2020-05-21,47129,47129,17,0,17,0,0,0,11,0,0,0,6,,0,0,17,2888,2905,9
2020-05-21,47131,47131,20,0,20,0,1,0,4,-1,1,0,15,1,1,0,20,811,831,14
2020-05-21,47137,47137,2,0,2,0,0,0,2,0,0,0,,,0,0,2,224,226,1
2020-05-21,47133,47133,18,0,18,0,0,0,5,0,2,0,13,,0,0,18,1118,1136,26
2020-05-21,,47PEN,67,-3,67,-3,2,0,65,-4,0,0,2,1,0,0,67,35573,35640,477
2020-05-21,47135,47135,13,0,13,0,0,0,2,0,0,0,11,,0,0,13,139,152,6
2020-05-21,47125,47125,217,1,217,1,0,0,108,0,24,1,107,1,2,0,217,6247,6464,182
2020-05-21,,47OOS,339,-5,339,-5,0,0,158,-15,18,0,177,10,4,0,339,55613,55952,896
2020-05-21,47123,47123,55,2,55,2,6,0,25,2,8,0,28,,2,0,55,793,848,9
2020-05-21,47101,47101,2,0,2,0,0,0,0,0,0,0,2,,0,0,2,255,257,13
2020-05-21,47109,47109,12,0,12,0,0,0,1,0,1,0,11,,0,0,12,648,660,9
2020-05-21,47107,47107,124,-1,124,-1,0,0,22,-1,17,0,90,,12,0,124,2281,2405,19
2020-05-21,47119,47119,74,1,74,1,0,0,31,0,7,0,43,1,0,0,74,2479,2553,62
2020-05-21,47117,47117,27,0,27,0,0,0,5,0,5,0,21,,1,0,27,909,936,20
2020-05-21,47115,47115,35,0,35,0,1,0,9,-1,9,0,25,1,1,0,35,713,748,12
2020-05-21,47113,47113,162,0,162,0,0,0,12,-1,20,2,148,1,2,0,162,4473,4635,31
2020-05-21,47111,47111,93,0,93,0,0,0,39,-3,10,0,51,3,3,0,93,1202,1295,7
2020-05-21,47105,47105,110,8,110,8,4,0,63,4,5,0,47,4,0,0,110,1507,1617,28
2020-05-21,47103,47103,22,3,22,3,0,0,5,2,2,0,17,1,0,0,22,1082,1104,40
2020-05-21,47139,47139,14,0,14,0,0,0,2,0,1,0,12,,0,0,14,451,465,13
2020-05-21,47121,47121,22,0,22,0,0,0,3,0,3,0,19,,0,0,22,409,431,4
2020-05-21,47141,47141,321,11,321,11,0,0,170,8,7,0,146,3,5,0,321,3415,3736,24
2020-05-21,47163,47163,60,2,60,2,3,0,4,2,6,0,54,,2,0,60,3406,3466,39
2020-05-21,47145,47145,9,0,9,0,5,0,1,0,1,0,8,,0,0,9,2619,2628,33
2020-05-21,47099,47099,22,0,22,0,0,0,5,0,3,0,17,,0,0,22,1276,1298,38
2020-05-21,47187,47187,491,3,491,3,0,0,140,2,45,0,341,1,10,0,491,8255,8746,151
2020-05-21,47185,47185,22,0,22,0,1,0,6,-3,2,0,16,3,0,0,22,1128,1150,28
2020-05-21,47183,47183,26,0,26,0,1,0,3,0,1,0,23,,0,0,26,914,940,14
2020-05-21,47181,47181,63,0,63,0,0,0,59,0,2,0,4,,0,0,63,2162,2225,8
2020-05-21,47179,47179,68,-3,68,-3,1,0,2,-7,6,-1,66,4,0,0,68,2791,2859,47
2020-05-21,47177,47177,16,0,16,0,0,0,5,0,0,0,11,,0,0,16,1508,1524,24
2020-05-21,47175,47175,4,0,4,0,0,0,2,0,0,0,2,,0,0,4,300,304,2
2020-05-21,47173,47173,4,0,4,0,0,0,1,0,0,0,3,,0,0,4,418,422,4
2020-05-21,47171,47171,3,0,3,0,0,0,0,0,0,0,3,,0,0,3,404,407,13
2020-05-21,47169,47169,1385,1,1385,1,3,0,49,-4,13,0,1332,5,4,0,1385,1727,3112,4
2020-05-21,47167,47167,409,0,409,0,2,0,259,-1,19,0,148,1,2,0,409,3152,3561,98
2020-05-21,47165,47165,778,9,778,9,8,0,375,8,196,0,361,,42,1,778,6730,7508,53
2020-05-21,47161,47161,8,0,8,0,0,0,5,0,1,0,3,,0,0,8,303,311,4
2020-05-21,47159,47159,29,0,29,0,1,0,6,0,1,0,22,,1,0,29,758,787,17
2020-05-21,47157,47157,4033,60,4033,60,1,0,1230,-39,364,7,2712,98,91,1,4033,42927,46960,1297
2020-05-21,47155,47155,69,1,69,1,5,-1,1,0,6,0,66,1,2,0,69,3639,3708,81
2020-05-21,47153,47153,10,1,10,1,0,0,1,-1,1,0,9,2,0,0,10,840,850,15
2020-05-21,47151,47151,11,0,11,0,1,0,0,0,0,0,11,,0,0,11,559,570,8
2020-05-21,47149,47149,930,17,930,17,8,0,490,5,74,2,420,11,20,1,930,9664,10594,134
2020-05-21,47147,47147,317,16,317,16,0,0,132,10,30,2,185,6,0,0,317,2885,3202,117
2020-05-21,47143,47143,188,175,188,175,0,0,179,174,2,1,9,1,0,0,188,1042,1230,263
2020-05-21,47097,47097,51,1,51,1,2,0,18,1,7,0,32,,1,0,51,3075,3126,40
2020-05-21,47189,47189,344,0,344,0,2,0,116,-2,27,0,220,2,8,0,344,4928,5272,75
2020-05-21,47093,47093,321,2,321,2,5,0,33,1,31,1,283,1,5,0,321,12960,13281,201
2020-05-21,47041,47041,32,0,32,0,0,0,11,-1,0,0,21,1,0,0,32,1095,1127,29
2020-05-21,47039,47039,5,0,5,0,0,0,0,0,0,0,5,,0,0,5,286,291,3
2020-05-21,47037,47037,4292,70,4292,70,5,0,1547,-68,331,4,2697,138,48,0,4292,29129,33421,415
2020-05-21,47035,47035,96,2,96,2,1,0,26,-2,9,0,69,4,1,0,96,3172,3268,88
2020-05-21,47033,47033,14,0,14,0,2,0,3,0,1,0,10,,1,0,14,436,450,2
2020-05-21,47031,47031,63,1,63,1,1,0,22,-1,5,0,41,2,0,0,63,1886,1949,59
2020-05-21,47029,47029,20,0,20,0,2,0,3,0,1,0,17,,0,0,20,861,881,32
2020-05-21,47027,47027,6,0,6,0,0,0,0,0,0,0,6,,0,0,6,369,375,9
2020-05-21,47025,47025,8,0,8,0,0,0,2,0,0,0,6,,0,0,8,625,633,9
2020-05-21,47023,47023,12,0,12,0,0,0,1,0,1,0,11,,0,0,12,551,563,7
2020-05-21,47021,47021,97,3,97,3,1,0,50,-1,7,0,47,4,0,0,97,1595,1692,56
2020-05-21,47019,47019,19,0,19,0,1,0,1,0,2,0,17,,1,0,19,1205,1224,21
2020-05-21,47017,47017,26,0,26,0,5,0,6,-1,6,1,19,1,1,0,26,1098,1124,37
2020-05-21,47015,47015,15,2,15,2,0,0,4,2,2,0,11,,0,0,15,450,465,7
2020-05-21,47013,47013,17,0,17,0,1,0,0,0,2,0,16,,1,0,17,1247,1264,22
2020-05-21,47011,47011,89,5,89,5,0,0,18,4,14,0,70,1,1,0,89,2123,2212,70
2020-05-21,47009,47009,77,1,77,1,5,0,4,-2,5,0,70,3,3,0,77,2737,2814,68
2020-05-21,47007,47007,607,0,607,0,0,0,5,-3,4,0,601,3,1,0,607,3217,3824,13
2020-05-21,47005,47005,7,0,7,0,0,0,1,0,2,0,5,,1,0,7,686,693,7
2020-05-21,47003,47003,262,3,262,3,0,0,56,-2,10,0,202,5,4,0,262,2184,2446,70
2020-05-21,47001,47001,37,0,37,0,2,0,6,0,3,0,30,,1,0,37,3813,3850,57
2020-05-21,47043,47043,97,3,97,3,0,-1,46,3,13,0,51,,0,0,97,1880,1977,67
2020-05-21,47045,47045,45,0,45,0,3,0,7,0,6,0,38,,0,0,45,1212,1257,11
2020-05-21,47095,47095,403,0,403,0,1,0,345,-1,0,0,58,1,0,0,403,1211,1614,2
2020-05-21,47049,47049,9,0,9,0,0,0,4,-1,1,0,5,1,0,0,9,596,605,17
2020-05-21,47047,47047,98,3,98,3,1,0,18,2,15,2,78,1,2,0,98,2413,2511,80
2020-05-21,47091,47091,15,0,15,0,0,0,0,0,0,0,15,,0,0,15,1869,1884,8
2020-05-21,47089,47089,27,1,27,1,3,0,3,0,0,0,24,1,0,0,27,1525,1552,22
2020-05-21,47087,47087,13,0,13,0,0,0,6,0,1,0,7,,0,0,13,531,544,3
2020-05-21,47085,47085,12,0,12,0,1,0,5,0,1,0,6,,1,0,12,525,537,16
2020-05-21,47083,47083,7,0,7,0,0,0,2,0,4,0,5,,0,0,7,240,247,3
2020-05-21,47079,47079,28,8,28,8,0,0,13,8,5,1,15,,0,0,28,1187,1215,63
2020-05-21,47077,47077,12,0,12,0,0,0,2,0,1,0,10,,0,0,12,890,902,14
2020-05-21,47075,47075,29,0,29,0,1,0,4,0,6,0,24,,1,0,29,682,711,5
2020-05-21,47073,47073,31,0,31,0,0,0,0,0,6,0,29,,2,0,31,1327,1358,16
2020-05-21,47081,47081,52,0,52,0,0,0,8,-2,2,0,44,2,0,0,52,837,889,21
2020-05-21,47069,47069,184,1,184,1,0,0,94,-68,2,0,90,69,0,0,184,4793,4977,31
2020-05-21,47067,47067,1,0,1,0,0,0,1,0,0,0,,,0,0,1,120,121,1
2020-05-21,47065,47065,425,23,425,23,2,0,245,17,56,1,167,6,13,0,425,6401,6826,205
2020-05-21,47063,47063,24,0,24,0,4,0,2,-2,5,0,20,2,2,0,24,2126,2150,35
2020-05-21,47051,47051,44,1,44,1,1,0,7,1,5,0,36,,1,0,44,1820,1864,47
2020-05-21,47061,47061,31,0,31,0,0,0,4,0,10,0,26,,1,0,31,435,466,6
2020-05-21,47059,47059,46,0,46,0,1,0,0,0,8,0,44,,2,0,46,1618,1664,35
2020-05-21,47057,47057,6,0,6,0,1,0,0,0,2,0,6,,0,0,6,502,508,7
2020-05-21,47055,47055,12,0,12,0,0,0,4,0,1,0,8,,0,0,12,855,867,32
2020-05-21,47053,47053,59,0,59,0,4,0,5,0,4,0,53,,1,0,59,2029,2088,15
2020-05-21,47071,47071,10,0,10,0,0,0,2,-1,2,0,6,,2,1,10,1314,1324,11
2020-05-22,47127,47127,3,0,3,0,0,0,0,0,0,0,3,,0,0,3,321,324,2
2020-05-22,47129,47129,17,0,17,0,0,0,11,0,0,0,6,,0,0,17,2898,2915,10
2020-05-22,47131,47131,21,1,21,1,1,0,5,1,1,0,15,,1,0,21,852,873,42
2020-05-22,47137,47137,2,0,2,0,0,0,2,0,0,0,,,0,0,2,227,229,3
2020-05-22,47133,47133,18,0,18,0,0,0,5,0,2,0,13,,0,0,18,1128,1146,10
2020-05-22,,47PEN,61,-6,61,-6,2,0,61,-4,0,0,,-2,0,0,61,36237,36298,658
2020-05-22,47135,47135,13,0,13,0,0,0,1,-1,0,0,12,1,0,0,13,142,155,3
2020-05-22,47125,47125,218,1,218,1,0,0,108,0,24,0,107,,3,1,218,6279,6497,33
2020-05-22,,47OOS,353,14,353,14,0,0,167,9,19,1,182,5,4,0,353,57235,57588,1636
2020-05-22,47123,47123,57,2,57,2,8,2,26,1,8,0,29,1,2,0,57,832,889,41
2020-05-22,47101,47101,3,1,3,1,0,0,1,1,0,0,2,,0,0,3,256,259,2
2020-05-22,47109,47109,12,0,12,0,0,0,1,0,1,0,11,,0,0,12,655,667,7
2020-05-22,47107,47107,124,0,124,0,1,1,20,-2,17,0,92,2,12,0,124,2293,2417,12
2020-05-22,47119,47119,78,4,78,4,0,0,30,-1,7,0,48,5,0,0,78,2500,2578,25
2020-05-22,47117,47117,28,1,28,1,0,0,5,0,5,0,22,1,1,0,28,913,941,5
2020-05-22,47115,47115,35,0,35,0,1,0,9,0,9,0,25,,1,0,35,715,750,2
2020-05-22,47113,47113,163,1,163,1,0,0,12,0,20,0,149,1,2,0,163,4522,4685,50
2020-05-22,47111,47111,97,4,97,4,0,0,43,4,10,0,51,,3,0,97,1215,1312,17
2020-05-22,47105,47105,130,20,130,20,5,1,79,16,5,0,51,4,0,0,130,1646,1776,159
2020-05-22,47103,47103,26,4,26,4,0,0,9,4,2,0,17,,0,0,26,1085,1111,7
2020-05-22,47139,47139,14,0,14,0,0,0,2,0,1,0,12,,0,0,14,452,466,1
2020-05-22,47121,47121,22,0,22,0,0,0,3,0,3,0,19,,0,0,22,417,439,8
2020-05-22,47141,47141,350,29,350,29,0,0,197,27,7,0,148,2,5,0,350,3588,3938,202
2020-05-22,47163,47163,61,1,61,1,3,0,4,0,6,0,55,1,2,0,61,3440,3501,35
2020-05-22,47145,47145,10,1,10,1,5,0,2,1,1,0,8,,0,0,10,2646,2656,28
2020-05-22,47099,47099,23,1,23,1,0,0,6,1,3,0,17,,0,0,23,1280,1303,5
2020-05-22,47187,47187,500,9,500,9,0,0,147,7,45,0,343,2,10,0,500,8357,8857,111
2020-05-22,47185,47185,22,0,22,0,1,0,6,0,2,0,16,,0,0,22,1140,1162,12
2020-05-22,47183,47183,26,0,26,0,1,0,3,0,1,0,23,,0,0,26,942,968,28
2020-05-22,47181,47181,63,0,63,0,0,0,59,0,2,0,4,,0,0,63,2168,2231,6
2020-05-22,47179,47179,68,0,68,0,1,0,2,0,6,0,66,,0,0,68,2824,2892,33
2020-05-22,47177,47177,16,0,16,0,0,0,5,0,0,0,11,,0,0,16,1516,1532,8
2020-05-22,47175,47175,4,0,4,0,0,0,2,0,0,0,2,,0,0,4,302,306,2
2020-05-22,47173,47173,4,0,4,0,0,0,1,0,0,0,3,,0,0,4,428,432,10
2020-05-22,47171,47171,3,0,3,0,0,0,0,0,0,0,3,,0,0,3,407,410,3
2020-05-22,47169,47169,1390,5,1390,5,3,0,51,2,13,0,1335,3,4,0,1390,1729,3119,7
2020-05-22,47167,47167,423,14,423,14,2,0,272,13,19,0,149,1,2,0,423,3222,3645,84
2020-05-22,47165,47165,792,14,792,14,8,0,388,13,196,0,362,1,42,0,792,6927,7719,211
2020-05-22,47161,47161,8,0,8,0,0,0,5,0,1,0,3,,0,0,8,306,314,3
2020-05-22,47159,47159,29,0,29,0,1,0,6,0,1,0,22,,1,0,29,774,803,16
2020-05-22,47157,47157,4127,94,4127,94,1,0,1254,24,371,7,2781,69,92,1,4127,44688,48815,1855
2020-05-22,47155,47155,70,1,70,1,5,0,2,1,6,0,66,,2,0,70,3701,3771,63
2020-05-22,47153,47153,10,0,10,0,0,0,1,0,1,0,9,,0,0,10,840,850,0
2020-05-22,47151,47151,11,0,11,0,1,0,0,0,0,0,11,,0,0,11,563,574,4
2020-05-22,47149,47149,950,20,950,20,8,0,497,7,74,0,433,13,20,0,950,9779,10729,135
2020-05-22,47147,47147,335,18,335,18,0,0,147,15,32,2,188,3,0,0,335,2982,3317,115
2020-05-22,47143,47143,193,5,193,5,0,0,182,3,2,0,11,2,0,0,193,1049,1242,12
2020-05-22,47189,47189,343,-1,343,-1,2,0,113,-3,27,0,222,2,8,0,343,4998,5341,69
2020-05-22,47097,47097,51,0,51,0,2,0,18,0,7,0,32,,1,0,51,3088,3139,13
2020-05-22,47093,47093,322,1,322,1,5,0,25,-8,31,0,292,9,5,0,322,13232,13554,273
2020-05-22,47041,47041,32,0,32,0,0,0,7,-4,0,0,25,4,0,0,32,1100,1132,5
2020-05-22,47039,47039,5,0,5,0,0,0,0,0,0,0,5,,0,0,5,295,300,9
2020-05-22,47037,47037,4396,104,4396,104,5,0,1485,-62,338,7,2863,166,48,0,4396,29649,34045,624
2020-05-22,47035,47035,97,1,97,1,1,0,24,-2,9,0,72,3,1,0,97,3186,3283,15
2020-05-22,47033,47033,14,0,14,0,2,0,3,0,1,0,10,,1,0,14,454,468,18
2020-05-22,47031,47031,64,1,64,1,1,0,23,1,5,0,41,,0,0,64,1892,1956,7
2020-05-22,47029,47029,20,0,20,0,2,0,2,-1,1,0,18,1,0,0,20,870,890,9
2020-05-22,47027,47027,6,0,6,0,0,0,0,0,0,0,6,,0,0,6,374,380,5
2020-05-22,47025,47025,8,0,8,0,0,0,1,-1,0,0,7,1,0,0,8,635,643,10
2020-05-22,47021,47021,100,3,100,3,1,0,52,2,7,0,48,1,0,0,100,1618,1718,26
2020-05-22,47019,47019,19,0,19,0,1,0,1,0,2,0,17,,1,0,19,1210,1229,5
2020-05-22,47017,47017,26,0,26,0,5,0,4,-2,6,0,21,2,1,0,26,1150,1176,52
2020-05-22,47015,47015,15,0,15,0,0,0,4,0,2,0,11,,0,0,15,452,467,2
2020-05-22,47013,47013,17,0,17,0,1,0,0,0,2,0,16,,1,0,17,1267,1284,20
2020-05-22,47011,47011,90,1,90,1,0,0,17,-1,14,0,72,2,1,0,90,2134,2224,12
2020-05-22,47009,47009,78,1,78,1,5,0,5,1,5,0,70,,3,0,78,2769,2847,33
2020-05-22,47007,47007,607,0,607,0,0,0,4,-1,4,0,602,1,1,0,607,3227,3834,10
2020-05-22,47005,47005,7,0,7,0,0,0,1,0,2,0,5,,1,0,7,694,701,8
2020-05-22,47003,47003,263,1,263,1,0,0,54,-2,10,0,205,3,4,0,263,2196,2459,13
2020-05-22,47001,47001,37,0,37,0,2,0,5,-1,3,0,31,1,1,0,37,3850,3887,37
2020-05-22,47095,47095,406,3,406,3,1,0,347,2,0,0,59,1,0,0,406,1219,1625,11
2020-05-22,47043,47043,101,4,101,4,0,0,48,2,14,1,53,2,0,0,101,1891,1992,15
2020-05-22,47045,47045,46,1,46,1,3,0,7,0,6,0,39,1,0,0,46,1227,1273,16
2020-05-22,47023,47023,12,0,12,0,0,0,1,0,1,0,11,,0,0,12,558,570,7
2020-05-22,47049,47049,9,0,9,0,0,0,2,-2,1,0,7,2,0,0,9,596,605,0
2020-05-22,47047,47047,100,2,100,2,1,0,19,1,15,0,79,1,2,0,100,2495,2595,84
2020-05-22,47089,47089,27,0,27,0,3,0,3,0,0,0,24,,0,0,27,1550,1577,25
2020-05-22,47087,47087,14,1,14,1,0,0,7,1,1,0,7,,0,0,14,535,549,5
2020-05-22,47085,47085,12,0,12,0,1,0,5,0,1,0,6,,1,0,12,529,541,4
2020-05-22,47083,47083,7,0,7,0,0,0,2,0,4,0,5,,0,0,7,240,247,0
2020-05-22,47081,47081,52,0,52,0,0,0,7,-1,2,0,45,1,0,0,52,839,891,2
2020-05-22,47079,47079,29,1,29,1,0,0,13,0,5,0,16,1,0,0,29,1224,1253,38
2020-05-22,47077,47077,12,0,12,0,0,0,1,-1,1,0,11,1,0,0,12,909,921,19
2020-05-22,47075,47075,29,0,29,0,1,0,4,0,6,0,24,,1,0,29,698,727,16
2020-05-22,47073,47073,31,0,31,0,0,0,0,0,6,0,29,,2,0,31,1337,1368,10
2020-05-22,47071,47071,10,0,10,0,0,0,2,0,2,0,6,,2,0,10,1323,1333,9
2020-05-22,47091,47091,15,0,15,0,0,0,0,0,0,0,15,,0,0,15,1869,1884,0
2020-05-22,47067,47067,1,0,1,0,0,0,1,0,0,0,,,0,0,1,120,121,0
2020-05-22,47065,47065,468,43,468,43,2,0,272,27,58,2,183,16,13,0,468,6479,6947,121
2020-05-22,47063,47063,25,1,25,1,4,0,2,0,5,0,21,1,2,0,25,2148,2173,23
2020-05-22,47061,47061,31,0,31,0,0,0,4,0,10,0,26,,1,0,31,435,466,0
2020-05-22,47059,47059,47,1,47,1,1,0,1,1,8,0,44,,2,0,47,1638,1685,21
2020-05-22,47057,47057,6,0,6,0,1,0,0,0,2,0,6,,0,0,6,510,516,8
2020-05-22,47055,47055,12,0,12,0,0,0,4,0,1,0,8,,0,0,12,858,870,3
2020-05-22,47053,47053,60,1,60,1,4,0,5,0,4,0,54,1,1,0,60,2158,2218,130
2020-05-22,47051,47051,45,1,45,1,1,0,6,-1,6,1,38,2,1,0,45,1828,1873,9
2020-05-22,47069,47069,187,3,187,3,0,0,63,-31,2,0,124,34,0,0,187,4805,4992,15
2020-05-23,47141,47141,359,9,359,9,0,0,206,9,8,1,148,,5,0,359,3662,4021,83
2020-05-23,47129,47129,17,0,17,0,0,0,11,0,0,0,6,,0,0,17,2904,2921,6
2020-05-23,47131,47131,24,3,24,3,1,0,8,3,1,0,15,,1,0,24,875,899,26
2020-05-23,,47OOS,341,-12,341,-12,0,0,153,-14,20,1,184,2,4,0,341,58083,58424,836
2020-05-23,47139,47139,14,0,14,0,1,1,1,-1,1,0,13,1,0,0,14,453,467,1
2020-05-23,,47PEN,81,20,81,20,1,-1,81,20,0,0,,,0,0,81,36652,36733,435
2020-05-23,47135,47135,13,0,13,0,0,0,1,0,0,0,12,,0,0,13,142,155,0
2020-05-23,47137,47137,3,1,3,1,0,0,3,1,0,0,,,0,0,3,227,230,1
2020-05-23,47127,47127,3,0,3,0,0,0,0,0,0,0,3,,0,0,3,321,324,0
2020-05-23,47133,47133,20,2,20,2,0,0,6,1,2,0,14,1,0,0,20,1129,1149,3
2020-05-23,47125,47125,234,16,234,16,0,0,124,16,24,0,107,,3,0,234,6521,6755,258
2020-05-23,47117,47117,27,-1,27,-1,0,0,4,-1,5,0,22,,1,0,27,929,956,15
2020-05-23,47109,47109,12,0,12,0,0,0,0,-1,1,0,12,1,0,0,12,659,671,4
2020-05-23,47107,47107,133,9,133,9,1,0,26,6,17,0,94,2,13,1,133,2320,2453,36
2020-05-23,47119,47119,78,0,78,0,0,0,29,-1,7,0,49,1,0,0,78,2550,2628,50
2020-05-23,47115,47115,36,1,36,1,0,-1,10,1,10,1,25,,1,0,36,727,763,13
2020-05-23,47113,47113,164,1,164,1,1,1,11,-1,20,0,151,2,2,0,164,4552,4716,31
2020-05-23,47111,47111,97,0,97,0,0,0,34,-9,10,0,60,9,3,0,97,1221,1318,6
2020-05-23,47105,47105,131,1,131,1,5,0,80,1,5,0,51,,0,0,131,1667,1798,22
2020-05-23,47103,47103,26,0,26,0,0,0,9,0,2,0,17,,0,0,26,1095,1121,10
2020-05-23,47101,47101,3,0,3,0,0,0,1,0,0,0,2,,0,0,3,263,266,7
2020-05-23,47123,47123,56,-1,56,-1,8,0,23,-3,8,0,31,2,2,0,56,836,892,3
2020-05-23,47143,47143,194,1,194,1,0,0,183,1,2,0,11,,0,0,194,1082,1276,34
2020-05-23,47099,47099,24,1,24,1,0,0,7,1,3,0,17,,0,0,24,1305,1329,26
2020-05-23,47147,47147,360,25,360,25,0,0,163,16,33,1,197,9,0,0,360,3210,3570,253
2020-05-23,47189,47189,343,0,343,0,2,0,110,-3,27,0,225,3,8,0,343,5248,5591,250
2020-05-23,47187,47187,503,3,503,3,0,0,149,2,45,0,344,1,10,0,503,8418,8921,64
2020-05-23,47185,47185,24,2,24,2,1,0,8,2,3,1,16,,0,0,24,1145,1169,7
2020-05-23,47183,47183,26,0,26,0,1,0,2,-1,1,0,24,1,0,0,26,964,990,22
2020-05-23,47181,47181,63,0,63,0,0,0,59,0,2,0,4,,0,0,63,2173,2236,5
2020-05-23,47179,47179,72,4,72,4,1,0,6,4,6,0,66,,0,0,72,2864,2936,44
2020-05-23,47177,47177,19,3,19,3,0,0,8,3,0,0,11,,0,0,19,1520,1539,7
2020-05-23,47175,47175,4,0,4,0,0,0,2,0,0,0,2,,0,0,4,303,307,1
2020-05-23,47173,47173,4,0,4,0,0,0,1,0,0,0,3,,0,0,4,429,433,1
2020-05-23,47171,47171,3,0,3,0,0,0,0,0,0,0,3,,0,0,3,406,409,-1
2020-05-23,47169,47169,1388,-2,1388,-2,3,0,49,-2,13,0,1335,,4,0,1388,1756,3144,25
2020-05-23,47167,47167,426,3,426,3,2,0,275,3,20,1,149,,2,0,426,3246,3672,27
2020-05-23,47165,47165,809,17,809,17,9,1,402,14,196,0,362,,45,3,809,6976,7785,66
2020-05-23,47163,47163,61,0,61,0,3,0,4,0,6,0,55,,2,0,61,3481,3542,41
2020-05-23,47161,47161,8,0,8,0,0,0,5,0,1,0,3,,0,0,8,324,332,18
2020-05-23,47159,47159,29,0,29,0,1,0,6,0,2,1,22,,1,0,29,784,813,10
2020-05-23,47157,47157,4225,98,4225,98,1,0,1290,36,373,2,2843,62,92,0,4225,45828,50053,1238
2020-05-23,47155,47155,72,2,72,2,5,0,4,2,6,0,66,,2,0,72,3715,3787,16
2020-05-23,47153,47153,10,0,10,0,0,0,1,0,1,0,9,,0,0,10,852,862,12
2020-05-23,47151,47151,11,0,11,0,1,0,0,0,0,0,11,,0,0,11,565,576,2
2020-05-23,47149,47149,977,27,977,27,8,0,520,23,75,1,435,2,22,2,977,9849,10826,97
2020-05-23,47145,47145,13,3,13,3,5,0,4,2,1,0,9,1,0,0,13,2657,2670,14
2020-05-23,47097,47097,51,0,51,0,2,0,18,0,7,0,32,,1,0,51,3107,3158,19
2020-05-23,47121,47121,25,3,25,3,0,0,6,3,3,0,19,,0,0,25,430,455,16
2020-05-23,47093,47093,326,4,326,4,5,0,28,3,31,0,293,1,5,0,326,13364,13690,136
2020-05-23,47043,47043,101,0,101,0,0,0,47,-1,14,0,54,1,0,0,101,1967,2068,76
2020-05-23,47041,47041,33,1,33,1,0,0,7,0,0,0,26,1,0,0,33,1127,1160,28
2020-05-23,47039,47039,5,0,5,0,0,0,0,0,0,0,5,,0,0,5,296,301,1
2020-05-23,47037,47037,4465,69,4465,69,5,0,1488,3,339,1,2923,60,54,6,4465,30007,34472,427
2020-05-23,47035,47035,107,10,107,10,1,0,34,10,9,0,72,,1,0,107,3197,3304,21
2020-05-23,47033,47033,14,0,14,0,2,0,3,0,1,0,10,,1,0,14,457,471,3
2020-05-23,47031,47031,65,1,65,1,1,0,24,1,5,0,41,,0,0,65,1964,2029,73
2020-05-23,47029,47029,20,0,20,0,2,0,2,0,1,0,18,,0,0,20,873,893,3
2020-05-23,47027,47027,6,0,6,0,0,0,0,0,0,0,6,,0,0,6,380,386,6
2020-05-23,47025,47025,8,0,8,0,0,0,1,0,0,0,7,,0,0,8,642,650,7
2020-05-23,47023,47023,12,0,12,0,0,0,1,0,1,0,11,,0,0,12,562,574,4
2020-05-23,47021,47021,103,3,103,3,0,-1,55,3,7,0,48,,0,0,103,1651,1754,36
2020-05-23,47019,47019,19,0,19,0,1,0,1,0,2,0,17,,1,0,19,1225,1244,15
2020-05-23,47017,47017,27,1,27,1,5,0,4,0,6,0,22,1,1,0,27,1170,1197,21
2020-05-23,47015,47015,16,1,16,1,0,0,4,0,2,0,12,1,0,0,16,455,471,4
2020-05-23,47013,47013,17,0,17,0,1,0,0,0,2,0,16,,1,0,17,1268,1285,1
2020-05-23,47011,47011,91,1,91,1,3,3,17,0,14,0,73,1,1,0,91,2189,2280,56
2020-05-23,47009,47009,81,3,81,3,5,0,8,3,5,0,70,,3,0,81,2779,2860,13
2020-05-23,47007,47007,607,0,607,0,0,0,4,0,4,0,602,,1,0,607,3236,3843,9
2020-05-23,47005,47005,7,0,7,0,0,0,1,0,2,0,5,,1,0,7,702,709,8
2020-05-23,47003,47003,264,1,264,1,0,0,54,0,10,0,206,1,4,0,264,2242,2506,47
2020-05-23,47045,47045,48,2,48,2,3,0,8,1,6,0,40,1,0,0,48,1238,1286,13
2020-05-23,47047,47047,104,4,104,4,1,0,21,2,15,0,81,2,2,0,104,2510,2614,19
2020-05-23,47001,47001,39,2,39,2,2,0,6,1,4,1,32,1,1,0,39,3862,3901,14
2020-05-23,47051,47051,45,0,45,0,2,1,6,0,6,0,38,,1,0,45,1864,1909,36
2020-05-23,47049,47049,9,0,9,0,0,0,2,0,1,0,7,,0,0,9,598,607,2
2020-05-23,47091,47091,15,0,15,0,0,0,0,0,0,0,15,,0,0,15,1874,1889,5
2020-05-23,47089,47089,27,0,27,0,3,0,3,0,0,0,24,,0,0,27,1562,1589,12
2020-05-23,47087,47087,16,2,16,2,0,0,9,2,1,0,7,,0,0,16,536,552,3
2020-05-23,47085,47085,12,0,12,0,1,0,5,0,1,0,6,,1,0,12,538,550,9
2020-05-23,47083,47083,7,0,7,0,0,0,2,0,4,0,5,,0,0,7,244,251,4
2020-05-23,47079,47079,29,0,29,0,0,0,13,0,5,0,16,,0,0,29,1230,1259,6
2020-05-23,47077,47077,12,0,12,0,0,0,1,0,1,0,11,,0,0,12,911,923,2
2020-05-23,47075,47075,29,0,29,0,1,0,3,-1,6,0,24,,2,1,29,705,734,7
2020-05-23,47073,47073,31,0,31,0,0,0,0,0,6,0,29,,2,0,31,1346,1377,9
2020-05-23,47081,47081,54,2,54,2,0,0,9,2,2,0,45,,0,0,54,849,903,12
2020-05-23,47071,47071,11,1,11,1,0,0,2,0,2,0,7,1,2,0,11,1326,1337,4
2020-05-23,47069,47069,188,1,188,1,0,0,61,-2,2,0,127,3,0,0,188,4810,4998,6
2020-05-23,47067,47067,1,0,1,0,0,0,1,0,0,0,,,0,0,1,131,132,11
2020-05-23,47065,47065,511,43,511,43,2,0,310,38,58,0,187,4,14,1,511,6570,7081,134
2020-05-23,47053,47053,61,1,61,1,4,0,6,1,4,0,54,,1,0,61,2192,2253,35
2020-05-23,47063,47063,25,0,25,0,4,0,2,0,6,1,21,,2,0,25,2158,2183,10
2020-05-23,47061,47061,31,0,31,0,0,0,4,0,10,0,26,,1,0,31,438,469,3
2020-05-23,47059,47059,48,1,48,1,1,0,2,1,8,0,44,,2,0,48,1690,1738,53
2020-05-23,47057,47057,6,0,6,0,1,0,0,0,2,0,6,,0,0,6,515,521,5
2020-05-23,47055,47055,12,0,12,0,0,0,4,0,1,0,8,,0,0,12,873,885,15
2020-05-23,47095,47095,408,2,408,2,1,0,349,2,0,0,59,,0,0,408,1221,1629,4
2020-05-24,47127,47127,3,0,3,0,0,0,0,0,0,0,3,,0,0,3,332,335,11
2020-05-24,47129,47129,17,0,17,0,0,0,11,0,0,0,6,,0,0,17,2927,2944,23
2020-05-24,47131,47131,24,0,24,0,1,0,8,0,1,0,15,,1,0,24,997,1021,122
2020-05-24,47137,47137,3,0,3,0,0,0,3,0,0,0,,,0,0,3,236,239,9
2020-05-24,47133,47133,20,0,20,0,0,0,6,0,2,0,14,,0,0,20,1154,1174,25
2020-05-24,,47PEN,72,-9,72,-9,1,0,72,-9,0,0,,,0,0,72,37387,37459,726
2020-05-24,47135,47135,13,0,13,0,0,0,1,0,0,0,12,,0,0,13,143,156,1
2020-05-24,47125,47125,240,6,240,6,0,0,130,6,25,1,107,,3,0,240,6811,7051,296
2020-05-24,,47OOS,387,46,387,46,0,0,198,45,20,0,185,1,4,0,387,59254,59641,1217
2020-05-24,47123,47123,56,0,56,0,8,0,20,-3,8,0,34,3,2,0,56,857,913,21
2020-05-24,47101,47101,3,0,3,0,0,0,1,0,0,0,2,,0,0,3,268,271,5
2020-05-24,47109,47109,12,0,12,0,0,0,0,0,1,0,12,,0,0,12,673,685,14
2020-05-24,47107,47107,134,1,134,1,1,0,27,1,17,0,94,,13,0,134,2358,2492,39
2020-05-24,47119,47119,78,0,78,0,0,0,29,0,7,0,49,,0,0,78,2597,2675,47
2020-05-24,47117,47117,27,0,27,0,0,0,4,0,5,0,22,,1,0,27,949,976,20
2020-05-24,47115,47115,36,0,36,0,0,0,10,0,10,0,25,,1,0,36,749,785,22
2020-05-24,47113,47113,165,1,165,1,1,0,11,0,20,0,152,1,2,0,165,4600,4765,49
2020-05-24,47111,47111,100,3,100,3,0,0,37,3,10,0,60,,3,0,100,1232,1332,14
2020-05-24,47105,47105,132,1,132,1,7,2,78,-2,5,0,54,3,0,0,132,1703,1835,37
2020-05-24,47103,47103,25,-1,25,-1,0,0,8,-1,2,0,17,,0,0,25,1185,1210,89
2020-05-24,47139,47139,14,0,14,0,1,0,1,0,1,0,13,,0,0,14,464,478,11
2020-05-24,47121,47121,25,0,25,0,0,0,6,0,3,0,19,,0,0,25,461,486,31
2020-05-24,47141,47141,377,18,377,18,0,0,215,9,8,0,157,9,5,0,377,3797,4174,153
2020-05-24,47163,47163,61,0,61,0,3,0,4,0,6,0,55,,2,0,61,3643,3704,162
2020-05-24,47145,47145,15,2,15,2,8,3,6,2,1,0,9,,0,0,15,2745,2760,90
2020-05-24,47099,47099,24,0,24,0,0,0,7,0,3,0,17,,0,0,24,1331,1355,26
2020-05-24,47187,47187,512,9,512,9,0,0,157,8,45,0,345,1,10,0,512,8588,9100,179
2020-05-24,47185,47185,27,3,27,3,1,0,11,3,3,0,16,,0,0,27,1167,1194,25
2020-05-24,47183,47183,26,0,26,0,1,0,2,0,1,0,24,,0,0,26,1088,1114,124
2020-05-24,47181,47181,63,0,63,0,0,0,59,0,2,0,4,,0,0,63,2175,2238,2
2020-05-24,47179,47179,73,1,73,1,1,0,7,1,6,0,66,,0,0,73,2907,2980,44
2020-05-24,47177,47177,19,0,19,0,0,0,6,-2,0,0,13,2,0,0,19,1555,1574,35
2020-05-24,47175,47175,4,0,4,0,0,0,2,0,0,0,2,,0,0,4,305,309,2
2020-05-24,47173,47173,4,0,4,0,0,0,1,0,0,0,3,,0,0,4,438,442,9
2020-05-24,47171,47171,3,0,3,0,0,0,0,0,0,0,3,,0,0,3,410,413,4
2020-05-24,47169,47169,1393,5,1393,5,3,0,54,5,13,0,1335,,4,0,1393,1770,3163,19
2020-05-24,47167,47167,421,-5,421,-5,2,0,270,-5,20,0,148,-1,3,1,421,3350,3771,99
2020-05-24,47165,47165,811,2,811,2,9,0,404,2,196,0,362,,45,0,811,7116,7927,142
2020-05-24,47161,47161,9,1,9,1,0,0,6,1,1,0,3,,0,0,9,331,340,8
2020-05-24,47159,47159,30,1,30,1,1,0,7,1,2,0,22,,1,0,30,801,831,18
2020-05-24,47157,47157,4336,111,4336,111,1,0,1380,90,379,6,2862,19,94,2,4336,47438,51774,1721
2020-05-24,47155,47155,72,0,72,0,5,0,4,0,6,0,66,,2,0,72,3802,3874,87
2020-05-24,47153,47153,10,0,10,0,0,0,1,0,1,0,9,,0,0,10,864,874,12
2020-05-24,47151,47151,11,0,11,0,1,0,0,0,0,0,11,,0,0,11,571,582,6
2020-05-24,47149,47149,998,21,998,21,8,0,538,18,75,0,438,3,22,0,998,10111,11109,283
2020-05-24,47147,47147,371,11,371,11,0,0,163,0,33,0,207,10,1,1,371,3308,3679,109
2020-05-24,47143,47143,195,1,195,1,0,0,183,0,3,1,12,1,0,0,195,1126,1321,45
2020-05-24,47097,47097,51,0,51,0,2,0,16,-2,7,0,34,2,1,0,51,3126,3177,19
2020-05-24,47189,47189,355,12,355,12,2,0,122,12,27,0,225,,8,0,355,5487,5842,251
2020-05-24,47093,47093,331,5,331,5,5,0,33,5,32,1,293,,5,0,331,13721,14052,362
2020-05-24,47041,47041,33,0,33,0,0,0,7,0,0,0,26,,0,0,33,1140,1173,13
2020-05-24,47039,47039,5,0,5,0,0,0,0,0,0,0,5,,0,0,5,301,306,5
2020-05-24,47037,47037,4518,53,4518,53,5,0,1519,31,340,1,2942,19,57,3,4518,30854,35372,900
2020-05-24,47035,47035,109,2,109,2,1,0,36,2,9,0,72,,1,0,109,3295,3404,100
2020-05-24,47033,47033,15,1,15,1,2,0,4,1,1,0,10,,1,0,15,476,491,20
2020-05-24,47031,47031,65,0,65,0,1,0,24,0,5,0,41,,0,0,65,2032,2097,68
2020-05-24,47029,47029,20,0,20,0,2,0,2,0,1,0,18,,0,0,20,887,907,14
2020-05-24,47027,47027,7,1,7,1,0,0,1,1,0,0,6,,0,0,7,382,389,3
2020-05-24,47025,47025,8,0,8,0,0,0,1,0,0,0,7,,0,0,8,669,677,27
2020-05-24,47023,47023,12,0,12,0,0,0,1,0,1,0,11,,0,0,12,574,586,12
2020-05-24,47021,47021,104,1,104,1,0,0,56,1,7,0,48,,0,0,104,1680,1784,30
2020-05-24,47019,47019,19,0,19,0,1,0,1,0,2,0,17,,1,0,19,1244,1263,19
2020-05-24,47017,47017,27,0,27,0,5,0,3,-1,6,0,23,1,1,0,27,1238,1265,68
2020-05-24,47015,47015,17,1,17,1,0,0,5,1,2,0,12,,0,0,17,470,487,16
2020-05-24,47013,47013,17,0,17,0,1,0,0,0,2,0,16,,1,0,17,1293,1310,25
2020-05-24,47011,47011,93,2,93,2,3,0,17,0,14,0,75,2,1,0,93,2228,2321,41
2020-05-24,47009,47009,82,1,82,1,5,0,9,1,5,0,70,,3,0,82,2878,2960,100
2020-05-24,47007,47007,607,0,607,0,0,0,3,-1,4,0,603,1,1,0,607,3250,3857,14
2020-05-24,47005,47005,7,0,7,0,0,0,1,0,2,0,5,,1,0,7,714,721,12
2020-05-24,47003,47003,265,1,265,1,0,0,55,1,10,0,206,,4,0,265,2264,2529,23
2020-05-24,47001,47001,39,0,39,0,1,-1,5,-1,4,0,33,1,1,0,39,4015,4054,153
2020-05-24,47043,47043,101,0,101,0,0,0,47,0,14,0,54,,0,0,101,1997,2098,30
2020-05-24,47045,47045,48,0,48,0,3,0,7,-1,6,0,41,1,0,0,48,1262,1310,24
2020-05-24,47095,47095,409,1,409,1,1,0,350,1,0,0,59,,0,0,409,1227,1636,7
2020-05-24,47049,47049,10,1,10,1,0,0,3,1,1,0,7,,0,0,10,615,625,18
2020-05-24,47047,47047,107,3,107,3,1,0,22,1,15,0,83,2,2,0,107,2592,2699,85
2020-05-24,47091,47091,15,0,15,0,0,0,0,0,0,0,15,,0,0,15,1883,1898,9
2020-05-24,47089,47089,27,0,27,0,3,0,3,0,0,0,24,,0,0,27,1683,1710,121
2020-05-24,47087,47087,17,1,17,1,0,0,10,1,1,0,7,,0,0,17,553,570,18
2020-05-24,47085,47085,12,0,12,0,1,0,5,0,1,0,6,,1,0,12,548,560,10
2020-05-24,47083,47083,7,0,7,0,0,0,2,0,4,0,5,,0,0,7,246,253,2
2020-05-24,47079,47079,29,0,29,0,0,0,13,0,5,0,16,,0,0,29,1338,1367,108
2020-05-24,47077,47077,12,0,12,0,0,0,1,0,1,0,11,,0,0,12,916,928,5
2020-05-24,47075,47075,29,0,29,0,1,0,3,0,6,0,24,,2,0,29,720,749,15
2020-05-24,47073,47073,31,0,31,0,0,0,0,0,6,0,29,,2,0,31,1364,1395,18
2020-05-24,47081,47081,53,-1,53,-1,0,0,8,-1,2,0,45,,0,0,53,854,907,4
2020-05-24,47069,47069,189,1,189,1,0,0,60,-1,2,0,129,2,0,0,189,4839,5028,30
2020-05-24,47067,47067,1,0,1,0,0,0,1,0,0,0,,,0,0,1,132,133,1
2020-05-24,47065,47065,552,41,552,41,2,0,342,32,58,0,196,9,14,0,552,7071,7623,542
2020-05-24,47063,47063,26,1,26,1,4,0,3,1,6,0,21,,2,0,26,2200,2226,43
2020-05-24,47051,47051,46,1,46,1,2,0,7,1,6,0,38,,1,0,46,1950,1996,87
2020-05-24,47061,47061,31,0,31,0,0,0,4,0,10,0,26,,1,0,31,455,486,17
2020-05-24,47059,47059,47,-1,47,-1,1,0,1,-1,8,0,44,,2,0,47,1725,1772,34
2020-05-24,47057,47057,6,0,6,0,1,0,0,0,2,0,6,,0,0,6,522,528,7
2020-05-24,47055,47055,12,0,12,0,0,0,4,0,1,0,8,,0,0,12,895,907,22
2020-05-24,47053,47053,60,-1,60,-1,4,0,5,-1,4,0,54,,1,0,60,2219,2279,26
2020-05-24,47071,47071,11,0,11,0,0,0,2,0,2,0,7,,2,0,11,1333,1344,7
2020-05-25,47127,47127,3,0,3,0,0,0,0,0,0,0,3,,0,0,3,337,340,5
2020-05-25,47129,47129,17,0,17,0,0,0,11,0,0,0,6,,0,0,17,2947,2964,20
2020-05-25,47131,47131,24,0,24,0,1,0,8,0,1,0,15,,1,0,24,1085,1109,88
2020-05-25,47137,47137,3,0,3,0,0,0,3,0,0,0,,,0,0,3,243,246,7
2020-05-25,47133,47133,21,1,21,1,0,0,7,1,2,0,14,,0,0,21,1192,1213,39
2020-05-25,,47PEN,84,12,84,12,1,0,84,12,0,0,,,0,0,84,38327,38411,952
2020-05-25,47135,47135,13,0,13,0,0,0,1,0,0,0,12,,0,0,13,147,160,4
2020-05-25,47125,47125,248,8,248,8,0,0,138,8,25,0,107,,3,0,248,7370,7618,567
2020-05-25,,47OOS,402,15,402,15,0,0,210,12,20,0,188,3,4,0,402,61131,61533,1892
2020-05-25,47123,47123,56,0,56,0,8,0,17,-3,8,0,37,3,2,0,56,894,950,37
2020-05-25,47101,47101,3,0,3,0,0,0,1,0,0,0,2,,0,0,3,281,284,13
2020-05-25,47109,47109,12,0,12,0,0,0,0,0,1,0,12,,0,0,12,686,698,13
2020-05-25,47107,47107,135,1,135,1,1,0,28,1,17,0,93,-1,14,1,135,2433,2568,76
2020-05-25,47119,47119,79,1,79,1,0,0,27,-2,7,0,52,3,0,0,79,2675,2754,79
2020-05-25,47117,47117,29,2,29,2,0,0,6,2,5,0,22,,1,0,29,978,1007,31
2020-05-25,47115,47115,36,0,36,0,0,0,10,0,10,0,25,,1,0,36,777,813,28
2020-05-25,47113,47113,173,8,173,8,1,0,19,8,20,0,152,,2,0,173,4696,4869,104
2020-05-25,47111,47111,101,1,101,1,0,0,37,0,10,0,61,1,3,0,101,1279,1380,48
2020-05-25,47105,47105,136,4,136,4,7,0,76,-2,6,1,60,6,0,0,136,1728,1864,29
2020-05-25,47103,47103,25,0,25,0,0,0,8,0,2,0,17,,0,0,25,1226,1251,41
2020-05-25,47139,47139,14,0,14,0,1,0,1,0,1,0,13,,0,0,14,486,500,22
2020-05-25,47121,47121,25,0,25,0,0,0,5,-1,3,0,20,1,0,0,25,481,506,20
2020-05-25,47141,47141,380,3,380,3,0,0,212,-3,8,0,163,6,5,0,380,3825,4205,31
2020-05-25,47163,47163,61,0,61,0,3,0,4,0,6,0,55,,2,0,61,3801,3862,158
2020-05-25,47145,47145,15,0,15,0,8,0,6,0,1,0,9,,0,0,15,2786,2801,41
2020-05-25,47099,47099,24,0,24,0,0,0,7,0,3,0,17,,0,0,24,1371,1395,40
2020-05-25,47187,47187,522,10,522,10,0,0,167,10,45,0,345,,10,0,522,8860,9382,282
2020-05-25,47185,47185,27,0,27,0,1,0,9,-2,3,0,18,2,0,0,27,1200,1227,33
2020-05-25,47183,47183,26,0,26,0,1,0,2,0,1,0,24,,0,0,26,1142,1168,54
2020-05-25,47181,47181,63,0,63,0,0,0,59,0,2,0,4,,0,0,63,2188,2251,13
2020-05-25,47179,47179,73,0,73,0,1,0,7,0,6,0,66,,0,0,73,3024,3097,117
2020-05-25,47177,47177,21,2,21,2,0,0,8,2,0,0,13,,0,0,21,1598,1619,45
2020-05-25,47175,47175,4,0,4,0,0,0,2,0,0,0,2,,0,0,4,313,317,8
2020-05-25,47173,47173,4,0,4,0,0,0,1,0,0,0,3,,0,0,4,443,447,5
2020-05-25,47171,47171,3,0,3,0,0,0,0,0,0,0,3,,0,0,3,422,425,12
2020-05-25,47169,47169,1392,-1,1392,-1,3,0,52,-2,13,0,1336,1,4,0,1392,1780,3172,9
2020-05-25,47167,47167,427,6,427,6,2,0,274,4,22,2,150,2,3,0,427,3452,3879,108
2020-05-25,47165,47165,827,16,827,16,9,0,418,14,196,0,364,2,45,0,827,7264,8091,164
2020-05-25,47161,47161,9,0,9,0,0,0,6,0,1,0,3,,0,0,9,354,363,23
2020-05-25,47159,47159,30,0,30,0,1,0,7,0,2,0,22,,1,0,30,840,870,39
2020-05-25,47157,47157,4451,115,4451,115,1,0,1419,39,388,9,2938,76,94,0,4451,48941,53392,1618
2020-05-25,47155,47155,72,0,72,0,5,0,4,0,6,0,66,,2,0,72,4004,4076,202
2020-05-25,47153,47153,11,1,11,1,0,0,2,1,1,0,9,,0,0,11,904,915,41
2020-05-25,47151,47151,11,0,11,0,1,0,0,0,0,0,11,,0,0,11,585,596,14
2020-05-25,47149,47149,1029,31,1029,31,8,0,555,17,75,0,452,14,22,0,1029,10493,11522,413
2020-05-25,47147,47147,389,18,389,18,0,0,173,10,33,0,215,8,1,0,389,3394,3783,104
2020-05-25,47143,47143,197,2,197,2,0,0,185,2,3,0,12,,0,0,197,1261,1458,137
2020-05-25,47189,47189,363,8,363,8,2,0,129,7,27,0,226,1,8,0,363,5717,6080,238
2020-05-25,47097,47097,56,5,56,5,2,0,18,2,7,0,37,3,1,0,56,3161,3217,40
2020-05-25,47093,47093,336,5,336,5,5,0,31,-2,32,0,300,7,5,0,336,13943,14279,227
2020-05-25,47041,47041,34,1,34,1,0,0,8,1,0,0,26,,0,0,34,1144,1178,5
2020-05-25,47039,47039,5,0,5,0,0,0,0,0,0,0,5,,0,0,5,312,317,11
2020-05-25,47037,47037,4632,114,4632,114,5,0,1562,43,340,0,3012,70,58,1,4632,32126,36758,1386
2020-05-25,47035,47035,109,0,109,0,1,0,36,0,9,0,72,,1,0,109,3381,3490,86
2020-05-25,47033,47033,16,1,16,1,2,0,5,1,1,0,10,,1,0,16,490,506,15
2020-05-25,47031,47031,66,1,66,1,1,0,24,0,5,0,42,1,0,0,66,2110,2176,79
2020-05-25,47029,47029,20,0,20,0,2,0,2,0,1,0,18,,0,0,20,925,945,38
2020-05-25,47027,47027,6,-1,6,-1,0,0,0,-1,0,0,6,,0,0,6,476,482,93
2020-05-25,47025,47025,8,0,8,0,0,0,1,0,0,0,7,,0,0,8,688,696,19
2020-05-25,47021,47021,110,6,110,6,0,0,62,6,7,0,48,,0,0,110,1717,1827,43
2020-05-25,47019,47019,19,0,19,0,1,0,1,0,2,0,17,,1,0,19,1287,1306,43
2020-05-25,47017,47017,27,0,27,0,5,0,3,0,6,0,23,,1,0,27,1279,1306,41
2020-05-25,47015,47015,17,0,17,0,0,0,5,0,2,0,12,,0,0,17,485,502,15
2020-05-25,47013,47013,17,0,17,0,1,0,0,0,2,0,16,,1,0,17,1316,1333,23
2020-05-25,47011,47011,98,5,98,5,3,0,21,4,14,0,76,1,1,0,98,2317,2415,94
2020-05-25,47009,47009,82,0,82,0,5,0,9,0,5,0,70,,3,0,82,2961,3043,83
2020-05-25,47007,47007,608,1,608,1,0,0,4,1,4,0,603,,1,0,608,3264,3872,15
2020-05-25,47005,47005,7,0,7,0,0,0,1,0,2,0,5,,1,0,7,724,731,10
2020-05-25,47003,47003,269,4,269,4,0,0,49,-6,10,0,216,10,4,0,269,2313,2582,53
2020-05-25,47001,47001,39,0,39,0,1,0,4,-1,4,0,34,1,1,0,39,4059,4098,44
2020-05-25,47095,47095,410,1,410,1,1,0,350,0,0,0,60,1,0,0,410,1239,1649,13
2020-05-25,47043,47043,104,3,104,3,0,0,50,3,14,0,54,,0,0,104,2049,2153,55
2020-05-25,47045,47045,48,0,48,0,3,0,7,0,6,0,41,,0,0,48,1299,1347,37
2020-05-25,47023,47023,12,0,12,0,0,0,1,0,1,0,11,,0,0,12,588,600,14
2020-05-25,47049,47049,11,1,11,1,0,0,4,1,1,0,7,,0,0,11,625,636,11
2020-05-25,47047,47047,107,0,107,0,1,0,21,-1,14,-1,84,1,2,0,107,2657,2764,65
2020-05-25,47089,47089,27,0,27,0,3,0,3,0,0,0,24,,0,0,27,1963,1990,280
2020-05-25,47087,47087,17,0,17,0,0,0,9,-1,1,0,8,1,0,0,17,566,583,13
2020-05-25,47085,47085,13,1,13,1,1,0,6,1,1,0,6,,1,0,13,633,646,86
2020-05-25,47083,47083,7,0,7,0,0,0,2,0,4,0,5,,0,0,7,255,262,9
2020-05-25,47081,47081,53,0,53,0,0,0,7,-1,2,0,46,1,0,0,53,877,930,23
2020-05-25,47079,47079,29,0,29,0,0,0,12,-1,5,0,17,1,0,0,29,1386,1415,48
2020-05-25,47077,47077,13,1,13,1,0,0,1,0,1,0,12,1,0,0,13,933,946,18
2020-05-25,47075,47075,29,0,29,0,1,0,3,0,6,0,24,,2,0,29,742,771,22
2020-05-25,47073,47073,31,0,31,0,0,0,0,0,6,0,29,,2,0,31,1424,1455,60
2020-05-25,47071,47071,11,0,11,0,0,0,2,0,2,0,7,,2,0,11,1375,1386,42
2020-05-25,47091,47091,15,0,15,0,0,0,0,0,0,0,15,,0,0,15,1892,1907,9
2020-05-25,47067,47067,1,0,1,0,0,0,1,0,0,0,,,0,0,1,139,140,7
2020-05-25,47065,47065,601,49,601,49,2,0,382,40,58,0,205,9,14,0,601,7754,8355,732
2020-05-25,47063,47063,26,0,26,0,4,0,3,0,6,0,21,,2,0,26,2267,2293,67
2020-05-25,47061,47061,32,1,32,1,0,0,5,1,10,0,26,,1,0,32,464,496,10
2020-05-25,47059,47059,47,0,47,0,1,0,1,0,8,0,44,,2,0,47,2002,2049,277
2020-05-25,47057,47057,6,0,6,0,1,0,0,0,2,0,6,,0,0,6,534,540,12
2020-05-25,47055,47055,12,0,12,0,0,0,4,0,1,0,8,,0,0,12,915,927,20
2020-05-25,47053,47053,60,0,60,0,4,0,5,0,4,0,54,,1,0,60,2303,2363,84
2020-05-25,47051,47051,46,0,46,0,2,0,7,0,6,0,38,,1,0,46,2017,2063,67
2020-05-25,47069,47069,188,-1,188,-1,0,0,59,-1,2,0,129,,0,0,188,4875,5063,35
2020-05-26,47139,47139,14,0,14,0,1,0,1,0,1,0,13,,0,0,14,492,506,6
2020-05-26,47127,47127,3,0,3,0,0,0,0,0,0,0,3,,0,0,3,337,340,0
2020-05-26,47129,47129,17,0,17,0,0,0,7,-4,0,0,10,4,0,0,17,2959,2976,12
2020-05-26,47131,47131,27,3,27,3,1,0,11,3,1,0,15,,1,0,27,1114,1141,32
2020-05-26,47137,47137,3,0,3,0,0,0,3,0,0,0,,,0,0,3,246,249,3
2020-05-26,47133,47133,23,2,23,2,0,0,9,2,2,0,14,,0,0,23,1211,1234,21
2020-05-26,,47PEN,83,-1,83,-1,1,0,83,-1,0,0,,,0,0,83,39007,39090,679
2020-05-26,47135,47135,13,0,13,0,0,0,1,0,0,0,12,,0,0,13,147,160,0
2020-05-26,47125,47125,251,3,251,3,0,0,140,2,25,0,108,1,3,0,251,7457,7708,90
2020-05-26,,47OOS,401,-1,401,-1,0,0,206,-4,20,0,191,3,4,0,401,62057,62458,925
2020-05-26,47123,47123,58,2,58,2,8,0,19,2,8,0,37,,2,0,58,920,978,28
2020-05-26,47117,47117,29,0,29,0,0,0,5,-1,5,0,23,1,1,0,29,982,1011,4
2020-05-26,47109,47109,12,0,12,0,0,0,0,0,1,0,12,,0,0,12,697,709,11
2020-05-26,47107,47107,135,0,135,0,0,-1,27,-1,17,0,94,1,14,0,135,2467,2602,34
2020-05-26,47119,47119,80,1,80,1,0,0,26,-1,7,0,54,2,0,0,80,2708,2788,34
2020-05-26,47115,47115,37,1,37,1,0,0,10,0,10,0,26,1,1,0,37,781,818,5
2020-05-26,47113,47113,174,1,174,1,1,0,20,1,20,0,152,,2,0,174,4736,4910,41
2020-05-26,47111,47111,108,7,108,7,0,0,44,7,10,0,61,,3,0,108,1293,1401,21
2020-05-26,47105,47105,136,0,136,0,8,1,72,-4,6,0,64,4,0,0,136,1803,1939,75
2020-05-26,47103,47103,25,0,25,0,0,0,8,0,2,0,17,,0,0,25,1227,1252,1
2020-05-26,47101,47101,3,0,3,0,0,0,1,0,0,0,2,,0,0,3,284,287,3
2020-05-26,47121,47121,25,0,25,0,0,0,5,0,3,0,20,,0,0,25,484,509,3
2020-05-26,47141,47141,410,30,410,30,0,0,240,28,8,0,165,2,5,0,410,3974,4384,179
2020-05-26,47099,47099,24,0,24,0,0,0,5,-2,3,0,19,2,0,0,24,1382,1406,11
2020-05-26,47145,47145,15,0,15,0,8,0,6,0,1,0,9,,0,0,15,2847,2862,61
2020-05-26,47187,47187,527,5,527,5,0,0,171,4,45,0,346,1,10,0,527,8983,9510,128
2020-05-26,47185,47185,27,0,27,0,1,0,9,0,3,0,18,,0,0,27,1231,1258,31
2020-05-26,47183,47183,26,0,26,0,1,0,2,0,1,0,24,,0,0,26,1157,1183,15
2020-05-26,47181,47181,63,0,63,0,0,0,59,0,2,0,4,,0,0,63,2194,2257,6
2020-05-26,47179,47179,75,2,75,2,1,0,8,1,6,0,67,1,0,0,75,3077,3152,55
2020-05-26,47177,47177,21,0,21,0,0,0,8,0,0,0,13,,0,0,21,1624,1645,26
2020-05-26,47175,47175,4,0,4,0,0,0,2,0,0,0,2,,0,0,4,317,321,4
2020-05-26,47173,47173,4,0,4,0,0,0,1,0,0,0,3,,0,0,4,450,454,7
2020-05-26,47171,47171,3,0,3,0,0,0,0,0,0,0,3,,0,0,3,427,430,5
2020-05-26,47169,47169,1392,0,1392,0,3,0,52,0,13,0,1336,,4,0,1392,1784,3176,4
2020-05-26,47167,47167,427,0,427,0,2,0,273,-1,22,0,151,1,3,0,427,3508,3935,56
2020-05-26,47165,47165,838,11,838,11,9,0,425,7,196,0,368,4,45,0,838,7330,8168,77
2020-05-26,47163,47163,62,1,62,1,3,0,3,-1,6,0,57,2,2,0,62,3913,3975,113
2020-05-26,47161,47161,9,0,9,0,0,0,6,0,1,0,3,,0,0,9,356,365,2
2020-05-26,47159,47159,30,0,30,0,1,0,7,0,2,0,22,,1,0,30,850,880,10
2020-05-26,47157,47157,4516,65,4516,65,1,0,1405,-14,398,10,3015,77,96,2,4516,49796,54312,920
2020-05-26,47155,47155,75,3,75,3,5,0,7,3,6,0,66,,2,0,75,4094,4169,93
2020-05-26,47153,47153,12,1,12,1,0,0,3,1,1,0,9,,0,0,12,907,919,4
2020-05-26,47151,47151,11,0,11,0,1,0,0,0,0,0,11,,0,0,11,599,610,14
2020-05-26,47149,47149,1063,34,1063,34,8,0,579,24,75,0,462,10,22,0,1063,10637,11700,178
2020-05-26,47147,47147,414,25,414,25,0,0,192,19,33,0,221,6,1,0,414,3463,3877,94
2020-05-26,47143,47143,197,0,197,0,0,0,185,0,3,0,12,,0,0,197,1271,1468,10
2020-05-26,47097,47097,56,0,56,0,2,0,18,0,7,0,37,,1,0,56,3185,3241,24
2020-05-26,47189,47189,371,8,371,8,2,0,134,5,27,0,229,3,8,0,371,5825,6196,116
2020-05-26,47093,47093,345,9,345,9,5,0,38,7,34,2,302,2,5,0,345,15113,15458,1179
2020-05-26,47041,47041,35,1,35,1,0,0,9,1,0,0,26,,0,0,35,1160,1195,17
2020-05-26,47039,47039,5,0,5,0,0,0,0,0,0,0,5,,0,0,5,318,323,6
2020-05-26,47037,47037,4716,84,4716,84,5,0,1555,-7,343,3,3101,89,60,2,4716,32587,37303,545
2020-05-26,47035,47035,111,2,111,2,1,0,38,2,9,0,72,,1,0,111,3473,3584,94
2020-05-26,47033,47033,16,0,16,0,2,0,5,0,1,0,10,,1,0,16,493,509,3
2020-05-26,47031,47031,66,0,66,0,1,0,24,0,5,0,42,,0,0,66,2122,2188,12
2020-05-26,47029,47029,20,0,20,0,2,0,2,0,1,0,18,,0,0,20,946,966,21
2020-05-26,47027,47027,6,0,6,0,0,0,0,0,0,0,6,,0,0,6,479,485,3
2020-05-26,47025,47025,8,0,8,0,0,0,1,0,0,0,7,,0,0,8,704,712,16
2020-05-26,47023,47023,12,0,12,0,0,0,1,0,1,0,11,,0,0,12,596,608,8
2020-05-26,47021,47021,112,2,112,2,0,0,62,0,7,0,50,2,0,0,112,1758,1870,43
2020-05-26,47019,47019,19,0,19,0,1,0,1,0,2,0,17,,1,0,19,1301,1320,14
2020-05-26,47017,47017,27,0,27,0,5,0,3,0,6,0,23,,1,0,27,1291,1318,12
2020-05-26,47015,47015,17,0,17,0,0,0,5,0,2,0,12,,0,0,17,493,510,8
2020-05-26,47013,47013,17,0,17,0,1,0,0,0,2,0,16,,1,0,17,1353,1370,37
2020-05-26,47011,47011,99,1,99,1,3,0,22,1,14,0,76,,1,0,99,2342,2441,26
2020-05-26,47009,47009,84,2,84,2,5,0,10,1,5,0,71,1,3,0,84,3044,3128,85
2020-05-26,47007,47007,608,0,608,0,0,0,4,0,4,0,603,,1,0,608,3268,3876,4
2020-05-26,47005,47005,7,0,7,0,0,0,1,0,2,0,5,,1,0,7,729,736,5
2020-05-26,47003,47003,269,0,269,0,0,0,46,-3,10,0,219,3,4,0,269,2323,2592,10
2020-05-26,47001,47001,40,1,40,1,1,0,4,0,4,0,35,1,1,0,40,4177,4217,119
2020-05-26,47043,47043,106,2,106,2,0,0,52,2,14,0,54,,0,0,106,2089,2195,42
2020-05-26,47045,47045,48,0,48,0,3,0,6,-1,6,0,42,1,0,0,48,1314,1362,15
2020-05-26,47095,47095,413,3,413,3,1,0,351,1,0,0,62,2,0,0,413,1245,1658,9
2020-05-26,47049,47049,12,1,12,1,0,0,5,1,1,0,7,,0,0,12,633,645,9
2020-05-26,47091,47091,15,0,15,0,0,0,0,0,0,0,15,,0,0,15,1897,1912,5
2020-05-26,47089,47089,28,1,28,1,3,0,4,1,0,0,24,,0,0,28,2026,2054,64
2020-05-26,47087,47087,17,0,17,0,0,0,9,0,1,0,8,,0,0,17,573,590,7
2020-05-26,47085,47085,13,0,13,0,1,0,6,0,1,0,6,,1,0,13,636,649,3
2020-05-26,47083,47083,7,0,7,0,0,0,2,0,4,0,5,,0,0,7,256,263,1
2020-05-26,47047,47047,108,1,108,1,1,0,22,1,14,0,84,,2,0,108,2710,2818,54
2020-05-26,47079,47079,29,0,29,0,0,0,12,0,5,0,17,,0,0,29,1405,1434,19
2020-05-26,47077,47077,13,0,13,0,0,0,0,-1,1,0,13,1,0,0,13,941,954,8
2020-05-26,47075,47075,29,0,29,0,1,0,3,0,6,0,24,,2,0,29,754,783,12
2020-05-26,47073,47073,31,0,31,0,0,0,0,0,6,0,29,,2,0,31,1458,1489,34
2020-05-26,47081,47081,53,0,53,0,0,0,2,-5,2,0,51,5,0,0,53,880,933,3
2020-05-26,47069,47069,189,1,189,1,0,0,34,-25,2,0,155,26,0,0,189,4904,5093,30
2020-05-26,47067,47067,1,0,1,0,0,0,1,0,0,0,,,0,0,1,143,144,4
2020-05-26,47065,47065,642,41,642,41,2,0,410,28,58,0,217,12,15,1,642,7969,8611,256
2020-05-26,47063,47063,26,0,26,0,4,0,3,0,6,0,21,,2,0,26,2307,2333,40
2020-05-26,47061,47061,32,0,32,0,0,0,5,0,10,0,26,,1,0,32,469,501,5
2020-05-26,47059,47059,47,0,47,0,1,0,1,0,8,0,44,,2,0,47,2070,2117,68
2020-05-26,47057,47057,6,0,6,0,1,0,0,0,2,0,6,,0,0,6,546,552,12
2020-05-26,47055,47055,12,0,12,0,0,0,4,0,1,0,8,,0,0,12,922,934,7
2020-05-26,47053,47053,61,1,61,1,4,0,6,1,4,0,54,,1,0,61,2319,2380,17
2020-05-26,47051,47051,48,2,48,2,2,0,9,2,6,0,38,,1,0,48,2018,2066,3
2020-05-26,47071,47071,11,0,11,0,0,0,2,0,2,0,7,,2,0,11,1395,1406,20
2020-05-27,47127,47127,3,0,3,0,0,0,0,0,0,0,3,,0,0,3,337,340,0
2020-05-27,47129,47129,17,0,17,0,0,0,6,-1,0,0,11,1,0,0,17,2991,3008,32
2020-05-27,47131,47131,28,1,28,1,1,0,12,1,1,0,15,,1,0,28,1163,1191,50
2020-05-27,,47OOS,376,-25,376,-25,0,0,179,-27,20,0,193,2,4,0,376,63179,63555,1097
2020-05-27,47139,47139,15,1,15,1,1,0,2,1,1,0,13,,0,0,15,494,509,3
2020-05-27,,47PEN,59,-24,59,-24,1,0,57,-26,1,1,2,2,0,0,59,39475,39534,444
2020-05-27,47135,47135,13,0,13,0,0,0,1,0,0,0,12,,0,0,13,147,160,0
2020-05-27,47137,47137,3,0,3,0,0,0,3,0,0,0,,,0,0,3,246,249,0
2020-05-27,47133,47133,25,2,25,2,0,0,10,1,2,0,15,1,0,0,25,1243,1268,34
2020-05-27,47125,47125,258,7,258,7,0,0,140,0,25,0,115,7,3,0,258,7588,7846,138
2020-05-27,47103,47103,25,0,25,0,0,0,7,-1,2,0,18,1,0,0,25,1229,1254,2
2020-05-27,47109,47109,12,0,12,0,0,0,0,0,1,0,12,,0,0,12,703,715,6
2020-05-27,47107,47107,136,1,136,1,0,0,27,0,17,0,95,1,14,0,136,2586,2722,120
2020-05-27,47119,47119,81,1,81,1,0,0,22,-4,7,0,59,5,0,0,81,2721,2802,14
2020-05-27,47117,47117,29,0,29,0,0,0,5,0,5,0,23,,1,0,29,993,1022,11
2020-05-27,47115,47115,37,0,37,0,0,0,10,0,10,0,26,,1,0,37,785,822,4
2020-05-27,47113,47113,174,0,174,0,1,0,18,-2,20,0,154,2,2,0,174,4786,4960,50
2020-05-27,47111,47111,119,11,119,11,0,0,54,10,11,1,62,1,3,0,119,1306,1425,24
2020-05-27,47105,47105,137,1,137,1,10,2,58,-14,6,0,79,15,0,0,137,1844,1981,42
2020-05-27,47141,47141,428,18,428,18,0,0,250,10,9,1,173,8,5,0,428,4048,4476,92
2020-05-27,47123,47123,59,1,59,1,11,3,13,-6,8,0,44,7,2,0,59,940,999,21
2020-05-27,47143,47143,197,0,197,0,0,0,185,0,3,0,12,,0,0,197,1278,1475,7
2020-05-27,47165,47165,843,5,843,5,9,0,428,3,196,0,370,2,45,0,843,7444,8287,119
2020-05-27,47147,47147,426,12,426,12,0,0,198,6,33,0,226,5,2,1,426,3523,3949,72
2020-05-27,47189,47189,382,11,382,11,2,0,144,10,27,0,230,1,8,0,382,5881,6263,67
2020-05-27,47187,47187,532,5,532,5,0,0,175,4,46,1,347,1,10,0,532,9118,9650,140
2020-05-27,47185,47185,28,1,28,1,1,0,9,0,3,0,19,1,0,0,28,1272,1300,42
2020-05-27,47183,47183,26,0,26,0,1,0,2,0,1,0,24,,0,0,26,1176,1202,19
2020-05-27,47181,47181,63,0,63,0,0,0,59,0,2,0,4,,0,0,63,2194,2257,0
2020-05-27,47179,47179,75,0,75,0,1,0,8,0,6,0,67,,0,0,75,3083,3158,6
2020-05-27,47177,47177,22,1,22,1,0,0,9,1,0,0,13,,0,0,22,1648,1670,25
2020-05-27,47175,47175,4,0,4,0,0,0,2,0,0,0,2,,0,0,4,323,327,6
2020-05-27,47173,47173,4,0,4,0,0,0,1,0,0,0,3,,0,0,4,454,458,4
2020-05-27,47171,47171,3,0,3,0,0,0,0,0,0,0,3,,0,0,3,427,430,0
2020-05-27,47169,47169,1392,0,1392,0,3,0,52,0,13,0,1336,,4,0,1392,1790,3182,6
2020-05-27,47167,47167,428,1,428,1,2,0,43,-230,23,1,382,231,3,0,428,3564,3992,57
2020-05-27,47101,47101,3,0,3,0,0,0,1,0,0,0,2,,0,0,3,284,287,0
2020-05-27,47163,47163,60,-2,60,-2,3,0,2,-1,6,0,56,-1,2,0,60,4176,4236,261
2020-05-27,47161,47161,10,1,10,1,0,0,7,1,1,0,3,,0,0,10,359,369,4
2020-05-27,47159,47159,30,0,30,0,1,0,7,0,2,0,22,,1,0,30,857,887,7
2020-05-27,47157,47157,4615,99,4615,99,1,0,1353,-52,421,23,3157,142,105,9,4615,50514,55129,817
2020-05-27,47155,47155,75,0,75,0,5,0,6,-1,6,0,67,1,2,0,75,4167,4242,73
2020-05-27,47153,47153,13,1,13,1,0,0,2,-1,1,0,11,2,0,0,13,911,924,5
2020-05-27,47151,47151,11,0,11,0,1,0,0,0,0,0,11,,0,0,11,610,621,11
2020-05-27,47149,47149,1090,27,1090,27,8,0,599,20,76,1,469,7,22,0,1090,10874,11964,264
2020-05-27,47145,47145,16,1,16,1,8,0,5,-1,1,0,11,2,0,0,16,2926,2942,80
2020-05-27,47099,47099,24,0,24,0,0,0,4,-1,3,0,20,1,0,0,24,1384,1408,2
2020-05-27,47121,47121,25,0,25,0,0,0,4,-1,3,0,21,1,0,0,25,488,513,4
2020-05-27,47097,47097,56,0,56,0,2,0,16,-2,7,0,39,2,1,0,56,3190,3246,5
2020-05-27,47041,47041,37,2,37,2,0,0,10,1,0,0,27,1,0,0,37,1172,1209,14
2020-05-27,47039,47039,5,0,5,0,0,0,0,0,0,0,5,,0,0,5,318,323,0
2020-05-27,47037,47037,4826,110,4826,110,7,2,1598,43,348,5,3168,67,60,0,4826,32944,37770,467
2020-05-27,47035,47035,111,0,111,0,1,0,38,0,9,0,72,,1,0,111,3576,3687,103
2020-05-27,47033,47033,16,0,16,0,2,0,5,0,1,0,10,,1,0,16,500,516,7
2020-05-27,47031,47031,66,0,66,0,1,0,21,-3,5,0,45,3,0,0,66,2125,2191,3
2020-05-27,47029,47029,20,0,20,0,2,0,2,0,1,0,18,,0,0,20,963,983,17
2020-05-27,47027,47027,6,0,6,0,0,0,0,0,0,0,6,,0,0,6,480,486,1
2020-05-27,47023,47023,13,1,13,1,0,0,2,1,1,0,11,,0,0,13,609,622,14
2020-05-27,47021,47021,114,2,114,2,0,0,63,1,7,0,51,1,0,0,114,1765,1879,9
2020-05-27,47019,47019,19,0,19,0,1,0,1,0,2,0,17,,1,0,19,1302,1321,1
2020-05-27,47017,47017,27,0,27,0,5,0,3,0,6,0,23,,1,0,27,1315,1342,24
2020-05-27,47015,47015,17,0,17,0,0,0,5,0,2,0,12,,0,0,17,496,513,3
2020-05-27,47013,47013,17,0,17,0,1,0,0,0,2,0,16,,1,0,17,1388,1405,35
2020-05-27,47011,47011,105,6,105,6,5,2,23,1,15,1,81,5,1,0,105,2356,2461,20
2020-05-27,47009,47009,89,5,89,5,5,0,15,5,5,0,71,,3,0,89,3120,3209,81
2020-05-27,47007,47007,608,0,608,0,0,0,4,0,4,0,603,,1,0,608,3272,3880,4
2020-05-27,47005,47005,7,0,7,0,0,0,1,0,2,0,5,,1,0,7,734,741,5
2020-05-27,47003,47003,270,1,270,1,0,0,41,-5,10,0,225,6,4,0,270,2326,2596,4
2020-05-27,47001,47001,40,0,40,0,1,0,4,0,4,0,35,,1,0,40,4276,4316,99
2020-05-27,47095,47095,413,0,413,0,1,0,346,-5,1,1,67,5,0,0,413,1250,1663,5
2020-05-27,47043,47043,107,1,107,1,0,0,53,1,14,0,54,,0,0,107,2104,2211,16
2020-05-27,47045,47045,49,1,49,1,3,0,7,1,6,0,42,,0,0,49,1354,1403,41
2020-05-27,47025,47025,8,0,8,0,0,0,1,0,0,0,7,,0,0,8,713,721,9
2020-05-27,47049,47049,12,0,12,0,0,0,5,0,1,0,7,,0,0,12,647,659,14
2020-05-27,47047,47047,110,2,110,2,1,0,24,2,14,0,84,,2,0,110,2764,2874,56
2020-05-27,47091,47091,15,0,15,0,0,0,0,0,0,0,15,,0,0,15,1897,1912,0
2020-05-27,47089,47089,28,0,28,0,4,1,4,0,0,0,24,,0,0,28,2069,2097,43
2020-05-27,47087,47087,17,0,17,0,0,0,9,0,1,0,8,,0,0,17,577,594,4
2020-05-27,47085,47085,13,0,13,0,1,0,6,0,1,0,6,,1,0,13,641,654,5
2020-05-27,47083,47083,8,1,8,1,0,0,3,1,4,0,5,,0,0,8,260,268,5
2020-05-27,47081,47081,54,1,54,1,0,0,3,1,2,0,51,,0,0,54,882,936,3
2020-05-27,47079,47079,30,1,30,1,0,0,13,1,5,0,17,,0,0,30,1430,1460,26
2020-05-27,47077,47077,14,1,14,1,0,0,0,0,1,0,14,1,0,0,14,949,963,9
2020-05-27,47075,47075,30,1,30,1,1,0,3,0,6,0,25,1,2,0,30,773,803,20
2020-05-27,47073,47073,31,0,31,0,0,0,0,0,6,0,29,,2,0,31,1466,1497,8
2020-05-27,47093,47093,356,11,356,11,5,0,47,9,34,0,304,2,5,0,356,15478,15834,376
2020-05-27,47069,47069,192,3,192,3,0,0,20,-14,3,1,172,17,0,0,192,4923,5115,22
2020-05-27,47071,47071,11,0,11,0,0,0,2,0,2,0,7,,2,0,11,1406,1417,11
2020-05-27,47053,47053,60,-1,60,-1,4,0,5,-1,4,0,54,,1,0,60,2345,2405,25
2020-05-27,47055,47055,12,0,12,0,0,0,4,0,1,0,8,,0,0,12,922,934,0
2020-05-27,47057,47057,6,0,6,0,1,0,0,0,2,0,6,,0,0,6,558,564,12
2020-05-27,47059,47059,48,1,48,1,1,0,2,1,8,0,44,,2,0,48,2077,2125,8
2020-05-27,47051,47051,49,1,49,1,1,-1,8,-1,6,0,40,2,1,0,49,2018,2067,1
2020-05-27,47063,47063,30,4,30,4,5,1,7,4,6,0,21,,2,0,30,2386,2416,83
2020-05-27,47065,47065,670,28,670,28,3,1,429,19,59,1,226,9,15,0,670,8060,8730,119
2020-05-27,47067,47067,1,0,1,0,0,0,1,0,0,0,,,0,0,1,148,149,5
2020-05-27,47061,47061,32,0,32,0,0,0,4,-1,10,0,27,1,1,0,32,471,503,2
2020-05-28,47125,47125,261,3,261,3,0,0,138,-2,26,1,120,5,3,0,261,7726,7987,141
2020-05-28,47135,47135,16,3,16,3,0,0,4,3,0,0,12,,0,0,16,152,168,8
2020-05-28,,47PEN,67,8,67,8,1,0,65,8,1,0,2,,0,0,67,39791,39858,324
2020-05-28,47133,47133,26,1,26,1,0,0,8,-2,2,0,18,3,0,0,26,1275,1301,33
2020-05-28,,47OOS,379,3,379,3,1,1,179,0,20,0,196,3,4,0,379,64881,65260,1705
2020-05-28,47131,47131,28,0,28,0,1,0,10,-2,1,0,17,2,1,0,28,1179,1207,16
2020-05-28,47137,47137,3,0,3,0,0,0,2,-1,0,0,1,1,0,0,3,255,258,9
2020-05-28,47129,47129,17,0,17,0,0,0,6,0,0,0,11,,0,0,17,2997,3014,6
2020-05-28,47127,47127,3,0,3,0,0,0,0,0,0,0,3,,0,0,3,337,340,0
2020-05-28,47123,47123,61,2,61,2,11,0,15,2,8,0,44,,2,0,61,949,1010,11
2020-05-28,47115,47115,38,1,38,1,0,0,10,0,10,0,27,1,1,0,38,792,830,8
2020-05-28,47109,47109,12,0,12,0,0,0,0,0,1,0,12,,0,0,12,707,719,4
2020-05-28,47107,47107,136,0,136,0,0,0,26,-1,17,0,96,1,14,0,136,2600,2736,14
2020-05-28,47119,47119,81,0,81,0,0,0,20,-2,7,0,61,2,0,0,81,2738,2819,17
2020-05-28,47117,47117,30,1,30,1,0,0,5,0,5,0,24,1,1,0,30,994,1024,2
2020-05-28,47113,47113,175,1,175,1,1,0,19,1,20,0,154,,2,0,175,4866,5041,81
2020-05-28,47111,47111,124,5,124,5,0,0,55,1,11,0,66,4,3,0,124,1315,1439,14
2020-05-28,47105,47105,137,0,137,0,12,2,53,-5,6,0,84,5,0,0,137,1871,2008,27
2020-05-28,47103,47103,25,0,25,0,0,0,7,0,2,0,18,,0,0,25,1231,1256,2
2020-05-28,47101,47101,3,0,3,0,0,0,1,0,0,0,2,,0,0,3,366,369,82
2020-05-28,47139,47139,15,0,15,0,1,0,2,0,1,0,13,,0,0,15,494,509,0
2020-05-28,47121,47121,26,1,26,1,1,1,5,1,3,0,21,,0,0,26,495,521,8
2020-05-28,47141,47141,461,33,461,33,0,0,234,-16,9,0,222,49,5,0,461,4331,4792,316
2020-05-28,47099,47099,24,0,24,0,0,0,4,0,3,0,20,,0,0,24,1402,1426,18
2020-05-28,47145,47145,16,0,16,0,8,0,5,0,1,0,11,,0,0,16,2959,2975,33
2020-05-28,47187,47187,533,1,533,1,0,0,173,-2,46,0,350,3,10,0,533,9215,9748,98
2020-05-28,47185,47185,30,2,30,2,1,0,8,-1,3,0,22,3,0,0,30,1296,1326,26
2020-05-28,47183,47183,26,0,26,0,1,0,1,-1,1,0,25,1,0,0,26,1180,1206,4
2020-05-28,47181,47181,63,0,63,0,0,0,59,0,2,0,4,,0,0,63,2203,2266,9
2020-05-28,47179,47179,75,0,75,0,1,0,7,-1,6,0,68,1,0,0,75,3091,3166,8
2020-05-28,47177,47177,22,0,22,0,0,0,7,-2,0,0,15,2,0,0,22,1661,1683,13
2020-05-28,47175,47175,4,0,4,0,0,0,2,0,0,0,2,,0,0,4,324,328,1
2020-05-28,47173,47173,4,0,4,0,0,0,1,0,0,0,3,,0,0,4,463,467,9
2020-05-28,47171,47171,4,1,4,1,0,0,1,1,0,0,3,,0,0,4,431,435,5
2020-05-28,47169,47169,1393,1,1393,1,3,0,50,-2,13,0,1339,3,4,0,1393,1796,3189,7
2020-05-28,47167,47167,430,2,430,2,2,0,40,-3,23,0,387,5,3,0,430,3600,4030,38
2020-05-28,47165,47165,852,9,852,9,9,0,434,6,196,0,373,3,45,0,852,7528,8380,93
2020-05-28,47163,47163,60,0,60,0,3,0,2,0,6,0,56,,2,0,60,4203,4263,27
2020-05-28,47161,47161,11,1,11,1,0,0,7,0,2,1,4,1,0,0,11,359,370,1
2020-05-28,47159,47159,30,0,30,0,1,0,7,0,2,0,22,,1,0,30,872,902,15
2020-05-28,47157,47157,4718,103,4718,103,2,1,1348,-5,448,27,3263,106,107,2,4718,51439,56157,1028
2020-05-28,47155,47155,76,1,76,1,5,0,7,1,6,0,67,,2,0,76,4225,4301,59
2020-05-28,47153,47153,15,2,15,2,0,0,4,2,1,0,11,,0,0,15,913,928,4
2020-05-28,47151,47151,11,0,11,0,1,0,0,0,0,0,11,,0,0,11,612,623,2
2020-05-28,47149,47149,1116,26,1116,26,8,0,619,20,76,0,475,6,22,0,1116,11019,12135,171
2020-05-28,47147,47147,441,15,441,15,0,0,201,3,36,3,238,12,2,0,441,3571,4012,63
2020-05-28,47143,47143,198,1,198,1,0,0,183,-2,3,0,15,3,0,0,198,1283,1481,6
2020-05-28,47189,47189,387,5,387,5,2,0,143,-1,29,2,236,6,8,0,387,5942,6329,66
2020-05-28,47095,47095,413,0,413,0,1,0,11,-335,1,0,402,335,0,0,413,1255,1668,5
2020-05-28,47093,47093,357,1,357,1,5,0,47,0,34,0,305,1,5,0,357,15707,16064,230
2020-05-28,47041,47041,37,0,37,0,0,0,10,0,0,0,27,,0,0,37,1205,1242,33
2020-05-28,47039,47039,5,0,5,0,0,0,0,0,0,0,5,,0,0,5,397,402,79
2020-05-28,47037,47037,4894,68,4894,68,7,0,1575,-23,351,3,3259,91,60,0,4894,33302,38196,426
2020-05-28,47035,47035,111,0,111,0,1,0,34,-4,9,0,76,4,1,0,111,3603,3714,27
2020-05-28,47033,47033,16,0,16,0,2,0,5,0,1,0,9,-1,2,1,16,504,520,4
2020-05-28,47031,47031,68,2,68,2,1,0,18,-3,5,0,50,5,0,0,68,2135,2203,12
2020-05-28,47029,47029,20,0,20,0,2,0,2,0,1,0,18,,0,0,20,982,1002,19
2020-05-28,47027,47027,6,0,6,0,0,0,0,0,0,0,6,,0,0,6,487,493,7
2020-05-28,47025,47025,9,1,9,1,0,0,2,1,0,0,7,,0,0,9,742,751,30
2020-05-28,47023,47023,12,-1,12,-1,0,0,0,-2,1,0,12,1,0,0,12,621,633,11
2020-05-28,47021,47021,118,4,118,4,0,0,65,2,7,0,53,2,0,0,118,1789,1907,28
2020-05-28,47019,47019,19,0,19,0,1,0,0,-1,2,0,18,1,1,0,19,1333,1352,31
2020-05-28,47017,47017,27,0,27,0,5,0,3,0,6,0,23,,1,0,27,1327,1354,12
2020-05-28,47015,47015,17,0,17,0,0,0,4,-1,2,0,13,1,0,0,17,504,521,8
2020-05-28,47013,47013,17,0,17,0,1,0,0,0,2,0,16,,1,0,17,1400,1417,12
2020-05-28,47011,47011,108,3,108,3,6,1,23,0,16,1,84,3,1,0,108,2379,2487,26
2020-05-28,47009,47009,89,0,89,0,5,0,15,0,5,0,71,,3,0,89,3168,3257,48
2020-05-28,47007,47007,608,0,608,0,0,0,4,0,4,0,603,,1,0,608,3276,3884,4
2020-05-28,47005,47005,7,0,7,0,0,0,1,0,2,0,5,,1,0,7,742,749,8
2020-05-28,47003,47003,274,4,274,4,0,0,42,1,10,0,228,3,4,0,274,2338,2612,16
2020-05-28,47001,47001,39,-1,39,-1,1,0,3,-1,4,0,35,,1,0,39,4313,4352,36
2020-05-28,47043,47043,110,3,110,3,0,0,56,3,14,0,54,,0,0,110,2126,2236,25
2020-05-28,47045,47045,50,1,50,1,4,1,7,0,6,0,43,1,0,0,50,1359,1409,6
2020-05-28,47097,47097,56,0,56,0,2,0,15,-1,8,1,40,1,1,0,56,3196,3252,6
2020-05-28,47049,47049,12,0,12,0,0,0,4,-1,1,0,8,1,0,0,12,654,666,7
2020-05-28,47047,47047,110,0,110,0,1,0,23,-1,14,0,85,1,2,0,110,2788,2898,24
2020-05-28,47091,47091,16,1,16,1,0,0,1,1,0,0,15,,0,0,16,1906,1922,10
2020-05-28,47089,47089,28,0,28,0,4,0,3,-1,0,0,25,1,0,0,28,2082,2110,13
2020-05-28,47087,47087,17,0,17,0,0,0,6,-3,1,0,11,3,0,0,17,583,600,6
2020-05-28,47085,47085,13,0,13,0,1,0,6,0,1,0,6,,1,0,13,659,672,18
2020-05-28,47083,47083,8,0,8,0,0,0,3,0,4,0,5,,0,0,8,268,276,8
2020-05-28,47079,47079,30,0,30,0,0,0,12,-1,5,0,18,1,0,0,30,1435,1465,5
2020-05-28,47077,47077,14,0,14,0,0,0,0,0,1,0,14,,0,0,14,1031,1045,82
2020-05-28,47075,47075,30,0,30,0,1,0,3,0,6,0,25,,2,0,30,777,807,4
2020-05-28,47073,47073,31,0,31,0,0,0,0,0,6,0,29,,2,0,31,1479,1510,13
2020-05-28,47081,47081,57,3,57,3,0,0,6,3,2,0,51,,0,0,57,885,942,6
2020-05-28,47069,47069,194,2,194,2,0,0,11,-9,3,0,183,11,0,0,194,4933,5127,12
2020-05-28,47067,47067,1,0,1,0,0,0,1,0,0,0,,,0,0,1,150,151,2
2020-05-28,47065,47065,719,49,719,49,3,0,463,34,60,1,241,15,15,0,719,8296,9015,285
2020-05-28,47063,47063,30,0,30,0,6,1,6,-1,7,1,22,1,2,0,30,2402,2432,16
2020-05-28,47051,47051,49,0,49,0,1,0,8,0,6,0,40,,1,0,49,2034,2083,16
2020-05-28,47061,47061,32,0,32,0,0,0,4,0,10,0,27,,1,0,32,471,503,0
2020-05-28,47059,47059,48,0,48,0,1,0,2,0,8,0,44,,2,0,48,2082,2130,5
2020-05-28,47057,47057,6,0,6,0,1,0,0,0,2,0,6,,0,0,6,566,572,8
2020-05-28,47055,47055,12,0,12,0,0,0,4,0,1,0,8,,0,0,12,929,941,7
2020-05-28,47053,47053,61,1,61,1,4,0,5,0,5,1,55,1,1,0,61,2366,2427,22
2020-05-28,47071,47071,11,0,11,0,0,0,1,-1,2,0,8,1,2,0,11,1415,1426,9
2020-05-29,47127,47127,3,0,3,0,0,0,0,0,0,0,3,,0,0,3,341,344,4
2020-05-29,47129,47129,17,0,17,0,0,0,6,0,0,0,11,,0,0,17,3004,3021,7
2020-05-29,47131,47131,30,2,30,2,2,1,11,1,1,0,18,1,1,0,30,1201,1231,24
2020-05-29,47137,47137,3,0,3,0,0,0,2,0,0,0,1,,0,0,3,255,258,0
2020-05-29,47133,47133,26,0,26,0,0,0,8,0,2,0,18,,0,0,26,1279,1305,4
2020-05-29,,47PEN,87,20,87,20,1,0,83,18,1,0,4,2,0,0,87,40239,40326,468
2020-05-29,47135,47135,17,1,17,1,0,0,5,1,0,0,12,,0,0,17,161,178,10
2020-05-29,47125,47125,262,1,262,1,0,0,137,-1,26,0,122,2,3,0,262,7770,8032,45
2020-05-29,,47OOS,387,8,387,8,1,0,182,3,20,0,201,5,4,0,387,65628,66015,755
2020-05-29,47123,47123,61,0,61,0,11,0,15,0,8,0,44,,2,0,61,973,1034,24
2020-05-29,47101,47101,3,0,3,0,0,0,1,0,0,0,2,,0,0,3,439,442,73
2020-05-29,47109,47109,12,0,12,0,0,0,0,0,1,0,12,,0,0,12,711,723,4
2020-05-29,47107,47107,136,0,136,0,0,0,26,0,17,0,96,,14,0,136,2627,2763,27
2020-05-29,47119,47119,88,7,88,7,0,0,27,7,7,0,61,,0,0,88,2790,2878,59
2020-05-29,47117,47117,31,1,31,1,0,0,5,0,5,0,25,1,1,0,31,1016,1047,23
2020-05-29,47115,47115,39,1,39,1,0,0,11,1,10,0,27,,1,0,39,809,848,18
2020-05-29,47113,47113,175,0,175,0,1,0,17,-2,20,0,156,2,2,0,175,4906,5081,40
2020-05-29,47111,47111,130,6,130,6,0,0,55,0,12,1,72,6,3,0,130,1322,1452,13
2020-05-29,47105,47105,142,5,142,5,12,0,44,-9,6,0,98,14,0,0,142,1911,2053,45
2020-05-29,47103,47103,25,0,25,0,0,0,7,0,2,0,18,,0,0,25,1257,1282,26
2020-05-29,47139,47139,15,0,15,0,1,0,2,0,1,0,13,,0,0,15,498,513,4
2020-05-29,47121,47121,26,0,26,0,1,0,5,0,3,0,21,,0,0,26,503,529,8
2020-05-29,47141,47141,465,4,465,4,1,1,236,2,11,2,223,1,6,1,465,4348,4813,21
2020-05-29,47163,47163,60,0,60,0,3,0,2,0,6,0,56,,2,0,60,4220,4280,17
2020-05-29,47145,47145,16,0,16,0,8,0,5,0,1,0,11,,0,0,16,2980,2996,21
2020-05-29,47099,47099,29,5,29,5,0,0,9,5,3,0,20,,0,0,29,1416,1445,19
2020-05-29,47187,47187,542,9,542,9,0,0,181,8,46,0,351,1,10,0,542,9367,9909,161
2020-05-29,47185,47185,31,1,31,1,1,0,9,1,3,0,22,,0,0,31,1298,1329,3
2020-05-29,47183,47183,26,0,26,0,1,0,1,0,1,0,25,,0,0,26,1191,1217,11
2020-05-29,47181,47181,63,0,63,0,0,0,59,0,2,0,4,,0,0,63,2215,2278,12
2020-05-29,47179,47179,75,0,75,0,1,0,7,0,6,0,68,,0,0,75,3154,3229,63
2020-05-29,47177,47177,23,1,23,1,0,0,8,1,0,0,15,,0,0,23,1668,1691,8
2020-05-29,47175,47175,4,0,4,0,0,0,1,-1,0,0,3,1,0,0,4,324,328,0
2020-05-29,47173,47173,4,0,4,0,0,0,0,-1,0,0,4,1,0,0,4,465,469,2
2020-05-29,47171,47171,4,0,4,0,0,0,1,0,0,0,3,,0,0,4,439,443,8
2020-05-29,47169,47169,1393,0,1393,0,3,0,34,-16,13,0,1355,16,4,0,1393,1803,3196,7
2020-05-29,47167,47167,437,7,437,7,4,2,47,7,23,0,387,,3,0,437,3658,4095,65
2020-05-29,47165,47165,858,6,858,6,9,0,436,2,196,0,377,4,45,0,858,7581,8439,59
2020-05-29,47161,47161,11,0,11,0,0,0,7,0,2,0,4,,0,0,11,361,372,2
2020-05-29,47159,47159,32,2,32,2,1,0,9,2,2,0,22,,1,0,32,876,908,6
2020-05-29,47157,47157,4823,105,4823,105,2,0,1393,45,459,11,3320,57,110,3,4823,52873,57696,1539
2020-05-29,47155,47155,80,4,80,4,6,1,11,4,6,0,67,,2,0,80,4245,4325,24
2020-05-29,47153,47153,15,0,15,0,0,0,4,0,1,0,11,,0,0,15,946,961,33
2020-05-29,47151,47151,12,1,12,1,1,0,1,1,0,0,11,,0,0,12,617,629,6
2020-05-29,47149,47149,1162,46,1162,46,8,0,653,34,78,2,487,12,22,0,1162,11195,12357,222
2020-05-29,47147,47147,449,8,449,8,0,0,197,-4,37,1,249,11,3,1,449,3604,4053,41
2020-05-29,47143,47143,209,11,209,11,0,0,158,-25,3,0,51,36,0,0,209,1323,1532,51
2020-05-29,47189,47189,389,2,389,2,2,0,144,1,29,0,237,1,8,0,389,6014,6403,74
2020-05-29,47095,47095,413,0,413,0,1,0,9,-2,1,0,404,2,0,0,413,1255,1668,0
2020-05-29,47093,47093,366,9,366,9,5,0,48,1,34,0,313,8,5,0,366,15840,16206,142
2020-05-29,47041,47041,37,0,37,0,0,0,10,0,0,0,27,,0,0,37,1210,1247,5
2020-05-29,47039,47039,5,0,5,0,0,0,0,0,0,0,5,,0,0,5,498,503,101
2020-05-29,47037,47037,4968,74,4968,74,6,-1,1523,-52,351,0,3386,127,59,-1,4968,33771,38739,543
2020-05-29,47035,47035,111,0,111,0,1,0,34,0,9,0,76,,1,0,111,3748,3859,145
2020-05-29,47033,47033,16,0,16,0,2,0,4,-1,1,0,10,1,2,0,16,506,522,2
2020-05-29,47031,47031,70,2,70,2,1,0,18,0,5,0,52,2,0,0,70,2165,2235,32
2020-05-29,47029,47029,20,0,20,0,2,0,2,0,1,0,18,,0,0,20,984,1004,2
2020-05-29,47027,47027,7,1,7,1,0,0,1,1,0,0,6,,0,0,7,488,495,2
2020-05-29,47023,47023,12,0,12,0,0,0,0,0,1,0,12,,0,0,12,626,638,5
2020-05-29,47021,47021,116,-2,116,-2,0,0,62,-3,7,0,54,1,0,0,116,1807,1923,16
2020-05-29,47019,47019,19,0,19,0,1,0,0,0,2,0,18,,1,0,19,1361,1380,28
2020-05-29,47017,47017,27,0,27,0,5,0,3,0,6,0,23,,1,0,27,1331,1358,4
2020-05-29,47015,47015,17,0,17,0,0,0,4,0,2,0,13,,0,0,17,506,523,2
2020-05-29,47013,47013,17,0,17,0,1,0,0,0,2,0,16,,1,0,17,1402,1419,2
2020-05-29,47011,47011,113,5,113,5,6,0,25,2,16,0,87,3,1,0,113,2443,2556,69
2020-05-29,47009,47009,89,0,89,0,5,0,14,-1,5,0,72,1,3,0,89,3181,3270,13
2020-05-29,47007,47007,606,-2,606,-2,0,0,3,-1,4,0,602,-1,1,0,606,3300,3906,22
2020-05-29,47005,47005,7,0,7,0,0,0,1,0,2,0,5,,1,0,7,744,751,2
2020-05-29,47003,47003,283,9,283,9,0,0,44,2,11,1,235,7,4,0,283,2367,2650,38
2020-05-29,47001,47001,39,0,39,0,1,0,2,-1,4,0,36,1,1,0,39,4331,4370,18
2020-05-29,47097,47097,55,-1,55,-1,2,0,14,-1,8,0,40,,1,0,55,3199,3254,2
2020-05-29,47043,47043,109,-1,109,-1,0,0,55,-1,14,0,54,,0,0,109,2161,2270,34
2020-05-29,47045,47045,50,0,50,0,5,1,7,0,6,0,43,,0,0,50,1367,1417,8
2020-05-29,47025,47025,9,0,9,0,1,1,2,0,1,1,7,,0,0,9,749,758,7
2020-05-29,47049,47049,12,0,12,0,0,0,4,0,1,0,8,,0,0,12,657,669,3
2020-05-29,47047,47047,112,2,112,2,1,0,23,0,14,0,87,2,2,0,112,2822,2934,36
2020-05-29,47089,47089,28,0,28,0,5,1,3,0,0,0,25,,0,0,28,2094,2122,12
2020-05-29,47087,47087,17,0,17,0,0,0,6,0,1,0,11,,0,0,17,587,604,4
2020-05-29,47085,47085,13,0,13,0,1,0,6,0,1,0,6,,1,0,13,675,688,16
2020-05-29,47083,47083,8,0,8,0,0,0,3,0,4,0,5,,0,0,8,273,281,5
2020-05-29,47081,47081,57,0,57,0,0,0,6,0,2,0,51,,0,0,57,897,954,12
2020-05-29,47079,47079,30,0,30,0,0,0,12,0,5,0,18,,0,0,30,1441,1471,6
2020-05-29,47077,47077,15,1,15,1,0,0,0,0,1,0,15,1,0,0,15,1096,1111,66
2020-05-29,47075,47075,30,0,30,0,1,0,3,0,6,0,25,,2,0,30,779,809,2
2020-05-29,47073,47073,32,1,32,1,1,1,1,1,6,0,29,,2,0,32,1505,1537,27
2020-05-29,47071,47071,12,1,12,1,0,0,2,1,3,1,8,,2,0,12,1425,1437,11
2020-05-29,47091,47091,16,0,16,0,0,0,1,0,1,1,15,,0,0,16,1911,1927,5
2020-05-29,47067,47067,1,0,1,0,0,0,1,0,0,0,,,0,0,1,151,152,1
2020-05-29,47069,47069,195,1,195,1,0,0,11,0,3,0,184,1,0,0,195,4939,5134,7
2020-05-29,47053,47053,62,1,62,1,4,0,6,1,5,0,55,,1,0,62,2372,2434,7
2020-05-29,47055,47055,12,0,12,0,0,0,4,0,1,0,8,,0,0,12,944,956,15
2020-05-29,47057,47057,6,0,6,0,1,0,0,0,2,0,6,,0,0,6,569,575,3
2020-05-29,47051,47051,51,2,51,2,1,0,10,2,6,0,40,,1,0,51,2072,2123,40
2020-05-29,47061,47061,32,0,32,0,0,0,4,0,10,0,27,,1,0,32,480,512,9
2020-05-29,47063,47063,34,4,34,4,6,0,9,3,7,0,23,1,2,0,34,2415,2449,17
2020-05-29,47065,47065,753,34,753,34,3,0,495,32,60,0,243,2,15,0,753,8504,9257,242
2020-05-29,47059,47059,49,1,49,1,1,0,3,1,8,0,44,,2,0,49,2113,2162,32
2020-05-30,47125,47125,269,7,269,7,0,0,144,7,26,0,122,,3,0,269,7906,8175,143
2020-05-30,47135,47135,21,4,21,4,1,1,10,5,0,0,11,-1,0,0,21,176,197,19
2020-05-30,,47PEN,92,5,92,5,1,0,87,4,1,0,5,1,0,0,92,40500,40592,266
2020-05-30,47133,47133,26,0,26,0,0,0,8,0,2,0,18,,0,0,26,1285,1311,6
2020-05-30,,47OOS,418,31,418,31,1,0,210,28,20,0,204,3,4,0,418,66258,66676,661
2020-05-30,47131,47131,30,0,30,0,2,0,7,-4,1,0,22,4,1,0,30,1209,1239,8
2020-05-30,47137,47137,3,0,3,0,0,0,2,0,0,0,1,,0,0,3,255,258,0
2020-05-30,47129,47129,17,0,17,0,0,0,6,0,0,0,11,,0,0,17,3015,3032,11
2020-05-30,47127,47127,3,0,3,0,0,0,0,0,0,0,3,,0,0,3,345,348,4
2020-05-30,47123,47123,62,1,62,1,11,0,16,1,8,0,44,,2,0,62,986,1048,14
2020-05-30,47117,47117,31,0,31,0,0,0,5,0,6,1,25,,1,0,31,1022,1053,6
2020-05-30,47109,47109,12,0,12,0,0,0,0,0,1,0,12,,0,0,12,825,837,114
2020-05-30,47107,47107,141,5,141,5,0,0,28,2,17,0,99,3,14,0,141,2653,2794,31
2020-05-30,47119,47119,89,1,89,1,0,0,28,1,8,1,61,,0,0,89,2823,2912,34
2020-05-30,47115,47115,40,1,40,1,0,0,12,1,10,0,27,,1,0,40,812,852,4
2020-05-30,47113,47113,175,0,175,0,1,0,17,0,20,0,156,,2,0,175,5006,5181,100
2020-05-30,47111,47111,136,6,136,6,0,0,61,6,12,0,72,,3,0,136,1336,1472,20
2020-05-30,47105,47105,143,1,143,1,12,0,38,-6,6,0,105,7,0,0,143,1929,2072,19
2020-05-30,47103,47103,25,0,25,0,0,0,7,0,2,0,18,,0,0,25,1261,1286,4
2020-05-30,47139,47139,16,1,16,1,1,0,3,1,1,0,13,,0,0,16,503,519,6
2020-05-30,47189,47189,407,18,407,18,2,0,153,9,29,0,246,9,8,0,407,6156,6563,160
2020-05-30,47141,47141,479,14,479,14,1,0,251,15,10,-1,223,,5,-1,479,4463,4942,129
2020-05-30,47101,47101,3,0,3,0,0,0,1,0,0,0,2,,0,0,3,444,447,5
2020-05-30,47145,47145,16,0,16,0,9,1,5,0,1,0,11,,0,0,16,3015,3031,35
2020-05-30,47187,47187,552,10,552,10,0,0,189,8,46,0,353,2,10,0,552,9387,9939,30
2020-05-30,47185,47185,33,2,33,2,1,0,11,2,3,0,22,,0,0,33,1315,1348,19
2020-05-30,47183,47183,26,0,26,0,1,0,1,0,1,0,25,,0,0,26,1199,1225,8
2020-05-30,47181,47181,64,1,64,1,0,0,60,1,2,0,4,,0,0,64,2221,2285,7
2020-05-30,47179,47179,75,0,75,0,1,0,2,-5,6,0,73,5,0,0,75,3229,3304,75
2020-05-30,47177,47177,23,0,23,0,0,0,8,0,0,0,15,,0,0,23,1685,1708,17
2020-05-30,47175,47175,4,0,4,0,0,0,1,0,0,0,3,,0,0,4,325,329,1
2020-05-30,47173,47173,4,0,4,0,0,0,0,0,0,0,4,,0,0,4,466,470,1
2020-05-30,47171,47171,4,0,4,0,0,0,1,0,0,0,3,,0,0,4,442,446,3
2020-05-30,47169,47169,1392,-1,1392,-1,3,0,34,0,14,1,1354,-1,4,0,1392,1804,3196,0
2020-05-30,47167,47167,442,5,442,5,2,-2,47,0,23,0,392,5,3,0,442,3689,4131,36
2020-05-30,47165,47165,881,23,881,23,9,0,457,21,196,0,379,2,45,0,881,7606,8487,48
2020-05-30,47163,47163,60,0,60,0,3,0,0,-2,6,0,58,2,2,0,60,4245,4305,25
2020-05-30,47161,47161,11,0,11,0,0,0,7,0,2,0,4,,0,0,11,368,379,7
2020-05-30,47159,47159,34,2,34,2,1,0,11,2,2,0,22,,1,0,34,878,912,4
2020-05-30,47157,47157,4943,120,4943,120,3,1,1483,90,471,12,3349,29,111,1,4943,53956,58899,1203
2020-05-30,47155,47155,81,1,81,1,6,0,12,1,6,0,67,,2,0,81,4272,4353,28
2020-05-30,47153,47153,15,0,15,0,1,1,4,0,1,0,11,,0,0,15,962,977,16
2020-05-30,47151,47151,12,0,12,0,1,0,1,0,0,0,11,,0,0,12,621,633,4
2020-05-30,47149,47149,1196,34,1196,34,8,0,678,25,81,3,495,8,23,1,1196,11240,12436,79
2020-05-30,47147,47147,465,16,465,16,0,0,211,14,37,0,251,2,3,0,465,3607,4072,19
2020-05-30,47143,47143,210,1,210,1,0,0,108,-50,3,0,102,51,0,0,210,1344,1554,22
2020-05-30,47099,47099,31,2,31,2,0,0,11,2,3,0,20,,0,0,31,1429,1460,15
2020-05-30,47121,47121,26,0,26,0,0,-1,5,0,3,0,21,,0,0,26,506,532,3
2020-05-30,47097,47097,56,1,56,1,2,0,12,-2,8,0,43,3,1,0,56,3210,3266,12
2020-05-30,47041,47041,37,0,37,0,0,0,10,0,0,0,27,,0,0,37,1229,1266,19
2020-05-30,47039,47039,5,0,5,0,0,0,0,0,0,0,5,,0,0,5,500,505,2
2020-05-30,47037,47037,5040,72,5040,72,7,1,1539,16,354,3,3439,53,62,3,5040,33804,38844,105
2020-05-30,47035,47035,112,1,112,1,1,0,35,1,9,0,76,,1,0,112,3899,4011,152
2020-05-30,47033,47033,16,0,16,0,2,0,2,-2,1,0,12,2,2,0,16,513,529,7
2020-05-30,47031,47031,73,3,73,3,1,0,21,3,5,0,52,,0,0,73,2211,2284,49
2020-05-30,47029,47029,20,0,20,0,2,0,1,-1,1,0,19,1,0,0,20,997,1017,13
2020-05-30,47027,47027,7,0,7,0,0,0,1,0,0,0,6,,0,0,7,492,499,4
2020-05-30,47025,47025,9,0,9,0,1,0,2,0,1,0,7,,0,0,9,753,762,4
2020-05-30,47023,47023,12,0,12,0,0,0,0,0,1,0,12,,0,0,12,629,641,3
2020-05-30,47021,47021,123,7,123,7,0,0,66,4,7,0,57,3,0,0,123,1844,1967,44
2020-05-30,47019,47019,19,0,19,0,1,0,0,0,2,0,18,,1,0,19,1375,1394,14
2020-05-30,47017,47017,27,0,27,0,5,0,2,-1,6,0,24,1,1,0,27,1342,1369,11
2020-05-30,47015,47015,21,4,21,4,0,0,8,4,2,0,13,,0,0,21,570,591,68
2020-05-30,47013,47013,18,1,18,1,1,0,1,1,2,0,16,,1,0,18,1415,1433,14
2020-05-30,47011,47011,122,9,122,9,6,0,30,5,16,0,91,4,1,0,122,2494,2616,60
2020-05-30,47009,47009,91,2,91,2,5,0,15,1,5,0,73,1,3,0,91,3190,3281,11
2020-05-30,47007,47007,607,1,607,1,0,0,2,-1,4,0,604,2,1,0,607,3303,3910,4
2020-05-30,47005,47005,7,0,7,0,0,0,0,-1,2,0,6,1,1,0,7,753,760,9
2020-05-30,47003,47003,283,0,283,0,0,0,43,-1,11,0,236,1,4,0,283,2359,2642,-8
2020-05-30,47001,47001,40,1,40,1,1,0,3,1,4,0,36,,1,0,40,4362,4402,32
2020-05-30,47043,47043,109,0,109,0,0,0,55,0,14,0,54,,0,0,109,2173,2282,12
2020-05-30,47045,47045,50,0,50,0,5,0,6,-1,6,0,44,1,0,0,50,1370,1420,3
2020-05-30,47095,47095,414,1,414,1,1,0,9,0,2,1,405,1,0,0,414,1256,1670,2
2020-05-30,47049,47049,12,0,12,0,0,0,4,0,1,0,8,,0,0,12,667,679,10
2020-05-30,47093,47093,375,9,375,9,5,0,56,8,34,0,314,1,5,0,375,15977,16352,146
2020-05-30,47091,47091,16,0,16,0,0,0,1,0,1,0,15,,0,0,16,1924,1940,13
2020-05-30,47089,47089,28,0,28,0,5,0,3,0,0,0,25,,0,0,28,2114,2142,20
2020-05-30,47087,47087,17,0,17,0,0,0,6,0,1,0,11,,0,0,17,590,607,3
2020-05-30,47085,47085,13,0,13,0,1,0,6,0,1,0,6,,1,0,13,680,693,5
2020-05-30,47083,47083,8,0,8,0,0,0,3,0,4,0,5,,0,0,8,272,280,-1
2020-05-30,47081,47081,58,1,58,1,0,0,8,2,2,0,50,-1,0,0,58,908,966,12
2020-05-30,47079,47079,30,0,30,0,0,0,11,-1,5,0,19,1,0,0,30,1480,1510,39
2020-05-30,47077,47077,15,0,15,0,0,0,0,0,1,0,15,,0,0,15,1104,1119,8
2020-05-30,47075,47075,31,1,31,1,1,0,4,1,6,0,25,,2,0,31,849,880,71
2020-05-30,47073,47073,33,1,33,1,1,0,1,0,6,0,30,1,2,0,33,1521,1554,17
2020-05-30,47047,47047,115,3,115,3,1,0,25,2,14,0,88,1,2,0,115,2865,2980,46
2020-05-30,47069,47069,196,1,196,1,0,0,12,1,3,0,184,,0,0,196,4983,5179,45
2020-05-30,47067,47067,1,0,1,0,0,0,0,-1,0,0,1,1,0,0,1,155,156,4
2020-05-30,47065,47065,794,41,794,41,4,1,524,29,61,1,255,12,15,0,794,8823,9617,360
2020-05-30,47063,47063,36,2,36,2,6,0,10,1,7,0,24,1,2,0,36,2430,2466,17
2020-05-30,47061,47061,31,-1,31,-1,0,0,4,0,10,0,26,-1,1,0,31,478,509,-3
2020-05-30,47059,47059,50,1,50,1,1,0,2,-1,8,0,46,2,2,0,50,2140,2190,28
2020-05-30,47057,47057,8,2,8,2,1,0,2,2,2,0,6,,0,0,8,578,586,11
2020-05-30,47055,47055,12,0,12,0,0,0,4,0,1,0,8,,0,0,12,950,962,6
2020-05-30,47053,47053,63,1,63,1,4,0,6,0,5,0,56,1,1,0,63,2375,2438,4
2020-05-30,47051,47051,53,2,53,2,1,0,11,1,6,0,41,1,1,0,53,2090,2143,20
2020-05-30,47071,47071,15,3,15,3,0,0,2,0,3,0,11,3,2,0,15,1505,1520,83
2020-05-31,47129,47129,17,0,17,0,0,0,6,0,0,0,11,,0,0,17,3037,3054,22
2020-05-31,47131,47131,35,5,35,5,2,0,11,4,3,2,23,1,1,0,35,1235,1270,31
2020-05-31,,47OOS,432,14,432,14,1,0,223,13,20,0,205,1,4,0,432,67151,67583,907
2020-05-31,47139,47139,18,2,18,2,1,0,4,1,1,0,14,1,0,0,18,514,532,13
2020-05-31,,47PEN,132,40,132,40,1,0,127,40,2,1,5,,0,0,132,41241,41373,781
2020-05-31,47135,47135,22,1,22,1,0,-1,11,1,0,0,11,,0,0,22,178,200,3
2020-05-31,47137,47137,3,0,3,0,0,0,2,0,0,0,1,,0,0,3,258,261,3
2020-05-31,47127,47127,4,1,4,1,0,0,1,1,0,0,3,,0,0,4,347,351,3
2020-05-31,47133,47133,28,2,28,2,0,0,10,2,2,0,18,,0,0,28,1315,1343,32
2020-05-31,47125,47125,270,1,270,1,0,0,145,1,26,0,122,,3,0,270,7978,8248,73
2020-05-31,47115,47115,41,1,41,1,0,0,10,-2,10,0,30,3,1,0,41,818,859,7
2020-05-31,47109,47109,12,0,12,0,0,0,0,0,1,0,12,,0,0,12,875,887,50
2020-05-31,47107,47107,141,0,141,0,0,0,22,-6,17,0,105,6,14,0,141,2675,2816,22
2020-05-31,47119,47119,91,2,91,2,0,0,28,0,8,0,63,2,0,0,91,2854,2945,33
2020-05-31,47117,47117,31,0,31,0,0,0,5,0,6,0,25,,1,0,31,1031,1062,9
2020-05-31,47113,47113,176,1,176,1,1,0,18,1,20,0,156,,2,0,176,5076,5252,71
2020-05-31,47111,47111,141,5,141,5,0,0,66,5,12,0,72,,3,0,141,1345,1486,14
2020-05-31,47105,47105,144,1,144,1,12,0,34,-4,6,0,110,5,0,0,144,1958,2102,30
2020-05-31,47103,47103,25,0,25,0,0,0,7,0,2,0,18,,0,0,25,1264,1289,3
2020-05-31,47101,47101,3,0,3,0,0,0,1,0,0,0,2,,0,0,3,446,449,2
2020-05-31,47141,47141,491,12,491,12,1,0,263,12,10,0,223,,5,0,491,4666,5157,215
2020-05-31,47123,47123,64,2,64,2,11,0,17,1,8,0,45,1,2,0,64,1006,1070,22
2020-05-31,47143,47143,210,0,210,0,0,0,96,-12,3,0,114,12,0,0,210,1352,1562,8
2020-05-31,47167,47167,445,3,445,3,2,0,49,2,23,0,393,1,3,0,445,3755,4200,69
2020-05-31,47147,47147,475,10,475,10,0,0,221,10,37,0,251,,3,0,475,3736,4211,139
2020-05-31,47189,47189,415,8,415,8,2,0,159,6,32,3,248,2,8,0,415,6409,6824,261
2020-05-31,47187,47187,555,3,555,3,0,0,192,3,46,0,353,,10,0,555,9571,10126,187
2020-05-31,47185,47185,33,0,33,0,1,0,11,0,3,0,22,,0,0,33,1356,1389,41
2020-05-31,47183,47183,26,0,26,0,1,0,1,0,1,0,25,,0,0,26,1205,1231,6
2020-05-31,47181,47181,64,0,64,0,0,0,60,0,2,0,4,,0,0,64,2229,2293,8
2020-05-31,47179,47179,75,0,75,0,1,0,2,0,6,0,73,,0,0,75,3259,3334,30
2020-05-31,47177,47177,26,3,26,3,0,0,11,3,0,0,15,,0,0,26,1721,1747,39
2020-05-31,47175,47175,4,0,4,0,0,0,1,0,0,0,3,,0,0,4,331,335,6
2020-05-31,47173,47173,4,0,4,0,0,0,0,0,0,0,4,,0,0,4,469,473,3
2020-05-31,47171,47171,4,0,4,0,0,0,1,0,0,0,3,,0,0,4,446,450,4
2020-05-31,47169,47169,1395,3,1395,3,3,0,37,3,14,0,1354,,4,0,1395,1821,3216,20
2020-05-31,47099,47099,31,0,31,0,0,0,11,0,3,0,20,,0,0,31,1441,1472,12
2020-05-31,47165,47165,889,8,889,8,9,0,465,8,196,0,379,,45,0,889,7756,8645,158
2020-05-31,47163,47163,60,0,60,0,3,0,0,0,6,0,58,,2,0,60,4295,4355,50
2020-05-31,47161,47161,11,0,11,0,0,0,7,0,2,0,4,,0,0,11,370,381,2
2020-05-31,47159,47159,34,0,34,0,1,0,11,0,2,0,22,,1,0,34,895,929,17
2020-05-31,47157,47157,5068,125,5068,125,3,0,1568,85,478,7,3389,40,111,0,5068,55865,60933,2034
2020-05-31,47155,47155,85,4,85,4,6,0,15,3,6,0,68,1,2,0,85,4419,4504,151
2020-05-31,47153,47153,15,0,15,0,1,0,3,-1,1,0,12,1,0,0,15,964,979,2
2020-05-31,47151,47151,12,0,12,0,1,0,1,0,0,0,11,,0,0,12,632,644,11
2020-05-31,47149,47149,1222,26,1222,26,8,0,700,22,81,0,499,4,23,0,1222,11528,12750,314
2020-05-31,47145,47145,16,0,16,0,9,0,5,0,2,1,11,,0,0,16,3086,3102,71
2020-05-31,47097,47097,56,0,56,0,2,0,12,0,8,0,43,,1,0,56,3219,3275,9
2020-05-31,47121,47121,26,0,26,0,0,0,5,0,3,0,21,,0,0,26,515,541,9
2020-05-31,47093,47093,379,4,379,4,5,0,60,4,34,0,314,,5,0,379,16284,16663,311
2020-05-31,47041,47041,38,1,38,1,0,0,11,1,0,0,27,,0,0,38,1242,1280,14
2020-05-31,47039,47039,5,0,5,0,0,0,0,0,0,0,5,,0,0,5,502,507,2
2020-05-31,47037,47037,5130,90,5130,90,7,0,1613,74,356,2,3455,16,62,0,5130,34502,39632,788
2020-05-31,47035,47035,113,1,113,1,1,0,36,1,9,0,76,,1,0,113,3992,4105,94
2020-05-31,47033,47033,16,0,16,0,2,0,2,0,1,0,12,,2,0,16,523,539,10
2020-05-31,47031,47031,73,0,73,0,1,0,21,0,5,0,52,,0,0,73,2228,2301,17
2020-05-31,47029,47029,20,0,20,0,2,0,1,0,1,0,19,,0,0,20,1006,1026,9
2020-05-31,47027,47027,7,0,7,0,0,0,1,0,0,0,6,,0,0,7,495,502,3
2020-05-31,47025,47025,10,1,10,1,1,0,3,1,1,0,7,,0,0,10,765,775,13
2020-05-31,47023,47023,12,0,12,0,0,0,0,0,1,0,12,,0,0,12,636,648,7
2020-05-31,47021,47021,126,3,126,3,0,0,69,3,7,0,57,,0,0,126,1878,2004,37
2020-05-31,47019,47019,19,0,19,0,1,0,0,0,2,0,18,,1,0,19,1379,1398,4
2020-05-31,47017,47017,27,0,27,0,5,0,2,0,6,0,24,,1,0,27,1360,1387,18
2020-05-31,47015,47015,30,9,30,9,0,0,17,9,2,0,13,,0,0,30,596,626,35
2020-05-31,47013,47013,18,0,18,0,1,0,1,0,2,0,16,,1,0,18,1433,1451,18
2020-05-31,47011,47011,129,7,129,7,5,-1,35,5,17,1,93,2,1,0,129,2577,2706,90
2020-05-31,47009,47009,91,0,91,0,5,0,14,-1,5,0,74,1,3,0,91,3270,3361,80
2020-05-31,47007,47007,608,1,608,1,0,0,3,1,4,0,604,,1,0,608,3308,3916,6
2020-05-31,47005,47005,7,0,7,0,0,0,0,0,2,0,6,,1,0,7,757,764,4
2020-05-31,47003,47003,287,4,287,4,0,0,45,2,11,0,238,2,4,0,287,2369,2656,14
2020-05-31,47095,47095,415,1,415,1,1,0,10,1,2,0,405,,0,0,415,1261,1676,6
2020-05-31,47043,47043,111,2,111,2,0,0,57,2,14,0,54,,0,0,111,2205,2316,34
2020-05-31,47045,47045,50,0,50,0,5,0,6,0,6,0,44,,0,0,50,1387,1437,17
2020-05-31,47001,47001,41,1,41,1,1,0,4,1,4,0,36,,1,0,41,4432,4473,71
2020-05-31,47049,47049,12,0,12,0,0,0,4,0,1,0,8,,0,0,12,686,698,19
2020-05-31,47047,47047,115,0,115,0,1,0,25,0,14,0,88,,2,0,115,2908,3023,43
2020-05-31,47089,47089,28,0,28,0,5,0,3,0,0,0,25,,0,0,28,2139,2167,25
2020-05-31,47087,47087,17,0,17,0,0,0,6,0,1,0,11,,0,0,17,595,612,5
2020-05-31,47085,47085,14,1,14,1,1,0,7,1,1,0,6,,1,0,14,692,706,13
2020-05-31,47083,47083,8,0,8,0,0,0,3,0,4,0,5,,0,0,8,275,283,3
2020-05-31,47081,47081,58,0,58,0,0,0,8,0,2,0,50,,0,0,58,914,972,6
2020-05-31,47079,47079,30,0,30,0,0,0,11,0,5,0,19,,0,0,30,1498,1528,18
2020-05-31,47077,47077,15,0,15,0,0,0,0,0,1,0,15,,0,0,15,1116,1131,12
2020-05-31,47075,47075,31,0,31,0,1,0,4,0,6,0,25,,2,0,31,918,949,69
2020-05-31,47073,47073,34,1,34,1,1,0,2,1,6,0,30,,2,0,34,1527,1561,7
2020-05-31,47091,47091,16,0,16,0,0,0,1,0,1,0,15,,0,0,16,1930,1946,6
2020-05-31,47069,47069,196,0,196,0,0,0,12,0,3,0,184,,0,0,196,5009,5205,26
2020-05-31,47067,47067,1,0,1,0,0,0,0,0,0,0,1,,0,0,1,156,157,1
2020-05-31,47065,47065,813,19,813,19,4,0,538,14,62,1,260,5,15,0,813,9442,10255,638
2020-05-31,47063,47063,41,5,41,5,7,1,15,5,7,0,24,,2,0,41,2480,2521,55
2020-05-31,47061,47061,31,0,31,0,0,0,4,0,10,0,26,,1,0,31,482,513,4
2020-05-31,47059,47059,52,2,52,2,1,0,4,2,8,0,46,,2,0,52,2161,2213,23
2020-05-31,47057,47057,12,4,12,4,1,0,6,4,2,0,6,,0,0,12,590,602,16
2020-05-31,47055,47055,12,0,12,0,0,0,4,0,1,0,8,,0,0,12,1038,1050,88
2020-05-31,47053,47053,63,0,63,0,4,0,6,0,5,0,56,,1,0,63,2398,2461,23
2020-05-31,47051,47051,53,0,53,0,1,0,11,0,6,0,41,,1,0,53,2096,2149,6
2020-05-31,47071,47071,15,0,15,0,0,0,2,0,3,0,11,,2,0,15,1621,1636,116
2020-06-01,47103,47103,25,0,25,0,0,0,7,0,2,0,18,,0,0,25,1288,1313,24
2020-06-01,47129,47129,17,0,17,0,0,0,6,0,0,0,11,,0,0,17,3043,3060,6
2020-06-01,47131,47131,36,1,36,1,2,0,11,0,3,0,24,1,1,0,36,1279,1315,45
2020-06-01,,47OOS,426,-6,426,-6,1,0,202,-21,20,0,220,15,4,0,426,68275,68701,1118
2020-06-01,47139,47139,18,0,18,0,1,0,4,0,1,0,14,,0,0,18,533,551,19
2020-06-01,,47PEN,161,29,161,29,1,0,155,28,2,0,6,1,0,0,161,42120,42281,908
2020-06-01,47135,47135,22,0,22,0,0,0,11,0,0,0,11,,0,0,22,218,240,40
2020-06-01,47137,47137,3,0,3,0,0,0,2,0,0,0,1,,0,0,3,355,358,97
2020-06-01,47133,47133,29,1,29,1,0,0,11,1,2,0,18,,0,0,29,1356,1385,42
2020-06-01,47127,47127,4,0,4,0,0,0,1,0,0,0,3,,0,0,4,361,365,14
2020-06-01,47119,47119,99,8,99,8,0,0,34,6,8,0,65,2,0,0,99,3031,3130,185
2020-06-01,47123,47123,65,1,65,1,11,0,17,0,8,0,46,1,2,0,65,1124,1189,119
2020-06-01,47121,47121,26,0,26,0,0,0,5,0,3,0,21,,0,0,26,538,564,23
2020-06-01,47109,47109,13,1,13,1,0,0,1,1,2,1,12,,0,0,13,887,900,13
2020-06-01,47107,47107,142,1,142,1,0,0,22,0,17,0,106,1,14,0,142,2742,2884,68
2020-06-01,47117,47117,31,0,31,0,0,0,5,0,6,0,25,,1,0,31,1055,1086,24
2020-06-01,47115,47115,42,1,42,1,1,1,10,0,10,0,31,1,1,0,42,877,919,60
2020-06-01,47113,47113,175,-1,175,-1,1,0,17,-1,20,0,156,,2,0,175,5144,5319,67
2020-06-01,47111,47111,152,11,152,11,0,0,75,9,12,0,74,2,3,0,152,1365,1517,31
2020-06-01,47105,47105,148,4,148,4,14,2,36,2,6,0,112,2,0,0,148,1992,2140,38
2020-06-01,47141,47141,496,5,496,5,1,0,250,-13,11,1,241,18,5,0,496,4844,5340,183
2020-06-01,47125,47125,274,4,274,4,0,0,148,3,26,0,123,1,3,0,274,8167,8441,193
2020-06-01,47143,47143,214,4,214,4,0,0,78,-18,3,0,136,22,0,0,214,1571,1785,223
2020-06-01,47165,47165,893,4,893,4,9,0,462,-3,197,1,386,7,45,0,893,7981,8874,229
2020-06-01,47147,47147,499,24,499,24,0,0,242,21,38,1,253,2,4,1,499,3856,4355,144
2020-06-01,47101,47101,3,0,3,0,0,0,1,0,0,0,2,,0,0,3,456,459,10
2020-06-01,47189,47189,424,9,424,9,2,0,164,5,33,1,252,4,8,0,424,6641,7065,241
2020-06-01,47187,47187,558,3,558,3,0,0,191,-1,47,1,357,4,10,0,558,9708,10266,140
2020-06-01,47185,47185,34,1,34,1,1,0,12,1,3,0,22,,0,0,34,1375,1409,20
2020-06-01,47183,47183,26,0,26,0,1,0,1,0,1,0,25,,0,0,26,1393,1419,188
2020-06-01,47181,47181,64,0,64,0,0,0,60,0,2,0,4,,0,0,64,2242,2306,13
2020-06-01,47179,47179,75,0,75,0,1,0,2,0,6,0,73,,0,0,75,3510,3585,251
2020-06-01,47177,47177,26,0,26,0,0,0,11,0,0,0,15,,0,0,26,1746,1772,25
2020-06-01,47175,47175,4,0,4,0,0,0,1,0,0,0,3,,0,0,4,334,338,3
2020-06-01,47173,47173,5,1,5,1,0,0,1,1,0,0,4,,0,0,5,476,481,8
2020-06-01,47171,47171,49,45,49,45,0,0,46,45,0,0,3,,0,0,49,491,540,90
2020-06-01,47169,47169,1396,1,1396,1,3,0,37,0,14,0,1355,1,4,0,1396,1831,3227,11
2020-06-01,47167,47167,452,7,452,7,2,0,56,7,23,0,393,,3,0,452,3841,4293,93
2020-06-01,47163,47163,60,0,60,0,3,0,0,0,6,0,58,,2,0,60,4601,4661,306
2020-06-01,47161,47161,12,1,12,1,0,0,8,1,2,0,4,,0,0,12,420,432,51
2020-06-01,47159,47159,35,1,35,1,1,0,12,1,2,0,22,,1,0,35,902,937,8
2020-06-01,47157,47157,5225,157,5225,157,3,0,1644,76,484,6,3468,79,113,2,5225,57868,63093,2160
2020-06-01,47155,47155,87,2,87,2,5,-1,14,-1,6,0,71,3,2,0,87,4472,4559,55
2020-06-01,47153,47153,18,3,18,3,1,0,6,3,1,0,12,,0,0,18,1035,1053,74
2020-06-01,47151,47151,12,0,12,0,1,0,1,0,0,0,11,,0,0,12,640,652,8
2020-06-01,47149,47149,1243,21,1243,21,8,0,708,8,81,0,512,13,23,0,1243,11861,13104,354
2020-06-01,47145,47145,16,0,16,0,10,1,4,-1,2,0,12,1,0,0,16,3100,3116,14
2020-06-01,47099,47099,32,1,32,1,0,0,12,1,3,0,20,,0,0,32,1519,1551,79
2020-06-01,47023,47023,12,0,12,0,0,0,0,0,1,0,12,,0,0,12,643,655,7
2020-06-01,47095,47095,415,0,415,0,1,0,10,0,2,0,405,,0,0,415,1267,1682,6
2020-06-01,47043,47043,111,0,111,0,0,0,57,0,14,0,54,,0,0,111,2257,2368,52
2020-06-01,47041,47041,40,2,40,2,0,0,12,1,0,0,28,1,0,0,40,1267,1307,27
2020-06-01,47039,47039,5,0,5,0,0,0,0,0,0,0,5,,0,0,5,508,513,6
2020-06-01,47037,47037,5205,75,5205,75,7,0,1644,31,357,1,3499,44,62,0,5205,35283,40488,856
2020-06-01,47035,47035,116,3,116,3,1,0,37,1,9,0,78,2,1,0,116,4102,4218,113
2020-06-01,47033,47033,16,0,16,0,2,0,2,0,1,0,12,,2,0,16,534,550,11
2020-06-01,47031,47031,74,1,74,1,1,0,19,-2,5,0,55,3,0,0,74,2357,2431,130
2020-06-01,47029,47029,20,0,20,0,2,0,1,0,1,0,19,,0,0,20,1023,1043,17
2020-06-01,47027,47027,7,0,7,0,0,0,1,0,0,0,6,,0,0,7,500,507,5
2020-06-01,47025,47025,10,0,10,0,0,-1,3,0,1,0,7,,0,0,10,779,789,14
2020-06-01,47021,47021,128,2,128,2,0,0,69,0,7,0,59,2,0,0,128,1882,2010,6
2020-06-01,47019,47019,19,0,19,0,1,0,0,0,2,0,18,,1,0,19,1421,1440,42
2020-06-01,47017,47017,28,1,28,1,5,0,3,1,6,0,24,,1,0,28,1380,1408,21
2020-06-01,47015,47015,31,1,31,1,0,0,18,1,2,0,13,,0,0,31,610,641,15
2020-06-01,47013,47013,18,0,18,0,1,0,1,0,2,0,16,,1,0,18,1451,1469,18
2020-06-01,47011,47011,146,17,146,17,3,-2,46,11,18,1,99,6,1,0,146,2725,2871,165
2020-06-01,47009,47009,92,1,92,1,5,0,15,1,5,0,74,,3,0,92,3321,3413,52
2020-06-01,47007,47007,608,0,608,0,0,0,3,0,4,0,604,,1,0,608,3359,3967,51
2020-06-01,47005,47005,7,0,7,0,0,0,0,0,2,0,6,,1,0,7,767,774,10
2020-06-01,47003,47003,292,5,292,5,0,0,47,2,12,1,241,3,4,0,292,2456,2748,92
2020-06-01,47097,47097,59,3,59,3,1,-1,15,3,8,0,43,,1,0,59,3253,3312,37
2020-06-01,47045,47045,52,2,52,2,5,0,8,2,6,0,44,,0,0,52,1597,1649,212
2020-06-01,47047,47047,115,0,115,0,1,0,25,0,14,0,88,,2,0,115,2958,3073,50
2020-06-01,47001,47001,41,0,41,0,1,0,4,0,4,0,36,,1,0,41,4462,4503,30
2020-06-01,47051,47051,54,1,54,1,1,0,12,1,6,0,41,,1,0,54,2173,2227,78
2020-06-01,47049,47049,12,0,12,0,0,0,4,0,1,0,8,,0,0,12,699,711,13
2020-06-01,47091,47091,16,0,16,0,0,0,1,0,1,0,15,,0,0,16,1940,1956,10
2020-06-01,47089,47089,28,0,28,0,5,0,3,0,0,0,25,,0,0,28,2166,2194,27
2020-06-01,47087,47087,17,0,17,0,0,0,6,0,1,0,11,,0,0,17,601,618,6
2020-06-01,47085,47085,14,0,14,0,1,0,7,0,1,0,6,,1,0,14,710,724,18
2020-06-01,47083,47083,8,0,8,0,0,0,3,0,4,0,5,,0,0,8,503,511,228
2020-06-01,47081,47081,58,0,58,0,0,0,8,0,2,0,50,,0,0,58,1024,1082,110
2020-06-01,47079,47079,31,1,31,1,0,0,12,1,5,0,19,,0,0,31,1586,1617,89
2020-06-01,47077,47077,15,0,15,0,0,0,0,0,1,0,15,,0,0,15,1124,1139,8
2020-06-01,47075,47075,32,1,32,1,1,0,5,1,6,0,25,,2,0,32,937,969,20
2020-06-01,47073,47073,35,1,35,1,1,0,3,1,6,0,30,,2,0,35,1593,1628,67
2020-06-01,47093,47093,399,20,399,20,5,0,79,19,34,0,315,1,5,0,399,16631,17030,367
2020-06-01,47071,47071,17,2,17,2,0,0,4,2,3,0,11,,2,0,17,1678,1695,59
2020-06-01,47069,47069,202,6,202,6,0,0,17,5,5,2,185,1,0,0,202,5040,5242,37
2020-06-01,47067,47067,1,0,1,0,0,0,0,0,0,0,1,,0,0,1,159,160,3
2020-06-01,47065,47065,872,59,872,59,7,3,579,41,62,0,278,18,15,0,872,10348,11220,965
2020-06-01,47063,47063,42,1,42,1,7,0,14,-1,7,0,26,2,2,0,42,2516,2558,37
2020-06-01,47061,47061,31,0,31,0,0,0,4,0,10,0,26,,1,0,31,494,525,12
2020-06-01,47059,47059,52,0,52,0,1,0,4,0,8,0,46,,2,0,52,2230,2282,69
2020-06-01,47057,47057,11,-1,11,-1,1,0,5,-1,2,0,6,,0,0,11,598,609,7
2020-06-01,47055,47055,12,0,12,0,0,0,4,0,1,0,8,,0,0,12,1054,1066,16
2020-06-01,47053,47053,62,-1,62,-1,4,0,5,-1,5,0,56,,1,0,62,2509,2571,110
2020-06-02,47127,47127,4,0,4,0,0,0,1,0,0,0,3,,0,0,4,362,366,1
2020-06-02,47129,47129,17,0,17,0,0,0,6,0,0,0,11,,0,0,17,3060,3077,17
2020-06-02,47131,47131,40,4,40,4,2,0,13,2,5,2,24,,3,2,40,1300,1340,25
2020-06-02,47137,47137,3,0,3,0,0,0,1,-1,0,0,2,1,0,0,3,365,368,10
2020-06-02,47133,47133,32,3,32,3,0,0,14,3,2,0,18,,0,0,32,1403,1435,50
2020-06-02,,47PEN,191,30,191,30,1,0,182,27,2,0,9,3,0,0,191,43003,43194,913
2020-06-02,47135,47135,23,1,23,1,0,0,12,1,0,0,11,,0,0,23,226,249,9
2020-06-02,47125,47125,277,3,277,3,0,0,148,0,26,0,126,3,3,0,277,8312,8589,148
2020-06-02,,47OOS,440,14,440,14,3,2,216,14,20,0,220,,4,0,440,69574,70014,1313
2020-06-02,47123,47123,66,1,66,1,11,0,17,0,8,0,47,1,2,0,66,1151,1217,28
2020-06-02,47119,47119,102,3,102,3,0,0,36,2,8,0,66,1,0,0,102,3044,3146,16
2020-06-02,47109,47109,15,2,15,2,0,0,3,2,2,0,12,,0,0,15,894,909,9
2020-06-02,47107,47107,143,1,143,1,0,0,23,1,17,0,106,,14,0,143,2839,2982,98
2020-06-02,47101,47101,3,0,3,0,0,0,1,0,0,0,2,,0,0,3,461,464,5
2020-06-02,47117,47117,32,1,32,1,0,0,6,1,6,0,25,,1,0,32,1059,1091,5
2020-06-02,47115,47115,42,0,42,0,2,1,10,0,10,0,31,,1,0,42,884,926,7
2020-06-02,47113,47113,174,-1,174,-1,1,0,16,-1,20,0,156,,2,0,174,5171,5345,26
2020-06-02,47111,47111,157,5,157,5,0,0,76,1,12,0,78,4,3,0,157,1377,1534,17
2020-06-02,47105,47105,154,6,154,6,15,1,39,3,6,0,115,3,0,0,154,2041,2195,55
2020-06-02,47103,47103,28,3,28,3,0,0,7,0,2,0,21,3,0,0,28,1311,1339,26
2020-06-02,47139,47139,18,0,18,0,1,0,4,0,1,0,14,,0,0,18,534,552,1
2020-06-02,47121,47121,27,1,27,1,0,0,6,1,3,0,21,,0,0,27,546,573,9
2020-06-02,47141,47141,507,11,507,11,1,0,254,4,11,0,248,7,5,0,507,5121,5628,288
2020-06-02,47163,47163,60,0,60,0,3,0,0,0,6,0,58,,2,0,60,4775,4835,174
2020-06-02,47145,47145,16,0,16,0,10,0,4,0,2,0,12,,0,0,16,3146,3162,46
2020-06-02,47099,47099,32,0,32,0,0,0,12,0,3,0,20,,0,0,32,1527,1559,8
2020-06-02,47187,47187,567,9,567,9,0,0,195,4,47,0,361,4,11,1,567,9922,10489,223
2020-06-02,47185,47185,34,0,34,0,1,0,11,-1,3,0,23,1,0,0,34,1423,1457,48
2020-06-02,47183,47183,26,0,26,0,1,0,1,0,1,0,25,,0,0,26,1409,1435,16
2020-06-02,47181,47181,64,0,64,0,0,0,2,-58,2,0,62,58,0,0,64,2245,2309,3
2020-06-02,47179,47179,75,0,75,0,1,0,2,0,6,0,73,,0,0,75,4094,4169,584
2020-06-02,47177,47177,26,0,26,0,0,0,10,-1,0,0,16,1,0,0,26,1760,1786,14
2020-06-02,47175,47175,4,0,4,0,0,0,1,0,0,0,3,,0,0,4,340,344,6
2020-06-02,47173,47173,5,0,5,0,0,0,1,0,0,0,4,,0,0,5,488,493,12
2020-06-02,47171,47171,41,-8,41,-8,0,0,34,-12,0,0,7,4,0,0,41,504,545,5
2020-06-02,47169,47169,1396,0,1396,0,3,0,37,0,14,0,1355,,4,0,1396,1836,3232,5
2020-06-02,47167,47167,455,3,455,3,2,0,55,-1,23,0,397,4,3,0,455,3900,4355,62
2020-06-02,47165,47165,913,20,913,20,9,0,476,14,199,2,392,6,45,0,913,8116,9029,155
2020-06-02,47161,47161,13,1,13,1,0,0,9,1,2,0,4,,0,0,13,428,441,9
2020-06-02,47159,47159,36,1,36,1,1,0,13,1,2,0,22,,1,0,36,910,946,9
2020-06-02,47157,47157,5313,88,5313,88,9,6,1664,20,490,6,3532,64,117,4,5313,59182,64495,1402
2020-06-02,47155,47155,90,3,90,3,5,0,17,3,6,0,71,,2,0,90,4652,4742,183
2020-06-02,47153,47153,19,1,19,1,0,-1,6,0,2,1,13,1,0,0,19,1045,1064,11
2020-06-02,47151,47151,12,0,12,0,1,0,1,0,0,0,11,,0,0,12,656,668,16
2020-06-02,47149,47149,1278,35,1278,35,8,0,719,11,83,2,532,20,27,4,1278,12060,13338,234
2020-06-02,47147,47147,511,12,511,12,0,0,244,2,39,1,263,10,4,0,511,3937,4448,93
2020-06-02,47143,47143,214,0,214,0,0,0,57,-21,3,0,157,21,0,0,214,1584,1798,13
2020-06-02,47097,47097,59,0,59,0,2,1,15,0,8,0,43,,1,0,59,3266,3325,13
2020-06-02,47189,47189,430,6,430,6,2,0,164,0,35,2,258,6,8,0,430,6748,7178,113
2020-06-02,47093,47093,410,11,410,11,5,0,89,10,34,0,316,1,5,0,410,18008,18418,1388
2020-06-02,47041,47041,40,0,40,0,0,0,11,-1,0,0,29,1,0,0,40,1282,1322,15
2020-06-02,47039,47039,5,0,5,0,0,0,0,0,0,0,5,,0,0,5,515,520,7
2020-06-02,47037,47037,5323,118,5323,118,8,1,1693,49,363,6,3566,67,64,2,5323,36047,41370,882
2020-06-02,47035,47035,118,2,118,2,1,0,38,1,9,0,79,1,1,0,118,4289,4407,189
2020-06-02,47033,47033,16,0,16,0,2,0,2,0,1,0,12,,2,0,16,535,551,1
2020-06-02,47031,47031,73,-1,73,-1,1,0,18,-1,5,0,55,,0,0,73,2366,2439,8
2020-06-02,47029,47029,21,1,21,1,2,0,2,1,1,0,19,,0,0,21,1216,1237,194
2020-06-02,47027,47027,8,1,8,1,0,0,2,1,0,0,6,,0,0,8,503,511,4
2020-06-02,47025,47025,12,2,12,2,0,0,3,0,1,0,9,2,0,0,12,801,813,24
2020-06-02,47023,47023,12,0,12,0,0,0,0,0,1,0,12,,0,0,12,644,656,1
2020-06-02,47021,47021,134,6,134,6,0,0,73,4,7,0,61,2,0,0,134,1913,2047,37
2020-06-02,47019,47019,19,0,19,0,1,0,0,0,2,0,18,,1,0,19,1557,1576,136
2020-06-02,47017,47017,28,0,28,0,5,0,3,0,6,0,24,,1,0,28,1397,1425,17
2020-06-02,47015,47015,31,0,31,0,0,0,18,0,2,0,13,,0,0,31,624,655,14
2020-06-02,47013,47013,18,0,18,0,3,2,1,0,2,0,16,,1,0,18,1485,1503,34
2020-06-02,47011,47011,157,11,157,11,3,0,53,7,18,0,103,4,1,0,157,2772,2929,58
2020-06-02,47009,47009,93,1,93,1,5,0,16,1,5,0,74,,3,0,93,3416,3509,96
2020-06-02,47007,47007,609,1,609,1,0,0,3,0,4,0,605,1,1,0,609,3360,3969,2
2020-06-02,47005,47005,7,0,7,0,0,0,0,0,2,0,6,,1,0,7,777,784,10
2020-06-02,47003,47003,295,3,295,3,0,0,50,3,12,0,241,,4,0,295,2481,2776,28
2020-06-02,47001,47001,41,0,41,0,1,0,2,-2,5,1,38,2,1,0,41,4628,4669,166
2020-06-02,47043,47043,116,5,116,5,0,0,59,2,14,0,57,3,0,0,116,2311,2427,59
2020-06-02,47045,47045,55,3,55,3,4,-1,11,3,6,0,44,,0,0,55,1621,1676,27
2020-06-02,47095,47095,765,350,765,350,1,0,360,350,2,0,405,,0,0,765,2912,3677,1995
2020-06-02,47049,47049,12,0,12,0,0,0,3,-1,1,0,9,1,0,0,12,712,724,13
2020-06-02,47047,47047,121,6,121,6,1,0,30,5,14,0,89,1,2,0,121,2995,3116,43
2020-06-02,47091,47091,16,0,16,0,0,0,1,0,1,0,15,,0,0,16,1954,1970,14
2020-06-02,47089,47089,28,0,28,0,5,0,3,0,0,0,25,,0,0,28,2218,2246,52
2020-06-02,47087,47087,19,2,19,2,0,0,7,1,1,0,12,1,0,0,19,605,624,6
2020-06-02,47085,47085,15,1,15,1,1,0,8,1,1,0,6,,1,0,15,721,736,12
2020-06-02,47083,47083,8,0,8,0,0,0,3,0,4,0,5,,0,0,8,546,554,43
2020-06-02,47079,47079,31,0,31,0,0,0,11,-1,5,0,20,1,0,0,31,1671,1702,85
2020-06-02,47077,47077,15,0,15,0,0,0,0,0,1,0,15,,0,0,15,1133,1148,9
2020-06-02,47075,47075,32,0,32,0,1,0,4,-1,6,0,26,1,2,0,32,940,972,3
2020-06-02,47073,47073,34,-1,34,-1,0,-1,2,-1,6,0,30,,2,0,34,1628,1662,34
2020-06-02,47081,47081,58,0,58,0,0,0,8,0,2,0,50,,0,0,58,1070,1128,46
2020-06-02,47069,47069,202,0,202,0,0,0,16,-1,6,1,186,1,0,0,202,5053,5255,13
2020-06-02,47067,47067,1,0,1,0,0,0,0,0,0,0,1,,0,0,1,165,166,6
2020-06-02,47065,47065,910,38,910,38,7,0,583,4,63,1,311,33,16,1,910,11224,12134,914
2020-06-02,47063,47063,43,1,43,1,8,1,13,-1,7,0,28,2,2,0,43,2590,2633,75
2020-06-02,47051,47051,54,0,54,0,2,1,12,0,6,0,41,,1,0,54,2177,2231,4
2020-06-02,47061,47061,31,0,31,0,0,0,3,-1,10,0,27,1,1,0,31,496,527,2
2020-06-02,47059,47059,52,0,52,0,1,0,4,0,8,0,46,,2,0,52,2394,2446,164
2020-06-02,47057,47057,11,0,11,0,1,0,5,0,2,0,6,,0,0,11,723,734,125
2020-06-02,47055,47055,12,0,12,0,0,0,4,0,1,0,8,,0,0,12,1057,1069,3
2020-06-02,47053,47053,62,0,62,0,4,0,5,0,5,0,56,,1,0,62,2528,2590,19
2020-06-02,47071,47071,18,1,18,1,0,0,5,1,3,0,11,,2,0,18,1710,1728,33
2020-06-03,47129,47129,17,0,17,0,0,0,6,0,0,0,11,,0,0,17,3083,3100,23
2020-06-03,47131,47131,43,3,43,3,2,0,14,1,5,0,26,2,3,0,43,1338,1381,41
2020-06-03,,47OOS,411,-29,411,-29,3,0,182,-34,19,-1,225,5,4,0,411,70432,70843,829
2020-06-03,47139,47139,18,0,18,0,1,0,4,0,1,0,14,,0,0,18,543,561,9
2020-06-03,,47PEN,165,-26,165,-26,1,0,153,-29,2,0,12,3,0,0,165,43978,44143,949
2020-06-03,47135,47135,24,1,24,1,0,0,13,1,0,0,11,,0,0,24,227,251,2
2020-06-03,47137,47137,3,0,3,0,0,0,0,-1,0,0,3,1,0,0,3,366,369,1
2020-06-03,47127,47127,5,1,5,1,0,0,2,1,0,0,3,,0,0,5,362,367,1
2020-06-03,47133,47133,32,0,32,0,0,0,12,-2,2,0,20,2,0,0,32,1412,1444,9
2020-06-03,47125,47125,283,6,283,6,0,0,151,3,26,0,129,3,3,0,283,8393,8676,87
2020-06-03,47103,47103,29,1,29,1,0,0,8,1,2,0,21,,0,0,29,1299,1328,-11
2020-06-03,47121,47121,27,0,27,0,0,0,6,0,3,0,21,,0,0,27,551,578,5
2020-06-03,47109,47109,15,0,15,0,0,0,3,0,2,0,12,,0,0,15,921,936,27
2020-06-03,47107,47107,144,1,144,1,0,0,24,1,17,0,106,,14,0,144,2884,3028,46
2020-06-03,47119,47119,105,3,105,3,0,0,38,2,8,0,67,1,0,0,105,3073,3178,32
2020-06-03,47117,47117,33,1,33,1,0,0,6,0,6,0,26,1,1,0,33,1069,1102,11
2020-06-03,47115,47115,42,0,42,0,2,0,10,0,10,0,31,,1,0,42,891,933,7
2020-06-03,47113,47113,173,-1,173,-1,1,0,15,-1,21,1,156,,2,0,173,5342,5515,170
2020-06-03,47111,47111,158,1,158,1,0,0,71,-5,13,1,84,6,3,0,158,1388,1546,12
2020-06-03,47105,47105,157,3,157,3,13,-2,38,-1,6,0,119,4,0,0,157,2079,2236,41
2020-06-03,47141,47141,519,12,519,12,1,0,199,-55,14,3,314,66,6,1,519,5230,5749,121
2020-06-03,47123,47123,69,3,69,3,11,0,14,-3,8,0,53,6,2,0,69,1180,1249,32
2020-06-03,47143,47143,214,0,214,0,0,0,50,-7,3,0,164,7,0,0,214,1594,1808,10
2020-06-03,47165,47165,931,18,931,18,8,-1,490,14,200,1,395,3,46,1,931,8323,9254,225
2020-06-03,47147,47147,516,5,516,5,0,0,247,3,39,0,264,1,5,1,516,3985,4501,53
2020-06-03,47101,47101,3,0,3,0,0,0,1,0,0,0,2,,0,0,3,467,470,6
2020-06-03,47189,47189,442,12,442,12,2,0,175,11,36,1,259,1,8,0,442,6828,7270,92
2020-06-03,47187,47187,577,10,577,10,0,0,199,4,47,0,367,6,11,0,577,10033,10610,121
2020-06-03,47185,47185,34,0,34,0,1,0,10,-1,3,0,24,1,0,0,34,1442,1476,19
2020-06-03,47183,47183,26,0,26,0,1,0,1,0,1,0,25,,0,0,26,1428,1454,19
2020-06-03,47181,47181,64,0,64,0,0,0,1,-1,2,0,63,1,0,0,64,2251,2315,6
2020-06-03,47179,47179,75,0,75,0,1,0,2,0,6,0,73,,0,0,75,4116,4191,22
2020-06-03,47177,47177,26,0,26,0,0,0,9,-1,0,0,17,1,0,0,26,1781,1807,21
2020-06-03,47175,47175,4,0,4,0,0,0,1,0,1,1,3,,0,0,4,342,346,2
2020-06-03,47173,47173,4,-1,4,-1,0,0,0,-1,0,0,4,,0,0,4,494,498,5
2020-06-03,47171,47171,48,7,48,7,0,0,43,9,0,0,5,-2,0,0,48,504,552,7
2020-06-03,47169,47169,1394,-2,1394,-2,3,0,35,-2,14,0,1355,,4,0,1394,1840,3234,2
2020-06-03,47167,47167,459,4,459,4,2,0,56,1,23,0,400,3,3,0,459,3971,4430,75
2020-06-03,47163,47163,60,0,60,0,3,0,0,0,6,0,58,,2,0,60,4853,4913,78
2020-06-03,47161,47161,13,0,13,0,0,0,9,0,2,0,4,,0,0,13,433,446,5
2020-06-03,47159,47159,37,1,37,1,1,0,12,-1,2,0,24,2,1,0,37,925,962,16
2020-06-03,47157,47157,5428,115,5428,115,9,0,1677,13,506,16,3632,100,119,2,5428,60585,66013,1518
2020-06-03,47155,47155,94,4,94,4,6,1,19,2,6,0,73,2,2,0,94,4749,4843,101
2020-06-03,47153,47153,19,0,19,0,0,0,6,0,2,0,13,,0,0,19,1051,1070,6
2020-06-03,47151,47151,12,0,12,0,1,0,1,0,0,0,11,,0,0,12,668,680,12
2020-06-03,47149,47149,1321,43,1321,43,7,-1,734,15,85,2,559,27,28,1,1321,12213,13534,196
2020-06-03,47145,47145,16,0,16,0,10,0,4,0,2,0,12,,0,0,16,3195,3211,49
2020-06-03,47099,47099,33,1,33,1,0,0,11,-1,3,0,22,2,0,0,33,1531,1564,5
2020-06-03,47023,47023,12,0,12,0,0,0,0,0,1,0,12,,0,0,12,660,672,16
2020-06-03,47095,47095,835,70,835,70,1,0,430,70,2,0,405,,0,0,835,3292,4127,450
2020-06-03,47043,47043,118,2,118,2,0,0,60,1,14,0,58,1,0,0,118,2332,2450,23
2020-06-03,47041,47041,38,-2,38,-2,0,0,8,-3,0,0,30,1,0,0,38,1331,1369,47
2020-06-03,47039,47039,5,0,5,0,0,0,0,0,0,0,5,,0,0,5,524,529,9
2020-06-03,47037,47037,5429,106,5429,106,8,0,1687,-6,372,9,3677,111,65,1,5429,36882,42311,941
2020-06-03,47035,47035,119,1,119,1,1,0,29,-9,9,0,89,10,1,0,119,4322,4441,34
2020-06-03,47033,47033,16,0,16,0,2,0,2,0,2,1,12,,2,0,16,550,566,15
2020-06-03,47031,47031,74,1,74,1,1,0,16,-2,5,0,58,3,0,0,74,2383,2457,18
2020-06-03,47029,47029,21,0,21,0,2,0,2,0,1,0,19,,0,0,21,1230,1251,14
2020-06-03,47027,47027,8,0,8,0,0,0,2,0,0,0,6,,0,0,8,505,513,2
2020-06-03,47025,47025,12,0,12,0,0,0,3,0,1,0,9,,0,0,12,813,825,12
2020-06-03,47097,47097,59,0,59,0,2,0,15,0,8,0,43,,1,0,59,3282,3341,16
2020-06-03,47021,47021,135,1,135,1,0,0,74,1,7,0,61,,0,0,135,1985,2120,73
2020-06-03,47019,47019,19,0,19,0,1,0,0,0,2,0,18,,1,0,19,1581,1600,24
2020-06-03,47017,47017,28,0,28,0,5,0,3,0,6,0,24,,1,0,28,1408,1436,11
2020-06-03,47015,47015,32,1,32,1,0,0,19,1,2,0,13,,0,0,32,630,662,7
2020-06-03,47013,47013,18,0,18,0,3,0,1,0,2,0,16,,1,0,18,1513,1531,28
2020-06-03,47011,47011,161,4,161,4,5,2,57,4,19,1,103,,1,0,161,2793,2954,25
2020-06-03,47009,47009,93,0,93,0,5,0,16,0,5,0,74,,3,0,93,3526,3619,110
2020-06-03,47007,47007,610,1,610,1,0,0,4,1,4,0,605,,1,0,610,3383,3993,24
2020-06-03,47005,47005,7,0,7,0,0,0,0,0,2,0,6,,1,0,7,782,789,5
2020-06-03,47003,47003,295,0,295,0,0,0,48,-2,12,0,243,2,4,0,295,2488,2783,7
2020-06-03,47045,47045,57,2,57,2,4,0,13,2,6,0,44,,0,0,57,1642,1699,23
2020-06-03,47047,47047,125,4,125,4,1,0,33,3,14,0,90,1,2,0,125,3033,3158,42
2020-06-03,47001,47001,41,0,41,0,1,0,2,0,5,0,38,,1,0,41,4696,4737,68
2020-06-03,47051,47051,54,0,54,0,2,0,11,-1,6,0,42,1,1,0,54,2182,2236,5
2020-06-03,47093,47093,436,26,436,26,6,1,114,25,34,0,317,1,5,0,436,18428,18864,446
2020-06-03,47091,47091,19,3,19,3,0,0,4,3,1,0,15,,0,0,19,1961,1980,10
2020-06-03,47089,47089,28,0,28,0,5,0,3,0,0,0,25,,0,0,28,2332,2360,114
2020-06-03,47087,47087,19,0,19,0,0,0,6,-1,1,0,13,1,0,0,19,615,634,10
2020-06-03,47085,47085,15,0,15,0,1,0,8,0,1,0,6,,1,0,15,725,740,4
2020-06-03,47083,47083,8,0,8,0,0,0,3,0,4,0,5,,0,0,8,556,564,10
2020-06-03,47049,47049,12,0,12,0,0,0,3,0,1,0,9,,0,0,12,726,738,14
2020-06-03,47079,47079,31,0,31,0,0,0,3,-8,5,0,28,8,0,0,31,1694,1725,23
2020-06-03,47077,47077,15,0,15,0,0,0,0,0,1,0,15,,0,0,15,1139,1154,6
2020-06-03,47075,47075,33,1,33,1,1,0,5,1,6,0,26,,2,0,33,949,982,10
2020-06-03,47081,47081,58,0,58,0,0,0,8,0,2,0,50,,0,0,58,1075,1133,5
2020-06-03,47071,47071,22,4,22,4,0,0,8,3,3,0,12,1,2,0,22,1753,1775,47
2020-06-03,47073,47073,34,0,34,0,0,0,2,0,6,0,30,,2,0,34,1634,1668,6
2020-06-03,47055,47055,12,0,12,0,0,0,4,0,1,0,8,,0,0,12,1062,1074,5
2020-06-03,47057,47057,11,0,11,0,1,0,5,0,2,0,6,,0,0,11,748,759,25
2020-06-03,47059,47059,52,0,52,0,1,0,4,0,8,0,46,,2,0,52,2421,2473,27
2020-06-03,47053,47053,63,1,63,1,4,0,6,1,5,0,56,,1,0,63,2545,2608,18
2020-06-03,47063,47063,43,0,43,0,8,0,12,-1,7,0,29,1,2,0,43,2656,2699,66
2020-06-03,47065,47065,935,25,935,25,7,0,602,19,64,1,317,6,16,0,935,11818,12753,619
2020-06-03,47067,47067,1,0,1,0,0,0,0,0,0,0,1,,0,0,1,168,169,3
2020-06-03,47069,47069,201,-1,201,-1,0,0,15,-1,6,0,186,,0,0,201,5064,5265,10
2020-06-03,47061,47061,31,0,31,0,0,0,3,0,10,0,27,,1,0,31,497,528,1
2020-06-04,47137,47137,3,0,3,0,0,0,0,0,0,0,3,,0,0,3,369,372,3
2020-06-04,47135,47135,24,0,24,0,0,0,13,0,1,1,11,,0,0,24,239,263,12
2020-06-04,,47PEN,162,-3,162,-3,1,0,151,-2,2,0,11,-1,0,0,162,44556,44718,575
2020-06-04,47133,47133,32,0,32,0,0,0,11,-1,2,0,21,1,0,0,32,1436,1468,24
2020-06-04,,47OOS,396,-15,396,-15,3,0,161,-21,20,1,231,6,4,0,396,70897,71293,450
2020-06-04,47131,47131,45,2,45,2,2,0,16,2,6,1,26,,3,0,45,1358,1403,22
2020-06-04,47129,47129,17,0,17,0,0,0,1,-5,0,0,16,5,0,0,17,3102,3119,19
2020-06-04,47127,47127,5,0,5,0,0,0,2,0,0,0,3,,0,0,5,371,376,9
2020-06-04,47125,47125,286,3,286,3,0,0,152,1,26,0,131,2,3,0,286,8488,8774,98
2020-06-04,47103,47103,29,0,29,0,0,0,8,0,2,0,21,,0,0,29,1308,1337,9
2020-06-04,47121,47121,27,0,27,0,0,0,5,-1,3,0,22,1,0,0,27,561,588,10
2020-06-04,47109,47109,15,0,15,0,0,0,3,0,2,0,12,,0,0,15,934,949,13
2020-06-04,47107,47107,146,2,146,2,1,1,25,1,17,0,107,1,14,0,146,2910,3056,28
2020-06-04,47119,47119,107,2,107,2,0,0,37,-1,8,0,69,2,1,1,107,3126,3233,55
2020-06-04,47117,47117,33,0,33,0,0,0,6,0,6,0,26,,1,0,33,1093,1126,24
2020-06-04,47115,47115,44,2,44,2,1,-1,10,0,11,1,33,2,1,0,44,915,959,26
2020-06-04,47113,47113,173,0,173,0,1,0,15,0,21,0,156,,2,0,173,5382,5555,40
2020-06-04,47111,47111,166,8,166,8,0,0,75,4,13,0,88,4,3,0,166,1417,1583,37
2020-06-04,47105,47105,161,4,161,4,13,0,38,0,6,0,123,4,0,0,161,2086,2247,11
2020-06-04,47139,47139,19,1,19,1,1,0,5,1,1,0,14,,0,0,19,551,570,9
2020-06-04,47123,47123,71,2,71,2,11,0,15,1,8,0,53,,3,1,71,1182,1253,4
2020-06-04,47141,47141,524,5,524,5,1,0,178,-21,14,0,340,26,6,0,524,5255,5779,30
2020-06-04,47165,47165,938,7,938,7,8,0,493,3,200,0,399,4,46,0,938,8381,9319,65
2020-06-04,47145,47145,16,0,16,0,10,0,4,0,2,0,12,,0,0,16,3215,3231,20
2020-06-04,47101,47101,3,0,3,0,0,0,1,0,0,0,2,,0,0,3,471,474,4
2020-06-04,47187,47187,589,12,589,12,0,0,208,9,47,0,370,3,11,0,589,10213,10802,192
2020-06-04,47185,47185,33,-1,33,-1,1,0,6,-4,3,0,27,3,0,0,33,1443,1476,0
2020-06-04,47183,47183,26,0,26,0,1,0,1,0,1,0,25,,0,0,26,1439,1465,11
2020-06-04,47181,47181,64,0,64,0,0,0,1,0,2,0,63,,0,0,64,2253,2317,2
2020-06-04,47179,47179,75,0,75,0,1,0,1,-1,6,0,74,1,0,0,75,4142,4217,26
2020-06-04,47177,47177,26,0,26,0,0,0,8,-1,0,0,18,1,0,0,26,1800,1826,19
2020-06-04,47175,47175,4,0,4,0,0,0,1,0,1,0,3,,0,0,4,342,346,0
2020-06-04,47173,47173,4,0,4,0,0,0,0,0,0,0,4,,0,0,4,495,499,1
2020-06-04,47171,47171,48,0,48,0,0,0,41,-2,0,0,7,2,0,0,48,524,572,20
2020-06-04,47169,47169,1394,0,1394,0,3,0,35,0,14,0,1355,,4,0,1394,1847,3241,7
2020-06-04,47167,47167,461,2,461,2,2,0,57,1,23,0,401,1,3,0,461,4034,4495,65
2020-06-04,47163,47163,60,0,60,0,3,0,0,0,6,0,58,,2,0,60,4859,4919,6
2020-06-04,47161,47161,13,0,13,0,0,0,9,0,2,0,4,,0,0,13,451,464,18
2020-06-04,47159,47159,36,-1,36,-1,1,0,8,-4,2,0,27,3,1,0,36,927,963,1
2020-06-04,47157,47157,5546,118,5546,118,10,1,1699,22,513,7,3723,91,124,5,5546,61469,67015,1002
2020-06-04,47155,47155,97,3,97,3,6,0,22,3,6,0,73,,2,0,97,4772,4869,26
2020-06-04,47153,47153,20,1,20,1,0,0,5,-1,2,0,15,2,0,0,20,1075,1095,25
2020-06-04,47151,47151,12,0,12,0,1,0,0,-1,0,0,12,1,0,0,12,676,688,8
2020-06-04,47149,47149,1343,22,1343,22,7,0,745,11,86,1,570,11,28,0,1343,12403,13746,212
2020-06-04,47147,47147,523,7,523,7,0,0,254,7,40,1,264,,5,0,523,4012,4535,34
2020-06-04,47143,47143,217,3,217,3,0,0,51,1,3,0,166,2,0,0,217,1652,1869,61
2020-06-04,47099,47099,33,0,33,0,0,0,11,0,3,0,22,,0,0,33,1556,1589,25
2020-06-04,47189,47189,449,7,449,7,2,0,177,2,37,1,264,5,8,0,449,6893,7342,72
2020-06-04,47097,47097,59,0,59,0,2,0,14,-1,8,0,44,1,1,0,59,3292,3351,10
2020-06-04,47041,47041,38,0,38,0,0,0,7,-1,0,0,31,1,0,0,38,1342,1380,11
2020-06-04,47039,47039,5,0,5,0,0,0,0,0,0,0,5,,0,0,5,527,532,3
2020-06-04,47037,47037,5516,87,5516,87,8,0,1691,4,378,6,3759,82,66,1,5516,37266,42782,471
2020-06-04,47035,47035,120,1,120,1,1,0,28,-1,10,1,90,1,2,1,120,4374,4494,53
2020-06-04,47033,47033,16,0,16,0,2,0,1,-1,2,0,13,1,2,0,16,553,569,3
2020-06-04,47031,47031,78,4,78,4,1,0,20,4,5,0,58,,0,0,78,2457,2535,78
2020-06-04,47029,47029,21,0,21,0,2,0,2,0,1,0,19,,0,0,21,1248,1269,18
2020-06-04,47027,47027,8,0,8,0,0,0,2,0,0,0,6,,0,0,8,507,515,2
2020-06-04,47025,47025,12,0,12,0,0,0,3,0,1,0,9,,0,0,12,829,841,16
2020-06-04,47023,47023,12,0,12,0,0,0,0,0,1,0,12,,0,0,12,661,673,1
2020-06-04,47021,47021,135,0,135,0,0,0,74,0,7,0,61,,0,0,135,1996,2131,11
2020-06-04,47019,47019,19,0,19,0,1,0,0,0,2,0,18,,1,0,19,1590,1609,9
2020-06-04,47017,47017,28,0,28,0,5,0,3,0,6,0,24,,1,0,28,1417,1445,9
2020-06-04,47015,47015,32,0,32,0,0,0,19,0,3,1,13,,0,0,32,637,669,7
2020-06-04,47013,47013,18,0,18,0,3,0,1,0,2,0,16,,1,0,18,1519,1537,6
2020-06-04,47011,47011,166,5,166,5,5,0,60,3,19,0,105,2,1,0,166,2834,3000,46
2020-06-04,47009,47009,93,0,93,0,5,0,16,0,5,0,74,,3,0,93,3556,3649,30
2020-06-04,47007,47007,610,0,610,0,0,0,4,0,4,0,605,,1,0,610,3395,4005,12
2020-06-04,47005,47005,7,0,7,0,0,0,0,0,2,0,6,,1,0,7,785,792,3
2020-06-04,47003,47003,297,2,297,2,0,0,47,-1,12,0,246,3,4,0,297,2532,2829,46
2020-06-04,47001,47001,42,1,42,1,1,0,3,1,5,0,37,-1,2,1,42,4720,4762,25
2020-06-04,47043,47043,120,2,120,2,0,0,58,-2,14,0,62,4,0,0,120,2398,2518,68
2020-06-04,47045,47045,57,0,57,0,4,0,13,0,6,0,44,,0,0,57,1664,1721,22
2020-06-04,47095,47095,794,-41,794,-41,1,0,388,-42,2,0,406,1,0,0,794,3338,4132,5
2020-06-04,47049,47049,12,0,12,0,0,0,2,-1,1,0,10,1,0,0,12,733,745,7
2020-06-04,47093,47093,435,-1,435,-1,6,0,88,-26,36,2,342,25,5,0,435,18676,19111,247
2020-06-04,47091,47091,19,0,19,0,0,0,4,0,1,0,15,,0,0,19,1967,1986,6
2020-06-04,47089,47089,29,1,29,1,5,0,4,1,0,0,25,,0,0,29,2412,2441,81
2020-06-04,47087,47087,19,0,19,0,0,0,4,-2,1,0,15,2,0,0,19,617,636,2
2020-06-04,47085,47085,15,0,15,0,1,0,8,0,1,0,6,,1,0,15,749,764,24
2020-06-04,47083,47083,8,0,8,0,0,0,3,0,4,0,5,,0,0,8,559,567,3
2020-06-04,47047,47047,136,11,136,11,1,0,33,0,14,0,101,11,2,0,136,3061,3197,39
2020-06-04,47079,47079,32,1,32,1,0,0,3,0,5,0,29,1,0,0,32,1698,1730,5
2020-06-04,47077,47077,15,0,15,0,0,0,0,0,1,0,15,,0,0,15,1145,1160,6
2020-06-04,47075,47075,33,0,33,0,1,0,5,0,6,0,26,,2,0,33,951,984,2
2020-06-04,47073,47073,34,0,34,0,0,0,1,-1,6,0,31,1,2,0,34,1650,1684,16
2020-06-04,47081,47081,58,0,58,0,0,0,8,0,2,0,50,,0,0,58,1094,1152,19
2020-06-04,47069,47069,202,1,202,1,0,0,15,0,6,0,187,1,0,0,202,5078,5280,15
2020-06-04,47067,47067,1,0,1,0,0,0,0,0,0,0,1,,0,0,1,171,172,3
2020-06-04,47065,47065,964,29,964,29,6,-1,625,23,65,1,320,3,19,3,964,12184,13148,395
2020-06-04,47063,47063,42,-1,42,-1,8,0,11,-1,7,0,29,,2,0,42,2666,2708,9
2020-06-04,47061,47061,31,0,31,0,0,0,3,0,10,0,27,,1,0,31,503,534,6
2020-06-04,47059,47059,52,0,52,0,1,0,4,0,8,0,46,,2,0,52,2440,2492,19
2020-06-04,47057,47057,13,2,13,2,1,0,7,2,2,0,6,,0,0,13,751,764,5
2020-06-04,47055,47055,13,1,13,1,0,0,4,0,2,1,9,1,0,0,13,1081,1094,20
2020-06-04,47053,47053,63,0,63,0,4,0,6,0,5,0,56,,1,0,63,2550,2613,5
2020-06-04,47051,47051,54,0,54,0,3,1,11,0,6,0,42,,1,0,54,2205,2259,23
2020-06-04,47071,47071,22,0,22,0,0,0,8,0,3,0,12,,2,0,22,1760,1782,7
2020-06-05,47125,47125,287,1,287,1,0,0,152,0,27,1,132,1,3,0,287,8539,8826,52
2020-06-05,47127,47127,5,0,5,0,0,0,2,0,0,0,3,,0,0,5,373,378,2
2020-06-05,47129,47129,18,1,18,1,0,0,1,0,0,0,17,1,0,0,18,3107,3125,6
2020-06-05,47131,47131,48,3,48,3,2,0,21,5,6,0,26,,1,-2,48,1398,1446,43
2020-06-05,47137,47137,3,0,3,0,0,0,0,0,0,0,3,,0,0,3,369,372,0
2020-06-05,47133,47133,33,1,33,1,0,0,12,1,2,0,21,,0,0,33,1439,1472,4
2020-06-05,,47PEN,155,-7,155,-7,1,0,142,-9,2,0,13,2,0,0,155,45082,45237,519
2020-06-05,47135,47135,24,0,24,0,0,0,13,0,1,0,11,,0,0,24,268,292,29
2020-06-05,,47OOS,402,6,402,6,3,0,162,1,21,1,236,5,4,0,402,72113,72515,1222
2020-06-05,47123,47123,74,3,74,3,11,0,14,-1,8,0,57,4,3,0,74,1185,1259,6
2020-06-05,47101,47101,3,0,3,0,0,0,1,0,0,0,2,,0,0,3,475,478,4
2020-06-05,47109,47109,15,0,15,0,0,0,3,0,2,0,12,,0,0,15,938,953,4
2020-06-05,47107,47107,146,0,146,0,1,0,24,-1,17,0,108,1,14,0,146,2916,3062,6
2020-06-05,47119,47119,108,1,108,1,0,0,35,-2,8,0,72,3,1,0,108,3142,3250,17
2020-06-05,47117,47117,34,1,34,1,0,0,7,1,6,0,26,,1,0,34,1098,1132,6
2020-06-05,47115,47115,44,0,44,0,1,0,10,0,11,0,33,,1,0,44,917,961,2
2020-06-05,47113,47113,173,0,173,0,1,0,15,0,21,0,156,,2,0,173,5396,5569,14
2020-06-05,47111,47111,171,5,171,5,0,0,79,4,13,0,89,1,3,0,171,1447,1618,35
2020-06-05,47105,47105,165,4,165,4,14,1,39,1,6,0,126,3,0,0,165,2094,2259,12
2020-06-05,47103,47103,30,1,30,1,0,0,8,0,2,0,22,1,0,0,30,1315,1345,8
2020-06-05,47139,47139,19,0,19,0,1,0,4,-1,1,0,15,1,0,0,19,553,572,2
2020-06-05,47121,47121,27,0,27,0,0,0,5,0,4,1,22,,0,0,27,562,589,1
2020-06-05,47141,47141,525,1,525,1,1,0,174,-4,15,1,345,5,6,0,525,5277,5802,23
2020-06-05,47165,47165,951,13,951,13,8,0,504,11,200,0,401,2,46,0,951,8536,9487,168
2020-06-05,47145,47145,17,1,17,1,10,0,4,0,2,0,13,1,0,0,17,3233,3250,19
2020-06-05,47099,47099,35,2,35,2,0,0,13,2,3,0,22,,0,0,35,1562,1597,8
2020-06-05,47187,47187,595,6,595,6,0,0,210,2,47,0,374,4,11,0,595,10361,10956,154
2020-06-05,47185,47185,34,1,34,1,1,0,7,1,3,0,27,,0,0,34,1466,1500,24
2020-06-05,47183,47183,26,0,26,0,1,0,1,0,1,0,25,,0,0,26,1486,1512,47
2020-06-05,47181,47181,64,0,64,0,0,0,1,0,2,0,63,,0,0,64,2256,2320,3
2020-06-05,47179,47179,76,1,76,1,1,0,2,1,6,0,74,,0,0,76,4132,4208,-9
2020-06-05,47177,47177,27,1,27,1,0,0,9,1,0,0,18,,0,0,27,1811,1838,12
2020-06-05,47175,47175,4,0,4,0,0,0,1,0,1,0,3,,0,0,4,344,348,2
2020-06-05,47173,47173,4,0,4,0,0,0,0,0,0,0,4,,0,0,4,520,524,25
2020-06-05,47171,47171,49,1,49,1,0,0,42,1,0,0,7,,0,0,49,516,565,-7
2020-06-05,47169,47169,1394,0,1394,0,3,0,35,0,14,0,1355,,4,0,1394,1852,3246,5
2020-06-05,47167,47167,467,6,467,6,2,0,63,6,23,0,401,,3,0,467,4184,4651,156
2020-06-05,47163,47163,60,0,60,0,3,0,0,0,6,0,58,,2,0,60,4872,4932,13
2020-06-05,47161,47161,14,1,14,1,0,0,9,0,2,0,5,1,0,0,14,452,466,2
2020-06-05,47159,47159,36,0,36,0,1,0,8,0,2,0,27,,1,0,36,943,979,16
2020-06-05,47157,47157,5669,123,5669,123,10,0,1744,45,529,16,3798,75,127,3,5669,62627,68296,1281
2020-06-05,47155,47155,100,3,100,3,8,2,25,3,7,1,73,,2,0,100,4805,4905,36
2020-06-05,47153,47153,20,0,20,0,0,0,5,0,2,0,15,,0,0,20,1084,1104,9
2020-06-05,47151,47151,13,1,13,1,1,0,1,1,0,0,12,,0,0,13,678,691,3
2020-06-05,47149,47149,1398,55,1398,55,7,0,779,34,92,6,590,20,29,1,1398,12588,13986,240
2020-06-05,47147,47147,542,19,542,19,0,0,265,11,40,0,272,8,5,0,542,4127,4669,134
2020-06-05,47143,47143,216,-1,216,-1,0,0,49,-2,3,0,167,1,0,0,216,1655,1871,2
2020-06-05,47189,47189,459,10,459,10,2,0,181,4,37,0,270,6,8,0,459,6977,7436,94
2020-06-05,47095,47095,725,-69,725,-69,2,1,318,-70,2,0,407,1,0,0,725,3311,4036,-96
2020-06-05,47093,47093,445,10,445,10,6,0,91,3,38,2,349,7,5,0,445,18818,19263,152
2020-06-05,47041,47041,39,1,39,1,0,0,7,0,0,0,32,1,0,0,39,1344,1383,3
2020-06-05,47039,47039,5,0,5,0,0,0,0,0,0,0,5,,0,0,5,536,541,9
2020-06-05,47037,47037,5638,122,5638,122,8,0,1723,32,384,6,3846,87,69,3,5638,37906,43544,762
2020-06-05,47035,47035,120,0,120,0,1,0,28,0,10,0,90,,2,0,120,4403,4523,29
2020-06-05,47033,47033,16,0,16,0,2,0,1,0,2,0,12,-1,3,1,16,558,574,5
2020-06-05,47031,47031,81,3,81,3,1,0,23,3,5,0,58,,0,0,81,2466,2547,12
2020-06-05,47029,47029,21,0,21,0,2,0,2,0,1,0,19,,0,0,21,1264,1285,16
2020-06-05,47027,47027,8,0,8,0,0,0,2,0,0,0,6,,0,0,8,510,518,3
2020-06-05,47025,47025,12,0,12,0,0,0,3,0,1,0,9,,0,0,12,871,883,42
2020-06-05,47021,47021,140,5,140,5,0,0,78,4,7,0,62,1,0,0,140,2016,2156,25
2020-06-05,47019,47019,19,0,19,0,1,0,0,0,2,0,18,,1,0,19,1590,1609,0
2020-06-05,47017,47017,28,0,28,0,5,0,3,0,6,0,24,,1,0,28,1421,1449,4
2020-06-05,47015,47015,32,0,32,0,0,0,19,0,3,0,13,,0,0,32,643,675,6
2020-06-05,47013,47013,18,0,18,0,3,0,0,-1,2,0,17,1,1,0,18,1534,1552,15
2020-06-05,47011,47011,174,8,174,8,5,0,66,6,19,0,106,1,2,1,174,2845,3019,19
2020-06-05,47009,47009,93,0,93,0,5,0,12,-4,6,1,78,4,3,0,93,3570,3663,14
2020-06-05,47007,47007,613,3,613,3,0,0,4,0,4,0,608,3,1,0,613,3396,4009,4
2020-06-05,47005,47005,7,0,7,0,0,0,0,0,2,0,6,,1,0,7,792,799,7
2020-06-05,47003,47003,302,5,302,5,0,0,50,3,12,0,248,2,4,0,302,2541,2843,14
2020-06-05,47001,47001,42,0,42,0,1,0,3,0,5,0,37,,2,0,42,4749,4791,29
2020-06-05,47097,47097,60,1,60,1,2,0,14,0,8,0,45,1,1,0,60,3322,3382,31
2020-06-05,47043,47043,121,1,121,1,0,0,58,0,14,0,63,1,0,0,121,2409,2530,12
2020-06-05,47045,47045,59,2,59,2,2,-2,14,1,6,0,45,1,0,0,59,1795,1854,133
2020-06-05,47023,47023,12,0,12,0,0,0,0,0,1,0,12,,0,0,12,667,679,6
2020-06-05,47049,47049,12,0,12,0,0,0,2,0,1,0,10,,0,0,12,737,749,4
2020-06-05,47047,47047,144,8,144,8,1,0,31,-2,14,0,111,10,2,0,144,3084,3228,31
2020-06-05,47089,47089,29,0,29,0,5,0,4,0,1,1,25,,0,0,29,2418,2447,6
2020-06-05,47087,47087,19,0,19,0,0,0,4,0,1,0,15,,0,0,19,618,637,1
2020-06-05,47085,47085,16,1,16,1,1,0,8,0,1,0,7,1,1,0,16,768,784,20
2020-06-05,47083,47083,7,-1,7,-1,0,0,2,-1,4,0,5,,0,0,7,560,567,0
2020-06-05,47081,47081,59,1,59,1,0,0,9,1,2,0,50,,0,0,59,1099,1158,6
2020-06-05,47079,47079,31,-1,31,-1,0,0,2,-1,5,0,29,,0,0,31,1704,1735,5
2020-06-05,47077,47077,15,0,15,0,0,0,0,0,1,0,15,,0,0,15,1149,1164,4
2020-06-05,47075,47075,34,1,34,1,1,0,6,1,6,0,26,,2,0,34,961,995,11
2020-06-05,47073,47073,34,0,34,0,0,0,1,0,6,0,31,,2,0,34,1655,1689,5
2020-06-05,47071,47071,22,0,22,0,0,0,8,0,3,0,12,,2,0,22,1777,1799,17
2020-06-05,47091,47091,18,-1,18,-1,0,0,3,-1,1,0,15,,0,0,18,1968,1986,0
2020-06-05,47067,47067,1,0,1,0,0,0,0,0,0,0,1,,0,0,1,174,175,3
2020-06-05,47065,47065,992,28,992,28,5,-1,641,16,66,1,332,12,19,0,992,12307,13299,151
2020-06-05,47063,47063,44,2,44,2,8,0,12,1,7,0,30,1,2,0,44,2686,2730,22
2020-06-05,47061,47061,32,1,32,1,0,0,4,1,10,0,27,,1,0,32,505,537,3
2020-06-05,47059,47059,52,0,52,0,1,0,4,0,8,0,46,,2,0,52,2446,2498,6
2020-06-05,47057,47057,15,2,15,2,1,0,9,2,2,0,6,,0,0,15,755,770,6
2020-06-05,47055,47055,14,1,14,1,0,0,3,-1,2,0,11,2,0,0,14,1082,1096,2
2020-06-05,47053,47053,63,0,63,0,4,0,6,0,5,0,56,,1,0,63,2564,2627,14
2020-06-05,47051,47051,54,0,54,0,3,0,11,0,6,0,42,,1,0,54,2207,2261,2
2020-06-05,47069,47069,204,2,204,2,0,0,17,2,6,0,187,,0,0,204,5081,5285,5
2020-06-06,47139,47139,21,2,21,2,2,1,5,1,1,0,16,1,0,0,21,567,588,16
2020-06-06,47127,47127,5,0,5,0,0,0,2,0,0,0,3,,0,0,5,380,385,7
2020-06-06,47129,47129,18,0,18,0,0,0,1,0,0,0,17,,0,0,18,3239,3257,132
2020-06-06,47131,47131,52,4,52,4,2,0,25,4,6,0,26,,1,0,52,1411,1463,17
2020-06-06,47137,47137,4,1,4,1,0,0,1,1,0,0,3,,0,0,4,372,376,4
2020-06-06,47133,47133,34,1,34,1,0,0,12,0,2,0,22,1,0,0,34,1447,1481,9
2020-06-06,,47PEN,175,20,175,20,1,0,163,21,2,0,12,-1,0,0,175,45815,45990,753
2020-06-06,47135,47135,24,0,24,0,0,0,13,0,1,0,11,,0,0,24,438,462,170
2020-06-06,47125,47125,287,0,287,0,0,0,152,0,27,0,132,,3,0,287,8581,8868,42
2020-06-06,,47OOS,417,15,417,15,3,0,174,12,22,1,239,3,4,0,417,72704,73121,606
2020-06-06,47123,47123,75,1,75,1,11,0,12,-2,9,1,59,2,4,1,75,1253,1328,69
2020-06-06,47117,47117,36,2,36,2,0,0,9,2,6,0,26,,1,0,36,1151,1187,55
2020-06-06,47109,47109,19,4,19,4,0,0,6,3,2,0,13,1,0,0,19,1023,1042,89
2020-06-06,47107,47107,150,4,150,4,1,0,26,2,17,0,110,2,14,0,150,2953,3103,41
2020-06-06,47119,47119,115,7,115,7,0,0,42,7,8,0,72,,1,0,115,3341,3456,206
2020-06-06,47115,47115,45,1,45,1,1,0,11,1,11,0,33,,1,0,45,939,984,23
2020-06-06,47113,47113,174,1,174,1,1,0,16,1,21,0,156,,2,0,174,5488,5662,93
2020-06-06,47111,47111,177,6,177,6,0,0,84,5,13,0,90,1,3,0,177,1516,1693,75
2020-06-06,47105,47105,168,3,168,3,13,-1,35,-4,6,0,133,7,0,0,168,2123,2291,32
2020-06-06,47103,47103,32,2,32,2,0,0,10,2,2,0,22,,0,0,32,1355,1387,42
2020-06-06,47101,47101,3,0,3,0,0,0,1,0,0,0,2,,0,0,3,489,492,14
2020-06-06,47121,47121,27,0,27,0,0,0,5,0,4,0,22,,0,0,27,580,607,18
2020-06-06,47141,47141,529,4,529,4,1,0,172,-2,15,0,351,6,6,0,529,5357,5886,84
2020-06-06,47189,47189,469,10,469,10,2,0,186,5,38,1,274,4,9,1,469,7028,7497,61
2020-06-06,47145,47145,19,2,19,2,10,0,6,2,4,2,13,,0,0,19,3332,3351,101
2020-06-06,47187,47187,606,11,606,11,2,2,219,9,47,0,376,2,11,0,606,10469,11075,119
2020-06-06,47185,47185,38,4,38,4,1,0,11,4,3,0,27,,0,0,38,1475,1513,13
2020-06-06,47183,47183,26,0,26,0,1,0,1,0,1,0,25,,0,0,26,1497,1523,11
2020-06-06,47181,47181,64,0,64,0,0,0,1,0,2,0,63,,0,0,64,2269,2333,13
2020-06-06,47179,47179,86,10,86,10,1,0,12,10,6,0,74,,0,0,86,4257,4343,135
2020-06-06,47177,47177,28,1,28,1,0,0,10,1,0,0,18,,0,0,28,1909,1937,99
2020-06-06,47175,47175,4,0,4,0,0,0,1,0,1,0,3,,0,0,4,345,349,1
2020-06-06,47173,47173,4,0,4,0,0,0,0,0,0,0,4,,0,0,4,535,539,15
2020-06-06,47171,47171,52,3,52,3,0,0,45,3,0,0,7,,0,0,52,581,633,68
2020-06-06,47169,47169,1394,0,1394,0,3,0,34,-1,14,0,1356,1,4,0,1394,1858,3252,6
2020-06-06,47167,47167,475,8,475,8,2,0,68,5,23,0,404,3,3,0,475,4233,4708,57
2020-06-06,47165,47165,967,16,967,16,8,0,517,13,200,0,404,3,46,0,967,8637,9604,117
2020-06-06,47163,47163,62,2,62,2,3,0,2,2,6,0,58,,2,0,62,4942,5004,72
2020-06-06,47161,47161,15,1,15,1,0,0,10,1,2,0,5,,0,0,15,463,478,12
2020-06-06,47159,47159,36,0,36,0,1,0,8,0,2,0,27,,1,0,36,947,983,4
2020-06-06,47157,47157,5812,143,5812,143,10,0,1829,85,538,9,3854,56,129,2,5812,63892,69704,1408
2020-06-06,47155,47155,109,9,109,9,10,2,29,4,7,0,78,5,2,0,109,4857,4966,61
2020-06-06,47153,47153,20,0,20,0,0,0,3,-2,2,0,17,2,0,0,20,1099,1119,15
2020-06-06,47151,47151,13,0,13,0,1,0,1,0,0,0,12,,0,0,13,693,706,15
2020-06-06,47149,47149,1443,45,1443,45,7,0,803,24,93,1,611,21,29,0,1443,12768,14211,225
2020-06-06,47147,47147,545,3,545,3,0,0,258,-7,41,1,281,9,6,1,545,4151,4696,27
2020-06-06,47143,47143,218,2,218,2,0,0,47,-2,3,0,171,4,0,0,218,1707,1925,54
2020-06-06,47099,47099,36,1,36,1,0,0,14,1,3,0,22,,0,0,36,1698,1734,137
2020-06-06,47095,47095,724,-1,724,-1,2,0,317,-1,2,0,407,,0,0,724,3314,4038,2
2020-06-06,47093,47093,461,16,461,16,6,0,106,15,39,1,350,1,5,0,461,19404,19865,602
2020-06-06,47041,47041,39,0,39,0,0,0,7,0,0,0,32,,0,0,39,1374,1413,30
2020-06-06,47039,47039,6,1,6,1,0,0,1,1,1,1,5,,0,0,6,572,578,37
2020-06-06,47037,47037,5742,104,5742,104,8,0,1787,64,392,8,3882,36,73,4,5742,38181,43923,379
2020-06-06,47035,47035,124,4,124,4,1,0,32,4,10,0,90,,2,0,124,4618,4742,219
2020-06-06,47033,47033,16,0,16,0,2,0,1,0,2,0,12,,3,0,16,565,581,7
2020-06-06,47031,47031,81,0,81,0,2,1,22,-1,5,0,59,1,0,0,81,2662,2743,196
2020-06-06,47029,47029,21,0,21,0,2,0,2,0,1,0,19,,0,0,21,1276,1297,12
2020-06-06,47027,47027,8,0,8,0,0,0,2,0,0,0,6,,0,0,8,514,522,4
2020-06-06,47025,47025,12,0,12,0,0,0,3,0,1,0,9,,0,0,12,886,898,15
2020-06-06,47023,47023,12,0,12,0,0,0,0,0,1,0,12,,0,0,12,671,683,4
2020-06-06,47021,47021,141,1,141,1,0,0,79,1,7,0,62,,0,0,141,2028,2169,13
2020-06-06,47019,47019,19,0,19,0,1,0,0,0,2,0,18,,1,0,19,1607,1626,17
2020-06-06,47017,47017,28,0,28,0,5,0,3,0,6,0,24,,1,0,28,1434,1462,13
2020-06-06,47015,47015,32,0,32,0,0,0,19,0,3,0,13,,0,0,32,649,681,6
2020-06-06,47013,47013,18,0,18,0,3,0,0,0,2,0,17,,1,0,18,1559,1577,25
2020-06-06,47011,47011,184,10,184,10,5,0,69,3,19,0,113,7,2,0,184,3152,3336,317
2020-06-06,47009,47009,93,0,93,0,5,0,11,-1,6,0,79,1,3,0,93,3610,3703,40
2020-06-06,47007,47007,614,1,614,1,0,0,3,-1,4,0,610,2,1,0,614,3410,4024,15
2020-06-06,47005,47005,8,1,8,1,0,0,1,1,2,0,6,,1,0,8,856,864,65
2020-06-06,47003,47003,314,12,314,12,0,0,62,12,12,0,248,,4,0,314,2623,2937,94
2020-06-06,47001,47001,45,3,45,3,1,0,6,3,5,0,37,,2,0,45,4794,4839,48
2020-06-06,47043,47043,124,3,124,3,0,0,60,2,14,0,64,1,0,0,124,2441,2565,35
2020-06-06,47045,47045,60,1,60,1,3,1,16,2,6,0,44,-1,0,0,60,1820,1880,26
2020-06-06,47097,47097,60,0,60,0,1,-1,14,0,8,0,45,,1,0,60,3360,3420,38
2020-06-06,47049,47049,12,0,12,0,0,0,2,0,1,0,10,,0,0,12,915,927,178
2020-06-06,47047,47047,152,8,152,8,3,2,39,8,16,2,111,,2,0,152,3124,3276,48
2020-06-06,47091,47091,20,2,20,2,0,0,4,1,1,0,16,1,0,0,20,1972,1992,6
2020-06-06,47089,47089,29,0,29,0,5,0,4,0,1,0,25,,0,0,29,2468,2497,50
2020-06-06,47087,47087,19,0,19,0,0,0,4,0,1,0,15,,0,0,19,622,641,4
2020-06-06,47085,47085,16,0,16,0,1,0,8,0,1,0,7,,1,0,16,778,794,10
2020-06-06,47083,47083,8,1,8,1,0,0,3,1,4,0,5,,0,0,8,560,568,1
2020-06-06,47079,47079,32,1,32,1,0,0,3,1,5,0,29,,0,0,32,1722,1754,19
2020-06-06,47077,47077,15,0,15,0,0,0,0,0,1,0,15,,0,0,15,1165,1180,16
2020-06-06,47075,47075,34,0,34,0,1,0,6,0,6,0,26,,2,0,34,973,1007,12
2020-06-06,47073,47073,34,0,34,0,0,0,1,0,6,0,31,,2,0,34,1696,1730,41
2020-06-06,47081,47081,62,3,62,3,0,0,12,3,2,0,50,,0,0,62,1118,1180,22
2020-06-06,47069,47069,208,4,208,4,0,0,20,3,6,0,188,1,0,0,208,5311,5519,234
2020-06-06,47067,47067,1,0,1,0,0,0,0,0,0,0,1,,0,0,1,238,239,64
2020-06-06,47065,47065,1013,21,1013,21,5,0,650,9,67,1,344,12,19,0,1013,12862,13875,576
2020-06-06,47063,47063,45,1,45,1,8,0,11,-1,7,0,32,2,2,0,45,2815,2860,130
2020-06-06,47051,47051,54,0,54,0,3,0,9,-2,6,0,44,2,1,0,54,2236,2290,29
2020-06-06,47061,47061,32,0,32,0,0,0,4,0,10,0,27,,1,0,32,508,540,3
2020-06-06,47059,47059,52,0,52,0,1,0,4,0,8,0,46,,2,0,52,2483,2535,37
2020-06-06,47057,47057,16,1,16,1,1,0,10,1,3,1,6,,0,0,16,766,782,12
2020-06-06,47055,47055,17,3,17,3,0,0,6,3,2,0,11,,0,0,17,1092,1109,13
2020-06-06,47053,47053,63,0,63,0,4,0,6,0,5,0,56,,1,0,63,2585,2648,21
2020-06-06,47071,47071,23,1,23,1,0,0,9,1,3,0,12,,2,0,23,1797,1820,21
2020-06-07,47127,47127,5,0,5,0,0,0,2,0,0,0,3,,0,0,5,383,388,3
2020-06-07,47129,47129,19,1,19,1,0,0,2,1,0,0,17,,0,0,19,3261,3280,23
2020-06-07,47131,47131,56,4,56,4,2,0,28,3,6,0,27,1,1,0,56,1479,1535,72
2020-06-07,47137,47137,4,0,4,0,0,0,1,0,0,0,3,,0,0,4,373,377,1
2020-06-07,47133,47133,35,1,35,1,0,0,13,1,2,0,22,,0,0,35,1470,1505,24
2020-06-07,,47PEN,158,-17,158,-17,1,0,145,-18,3,1,13,1,0,0,158,46525,46683,693
2020-06-07,47135,47135,24,0,24,0,0,0,13,0,1,0,11,,0,0,24,451,475,13
2020-06-07,47125,47125,294,7,294,7,0,0,159,7,27,0,132,,3,0,294,8683,8977,109
2020-06-07,,47OOS,433,16,433,16,3,0,188,14,22,0,241,2,4,0,433,74021,74454,1333
2020-06-07,47123,47123,75,0,75,0,11,0,11,-1,9,0,60,1,4,0,75,1268,1343,15
2020-06-07,47101,47101,4,1,4,1,0,0,1,0,0,0,3,1,0,0,4,491,495,3
2020-06-07,47109,47109,23,4,23,4,0,0,8,2,2,0,15,2,0,0,23,1029,1052,10
2020-06-07,47107,47107,150,0,150,0,1,0,26,0,17,0,110,,14,0,150,2963,3113,10
2020-06-07,47119,47119,115,0,115,0,0,0,41,-1,8,0,73,1,1,0,115,3361,3476,20
2020-06-07,47117,47117,36,0,36,0,0,0,8,-1,6,0,27,1,1,0,36,1169,1205,18
2020-06-07,47115,47115,45,0,45,0,1,0,10,-1,11,0,34,1,1,0,45,947,992,8
2020-06-07,47113,47113,178,4,178,4,1,0,20,4,21,0,156,,2,0,178,5564,5742,80
2020-06-07,47111,47111,178,1,178,1,0,0,85,1,13,0,90,,3,0,178,1530,1708,15
2020-06-07,47105,47105,167,-1,167,-1,13,0,34,-1,6,0,133,,0,0,167,2142,2309,18
2020-06-07,47103,47103,32,0,32,0,0,0,9,-1,2,0,23,1,0,0,32,1372,1404,17
2020-06-07,47139,47139,21,0,21,0,2,0,5,0,1,0,16,,0,0,21,610,631,43
2020-06-07,47121,47121,27,0,27,0,0,0,5,0,4,0,22,,0,0,27,584,611,4
2020-06-07,47141,47141,552,23,552,23,1,0,193,21,15,0,353,2,6,0,552,5418,5970,84
2020-06-07,47163,47163,62,0,62,0,3,0,2,0,6,0,58,,2,0,62,4982,5044,40
2020-06-07,47145,47145,21,2,21,2,10,0,8,2,4,0,13,,0,0,21,3478,3499,148
2020-06-07,47099,47099,38,2,38,2,0,0,16,2,3,0,22,,0,0,38,1715,1753,19
2020-06-07,47187,47187,621,15,621,15,2,0,233,14,47,0,377,1,11,0,621,10563,11184,109
2020-06-07,47185,47185,41,3,41,3,1,0,14,3,3,0,27,,0,0,41,1494,1535,22
2020-06-07,47183,47183,26,0,26,0,1,0,1,0,1,0,25,,0,0,26,1515,1541,18
2020-06-07,47181,47181,64,0,64,0,0,0,1,0,2,0,63,,0,0,64,2311,2375,42
2020-06-07,47179,47179,86,0,86,0,1,0,12,0,6,0,74,,0,0,86,4389,4475,132
2020-06-07,47177,47177,28,0,28,0,0,0,10,0,0,0,18,,0,0,28,1975,2003,66
2020-06-07,47175,47175,4,0,4,0,0,0,1,0,1,0,3,,0,0,4,355,359,10
2020-06-07,47173,47173,4,0,4,0,0,0,0,0,0,0,4,,0,0,4,554,558,19
2020-06-07,47171,47171,52,0,52,0,0,0,45,0,0,0,7,,0,0,52,710,762,129
2020-06-07,47169,47169,1394,0,1394,0,3,0,34,0,14,0,1356,,4,0,1394,1865,3259,7
2020-06-07,47167,47167,479,4,479,4,2,0,69,1,23,0,407,3,3,0,479,4278,4757,49
2020-06-07,47165,47165,975,8,975,8,8,0,524,7,201,1,405,1,46,0,975,8742,9717,113
2020-06-07,47161,47161,15,0,15,0,0,0,10,0,2,0,5,,0,0,15,471,486,8
2020-06-07,47159,47159,36,0,36,0,1,0,8,0,2,0,27,,1,0,36,955,991,8
2020-06-07,47157,47157,5860,48,5860,48,10,0,1853,24,540,2,3877,23,130,1,5860,64476,70336,632
2020-06-07,47155,47155,110,1,110,1,10,0,28,-1,9,2,80,2,2,0,110,4945,5055,89
2020-06-07,47153,47153,20,0,20,0,0,0,3,0,2,0,17,,0,0,20,1115,1135,16
2020-06-07,47151,47151,14,1,14,1,1,0,2,1,0,0,12,,0,0,14,700,714,8
2020-06-07,47149,47149,1479,36,1479,36,7,0,836,33,93,0,614,3,29,0,1479,12968,14447,236
2020-06-07,47147,47147,553,8,553,8,0,0,264,6,41,0,283,2,6,0,553,4198,4751,55
2020-06-07,47143,47143,218,0,218,0,0,0,47,0,3,0,171,,0,0,218,1752,1970,45
2020-06-07,47097,47097,60,0,60,0,1,0,14,0,8,0,45,,1,0,60,3379,3439,19
2020-06-07,47189,47189,475,6,475,6,2,0,192,6,39,1,274,,9,0,475,7082,7557,60
2020-06-07,47093,47093,469,8,469,8,6,0,113,7,39,0,351,1,5,0,469,19926,20395,530
2020-06-07,47041,47041,39,0,39,0,0,0,7,0,0,0,32,,0,0,39,1378,1417,4
2020-06-07,47039,47039,8,2,8,2,0,0,3,2,1,0,5,,0,0,8,578,586,8
2020-06-07,47037,47037,5801,59,5801,59,8,0,1827,40,392,0,3901,19,73,0,5801,38739,44540,617
2020-06-07,47035,47035,125,1,125,1,1,0,33,1,10,0,90,,2,0,125,4729,4854,112
2020-06-07,47033,47033,16,0,16,0,2,0,1,0,2,0,12,,3,0,16,567,583,2
2020-06-07,47031,47031,81,0,81,0,2,0,21,-1,5,0,60,1,0,0,81,2755,2836,93
2020-06-07,47029,47029,21,0,21,0,2,0,2,0,1,0,19,,0,0,21,1289,1310,13
2020-06-07,47027,47027,8,0,8,0,0,0,2,0,0,0,6,,0,0,8,517,525,3
2020-06-07,47025,47025,14,2,14,2,0,0,5,2,1,0,9,,0,0,14,898,912,14
2020-06-07,47023,47023,12,0,12,0,0,0,0,0,1,0,12,,0,0,12,676,688,5
2020-06-07,47021,47021,143,2,143,2,0,0,81,2,7,0,62,,0,0,143,2038,2181,12
2020-06-07,47019,47019,19,0,19,0,1,0,0,0,2,0,18,,1,0,19,1860,1879,253
2020-06-07,47017,47017,28,0,28,0,5,0,3,0,6,0,24,,1,0,28,1436,1464,2
2020-06-07,47015,47015,32,0,32,0,0,0,19,0,3,0,13,,0,0,32,654,686,5
2020-06-07,47013,47013,18,0,18,0,3,0,0,0,2,0,17,,1,0,18,1584,1602,25
2020-06-07,47011,47011,199,15,199,15,8,3,76,7,20,1,121,8,2,0,199,3241,3440,104
2020-06-07,47009,47009,94,1,94,1,5,0,12,1,6,0,79,,3,0,94,3690,3784,81
2020-06-07,47007,47007,614,0,614,0,0,0,3,0,4,0,610,,1,0,614,3420,4034,10
2020-06-07,47005,47005,8,0,8,0,0,0,1,0,2,0,6,,1,0,8,856,864,0
2020-06-07,47003,47003,325,11,325,11,0,0,73,11,13,1,248,,4,0,325,2641,2966,29
2020-06-07,47001,47001,47,2,47,2,1,0,7,1,5,0,38,1,2,0,47,4850,4897,58
2020-06-07,47043,47043,125,1,125,1,0,0,61,1,14,0,64,,0,0,125,2463,2588,23
2020-06-07,47045,47045,61,1,61,1,3,0,17,1,6,0,44,,0,0,61,1830,1891,11
2020-06-07,47095,47095,724,0,724,0,2,0,317,0,2,0,407,,0,0,724,3320,4044,6
2020-06-07,47049,47049,12,0,12,0,0,0,2,0,1,0,10,,0,0,12,932,944,17
2020-06-07,47047,47047,151,-1,151,-1,3,0,38,-1,16,0,111,,2,0,151,3132,3283,7
2020-06-07,47091,47091,21,1,21,1,0,0,5,1,1,0,16,,0,0,21,2008,2029,37
2020-06-07,47089,47089,29,0,29,0,5,0,4,0,1,0,25,,0,0,29,2494,2523,26
2020-06-07,47087,47087,19,0,19,0,0,0,4,0,1,0,15,,0,0,19,627,646,5
2020-06-07,47085,47085,16,0,16,0,1,0,8,0,1,0,7,,1,0,16,789,805,11
2020-06-07,47083,47083,8,0,8,0,0,0,3,0,4,0,5,,0,0,8,565,573,5
2020-06-07,47079,47079,32,0,32,0,0,0,3,0,5,0,29,,0,0,32,1726,1758,4
2020-06-07,47077,47077,15,0,15,0,0,0,0,0,1,0,15,,0,0,15,1165,1180,0
2020-06-07,47075,47075,36,2,36,2,1,0,8,2,6,0,26,,2,0,36,980,1016,9
2020-06-07,47073,47073,34,0,34,0,0,0,1,0,6,0,31,,2,0,34,1723,1757,27
2020-06-07,47081,47081,59,-3,59,-3,0,0,9,-3,2,0,50,,0,0,59,1126,1185,5
2020-06-07,47069,47069,211,3,211,3,0,0,21,1,6,0,190,2,0,0,211,5322,5533,14
2020-06-07,47067,47067,2,1,2,1,0,0,1,1,0,0,1,,0,0,2,247,249,10
2020-06-07,47065,47065,1028,15,1028,15,5,0,652,2,67,0,357,13,19,0,1028,13048,14076,201
2020-06-07,47063,47063,45,0,45,0,8,0,11,0,7,0,32,,2,0,45,2866,2911,51
2020-06-07,47051,47051,54,0,54,0,3,0,8,-1,6,0,45,1,1,0,54,2250,2304,14
2020-06-07,47061,47061,32,0,32,0,0,0,4,0,10,0,27,,1,0,32,512,544,4
2020-06-07,47059,47059,52,0,52,0,1,0,4,0,8,0,46,,2,0,52,2550,2602,67
2020-06-07,47057,47057,16,0,16,0,1,0,7,-3,3,0,9,3,0,0,16,783,799,17
2020-06-07,47055,47055,18,1,18,1,0,0,7,1,2,0,11,,0,0,18,1154,1172,63
2020-06-07,47053,47053,63,0,63,0,4,0,6,0,5,0,56,,1,0,63,2590,2653,5
2020-06-07,47071,47071,31,8,31,8,0,0,17,8,3,0,12,,2,0,31,1802,1833,13
2020-06-08,47127,47127,5,0,5,0,0,0,2,0,0,0,3,,0,0,5,384,389,1
2020-06-08,47129,47129,19,0,19,0,0,0,2,0,0,0,17,,0,0,19,3284,3303,23
2020-06-08,47131,47131,53,-3,53,-3,2,0,25,-3,8,2,27,,1,0,53,1585,1638,103
2020-06-08,47137,47137,4,0,4,0,0,0,1,0,0,0,3,,0,0,4,373,377,0
2020-06-08,47133,47133,35,0,35,0,0,0,12,-1,2,0,23,1,0,0,35,1482,1517,12
2020-06-08,,47PEN,189,31,189,31,1,0,175,30,3,0,14,1,0,0,189,47540,47729,1046
2020-06-08,47135,47135,24,0,24,0,0,0,13,0,1,0,11,,0,0,24,453,477,2
2020-06-08,47125,47125,301,7,301,7,0,0,166,7,27,0,132,,3,0,301,8927,9228,251
2020-06-08,,47OOS,461,28,461,28,3,0,212,24,22,0,245,4,4,0,461,75995,76456,2002
2020-06-08,47123,47123,76,1,76,1,10,-1,11,0,9,0,61,1,4,0,76,1299,1375,32
2020-06-08,47101,47101,4,0,4,0,0,0,1,0,0,0,3,,0,0,4,495,499,4
2020-06-08,47109,47109,24,1,24,1,0,0,9,1,2,0,15,,0,0,24,1071,1095,43
2020-06-08,47107,47107,153,3,153,3,1,0,28,2,18,1,111,1,14,0,153,3021,3174,61
2020-06-08,47119,47119,116,1,116,1,0,0,38,-3,9,1,77,4,1,0,116,3450,3566,90
2020-06-08,47117,47117,36,0,36,0,0,0,8,0,6,0,27,,1,0,36,1222,1258,53
2020-06-08,47115,47115,45,0,45,0,1,0,9,-1,11,0,35,1,1,0,45,976,1021,29
2020-06-08,47113,47113,179,1,179,1,1,0,21,1,21,0,156,,2,0,179,5633,5812,70
2020-06-08,47111,47111,181,3,181,3,0,0,86,1,13,0,92,2,3,0,181,1553,1734,26
2020-06-08,47105,47105,170,3,170,3,13,0,30,-4,6,0,140,7,0,0,170,2179,2349,40
2020-06-08,47103,47103,32,0,32,0,0,0,8,-1,2,0,24,1,0,0,32,1413,1445,41
2020-06-08,47139,47139,23,2,23,2,2,0,6,1,1,0,17,1,0,0,23,704,727,96
2020-06-08,47121,47121,27,0,27,0,0,0,5,0,4,0,22,,0,0,27,604,631,20
2020-06-08,47141,47141,552,0,552,0,1,0,185,-8,15,0,361,8,6,0,552,5473,6025,55
2020-06-08,47163,47163,62,0,62,0,3,0,2,0,6,0,58,,2,0,62,5131,5193,149
2020-06-08,47145,47145,21,0,21,0,10,0,8,0,4,0,13,,0,0,21,3576,3597,98
2020-06-08,47099,47099,40,2,40,2,0,0,17,1,3,0,23,1,0,0,40,1803,1843,90
2020-06-08,47187,47187,630,9,630,9,2,0,239,6,47,0,380,3,11,0,630,10794,11424,240
2020-06-08,47185,47185,43,2,43,2,1,0,16,2,3,0,27,,0,0,43,1532,1575,40
2020-06-08,47183,47183,26,0,26,0,1,0,1,0,1,0,25,,0,0,26,1551,1577,36
2020-06-08,47181,47181,64,0,64,0,0,0,1,0,2,0,63,,0,0,64,2336,2400,25
2020-06-08,47179,47179,86,0,86,0,1,0,12,0,6,0,74,,0,0,86,4557,4643,168
2020-06-08,47177,47177,31,3,31,3,0,0,13,3,0,0,18,,0,0,31,2010,2041,38
2020-06-08,47175,47175,4,0,4,0,0,0,1,0,1,0,3,,0,0,4,366,370,11
2020-06-08,47173,47173,4,0,4,0,0,0,0,0,0,0,4,,0,0,4,589,593,35
2020-06-08,47171,47171,52,0,52,0,0,0,45,0,0,0,7,,0,0,52,759,811,49
2020-06-08,47169,47169,1397,3,1397,3,3,0,36,2,14,0,1357,1,4,0,1397,1875,3272,13
2020-06-08,47167,47167,480,1,480,1,2,0,67,-2,23,0,410,3,3,0,480,4462,4942,185
2020-06-08,47165,47165,987,12,987,12,8,0,528,4,201,0,413,8,46,0,987,8867,9854,137
2020-06-08,47161,47161,15,0,15,0,0,0,10,0,2,0,5,,0,0,15,491,506,20
2020-06-08,47159,47159,37,1,37,1,1,0,9,1,2,0,27,,1,0,37,978,1015,24
2020-06-08,47157,47157,6005,145,6005,145,10,0,1902,49,547,7,3970,93,133,3,6005,66309,72314,1978
2020-06-08,47155,47155,129,19,129,19,10,0,42,14,9,0,85,5,2,0,129,5146,5275,220
2020-06-08,47153,47153,21,1,21,1,0,0,4,1,2,0,17,,0,0,21,1128,1149,14
2020-06-08,47151,47151,13,-1,13,-1,1,0,1,-1,0,0,12,,0,0,13,815,828,114
2020-06-08,47149,47149,1522,43,1522,43,8,1,860,24,94,1,633,19,29,0,1522,13501,15023,576
2020-06-08,47147,47147,567,14,567,14,0,0,271,7,41,0,290,7,6,0,567,4297,4864,113
2020-06-08,47143,47143,221,3,221,3,0,0,18,-29,3,0,203,32,0,0,221,1794,2015,45
2020-06-08,47189,47189,477,2,477,2,2,0,192,0,39,0,276,2,9,0,477,7223,7700,143
2020-06-08,47097,47097,60,0,60,0,1,0,14,0,8,0,45,,1,0,60,3519,3579,140
2020-06-08,47093,47093,481,12,481,12,6,0,125,12,39,0,351,,5,0,481,20539,21020,625
2020-06-08,47041,47041,40,1,40,1,0,0,8,1,0,0,32,,0,0,40,1392,1432,15
2020-06-08,47039,47039,7,-1,7,-1,0,0,2,-1,1,0,5,,0,0,7,604,611,25
2020-06-08,47037,47037,5947,146,5947,146,9,1,1891,64,395,3,3983,82,73,0,5947,39637,45584,1044
2020-06-08,47035,47035,125,0,125,0,1,0,29,-4,10,0,94,4,2,0,125,4786,4911,57
2020-06-08,47033,47033,16,0,16,0,2,0,1,0,2,0,12,,3,0,16,575,591,8
2020-06-08,47031,47031,82,1,82,1,2,0,20,-1,5,0,62,2,0,0,82,2781,2863,27
2020-06-08,47029,47029,21,0,21,0,2,0,1,-1,1,0,20,1,0,0,21,1332,1353,43
2020-06-08,47027,47027,9,1,9,1,0,0,3,1,0,0,6,,0,0,9,534,543,18
2020-06-08,47025,47025,14,0,14,0,0,0,5,0,1,0,9,,0,0,14,927,941,29
2020-06-08,47021,47021,144,1,144,1,0,0,82,1,7,0,62,,0,0,144,2078,2222,41
2020-06-08,47019,47019,19,0,19,0,1,0,0,0,2,0,18,,1,0,19,1884,1903,24
2020-06-08,47017,47017,28,0,28,0,5,0,3,0,6,0,24,,1,0,28,1486,1514,50
2020-06-08,47015,47015,34,2,34,2,0,0,21,2,3,0,13,,0,0,34,686,720,34
2020-06-08,47013,47013,18,0,18,0,3,0,0,0,2,0,17,,1,0,18,1869,1887,285
2020-06-08,47011,47011,219,20,219,20,9,1,83,7,20,0,134,13,2,0,219,3534,3753,313
2020-06-08,47009,47009,94,0,94,0,5,0,11,-1,6,0,80,1,3,0,94,3811,3905,121
2020-06-08,47007,47007,613,-1,613,-1,0,0,1,-2,4,0,611,1,1,0,613,3431,4044,10
2020-06-08,47005,47005,8,0,8,0,0,0,1,0,2,0,6,,1,0,8,871,879,15
2020-06-08,47003,47003,332,7,332,7,0,0,77,4,13,0,251,3,4,0,332,2686,3018,52
2020-06-08,47001,47001,48,1,48,1,2,1,8,1,5,0,38,,2,0,48,4931,4979,82
2020-06-08,47095,47095,724,0,724,0,2,0,317,0,2,0,407,,0,0,724,3413,4137,93
2020-06-08,47043,47043,125,0,125,0,0,0,60,-1,14,0,65,1,0,0,125,2508,2633,45
2020-06-08,47045,47045,67,6,67,6,3,0,23,6,6,0,44,,0,0,67,1906,1973,82
2020-06-08,47023,47023,12,0,12,0,0,0,0,0,1,0,12,,0,0,12,690,702,14
2020-06-08,47049,47049,12,0,12,0,0,0,2,0,1,0,10,,0,0,12,942,954,10
2020-06-08,47047,47047,155,4,155,4,3,0,40,2,16,0,113,2,2,0,155,3207,3362,79
2020-06-08,47089,47089,29,0,29,0,5,0,4,0,1,0,25,,0,0,29,2549,2578,55
2020-06-08,47087,47087,19,0,19,0,0,0,4,0,1,0,15,,0,0,19,645,664,18
2020-06-08,47085,47085,17,1,17,1,1,0,9,1,1,0,7,,1,0,17,802,819,14
2020-06-08,47083,47083,8,0,8,0,0,0,3,0,4,0,5,,0,0,8,575,583,10
2020-06-08,47081,47081,60,1,60,1,1,1,10,1,2,0,50,,0,0,60,1162,1222,37
2020-06-08,47079,47079,32,0,32,0,0,0,3,0,5,0,29,,0,0,32,1798,1830,72
2020-06-08,47077,47077,15,0,15,0,0,0,0,0,1,0,15,,0,0,15,1234,1249,69
2020-06-08,47075,47075,34,-2,34,-2,1,0,6,-2,6,0,26,,2,0,34,1010,1044,28
2020-06-08,47073,47073,34,0,34,0,0,0,1,0,6,0,31,,2,0,34,2064,2098,341
2020-06-08,47071,47071,29,-2,29,-2,0,0,15,-2,3,0,12,,2,0,29,1951,1980,147
2020-06-08,47091,47091,22,1,22,1,0,0,6,1,1,0,16,,0,0,22,2041,2063,34
2020-06-08,47067,47067,2,0,2,0,0,0,1,0,0,0,1,,0,0,2,255,257,8
2020-06-08,47065,47065,1042,14,1042,14,6,1,645,-7,67,0,378,21,19,0,1042,13559,14601,525
2020-06-08,47063,47063,58,13,58,13,8,0,23,12,7,0,33,1,2,0,58,3148,3206,295
2020-06-08,47061,47061,32,0,32,0,0,0,4,0,10,0,27,,1,0,32,522,554,10
2020-06-08,47059,47059,52,0,52,0,1,0,4,0,8,0,46,,2,0,52,2624,2676,74
2020-06-08,47057,47057,15,-1,15,-1,1,0,5,-2,3,0,10,1,0,0,15,813,828,29
2020-06-08,47055,47055,18,0,18,0,0,0,7,0,3,1,11,,0,0,18,1238,1256,84
2020-06-08,47053,47053,64,1,64,1,4,0,7,1,5,0,56,,1,0,64,2614,2678,25
2020-06-08,47051,47051,54,0,54,0,3,0,6,-2,6,0,47,2,1,0,54,2277,2331,27
2020-06-08,47069,47069,211,0,211,0,0,0,21,0,6,0,190,,0,0,211,5373,5584,51
2020-06-09,47139,47139,24,1,24,1,2,0,6,0,1,0,18,1,0,0,24,717,741,14
2020-06-09,47127,47127,5,0,5,0,0,0,2,0,0,0,3,,0,0,5,393,398,9
2020-06-09,47129,47129,19,0,19,0,0,0,1,-1,0,0,18,1,0,0,19,3292,3311,8
2020-06-09,47131,47131,53,0,53,0,2,0,24,-1,8,0,28,1,1,0,53,1609,1662,24
2020-06-09,47137,47137,4,0,4,0,0,0,1,0,0,0,3,,0,0,4,375,379,2
2020-06-09,47133,47133,35,0,35,0,0,0,10,-2,2,0,25,2,0,0,35,1503,1538,21
2020-06-09,,47PEN,170,-19,170,-19,1,0,155,-20,2,-1,15,1,0,0,170,48156,48326,597
2020-06-09,47135,47135,24,0,24,0,0,0,12,-1,1,0,12,1,0,0,24,465,489,12
2020-06-09,47125,47125,310,9,310,9,0,0,173,7,29,2,133,1,4,1,310,9074,9384,156
2020-06-09,,47OOS,457,-4,457,-4,3,0,205,-7,23,1,247,2,5,1,457,76814,77271,815
2020-06-09,47123,47123,75,-1,75,-1,10,0,10,-1,9,0,61,,4,0,75,1315,1390,15
2020-06-09,47117,47117,37,1,37,1,0,0,9,1,6,0,27,,1,0,37,1232,1269,11
2020-06-09,47109,47109,23,-1,23,-1,0,0,8,-1,2,0,15,,0,0,23,1075,1098,3
2020-06-09,47107,47107,159,6,159,6,0,-1,25,-3,19,1,120,9,14,0,159,3085,3244,70
2020-06-09,47119,47119,124,8,124,8,0,0,44,6,10,1,79,2,1,0,124,3504,3628,62
2020-06-09,47115,47115,45,0,45,0,1,0,9,0,11,0,35,,1,0,45,1003,1048,27
2020-06-09,47113,47113,181,2,181,2,1,0,23,2,21,0,156,,2,0,181,5654,5835,23
2020-06-09,47111,47111,185,4,185,4,0,0,67,-19,13,0,115,23,3,0,185,1578,1763,29
2020-06-09,47105,47105,171,1,171,1,14,1,28,-2,6,0,143,3,0,0,171,2205,2376,27
2020-06-09,47103,47103,33,1,33,1,0,0,9,1,2,0,24,,0,0,33,1435,1468,23
2020-06-09,47101,47101,4,0,4,0,0,0,1,0,0,0,3,,0,0,4,502,506,7
2020-06-09,47121,47121,27,0,27,0,0,0,5,0,4,0,22,,0,0,27,611,638,7
2020-06-09,47141,47141,569,17,569,17,1,0,162,-23,15,0,401,40,6,0,569,5792,6361,336
2020-06-09,47099,47099,41,1,41,1,0,0,17,0,3,0,24,1,0,0,41,1845,1886,43
2020-06-09,47145,47145,23,2,23,2,10,0,10,2,3,-1,13,,0,0,23,3621,3644,47
2020-06-09,47187,47187,648,18,648,18,2,0,252,13,48,1,385,5,11,0,648,11055,11703,279
2020-06-09,47185,47185,45,2,45,2,1,0,17,1,3,0,28,1,0,0,45,1571,1616,41
2020-06-09,47183,47183,26,0,26,0,1,0,1,0,1,0,25,,0,0,26,1564,1590,13
2020-06-09,47181,47181,64,0,64,0,0,0,1,0,2,0,63,,0,0,64,2339,2403,3
2020-06-09,47179,47179,86,0,86,0,1,0,12,0,6,0,74,,0,0,86,4624,4710,67
2020-06-09,47177,47177,32,1,32,1,0,0,13,0,0,0,19,1,0,0,32,2084,2116,75
2020-06-09,47175,47175,4,0,4,0,0,0,1,0,1,0,3,,0,0,4,372,376,6
2020-06-09,47173,47173,5,1,5,1,0,0,1,1,0,0,4,,0,0,5,594,599,6
2020-06-09,47171,47171,52,0,52,0,0,0,33,-12,0,0,19,12,0,0,52,778,830,19
2020-06-09,47169,47169,1397,0,1397,0,3,0,35,-1,14,0,1358,1,4,0,1397,1884,3281,9
2020-06-09,47167,47167,487,7,487,7,2,0,67,0,23,0,417,7,3,0,487,4534,5021,79
2020-06-09,47165,47165,1011,24,1011,24,8,0,542,14,202,1,423,10,46,0,1011,9015,10026,172
2020-06-09,47163,47163,66,4,66,4,3,0,6,4,6,0,58,,2,0,66,5209,5275,82
2020-06-09,47161,47161,14,-1,14,-1,0,0,9,-1,2,0,5,,0,0,14,492,506,0
2020-06-09,47159,47159,37,0,37,0,1,0,8,-1,2,0,28,1,1,0,37,990,1027,12
2020-06-09,47157,47157,6125,120,6125,120,9,-1,1909,7,553,6,4081,111,135,2,6125,67573,73698,1384
2020-06-09,47155,47155,158,29,158,29,10,0,65,23,9,0,91,6,2,0,158,5187,5345,70
2020-06-09,47153,47153,21,0,21,0,0,0,4,0,2,0,17,,0,0,21,1139,1160,11
2020-06-09,47151,47151,13,0,13,0,1,0,1,0,0,0,12,,0,0,13,823,836,8
2020-06-09,47149,47149,1568,46,1568,46,7,-1,873,13,94,0,666,33,29,0,1568,13793,15361,338
2020-06-09,47147,47147,580,13,580,13,0,0,274,3,41,0,299,9,7,1,580,4376,4956,92
2020-06-09,47143,47143,219,-2,219,-2,0,0,17,-1,3,0,202,-1,0,0,219,1822,2041,26
2020-06-09,47097,47097,60,0,60,0,1,0,14,0,8,0,45,,1,0,60,3542,3602,23
2020-06-09,47189,47189,488,11,488,11,2,0,197,5,41,2,281,5,10,1,488,7324,7812,112
2020-06-09,47093,47093,491,10,491,10,6,0,132,7,39,0,354,3,5,0,491,20851,21342,322
2020-06-09,47041,47041,41,1,41,1,0,0,8,0,0,0,33,1,0,0,41,1404,1445,13
2020-06-09,47039,47039,6,-1,6,-1,0,0,1,-1,1,0,5,,0,0,6,608,614,3
2020-06-09,47037,47037,6125,178,6125,178,9,0,1986,95,403,8,4059,76,80,7,6125,40473,46598,1014
2020-06-09,47035,47035,126,1,126,1,1,0,26,-3,10,0,98,4,2,0,126,4829,4955,44
2020-06-09,47033,47033,16,0,16,0,2,0,1,0,2,0,12,,3,0,16,581,597,6
2020-06-09,47031,47031,84,2,84,2,1,-1,22,2,5,0,62,,0,0,84,2813,2897,34
2020-06-09,47029,47029,22,1,22,1,4,2,2,1,1,0,20,,0,0,22,1344,1366,13
2020-06-09,47027,47027,9,0,9,0,0,0,3,0,0,0,6,,0,0,9,539,548,5
2020-06-09,47025,47025,14,0,14,0,0,0,5,0,1,0,9,,0,0,14,933,947,6
2020-06-09,47023,47023,12,0,12,0,0,0,0,0,1,0,12,,0,0,12,697,709,7
2020-06-09,47021,47021,146,2,146,2,0,0,84,2,8,1,62,,0,0,146,2127,2273,51
2020-06-09,47019,47019,19,0,19,0,1,0,0,0,2,0,18,,1,0,19,1906,1925,22
2020-06-09,47017,47017,28,0,28,0,5,0,3,0,6,0,24,,1,0,28,1500,1528,14
2020-06-09,47015,47015,34,0,34,0,0,0,21,0,4,1,13,,0,0,34,697,731,11
2020-06-09,47013,47013,18,0,18,0,3,0,0,0,2,0,17,,1,0,18,1887,1905,18
2020-06-09,47011,47011,233,14,233,14,10,1,87,4,21,1,144,10,2,0,233,3674,3907,154
2020-06-09,47009,47009,96,2,96,2,5,0,13,2,6,0,80,,3,0,96,3919,4015,110
2020-06-09,47007,47007,611,-2,611,-2,0,0,1,0,4,0,609,-2,1,0,611,3440,4051,7
2020-06-09,47005,47005,8,0,8,0,0,0,1,0,2,0,6,,1,0,8,888,896,17
2020-06-09,47003,47003,341,9,341,9,0,0,80,3,13,0,257,6,4,0,341,2725,3066,48
2020-06-09,47001,47001,50,2,50,2,2,0,9,1,5,0,39,1,2,0,50,4981,5031,52
2020-06-09,47043,47043,127,2,127,2,0,0,57,-3,14,0,70,5,0,0,127,2546,2673,40
2020-06-09,47045,47045,70,3,70,3,3,0,25,2,6,0,45,1,0,0,70,1952,2022,49
2020-06-09,47095,47095,730,6,730,6,2,0,320,3,2,0,410,3,0,0,730,3429,4159,22
2020-06-09,47049,47049,13,1,13,1,0,0,3,1,1,0,10,,0,0,13,960,973,19
2020-06-09,47091,47091,22,0,22,0,0,0,6,0,1,0,16,,0,0,22,2048,2070,7
2020-06-09,47089,47089,31,2,31,2,5,0,5,1,1,0,26,1,0,0,31,2575,2606,28
2020-06-09,47087,47087,19,0,19,0,0,0,0,-4,1,0,19,4,0,0,19,653,672,8
2020-06-09,47085,47085,18,1,18,1,1,0,10,1,1,0,7,,1,0,18,822,840,21
2020-06-09,47083,47083,9,1,9,1,0,0,4,1,4,0,5,,0,0,9,579,588,5
2020-06-09,47047,47047,159,4,159,4,3,0,41,1,16,0,116,3,2,0,159,3257,3416,54
2020-06-09,47079,47079,33,1,33,1,0,0,4,1,5,0,29,,0,0,33,1805,1838,8
2020-06-09,47077,47077,16,1,16,1,0,0,1,1,1,0,15,,0,0,16,1246,1262,13
2020-06-09,47075,47075,35,1,35,1,1,0,7,1,6,0,26,,2,0,35,1023,1058,14
2020-06-09,47073,47073,34,0,34,0,0,0,1,0,6,0,31,,2,0,34,2154,2188,90
2020-06-09,47081,47081,60,0,60,0,0,-1,9,-1,2,0,51,1,0,0,60,1174,1234,12
2020-06-09,47069,47069,212,1,212,1,0,0,21,0,7,1,191,1,0,0,212,5382,5594,10
2020-06-09,47067,47067,1,-1,1,-1,0,0,0,-1,0,0,1,,0,0,1,251,252,-5
2020-06-09,47065,47065,1122,80,1122,80,6,0,688,43,67,0,415,37,19,0,1122,14016,15138,537
2020-06-09,47063,47063,62,4,62,4,8,0,22,-1,8,1,37,4,3,1,62,3177,3239,33
2020-06-09,47061,47061,32,0,32,0,0,0,4,0,10,0,27,,1,0,32,530,562,8
2020-06-09,47059,47059,52,0,52,0,1,0,4,0,8,0,46,,2,0,52,2666,2718,42
2020-06-09,47057,47057,16,1,16,1,1,0,6,1,3,0,10,,0,0,16,826,842,14
2020-06-09,47055,47055,19,1,19,1,0,0,8,1,3,0,11,,0,0,19,1279,1298,42
2020-06-09,47053,47053,64,0,64,0,4,0,7,0,5,0,56,,1,0,64,2650,2714,36
2020-06-09,47051,47051,55,1,55,1,3,0,7,1,6,0,47,,1,0,55,2304,2359,28
2020-06-09,47071,47071,30,1,30,1,0,0,14,-1,3,0,14,2,2,0,30,1963,1993,13
2020-06-10,47127,47127,5,0,5,0,0,0,2,0,0,0,3,,0,0,5,395,400,2
2020-06-10,47129,47129,19,0,19,0,0,0,1,0,0,0,18,,0,0,19,3304,3323,12
2020-06-10,47131,47131,53,0,53,0,2,0,21,-3,8,0,31,3,1,0,53,1622,1675,13
2020-06-10,,47OOS,423,-34,423,-34,3,0,173,-32,23,0,245,-2,5,0,423,77475,77898,627
2020-06-10,47139,47139,24,0,24,0,2,0,5,-1,1,0,19,1,0,0,24,722,746,5
2020-06-10,,47PEN,164,-6,164,-6,1,0,133,-22,2,0,31,16,0,0,164,51135,51299,2973
2020-06-10,47135,47135,24,0,24,0,0,0,12,0,1,0,12,,0,0,24,468,492,3
2020-06-10,47137,47137,4,0,4,0,0,0,1,0,0,0,3,,0,0,4,379,383,4
2020-06-10,47133,47133,36,1,36,1,0,0,10,0,2,0,26,1,0,0,36,1514,1550,12
2020-06-10,47125,47125,309,-1,309,-1,1,1,169,-4,29,0,136,3,4,0,309,9236,9545,161
2020-06-10,47103,47103,34,1,34,1,0,0,8,-1,2,0,26,2,0,0,34,1489,1523,55
2020-06-10,47109,47109,24,1,24,1,0,0,9,1,2,0,15,,0,0,24,1078,1102,4
2020-06-10,47107,47107,159,0,159,0,0,0,23,-2,19,0,122,2,14,0,159,3113,3272,28
2020-06-10,47119,47119,128,4,128,4,0,0,47,3,10,0,80,1,1,0,128,3600,3728,100
2020-06-10,47117,47117,40,3,40,3,0,0,12,3,6,0,27,,1,0,40,1234,1274,5
2020-06-10,47115,47115,46,1,46,1,1,0,10,1,11,0,35,,1,0,46,1067,1113,65
2020-06-10,47113,47113,183,2,183,2,1,0,24,1,21,0,157,1,2,0,183,5683,5866,31
2020-06-10,47111,47111,186,1,186,1,0,0,67,0,13,0,116,1,3,0,186,1580,1766,3
2020-06-10,47105,47105,174,3,174,3,14,0,27,-1,6,0,147,4,0,0,174,2267,2441,65
2020-06-10,47141,47141,571,2,571,2,1,0,155,-7,15,0,410,9,6,0,571,5865,6436,75
2020-06-10,47123,47123,75,0,75,0,10,0,10,0,9,0,61,,4,0,75,1359,1434,44
2020-06-10,47143,47143,220,1,220,1,0,0,14,-3,3,0,206,4,0,0,220,1830,2050,9
2020-06-10,47165,47165,1033,22,1033,22,8,0,560,18,202,0,426,3,47,1,1033,9099,10132,106
2020-06-10,47147,47147,584,4,584,4,0,0,269,-5,42,1,308,9,7,0,584,4399,4983,27
2020-06-10,47189,47189,499,11,499,11,2,0,200,3,41,0,289,8,10,0,499,7423,7922,110
2020-06-10,47187,47187,654,6,654,6,2,0,254,2,48,0,389,4,11,0,654,11256,11910,207
2020-06-10,47185,47185,44,-1,44,-1,1,0,16,-1,3,0,28,,0,0,44,1586,1630,14
2020-06-10,47183,47183,26,0,26,0,1,0,0,-1,1,0,26,1,0,0,26,1571,1597,7
2020-06-10,47181,47181,64,0,64,0,0,0,1,0,2,0,63,,0,0,64,2342,2406,3
2020-06-10,47179,47179,87,1,87,1,1,0,13,1,6,0,74,,0,0,87,4713,4800,90
2020-06-10,47177,47177,32,0,32,0,0,0,13,0,0,0,19,,0,0,32,2096,2128,12
2020-06-10,47175,47175,4,0,4,0,0,0,1,0,1,0,3,,0,0,4,374,378,2
2020-06-10,47173,47173,5,0,5,0,0,0,1,0,0,0,4,,0,0,5,605,610,11
2020-06-10,47171,47171,52,0,52,0,0,0,11,-22,0,0,41,22,0,0,52,910,962,132
2020-06-10,47169,47169,1397,0,1397,0,3,0,33,-2,14,0,1360,2,4,0,1397,1886,3283,2
2020-06-10,47167,47167,488,1,488,1,2,0,62,-5,23,0,423,6,3,0,488,4573,5061,40
2020-06-10,47101,47101,4,0,4,0,0,0,1,0,0,0,3,,0,0,4,507,511,5
2020-06-10,47163,47163,67,1,67,1,3,0,7,1,6,0,58,,2,0,67,5313,5380,105
2020-06-10,47161,47161,14,0,14,0,0,0,9,0,2,0,5,,0,0,14,496,510,4
2020-06-10,47159,47159,37,0,37,0,1,0,8,0,2,0,28,,1,0,37,991,1028,1
2020-06-10,47157,47157,6204,79,6204,79,12,3,1847,-62,560,7,4223,142,134,-1,6204,67275,73479,-219
2020-06-10,47155,47155,178,20,178,20,12,2,79,14,9,0,97,6,2,0,178,5218,5396,51
2020-06-10,47153,47153,21,0,21,0,0,0,4,0,2,0,17,,0,0,21,1162,1183,23
2020-06-10,47151,47151,14,1,14,1,1,0,2,1,0,0,12,,0,0,14,841,855,19
2020-06-10,47149,47149,1600,32,1600,32,6,-1,878,5,93,-1,693,27,29,0,1600,13919,15519,158
2020-06-10,47145,47145,23,0,23,0,10,0,9,-1,3,0,14,1,0,0,23,3758,3781,137
2020-06-10,47099,47099,48,7,48,7,0,0,21,4,3,0,27,3,0,0,48,1876,1924,38
2020-06-10,47121,47121,27,0,27,0,0,0,3,-2,4,0,24,2,0,0,27,616,643,5
2020-06-10,47097,47097,60,0,60,0,1,0,11,-3,8,0,48,3,1,0,60,3557,3617,15
2020-06-10,47041,47041,41,0,41,0,0,0,9,1,0,0,32,-1,0,0,41,1409,1450,5
2020-06-10,47039,47039,14,8,14,8,0,0,1,0,1,0,13,8,0,0,14,612,626,12
2020-06-10,47037,47037,6190,65,6190,65,10,1,1954,-32,403,0,4156,97,80,0,6190,40716,46906,308
2020-06-10,47035,47035,127,1,127,1,1,0,26,0,10,0,99,1,2,0,127,4853,4980,25
2020-06-10,47033,47033,16,0,16,0,2,0,1,0,2,0,12,,3,0,16,582,598,1
2020-06-10,47031,47031,87,3,87,3,1,0,23,1,5,0,64,2,0,0,87,2911,2998,101
2020-06-10,47029,47029,22,0,22,0,4,0,2,0,1,0,20,,0,0,22,1352,1374,8
2020-06-10,47027,47027,9,0,9,0,0,0,3,0,0,0,6,,0,0,9,541,550,2
2020-06-10,47023,47023,12,0,12,0,0,0,0,0,1,0,12,,0,0,12,702,714,5
2020-06-10,47021,47021,149,3,149,3,0,0,83,-1,9,1,66,4,0,0,149,2139,2288,15
2020-06-10,47019,47019,19,0,19,0,1,0,0,0,2,0,18,,1,0,19,2018,2037,112
2020-06-10,47017,47017,29,1,29,1,5,0,3,0,6,0,25,1,1,0,29,1536,1565,37
2020-06-10,47015,47015,34,0,34,0,0,0,20,-1,4,0,14,1,0,0,34,705,739,8
2020-06-10,47013,47013,18,0,18,0,3,0,0,0,2,0,17,,1,0,18,2005,2023,118
2020-06-10,47011,47011,238,5,238,5,12,2,78,-9,21,0,158,14,2,0,238,3729,3967,60
2020-06-10,47009,47009,96,0,96,0,5,0,13,0,6,0,80,,3,0,96,3430,3526,-489
2020-06-10,47007,47007,613,2,613,2,0,0,2,1,4,0,610,1,1,0,613,3448,4061,10
2020-06-10,47005,47005,8,0,8,0,0,0,0,-1,2,0,7,1,1,0,8,891,899,3
2020-06-10,47003,47003,346,5,346,5,0,0,82,2,15,2,260,3,4,0,346,2736,3082,16
2020-06-10,47001,47001,54,4,54,4,2,0,11,2,5,0,41,2,2,0,54,5175,5229,198
2020-06-10,47095,47095,712,-18,712,-18,2,0,300,-20,2,0,412,2,0,0,712,3435,4147,-12
2020-06-10,47043,47043,128,1,128,1,0,0,57,0,14,0,71,1,0,0,128,2582,2710,37
2020-06-10,47045,47045,71,1,71,1,4,1,22,-3,6,0,49,4,0,0,71,1957,2028,6
2020-06-10,47025,47025,15,1,15,1,0,0,6,1,1,0,9,,0,0,15,954,969,22
2020-06-10,47049,47049,13,0,13,0,0,0,3,0,1,0,10,,0,0,13,968,981,8
2020-06-10,47047,47047,162,3,162,3,3,0,39,-2,17,1,121,5,2,0,162,3283,3445,29
2020-06-10,47091,47091,23,1,23,1,0,0,6,0,1,0,17,1,0,0,23,2054,2077,7
2020-06-10,47089,47089,31,0,31,0,5,0,5,0,1,0,26,,0,0,31,2657,2688,82
2020-06-10,47087,47087,19,0,19,0,0,0,0,0,1,0,19,,0,0,19,658,677,5
2020-06-10,47085,47085,17,-1,17,-1,1,0,9,-1,1,0,7,,1,0,17,826,843,3
2020-06-10,47083,47083,9,0,9,0,0,0,3,-1,4,0,6,1,0,0,9,581,590,2
2020-06-10,47081,47081,60,0,60,0,0,0,9,0,2,0,51,,0,0,60,1179,1239,5
2020-06-10,47079,47079,33,0,33,0,0,0,4,0,5,0,29,,0,0,33,1809,1842,4
2020-06-10,47077,47077,16,0,16,0,0,0,1,0,1,0,15,,0,0,16,1273,1289,27
2020-06-10,47075,47075,35,0,35,0,1,0,7,0,6,0,26,,2,0,35,1048,1083,25
2020-06-10,47073,47073,34,0,34,0,0,0,0,-1,6,0,32,1,2,0,34,2238,2272,84
2020-06-10,47093,47093,500,9,500,9,6,0,137,5,39,0,358,4,5,0,500,21435,21935,593
2020-06-10,47069,47069,213,1,213,1,0,0,21,0,7,0,192,1,0,0,213,5396,5609,15
2020-06-10,47071,47071,31,1,31,1,0,0,15,1,4,1,14,,2,0,31,1970,2001,8
2020-06-10,47053,47053,64,0,64,0,4,0,7,0,5,0,56,,1,0,64,2658,2722,8
2020-06-10,47055,47055,19,0,19,0,0,0,8,0,3,0,11,,0,0,19,1291,1310,12
2020-06-10,47057,47057,16,0,16,0,1,0,5,-1,3,0,11,1,0,0,16,837,853,11
2020-06-10,47059,47059,52,0,52,0,1,0,1,-3,8,0,49,3,2,0,52,2686,2738,20
2020-06-10,47051,47051,55,0,55,0,3,0,6,-1,7,1,47,,2,1,55,2314,2369,10
2020-06-10,47063,47063,63,1,63,1,7,-1,21,-1,8,0,39,2,3,0,63,3292,3355,116
2020-06-10,47065,47065,1156,34,1156,34,6,0,664,-24,70,3,473,58,19,0,1156,14325,15481,343
2020-06-10,47067,47067,1,0,1,0,0,0,0,0,0,0,1,,0,0,1,254,255,3
2020-06-10,47061,47061,32,0,32,0,0,0,4,0,10,0,27,,1,0,32,539,571,9
2020-06-11,47125,47125,312,3,312,3,1,0,171,2,29,0,137,1,4,0,312,9291,9603,58
2020-06-11,47135,47135,24,0,24,0,0,0,12,0,1,0,12,,0,0,24,471,495,3
2020-06-11,,47PEN,165,1,165,1,1,0,147,14,1,-1,18,-13,0,0,165,49376,49541,-1758
2020-06-11,47133,47133,36,0,36,0,0,0,8,-2,2,0,28,2,0,0,36,1532,1568,18
2020-06-11,,47OOS,440,17,440,17,3,0,188,15,22,-1,247,2,5,0,440,78351,78791,893
2020-06-11,47131,47131,53,0,53,0,2,0,19,-2,8,0,33,2,1,0,53,1650,1703,28
2020-06-11,47137,47137,4,0,4,0,0,0,1,0,0,0,3,,0,0,4,390,394,11
2020-06-11,47129,47129,18,-1,18,-1,0,0,0,-1,0,0,18,,0,0,18,3313,3331,8
2020-06-11,47127,47127,5,0,5,0,0,0,2,0,0,0,3,,0,0,5,395,400,0
2020-06-11,47123,47123,75,0,75,0,10,0,8,-2,9,0,63,2,4,0,75,1413,1488,54
2020-06-11,47115,47115,47,1,47,1,1,0,11,1,12,1,35,,1,0,47,1069,1116,3
2020-06-11,47109,47109,25,1,25,1,0,0,9,0,2,0,16,1,0,0,25,1084,1109,7
2020-06-11,47107,47107,161,2,161,2,0,0,25,2,20,1,122,,14,0,161,3117,3278,6
2020-06-11,47119,47119,139,11,139,11,0,0,55,8,10,0,83,3,1,0,139,3632,3771,43
2020-06-11,47117,47117,39,-1,39,-1,0,0,10,-2,6,0,28,1,1,0,39,1250,1289,15
2020-06-11,47113,47113,182,-1,182,-1,1,0,23,-1,21,0,157,,2,0,182,5702,5884,18
2020-06-11,47111,47111,191,5,191,5,0,0,64,-3,13,0,124,8,3,0,191,1591,1782,16
2020-06-11,47105,47105,174,0,174,0,14,0,24,-3,8,2,149,2,1,1,174,2313,2487,46
2020-06-11,47103,47103,36,2,36,2,0,0,10,2,2,0,26,,0,0,36,1490,1526,3
2020-06-11,47101,47101,5,1,5,1,0,0,2,1,0,0,3,,0,0,5,509,514,3
2020-06-11,47139,47139,24,0,24,0,2,0,4,-1,1,0,20,1,0,0,24,723,747,1
2020-06-11,47121,47121,28,1,28,1,0,0,4,1,4,0,24,,0,0,28,618,646,3
2020-06-11,47141,47141,572,1,572,1,1,0,119,-36,15,0,447,37,6,0,572,5941,6513,77
2020-06-11,47099,47099,52,4,52,4,0,0,25,4,3,0,27,,0,0,52,1887,1939,15
2020-06-11,47145,47145,23,0,23,0,10,0,8,-1,3,0,15,1,0,0,23,3854,3877,96
2020-06-11,47187,47187,662,8,662,8,2,0,256,2,48,0,395,6,11,0,662,11447,12109,199
2020-06-11,47185,47185,44,0,44,0,1,0,14,-2,3,0,30,2,0,0,44,1656,1700,70
2020-06-11,47183,47183,27,1,27,1,1,0,1,1,1,0,26,,0,0,27,1589,1616,19
2020-06-11,47181,47181,64,0,64,0,0,0,1,0,2,0,63,,0,0,64,2343,2407,1
2020-06-11,47179,47179,88,1,88,1,1,0,14,1,6,0,74,,0,0,88,4757,4845,45
2020-06-11,47177,47177,32,0,32,0,0,0,11,-2,0,0,21,2,0,0,32,2103,2135,7
2020-06-11,47175,47175,4,0,4,0,0,0,1,0,1,0,3,,0,0,4,374,378,0
2020-06-11,47173,47173,6,1,6,1,0,0,2,1,0,0,4,,0,0,6,611,617,7
2020-06-11,47171,47171,52,0,52,0,0,0,11,0,0,0,41,,0,0,52,917,969,7
2020-06-11,47169,47169,1399,2,1399,2,3,0,34,1,14,0,1361,1,4,0,1399,1896,3295,12
2020-06-11,47167,47167,491,3,491,3,2,0,60,-2,23,0,428,5,3,0,491,4661,5152,91
2020-06-11,47165,47165,1049,16,1049,16,8,0,564,4,203,1,438,12,47,0,1049,9173,10222,90
2020-06-11,47163,47163,67,0,67,0,3,0,7,0,6,0,58,,2,0,67,5363,5430,50
2020-06-11,47161,47161,14,0,14,0,0,0,9,0,2,0,5,,0,0,14,565,579,69
2020-06-11,47159,47159,37,0,37,0,1,0,8,0,2,0,28,,1,0,37,1006,1043,15
2020-06-11,47157,47157,6365,161,6365,161,12,0,1884,37,570,10,4346,123,135,1,6365,69409,75774,2295
2020-06-11,47155,47155,184,6,184,6,15,3,82,3,10,1,100,3,2,0,184,5354,5538,142
2020-06-11,47153,47153,21,0,21,0,0,0,3,-1,2,0,18,1,0,0,21,1164,1185,2
2020-06-11,47151,47151,14,0,14,0,1,0,2,0,0,0,12,,0,0,14,852,866,11
2020-06-11,47149,47149,1620,20,1620,20,6,0,882,4,94,1,709,16,29,0,1620,14188,15808,289
2020-06-11,47147,47147,594,10,594,10,0,0,268,-1,43,1,319,11,7,0,594,4433,5027,44
2020-06-11,47143,47143,220,0,220,0,0,0,14,0,3,0,206,,0,0,220,1835,2055,5
2020-06-11,47189,47189,501,2,501,2,2,0,197,-3,41,0,293,4,11,1,501,7630,8131,209
2020-06-11,47097,47097,60,0,60,0,1,0,11,0,8,0,48,,1,0,60,3581,3641,24
2020-06-11,47093,47093,511,11,511,11,6,0,144,7,40,1,362,4,5,0,511,21800,22311,376
2020-06-11,47041,47041,41,0,41,0,0,0,7,-2,0,0,34,2,0,0,41,1413,1454,4
2020-06-11,47039,47039,14,0,14,0,0,0,1,0,1,0,13,,0,0,14,619,633,7
2020-06-11,47037,47037,6290,100,6290,100,12,2,1950,-4,405,2,4259,103,81,1,6290,41232,47522,616
2020-06-11,47035,47035,129,2,129,2,1,0,24,-2,10,0,103,4,2,0,129,4913,5042,62
2020-06-11,47033,47033,16,0,16,0,2,0,1,0,2,0,12,,3,0,16,584,600,2
2020-06-11,47031,47031,88,1,88,1,1,0,24,1,5,0,64,,0,0,88,2921,3009,11
2020-06-11,47029,47029,23,1,23,1,4,0,3,1,1,0,20,,0,0,23,1370,1393,19
2020-06-11,47027,47027,9,0,9,0,0,0,2,-1,0,0,7,1,0,0,9,542,551,1
2020-06-11,47025,47025,15,0,15,0,0,0,6,0,1,0,9,,0,0,15,964,979,10
2020-06-11,47023,47023,12,0,12,0,0,0,0,0,1,0,12,,0,0,12,706,718,4
2020-06-11,47021,47021,151,2,151,2,0,0,84,1,9,0,67,1,0,0,151,2165,2316,28
2020-06-11,47019,47019,19,0,19,0,1,0,0,0,2,0,18,,1,0,19,2039,2058,21
2020-06-11,47017,47017,29,0,29,0,5,0,3,0,6,0,25,,1,0,29,1546,1575,10
2020-06-11,47015,47015,34,0,34,0,0,0,20,0,4,0,14,,0,0,34,708,742,3
2020-06-11,47013,47013,18,0,18,0,3,0,0,0,2,0,17,,1,0,18,2034,2052,29
2020-06-11,47011,47011,241,3,241,3,12,0,74,-4,22,1,165,7,2,0,241,3746,3987,20
2020-06-11,47009,47009,97,1,97,1,5,0,12,-1,6,0,82,2,3,0,97,4241,4338,812
2020-06-11,47007,47007,614,1,614,1,0,0,2,0,5,1,611,1,1,0,614,3450,4064,3
2020-06-11,47005,47005,8,0,8,0,0,0,0,0,2,0,7,,1,0,8,901,909,10
2020-06-11,47003,47003,372,26,372,26,0,0,105,23,14,-1,263,3,4,0,372,2752,3124,42
2020-06-11,47001,47001,55,1,55,1,3,1,11,0,5,0,42,1,2,0,55,5332,5387,158
2020-06-11,47043,47043,129,1,129,1,0,0,58,1,14,0,71,,0,0,129,2591,2720,10
2020-06-11,47045,47045,73,2,73,2,5,1,24,2,6,0,49,,0,0,73,1976,2049,21
2020-06-11,47095,47095,688,-24,688,-24,2,0,274,-26,2,0,414,2,0,0,688,3438,4126,-21
2020-06-11,47049,47049,13,0,13,0,0,0,2,-1,1,0,11,1,0,0,13,975,988,7
2020-06-11,47047,47047,163,1,163,1,2,-1,37,-2,16,-1,124,3,2,0,163,3352,3515,70
2020-06-11,47091,47091,24,1,24,1,0,0,7,1,1,0,17,,0,0,24,2060,2084,7
2020-06-11,47089,47089,36,5,36,5,6,1,10,5,1,0,26,,0,0,36,2757,2793,105
2020-06-11,47087,47087,19,0,19,0,0,0,0,0,1,0,19,,0,0,19,660,679,2
2020-06-11,47085,47085,17,0,17,0,1,0,9,0,1,0,7,,1,0,17,899,916,73
2020-06-11,47083,47083,9,0,9,0,0,0,3,0,4,0,6,,0,0,9,585,594,4
2020-06-11,47079,47079,34,1,34,1,0,0,5,1,5,0,29,,0,0,34,1829,1863,21
2020-06-11,47077,47077,17,1,17,1,0,0,2,1,1,0,15,,0,0,17,1283,1300,11
2020-06-11,47075,47075,35,0,35,0,1,0,7,0,6,0,26,,2,0,35,1053,1088,5
2020-06-11,47073,47073,34,0,34,0,0,0,0,0,6,0,32,,2,0,34,2287,2321,49
2020-06-11,47081,47081,60,0,60,0,0,0,9,0,2,0,51,,0,0,60,1187,1247,8
2020-06-11,47069,47069,214,1,214,1,0,0,22,1,8,1,192,,0,0,214,5402,5616,7
2020-06-11,47067,47067,1,0,1,0,0,0,0,0,0,0,1,,0,0,1,259,260,5
2020-06-11,47065,47065,1210,54,1210,54,5,-1,686,22,71,1,505,32,19,0,1210,14582,15792,311
2020-06-11,47063,47063,65,2,65,2,6,-1,20,-1,8,0,42,3,3,0,65,3362,3427,72
2020-06-11,47051,47051,55,0,55,0,3,0,5,-1,7,0,48,1,2,0,55,2318,2373,4
2020-06-11,47061,47061,32,0,32,0,0,0,4,0,10,0,27,,1,0,32,539,571,0
2020-06-11,47059,47059,52,0,52,0,1,0,1,0,8,0,49,,2,0,52,2706,2758,20
2020-06-11,47057,47057,16,0,16,0,2,1,5,0,3,0,11,,0,0,16,859,875,22
2020-06-11,47055,47055,19,0,19,0,0,0,8,0,3,0,11,,0,0,19,1297,1316,6
2020-06-11,47053,47053,64,0,64,0,4,0,7,0,5,0,56,,1,0,64,2671,2735,13
2020-06-11,47071,47071,30,-1,30,-1,0,0,14,-1,4,0,13,-1,3,1,30,1982,2012,11
2020-06-12,47127,47127,5,0,5,0,0,0,2,0,0,0,3,,0,0,6,427,433,33
2020-06-12,47129,47129,18,0,18,0,0,0,0,0,0,0,18,,0,0,20,3436,3456,125
2020-06-12,47131,47131,56,3,54,1,2,0,17,-2,9,1,38,5,1,0,66,1789,1855,152
2020-06-12,47137,47137,4,0,4,0,0,0,1,0,0,0,3,,0,0,4,411,415,21
2020-06-12,47133,47133,37,1,37,1,0,0,9,1,2,0,28,,0,0,39,1672,1711,143
2020-06-12,,47PEN,152,-13,151,-14,1,0,134,-13,1,0,18,,0,0,178,53098,53276,3735
2020-06-12,47135,47135,25,1,25,1,0,0,13,1,1,0,12,,0,0,27,491,518,23
2020-06-12,47125,47125,319,7,318,6,1,0,174,3,29,0,140,3,5,1,373,9998,10371,768
2020-06-12,,47OOS,463,23,460,20,3,0,204,16,24,2,252,5,7,2,468,86724,87192,8401
2020-06-12,47123,47123,85,10,75,0,10,0,7,-1,10,1,74,11,4,0,91,1601,1692,204
2020-06-12,47101,47101,5,0,5,0,0,0,2,0,0,0,3,,0,0,7,566,573,59
2020-06-12,47109,47109,26,1,26,1,0,0,7,-2,2,0,19,3,0,0,35,1122,1157,48
2020-06-12,47107,47107,162,1,162,1,0,0,25,0,20,0,123,1,14,0,194,3325,3519,241
2020-06-12,47119,47119,147,8,147,8,0,0,61,6,10,0,85,2,1,0,174,3883,4057,286
2020-06-12,47117,47117,40,1,40,1,0,0,10,0,6,0,29,1,1,0,49,1297,1346,57
2020-06-12,47115,47115,48,1,47,0,1,0,11,0,13,1,35,,2,1,55,1109,1164,48
2020-06-12,47113,47113,182,0,181,-1,1,0,21,-2,21,0,159,2,2,0,220,5912,6132,248
2020-06-12,47111,47111,189,-2,189,-2,0,0,61,-3,13,0,125,1,3,0,214,1735,1949,167
2020-06-12,47105,47105,188,14,174,0,14,0,24,0,8,0,163,14,1,0,191,2956,3147,660
2020-06-12,47103,47103,42,6,42,6,0,0,15,5,3,1,27,1,0,0,50,1587,1637,111
2020-06-12,47139,47139,28,4,26,2,2,0,5,1,1,0,23,3,0,0,28,745,773,26
2020-06-12,47121,47121,29,1,29,1,0,0,5,1,4,0,24,,0,0,40,664,704,58
2020-06-12,47141,47141,588,16,587,15,1,0,128,9,15,0,454,7,6,0,689,6939,7628,1115
2020-06-12,47163,47163,70,3,67,0,3,0,5,-2,6,0,63,5,2,0,73,5537,5610,180
2020-06-12,47145,47145,33,10,23,0,10,0,5,-3,3,0,28,13,0,0,33,4410,4443,566
2020-06-12,47099,47099,57,5,57,5,0,0,30,5,4,1,27,,0,0,64,2024,2088,149
2020-06-12,47187,47187,670,8,667,5,3,1,258,2,48,0,400,5,12,1,769,11923,12692,583
2020-06-12,47185,47185,46,2,45,1,1,0,14,0,3,0,32,2,0,0,54,1861,1915,215
2020-06-12,47183,47183,28,1,27,0,1,0,2,1,1,0,26,,0,0,30,1686,1716,100
2020-06-12,47181,47181,64,0,64,0,0,0,1,0,2,0,63,,0,0,65,2375,2440,33
2020-06-12,47179,47179,88,0,87,-1,1,0,13,-1,6,0,75,1,0,0,113,4920,5033,188
2020-06-12,47177,47177,32,0,32,0,0,0,10,-1,0,0,22,1,0,0,31,2268,2299,164
2020-06-12,47175,47175,4,0,4,0,0,0,1,0,1,0,3,,0,0,4,391,395,17
2020-06-12,47173,47173,7,1,7,1,0,0,3,1,0,0,4,,0,0,7,672,679,62
2020-06-12,47171,47171,52,0,52,0,0,0,4,-7,0,0,48,7,0,0,57,943,1000,31
2020-06-12,47169,47169,1458,59,1455,56,3,0,92,58,14,0,1362,1,4,0,1489,2073,3562,267
2020-06-12,47167,47167,497,6,495,4,2,0,55,-5,23,0,439,11,3,0,540,5623,6163,1011
2020-06-12,47165,47165,1059,10,1051,2,8,0,567,3,203,0,445,7,47,0,1350,9905,11255,1033
2020-06-12,47161,47161,14,0,14,0,0,0,9,0,2,0,5,,0,0,14,599,613,34
2020-06-12,47159,47159,39,2,38,1,1,0,9,1,2,0,29,1,1,0,44,1167,1211,168
2020-06-12,47157,47157,6451,86,6438,73,13,1,1857,-27,584,14,4443,97,151,16,7911,88246,96157,20383
2020-06-12,47155,47155,206,22,190,6,16,1,93,11,10,0,111,11,2,0,211,5953,6164,626
2020-06-12,47153,47153,21,0,21,0,0,0,3,0,2,0,18,,0,0,26,1149,1175,-10
2020-06-12,47151,47151,14,0,13,-1,1,0,1,-1,0,0,13,1,0,0,14,931,945,79
2020-06-12,47149,47149,1653,33,1647,27,6,0,895,13,96,2,728,19,30,1,1941,14875,16816,1008
2020-06-12,47147,47147,597,3,597,3,0,0,267,-1,44,1,322,3,8,1,730,4664,5394,367
2020-06-12,47143,47143,222,2,222,2,0,0,16,2,3,0,206,,0,0,239,1963,2202,147
2020-06-12,47189,47189,511,10,509,8,2,0,204,7,41,0,296,3,11,0,620,8151,8771,640
2020-06-12,47097,47097,61,1,60,0,1,0,10,-1,8,0,50,2,1,0,82,3719,3801,160
2020-06-12,47093,47093,525,14,519,8,6,0,153,9,41,1,367,5,5,0,606,24712,25318,3007
2020-06-12,47041,47041,41,0,41,0,0,0,7,0,0,0,34,,0,0,49,1518,1567,113
2020-06-12,47039,47039,14,0,14,0,0,0,1,0,1,0,13,,0,0,16,659,675,42
2020-06-12,47037,47037,6379,89,6367,77,12,0,1953,3,413,8,4342,83,84,3,7443,44179,51622,4100
2020-06-12,47035,47035,130,1,129,0,1,0,24,0,10,0,104,1,2,0,171,5390,5561,519
2020-06-12,47033,47033,18,2,16,0,2,0,1,0,2,0,14,2,3,0,23,663,686,86
2020-06-12,47031,47031,92,4,91,3,1,0,26,2,5,0,66,2,0,0,110,3060,3170,161
2020-06-12,47029,47029,26,3,22,-1,4,0,3,0,1,0,23,3,0,0,29,1508,1537,144
2020-06-12,47027,47027,9,0,9,0,0,0,2,0,0,0,7,,0,0,9,571,580,29
2020-06-12,47025,47025,15,0,15,0,0,0,6,0,1,0,9,,0,0,18,1003,1021,42
2020-06-12,47021,47021,152,1,152,1,0,0,85,1,9,0,67,,0,0,184,2296,2480,164
2020-06-12,47019,47019,20,1,19,0,1,0,0,0,2,0,19,1,1,0,23,2128,2151,93
2020-06-12,47017,47017,34,5,29,0,5,0,2,-1,6,0,31,6,1,0,32,1650,1682,107
2020-06-12,47015,47015,34,0,34,0,0,0,19,-1,4,0,15,1,0,0,38,744,782,40
2020-06-12,47013,47013,22,4,19,1,3,0,1,1,2,0,20,3,1,0,27,2166,2193,141
2020-06-12,47011,47011,266,25,253,12,13,1,87,13,23,1,177,12,2,0,286,3950,4236,249
2020-06-12,47009,47009,104,7,99,2,5,0,13,1,6,0,88,6,3,0,125,4651,4776,438
2020-06-12,47007,47007,614,0,614,0,0,0,2,0,5,0,611,,1,0,624,3459,4083,19
2020-06-12,47005,47005,8,0,8,0,0,0,0,0,2,0,7,,1,0,9,928,937,28
2020-06-12,47003,47003,376,4,376,4,0,0,108,3,14,0,264,1,4,0,430,2806,3236,112
2020-06-12,47001,47001,59,4,56,1,3,0,13,2,5,0,44,2,2,0,72,6012,6084,697
2020-06-12,47095,47095,691,3,689,1,2,0,275,1,3,1,416,2,0,0,852,3599,4451,325
2020-06-12,47043,47043,131,2,131,2,0,0,59,1,14,0,72,1,0,0,174,2674,2848,128
2020-06-12,47045,47045,82,9,77,4,5,0,28,4,6,0,54,5,0,0,96,2056,2152,103
2020-06-12,47023,47023,12,0,12,0,0,0,0,0,1,0,12,,0,0,16,787,803,85
2020-06-12,47049,47049,14,1,14,1,0,0,3,1,1,0,11,,0,0,15,1054,1069,81
2020-06-12,47047,47047,167,4,165,2,2,0,35,-2,16,0,130,6,2,0,207,4090,4297,782
2020-06-12,47089,47089,42,6,36,0,6,0,10,0,1,0,32,6,0,0,38,3071,3109,316
2020-06-12,47087,47087,19,0,19,0,0,0,0,0,1,0,19,,0,0,22,744,766,87
2020-06-12,47085,47085,18,1,17,0,1,0,8,-1,1,0,9,2,1,0,21,997,1018,102
2020-06-12,47083,47083,9,0,9,0,0,0,3,0,4,0,6,,0,0,13,597,610,16
2020-06-12,47081,47081,61,1,61,1,0,0,10,1,2,0,51,,0,0,85,1279,1364,117
2020-06-12,47079,47079,34,0,34,0,0,0,3,-2,5,0,31,2,0,0,45,1935,1980,117
2020-06-12,47077,47077,17,0,17,0,0,0,2,0,1,0,15,,0,0,23,1319,1342,42
2020-06-12,47075,47075,36,1,35,0,1,0,7,0,6,0,27,1,2,0,41,1141,1182,94
2020-06-12,47073,47073,34,0,34,0,0,0,0,0,6,0,32,,2,0,48,2361,2409,88
2020-06-12,47071,47071,30,0,30,0,0,0,11,-3,5,1,16,3,3,0,37,2164,2201,189
2020-06-12,47091,47091,24,0,24,0,0,0,7,0,1,0,17,,0,0,26,2105,2131,47
2020-06-12,47067,47067,1,0,1,0,0,0,0,0,0,0,1,,0,0,1,274,275,15
2020-06-12,47065,47065,1433,223,1428,218,5,0,828,142,72,1,585,80,20,1,1483,15235,16718,926
2020-06-12,47063,47063,75,10,69,4,6,0,22,2,9,1,50,8,3,0,79,3806,3885,458
2020-06-12,47061,47061,32,0,32,0,0,0,4,0,10,0,27,,1,0,40,553,593,22
2020-06-12,47059,47059,53,1,52,0,1,0,0,-1,8,0,51,2,2,0,61,2806,2867,109
2020-06-12,47057,47057,18,2,16,0,2,0,6,1,3,0,12,1,0,0,25,956,981,106
2020-06-12,47055,47055,21,2,21,2,0,0,10,2,3,0,11,,0,0,27,1364,1391,75
2020-06-12,47053,47053,68,4,64,0,4,0,8,1,5,0,59,3,1,0,79,2686,2765,30
2020-06-12,47051,47051,59,4,56,1,3,0,8,3,7,0,49,1,2,0,82,2284,2366,-7
2020-06-12,47069,47069,215,1,215,1,0,0,20,-2,8,0,195,3,0,0,224,5542,5766,150
2020-06-13,47139,47139,29,1,27,1,2,0,5,0,1,0,24,1,0,0,29,759,788,15
2020-06-13,47127,47127,5,0,5,0,0,0,1,-1,0,0,4,1,0,0,6,434,440,7
2020-06-13,47129,47129,19,1,19,1,0,0,1,1,0,0,18,,0,0,22,3447,3469,13
2020-06-13,47131,47131,56,0,54,0,2,0,17,0,9,0,38,,1,0,66,1795,1861,6
2020-06-13,47137,47137,4,0,4,0,0,0,1,0,0,0,3,,0,0,4,410,414,-1
2020-06-13,47133,47133,37,0,37,0,0,0,7,-2,2,0,30,2,0,0,39,1673,1712,1
2020-06-13,,47PEN,156,4,155,4,1,0,134,0,1,0,22,4,0,0,176,53561,53737,461
2020-06-13,47135,47135,27,2,27,2,0,0,15,2,1,0,12,,0,0,29,490,519,1
2020-06-13,47125,47125,324,5,323,5,1,0,179,5,29,0,140,,5,0,378,10035,10413,42
2020-06-13,,47OOS,458,-5,455,-5,3,0,197,-7,25,1,254,2,7,0,451,87738,88189,997
2020-06-13,47123,47123,86,1,76,1,10,0,8,1,10,0,74,,4,0,94,1605,1699,7
2020-06-13,47117,47117,40,0,40,0,0,0,10,0,6,0,29,,1,0,51,1310,1361,15
2020-06-13,47109,47109,27,1,27,1,0,0,8,1,2,0,19,,0,0,36,1125,1161,4
2020-06-13,47107,47107,165,3,165,3,0,0,26,1,20,0,125,2,14,0,196,3356,3552,33
2020-06-13,47119,47119,149,2,149,2,0,0,62,1,11,1,86,1,1,0,177,3914,4091,34
2020-06-13,47115,47115,49,1,48,1,1,0,12,1,13,0,35,,2,0,56,1149,1205,41
2020-06-13,47113,47113,182,0,181,0,1,0,21,0,21,0,159,,2,0,223,5946,6169,37
2020-06-13,47111,47111,190,1,190,1,0,0,61,0,13,0,126,1,3,0,214,1740,1954,5
2020-06-13,47105,47105,196,8,182,8,14,0,28,4,8,0,167,4,1,0,200,2975,3175,28
2020-06-13,47103,47103,44,2,44,2,0,0,17,2,3,0,27,,0,0,52,1610,1662,25
2020-06-13,47101,47101,5,0,5,0,0,0,2,0,0,0,3,,0,0,7,572,579,6
2020-06-13,47121,47121,29,0,29,0,0,0,5,0,4,0,24,,0,0,40,745,785,81
2020-06-13,47141,47141,588,0,587,0,1,0,125,-3,15,0,457,3,6,0,689,6945,7634,6
2020-06-13,47189,47189,512,1,510,1,2,0,203,-1,41,0,297,1,12,1,625,8162,8787,16
2020-06-13,47145,47145,32,-1,22,-1,10,0,5,0,3,0,27,-1,0,0,33,4432,4465,22
2020-06-13,47187,47187,675,5,672,5,3,0,259,1,48,0,404,4,12,0,775,11968,12743,51
2020-06-13,47185,47185,46,0,45,0,1,0,13,-1,4,1,32,,1,1,54,1866,1920,5
2020-06-13,47183,47183,30,2,29,2,1,0,3,1,1,0,27,1,0,0,33,1688,1721,5
2020-06-13,47181,47181,64,0,64,0,0,0,1,0,2,0,63,,0,0,65,2381,2446,6
2020-06-13,47179,47179,90,2,89,2,1,0,15,2,6,0,75,,0,0,114,4965,5079,46
2020-06-13,47177,47177,32,0,32,0,0,0,8,-2,0,0,24,2,0,0,32,2287,2319,20
2020-06-13,47175,47175,4,0,4,0,0,0,1,0,1,0,3,,0,0,4,393,397,2
2020-06-13,47173,47173,8,1,8,1,0,0,4,1,0,0,4,,0,0,8,682,690,11
2020-06-13,47171,47171,53,1,53,1,0,0,4,0,0,0,49,1,0,0,58,957,1015,15
2020-06-13,47169,47169,1456,-2,1453,-2,3,0,90,-2,14,0,1362,,4,0,1487,2076,3563,1
2020-06-13,47167,47167,501,4,498,3,3,1,56,1,23,0,442,3,3,0,544,5677,6221,58
2020-06-13,47165,47165,1075,16,1067,16,8,0,579,12,203,0,448,3,48,1,1370,9971,11341,86
2020-06-13,47163,47163,69,-1,66,-1,3,0,3,-2,6,0,64,1,2,0,73,5551,5624,14
2020-06-13,47161,47161,14,0,14,0,0,0,9,0,2,0,5,,0,0,14,602,616,3
2020-06-13,47159,47159,40,1,39,1,1,0,10,1,2,0,29,,1,0,45,1169,1214,3
2020-06-13,47157,47157,6537,86,6523,85,14,1,1872,15,591,7,4514,71,151,0,8033,89487,97520,1363
2020-06-13,47155,47155,229,23,214,24,15,-1,105,12,10,0,122,11,2,0,230,6033,6263,99
2020-06-13,47153,47153,22,1,22,1,0,0,4,1,2,0,18,,0,0,28,1162,1190,15
2020-06-13,47151,47151,14,0,13,0,1,0,0,-1,0,0,14,1,0,0,14,932,946,1
2020-06-13,47149,47149,1675,22,1669,22,6,0,915,20,96,0,730,2,30,0,1971,14947,16918,102
2020-06-13,47147,47147,609,12,609,12,0,0,274,7,45,1,327,5,8,0,740,4671,5411,17
2020-06-13,47143,47143,228,6,228,6,0,0,20,4,3,0,208,2,0,0,246,2029,2275,73
2020-06-13,47099,47099,60,3,60,3,0,0,32,2,5,1,27,,1,1,67,2035,2102,14
2020-06-13,47097,47097,61,0,60,0,1,0,10,0,8,0,50,,1,0,81,3725,3806,5
2020-06-13,47093,47093,539,14,533,14,6,0,159,6,43,2,375,8,5,0,622,25086,25708,390
2020-06-13,47041,47041,41,0,41,0,0,0,7,0,0,0,34,,0,0,49,1525,1574,7
2020-06-13,47039,47039,14,0,14,0,0,0,1,0,1,0,13,,0,0,16,660,676,1
2020-06-13,47037,47037,6435,56,6424,57,11,-1,1917,-36,417,4,4434,92,84,0,7511,44418,51929,307
2020-06-13,47035,47035,131,1,130,1,1,0,23,-1,12,2,106,2,2,0,173,5423,5596,35
2020-06-13,47033,47033,18,0,16,0,2,0,1,0,2,0,14,,3,0,23,663,686,0
2020-06-13,47031,47031,94,2,93,2,1,0,28,2,5,0,66,,0,0,111,3143,3254,84
2020-06-13,47029,47029,26,0,22,0,4,0,3,0,1,0,23,,0,0,29,1511,1540,3
2020-06-13,47027,47027,10,1,10,1,0,0,3,1,0,0,7,,0,0,10,571,581,1
2020-06-13,47025,47025,15,0,15,0,0,0,6,0,1,0,9,,0,0,18,1012,1030,9
2020-06-13,47023,47023,12,0,12,0,0,0,0,0,1,0,12,,0,0,17,788,805,2
2020-06-13,47021,47021,153,1,153,1,0,0,86,1,9,0,67,,0,0,186,2304,2490,10
2020-06-13,47019,47019,20,0,19,0,1,0,0,0,2,0,19,,1,0,23,2166,2189,38
2020-06-13,47017,47017,35,1,30,1,5,0,3,1,6,0,31,,1,0,33,1652,1685,3
2020-06-13,47015,47015,34,0,34,0,0,0,18,-1,4,0,16,1,0,0,42,743,785,3
2020-06-13,47013,47013,24,2,21,2,3,0,3,2,2,0,20,,1,0,29,2185,2214,21
2020-06-13,47011,47011,272,6,258,5,14,1,85,-2,23,0,185,8,2,0,293,4045,4338,102
2020-06-13,47009,47009,103,-1,98,-1,5,0,12,-1,6,0,88,,3,0,125,4675,4800,24
2020-06-13,47007,47007,614,0,614,0,0,0,2,0,5,0,611,,1,0,625,3467,4092,9
2020-06-13,47005,47005,8,0,8,0,0,0,0,0,2,0,7,,1,0,9,929,938,1
2020-06-13,47003,47003,379,3,379,3,0,0,108,0,14,0,267,3,4,0,436,3010,3446,210
2020-06-13,47001,47001,60,1,57,1,3,0,14,1,5,0,44,,2,0,74,6045,6119,35
2020-06-13,47043,47043,133,2,133,2,0,0,59,0,14,0,74,2,0,0,179,2711,2890,42
2020-06-13,47045,47045,86,4,81,4,5,0,31,3,6,0,55,1,0,0,101,2063,2164,12
2020-06-13,47095,47095,690,-1,688,-1,2,0,274,-1,3,0,416,,0,0,852,3601,4453,2
2020-06-13,47049,47049,14,0,14,0,0,0,3,0,1,0,11,,0,0,15,1057,1072,3
2020-06-13,47091,47091,24,0,24,0,0,0,4,-3,1,0,20,3,0,0,25,2126,2151,20
2020-06-13,47089,47089,43,1,37,1,6,0,10,0,1,0,33,1,0,0,39,3079,3118,9
2020-06-13,47087,47087,20,1,20,1,0,0,1,1,1,0,19,,0,0,23,743,766,0
2020-06-13,47085,47085,18,0,17,0,1,0,8,0,1,0,9,,1,0,21,1003,1024,6
2020-06-13,47083,47083,10,1,10,1,0,0,4,1,4,0,6,,0,0,14,601,615,5
2020-06-13,47081,47081,61,0,61,0,0,0,9,-1,2,0,52,1,0,0,86,1287,1373,9
2020-06-13,47079,47079,34,0,34,0,0,0,2,-1,5,0,32,1,0,0,45,1944,1989,9
2020-06-13,47077,47077,18,1,18,1,0,0,2,0,1,0,16,1,0,0,24,1321,1345,3
2020-06-13,47075,47075,36,0,35,0,1,0,6,-1,6,0,28,1,2,0,41,1145,1186,4
2020-06-13,47073,47073,34,0,34,0,0,0,0,0,6,0,32,,2,0,48,2367,2415,6
2020-06-13,47047,47047,169,2,167,2,2,0,36,1,16,0,131,1,2,0,208,4124,4332,35
2020-06-13,47069,47069,215,0,215,0,0,0,16,-4,8,0,199,4,0,0,226,5541,5767,1
2020-06-13,47067,47067,1,0,1,0,0,0,0,0,0,0,1,,0,0,1,283,284,9
2020-06-13,47065,47065,1536,103,1531,103,5,0,886,58,74,2,630,45,20,0,1591,15791,17382,664
2020-06-13,47063,47063,74,-1,68,-1,6,0,18,-4,9,0,53,3,3,0,78,3818,3896,11
2020-06-13,47061,47061,32,0,32,0,0,0,4,0,10,0,27,,1,0,40,560,600,7
2020-06-13,47059,47059,53,0,52,0,1,0,0,0,8,0,51,,2,0,61,2837,2898,31
2020-06-13,47057,47057,19,1,17,1,2,0,7,1,3,0,12,,0,0,26,965,991,10
2020-06-13,47055,47055,22,1,22,1,0,0,11,1,3,0,11,,0,0,28,1381,1409,18
2020-06-13,47053,47053,68,0,64,0,4,0,8,0,5,0,59,,1,0,78,2689,2767,2
2020-06-13,47051,47051,62,3,61,5,1,-2,11,3,8,1,49,,2,0,88,2340,2428,62
2020-06-13,47071,47071,31,1,31,1,0,0,12,1,6,1,16,,3,0,38,2172,2210,9
2020-06-14,47129,47129,19,0,19,0,0,0,1,0,0,0,18,,0,0,22,3465,3487,18
2020-06-14,47131,47131,61,5,59,5,2,0,20,3,9,0,40,2,1,0,74,1851,1925,64
2020-06-14,,47OOS,493,35,490,35,3,0,232,35,25,0,253,-1,8,1,496,89132,89628,1439
2020-06-14,47139,47139,29,0,27,0,2,0,5,0,1,0,24,,0,0,29,765,794,6
2020-06-14,,47PEN,216,60,215,60,1,0,192,58,1,0,24,2,0,0,242,54654,54896,1159
2020-06-14,47135,47135,27,0,27,0,0,0,15,0,1,0,12,,0,0,29,491,520,1
2020-06-14,47137,47137,4,0,4,0,0,0,1,0,0,0,3,,0,0,4,415,419,5
2020-06-14,47127,47127,5,0,5,0,0,0,1,0,0,0,4,,0,0,6,434,440,0
2020-06-14,47133,47133,37,0,37,0,0,0,7,0,2,0,30,,0,0,39,1704,1743,31
2020-06-14,47125,47125,332,8,331,8,1,0,186,7,29,0,141,1,5,0,386,10248,10634,221
2020-06-14,47115,47115,49,0,48,0,1,0,11,-1,13,0,36,1,2,0,57,1161,1218,13
2020-06-14,47109,47109,27,0,27,0,0,0,8,0,2,0,19,,0,0,36,1135,1171,10
2020-06-14,47107,47107,165,0,165,0,0,0,25,-1,20,0,126,1,14,0,194,3381,3575,23
2020-06-14,47119,47119,152,3,152,3,0,0,65,3,11,0,86,,1,0,180,3962,4142,51
2020-06-14,47117,47117,41,1,41,1,0,0,11,1,6,0,29,,1,0,51,1320,1371,10
2020-06-14,47113,47113,184,2,183,2,1,0,23,2,21,0,159,,2,0,224,6081,6305,136
2020-06-14,47111,47111,204,14,204,14,0,0,75,14,13,0,126,,3,0,228,1762,1990,36
2020-06-14,47105,47105,198,2,184,2,14,0,27,-1,8,0,170,3,1,0,202,3068,3270,95
2020-06-14,47103,47103,47,3,47,3,0,0,20,3,3,0,27,,0,0,55,1616,1671,9
2020-06-14,47101,47101,6,1,6,1,0,0,3,1,0,0,3,,0,0,8,574,582,3
2020-06-14,47141,47141,601,13,600,13,1,0,137,12,15,0,458,1,6,0,705,7077,7782,148
2020-06-14,47123,47123,86,0,76,0,10,0,8,0,10,0,74,,4,0,94,1626,1720,21
2020-06-14,47143,47143,232,4,232,4,0,0,22,2,3,0,210,2,0,0,250,2040,2290,15
2020-06-14,47165,47165,1088,13,1080,13,8,0,592,13,203,0,448,,48,0,1387,10162,11549,208
2020-06-14,47147,47147,633,24,632,23,1,1,287,13,45,0,337,10,9,1,771,4784,5555,144
2020-06-14,47189,47189,515,3,513,3,2,0,205,2,42,1,298,1,12,0,632,8355,8987,200
2020-06-14,47187,47187,686,11,683,11,3,0,268,9,48,0,406,2,12,0,791,12401,13192,449
2020-06-14,47185,47185,48,2,47,2,1,0,15,2,4,0,32,,1,0,56,1947,2003,83
2020-06-14,47183,47183,30,0,29,0,1,0,3,0,1,0,27,,0,0,32,1707,1739,18
2020-06-14,47181,47181,64,0,64,0,0,0,1,0,2,0,63,,0,0,65,2386,2451,5
2020-06-14,47179,47179,90,0,89,0,1,0,14,-1,6,0,76,1,0,0,115,4977,5092,13
2020-06-14,47177,47177,33,1,33,1,0,0,9,1,0,0,24,,0,0,32,2323,2355,36
2020-06-14,47175,47175,4,0,4,0,0,0,1,0,1,0,3,,0,0,4,400,404,7
2020-06-14,47173,47173,8,0,8,0,0,0,4,0,0,0,4,,0,0,8,689,697,7
2020-06-14,47171,47171,53,0,53,0,0,0,4,0,0,0,49,,0,0,58,958,1016,1
2020-06-14,47169,47169,1456,0,1453,0,3,0,90,0,14,0,1362,,4,0,1486,2098,3584,21
2020-06-14,47167,47167,510,9,507,9,3,0,64,8,23,0,443,1,3,0,554,5814,6368,147
2020-06-14,47099,47099,64,4,64,4,0,0,36,4,5,0,27,,1,0,70,2049,2119,17
2020-06-14,47163,47163,70,1,67,1,3,0,4,1,6,0,64,,2,0,73,5562,5635,11
2020-06-14,47161,47161,16,2,16,2,0,0,11,2,2,0,5,,0,0,16,614,630,14
2020-06-14,47159,47159,40,0,39,0,1,0,10,0,2,0,29,,1,0,46,1182,1228,14
2020-06-14,47157,47157,6773,236,6759,236,14,0,2050,178,597,6,4572,58,151,0,8296,92538,100834,3314
2020-06-14,47155,47155,233,4,217,3,16,1,105,0,11,1,126,4,2,0,239,6124,6363,100
2020-06-14,47153,47153,22,0,22,0,0,0,4,0,2,0,18,,0,0,28,1169,1197,7
2020-06-14,47151,47151,14,0,13,0,1,0,0,0,0,0,14,,0,0,14,944,958,12
2020-06-14,47149,47149,1719,44,1713,44,6,0,947,32,98,2,742,12,30,0,2030,15455,17485,567
2020-06-14,47145,47145,33,1,23,1,10,0,6,1,3,0,27,,0,0,34,4538,4572,107
2020-06-14,47097,47097,63,2,62,2,1,0,12,2,8,0,50,,1,0,83,3765,3848,42
2020-06-14,47121,47121,29,0,29,0,0,0,5,0,4,0,24,,0,0,40,755,795,10
2020-06-14,47093,47093,553,14,545,12,8,2,171,12,44,1,377,2,5,0,633,25456,26089,381
2020-06-14,47041,47041,41,0,41,0,0,0,7,0,0,0,34,,0,0,49,1548,1597,23
2020-06-14,47039,47039,14,0,14,0,0,0,1,0,1,0,13,,0,0,16,673,689,13
2020-06-14,47037,47037,6682,247,6671,247,11,0,2134,217,418,1,4464,30,84,0,7789,46097,53886,1957
2020-06-14,47035,47035,131,0,130,0,1,0,23,0,12,0,106,,2,0,176,5505,5681,85
2020-06-14,47033,47033,18,0,16,0,2,0,1,0,2,0,14,,3,0,23,668,691,5
2020-06-14,47031,47031,94,0,93,0,1,0,28,0,5,0,66,,0,0,112,3163,3275,21
2020-06-14,47029,47029,26,0,22,0,4,0,3,0,1,0,23,,0,0,29,1534,1563,23
2020-06-14,47027,47027,11,1,11,1,0,0,4,1,0,0,7,,0,0,11,580,591,10
2020-06-14,47025,47025,15,0,15,0,0,0,6,0,1,0,9,,0,0,18,1035,1053,23
2020-06-14,47023,47023,12,0,12,0,0,0,0,0,1,0,12,,0,0,16,794,810,5
2020-06-14,47021,47021,153,0,153,0,0,0,86,0,9,0,67,,0,0,187,2337,2524,34
2020-06-14,47019,47019,20,0,19,0,1,0,0,0,2,0,19,,1,0,23,2175,2198,9
2020-06-14,47017,47017,36,1,31,1,5,0,4,1,6,0,31,,1,0,34,1681,1715,30
2020-06-14,47015,47015,34,0,34,0,0,0,18,0,4,0,16,,0,0,41,760,801,16
2020-06-14,47013,47013,24,0,21,0,3,0,3,0,2,0,20,,1,0,29,2257,2286,72
2020-06-14,47011,47011,281,9,265,7,16,2,84,-1,23,0,195,10,2,0,301,4104,4405,67
2020-06-14,47009,47009,104,1,99,1,5,0,13,1,6,0,88,,3,0,125,4847,4972,172
2020-06-14,47007,47007,614,0,614,0,0,0,2,0,5,0,611,,1,0,625,3470,4095,3
2020-06-14,47005,47005,8,0,8,0,0,0,0,0,2,0,7,,1,0,9,941,950,12
2020-06-14,47003,47003,378,-1,378,-1,0,0,105,-3,14,0,269,2,4,0,434,3049,3483,37
2020-06-14,47095,47095,690,0,688,0,2,0,274,0,3,0,416,,0,0,852,3613,4465,12
2020-06-14,47043,47043,135,2,135,2,0,0,61,2,14,0,74,,0,0,183,2754,2937,47
2020-06-14,47045,47045,91,5,86,5,5,0,34,3,6,0,57,2,0,0,105,2099,2204,40
2020-06-14,47001,47001,59,-1,56,-1,3,0,13,-1,6,1,44,,2,0,74,6106,6180,61
2020-06-14,47049,47049,14,0,14,0,0,0,3,0,1,0,11,,0,0,15,1083,1098,26
2020-06-14,47047,47047,172,3,170,3,2,0,39,3,16,0,131,,2,0,217,4221,4438,106
2020-06-14,47089,47089,45,2,39,2,6,0,12,2,1,0,33,,0,0,42,3122,3164,46
2020-06-14,47087,47087,20,0,20,0,0,0,1,0,1,0,19,,0,0,23,757,780,14
2020-06-14,47085,47085,18,0,17,0,1,0,8,0,1,0,9,,1,0,21,1010,1031,7
2020-06-14,47083,47083,10,0,10,0,0,0,4,0,4,0,6,,0,0,14,614,628,13
2020-06-14,47081,47081,61,0,61,0,0,0,9,0,2,0,52,,0,0,85,1294,1379,6
2020-06-14,47079,47079,35,1,35,1,0,0,3,1,5,0,32,,0,0,46,2013,2059,70
2020-06-14,47077,47077,18,0,18,0,0,0,2,0,1,0,16,,0,0,24,1339,1363,18
2020-06-14,47075,47075,37,1,36,1,1,0,7,1,6,0,28,,2,0,42,1155,1197,11
2020-06-14,47073,47073,34,0,34,0,0,0,0,0,6,0,32,,2,0,48,2380,2428,13
2020-06-14,47091,47091,24,0,24,0,0,0,4,0,1,0,20,,0,0,26,2129,2155,4
2020-06-14,47069,47069,217,2,217,2,0,0,18,2,8,0,199,,0,0,228,5568,5796,29
2020-06-14,47067,47067,1,0,1,0,0,0,0,0,0,0,1,,0,0,1,285,286,2
2020-06-14,47065,47065,1628,92,1623,92,5,0,962,76,74,0,646,16,20,0,1684,16769,18453,1071
2020-06-14,47063,47063,75,1,69,1,6,0,18,0,9,0,54,1,3,0,78,3893,3971,75
2020-06-14,47061,47061,33,1,33,1,0,0,5,1,10,0,27,,1,0,41,563,604,4
2020-06-14,47059,47059,53,0,52,0,1,0,0,0,8,0,51,,2,0,61,2865,2926,28
2020-06-14,47057,47057,19,0,17,0,2,0,7,0,3,0,12,,0,0,26,996,1022,31
2020-06-14,47055,47055,22,0,22,0,0,0,9,-2,4,1,13,2,0,0,28,1395,1423,14
2020-06-14,47053,47053,68,0,64,0,4,0,8,0,5,0,59,,1,0,79,2723,2802,35
2020-06-14,47051,47051,62,0,61,0,1,0,11,0,8,0,49,,2,0,89,2343,2432,4
2020-06-14,47071,47071,33,2,33,2,0,0,14,2,6,0,15,-1,4,1,40,2199,2239,29
2020-06-15,47101,47101,6,0,6,0,0,0,3,0,0,0,3,,0,0,8,583,591,9
2020-06-15,47129,47129,20,1,20,1,0,0,2,1,0,0,18,,0,0,22,3504,3526,39
2020-06-15,47131,47131,63,2,61,2,2,0,21,1,9,0,41,1,1,0,76,1875,1951,26
2020-06-15,,47OOS,542,49,539,49,3,0,281,49,25,0,253,,8,0,552,91318,91870,2242
2020-06-15,47139,47139,29,0,27,0,2,0,5,0,1,0,24,,0,0,29,779,808,14
2020-06-15,,47PEN,231,15,230,15,1,0,208,16,1,0,23,-1,0,0,256,55780,56036,1140
2020-06-15,47135,47135,27,0,27,0,0,0,15,0,1,0,12,,0,0,30,498,528,8
2020-06-15,47137,47137,4,0,4,0,0,0,1,0,0,0,3,,0,0,4,423,427,8
2020-06-15,47133,47133,38,1,38,1,0,0,8,1,2,0,30,,0,0,40,1732,1772,29
2020-06-15,47127,47127,5,0,5,0,0,0,1,0,0,0,4,,0,0,6,447,453,13
2020-06-15,47117,47117,41,0,41,0,0,0,11,0,6,0,29,,1,0,51,1344,1395,24
2020-06-15,47123,47123,86,0,76,0,10,0,8,0,10,0,74,,4,0,94,1653,1747,27
2020-06-15,47109,47109,31,4,31,4,0,0,12,4,2,0,19,,0,0,40,1145,1185,14
2020-06-15,47107,47107,168,3,168,3,0,0,27,2,20,0,127,1,14,0,200,3425,3625,50
2020-06-15,47119,47119,163,11,163,11,0,0,73,8,11,0,89,3,1,0,191,4017,4208,66
2020-06-15,47115,47115,49,0,48,0,1,0,11,0,13,0,36,,2,0,57,1197,1254,36
2020-06-15,47113,47113,183,-1,182,-1,1,0,22,-1,22,1,159,,2,0,224,6149,6373,68
2020-06-15,47111,47111,207,3,207,3,0,0,78,3,13,0,126,,3,0,231,1804,2035,45
2020-06-15,47105,47105,199,1,185,1,14,0,25,-2,8,0,173,3,1,0,203,3100,3303,33
2020-06-15,47103,47103,47,0,47,0,0,0,20,0,3,0,27,,0,0,57,1669,1726,55
2020-06-15,47141,47141,610,9,609,9,1,0,145,8,15,0,459,1,6,0,714,7164,7878,96
2020-06-15,47125,47125,339,7,338,7,1,0,193,7,29,0,141,,5,0,392,10415,10807,173
2020-06-15,47143,47143,239,7,239,7,0,0,28,6,3,0,211,1,0,0,254,2102,2356,66
2020-06-15,47165,47165,1105,17,1097,17,8,0,606,14,203,0,451,3,48,0,1407,10375,11782,233
2020-06-15,47147,47147,649,16,648,16,1,0,293,6,47,2,347,10,9,0,796,4899,5695,140
2020-06-15,47099,47099,65,1,65,1,0,0,36,0,5,0,28,1,1,0,71,2117,2188,69
2020-06-15,47189,47189,518,3,516,3,2,0,205,0,43,1,300,2,13,1,636,8545,9181,194
2020-06-15,47187,47187,703,17,700,17,3,0,282,14,48,0,409,3,12,0,811,12746,13557,365
2020-06-15,47185,47185,48,0,47,0,1,0,15,0,4,0,31,-1,2,1,57,1995,2052,49
2020-06-15,47183,47183,30,0,29,0,1,0,3,0,1,0,27,,0,0,32,1741,1773,34
2020-06-15,47181,47181,64,0,64,0,0,0,1,0,2,0,63,,0,0,65,2387,2452,1
2020-06-15,47179,47179,90,0,89,0,1,0,13,-1,6,0,77,1,0,0,116,5197,5313,221
2020-06-15,47177,47177,33,0,33,0,0,0,9,0,0,0,24,,0,0,34,2356,2390,35
2020-06-15,47175,47175,5,1,5,1,0,0,2,1,1,0,3,,0,0,5,408,413,9
2020-06-15,47173,47173,8,0,8,0,0,0,4,0,0,0,4,,0,0,8,827,835,138
2020-06-15,47171,47171,53,0,53,0,0,0,3,-1,0,0,50,1,0,0,58,996,1054,38
2020-06-15,47169,47169,1458,2,1455,2,3,0,92,2,14,0,1362,,4,0,1489,2109,3598,14
2020-06-15,47167,47167,520,10,515,8,5,2,74,10,23,0,443,,3,0,563,5926,6489,121
2020-06-15,47163,47163,70,0,67,0,3,0,3,-1,6,0,65,1,2,0,73,5705,5778,143
2020-06-15,47161,47161,16,0,16,0,0,0,11,0,2,0,5,,0,0,16,625,641,11
2020-06-15,47159,47159,41,1,40,1,1,0,11,1,2,0,29,,1,0,47,1206,1253,25
2020-06-15,47157,47157,6954,181,6940,181,14,0,2164,114,601,4,4637,65,153,2,8527,95067,103594,2760
2020-06-15,47155,47155,248,15,232,15,16,0,116,11,11,0,130,4,2,0,258,6205,6463,100
2020-06-15,47153,47153,22,0,22,0,0,0,4,0,2,0,18,,0,0,28,1182,1210,13
2020-06-15,47151,47151,14,0,13,0,1,0,0,0,0,0,14,,0,0,14,949,963,5
2020-06-15,47149,47149,1775,56,1769,56,6,0,993,46,98,0,752,10,30,0,2101,15847,17948,463
2020-06-15,47145,47145,33,0,23,0,10,0,6,0,3,0,27,,0,0,34,4603,4637,65
2020-06-15,47097,47097,65,2,64,2,1,0,14,2,9,1,50,,1,0,85,3792,3877,29
2020-06-15,47121,47121,29,0,29,0,0,0,5,0,4,0,24,,0,0,40,765,805,10
2020-06-15,47093,47093,560,7,552,7,8,0,174,3,44,0,381,4,5,0,643,26082,26725,636
2020-06-15,47043,47043,138,3,138,3,0,0,64,3,14,0,74,,0,0,186,2899,3085,148
2020-06-15,47041,47041,41,0,41,0,0,0,7,0,0,0,34,,0,0,50,1573,1623,26
2020-06-15,47039,47039,14,0,14,0,0,0,1,0,1,0,13,,0,0,16,678,694,5
2020-06-15,47037,47037,6818,136,6807,136,11,0,2235,101,423,5,4495,31,88,4,7951,47114,55065,1179
2020-06-15,47035,47035,133,2,132,2,1,0,25,2,12,0,106,,2,0,175,5605,5780,99
2020-06-15,47033,47033,18,0,16,0,2,0,1,0,2,0,14,,3,0,23,674,697,6
2020-06-15,47031,47031,94,0,93,0,1,0,28,0,5,0,66,,0,0,113,3222,3335,60
2020-06-15,47029,47029,26,0,22,0,4,0,3,0,1,0,23,,0,0,29,1563,1592,29
2020-06-15,47027,47027,11,0,11,0,0,0,4,0,0,0,7,,0,0,11,586,597,6
2020-06-15,47025,47025,15,0,15,0,0,0,6,0,1,0,9,,0,0,18,1093,1111,58
2020-06-15,47023,47023,12,0,12,0,0,0,0,0,1,0,12,,0,0,16,799,815,5
2020-06-15,47021,47021,155,2,155,2,0,0,88,2,9,0,67,,0,0,189,2479,2668,144
2020-06-15,47019,47019,20,0,19,0,1,0,0,0,2,0,19,,1,0,23,2247,2270,72
2020-06-15,47017,47017,36,0,31,0,5,0,4,0,6,0,31,,1,0,34,1695,1729,14
2020-06-15,47015,47015,34,0,34,0,0,0,18,0,4,0,16,,0,0,40,777,817,16
2020-06-15,47013,47013,24,0,21,0,3,0,3,0,2,0,20,,1,0,29,2277,2306,20
2020-06-15,47011,47011,288,7,273,8,15,-1,89,5,23,0,197,2,2,0,310,4247,4557,152
2020-06-15,47009,47009,106,2,101,2,5,0,15,2,6,0,88,,3,0,125,5001,5126,154
2020-06-15,47007,47007,614,0,614,0,0,0,2,0,5,0,611,,1,0,625,3489,4114,19
2020-06-15,47005,47005,8,0,8,0,0,0,0,0,2,0,7,,1,0,9,953,962,12
2020-06-15,47003,47003,379,1,379,1,0,0,105,0,14,0,270,1,4,0,433,3087,3520,37
2020-06-15,47045,47045,99,8,93,7,6,1,41,7,7,1,58,1,0,0,113,2148,2261,57
2020-06-15,47047,47047,177,5,175,5,2,0,43,4,16,0,132,1,2,0,222,4272,4494,56
2020-06-15,47001,47001,60,1,57,1,3,0,14,1,6,0,44,,2,0,75,6301,6376,196
2020-06-15,47051,47051,63,1,62,1,1,0,12,1,8,0,49,,2,0,90,2381,2471,39
2020-06-15,47049,47049,14,0,14,0,0,0,3,0,1,0,11,,0,0,15,1102,1117,19
2020-06-15,47091,47091,25,1,25,1,0,0,4,0,1,0,21,1,0,0,26,2309,2335,180
2020-06-15,47089,47089,45,0,39,0,6,0,12,0,1,0,33,,0,0,44,3166,3210,46
2020-06-15,47087,47087,20,0,20,0,0,0,1,0,1,0,19,,0,0,23,758,781,1
2020-06-15,47085,47085,18,0,17,0,1,0,8,0,1,0,9,,1,0,22,1029,1051,20
2020-06-15,47083,47083,10,0,10,0,0,0,4,0,4,0,6,,0,0,14,624,638,10
2020-06-15,47081,47081,62,1,62,1,0,0,8,-1,2,0,54,2,0,0,87,1316,1403,24
2020-06-15,47079,47079,35,0,35,0,0,0,3,0,5,0,32,,0,0,46,2035,2081,22
2020-06-15,47077,47077,19,1,19,1,0,0,3,1,1,0,16,,0,0,24,1350,1374,11
2020-06-15,47075,47075,37,0,36,0,1,0,7,0,6,0,28,,2,0,43,1173,1216,19
2020-06-15,47073,47073,34,0,34,0,0,0,0,0,6,0,32,,2,0,48,2443,2491,63
2020-06-15,47095,47095,690,0,688,0,2,0,274,0,3,0,416,,0,0,852,3615,4467,2
2020-06-15,47071,47071,37,4,37,4,0,0,18,4,6,0,15,,4,0,44,2219,2263,24
2020-06-15,47069,47069,220,3,220,3,0,0,20,2,8,0,200,1,0,0,230,5586,5816,20
2020-06-15,47067,47067,1,0,1,0,0,0,0,0,0,0,1,,0,0,1,294,295,9
2020-06-15,47065,47065,1731,103,1726,103,5,0,1053,91,78,4,658,12,20,0,1793,17683,19476,1023
2020-06-15,47063,47063,75,0,69,0,6,0,17,-1,9,0,55,1,3,0,79,3942,4021,50
2020-06-15,47061,47061,36,3,36,3,0,0,8,3,10,0,27,,1,0,44,611,655,51
2020-06-15,47059,47059,53,0,52,0,1,0,0,0,8,0,51,,2,0,61,3077,3138,212
2020-06-15,47057,47057,20,1,18,1,2,0,8,1,3,0,12,,0,0,27,1028,1055,33
2020-06-15,47055,47055,23,1,23,1,0,0,10,1,4,0,13,,0,0,30,1442,1472,49
2020-06-15,47053,47053,69,1,65,1,4,0,9,1,5,0,59,,1,0,81,2748,2829,27
2020-06-16,47127,47127,5,0,5,0,0,0,1,0,0,0,4,,0,0,6,451,457,4
2020-06-16,47129,47129,21,1,21,1,0,0,2,0,1,1,18,,1,1,23,3519,3542,16
2020-06-16,47131,47131,67,4,65,4,2,0,25,4,9,0,41,,1,0,80,1907,1987,36
2020-06-16,47137,47137,4,0,4,0,0,0,0,-1,0,0,4,1,0,0,4,425,429,2
2020-06-16,47133,47133,38,0,38,0,0,0,2,-6,2,0,36,6,0,0,41,1751,1792,20
2020-06-16,,47PEN,190,-41,189,-41,1,0,165,-43,1,0,25,2,0,0,205,56279,56484,448
2020-06-16,47135,47135,28,1,28,1,0,0,12,-3,1,0,16,4,0,0,33,506,539,11
2020-06-16,47125,47125,341,2,340,2,1,0,193,0,29,0,143,2,5,0,393,10556,10949,142
2020-06-16,,47OOS,504,-38,501,-38,3,0,235,-46,24,-1,262,9,7,-1,484,91998,92482,612
2020-06-16,47123,47123,91,5,81,5,10,0,13,5,10,0,74,,4,0,100,1674,1774,27
2020-06-16,47119,47119,171,8,171,8,0,0,75,2,12,1,95,6,1,0,198,4059,4257,49
2020-06-16,47109,47109,31,0,31,0,0,0,12,0,2,0,19,,0,0,40,1155,1195,10
2020-06-16,47107,47107,169,1,169,1,0,0,21,-6,21,1,133,6,15,1,199,3450,3649,24
2020-06-16,47139,47139,29,0,27,0,2,0,4,-1,1,0,25,1,0,0,29,787,816,8
2020-06-16,47117,47117,43,2,43,2,0,0,12,1,6,0,30,1,1,0,53,1367,1420,25
2020-06-16,47115,47115,49,0,48,0,1,0,10,-1,13,0,37,1,2,0,57,1231,1288,34
2020-06-16,47113,47113,183,0,182,0,1,0,22,0,22,0,159,,2,0,223,6193,6416,43
2020-06-16,47111,47111,209,2,209,2,0,0,51,-27,13,0,155,29,3,0,233,1814,2047,12
2020-06-16,47105,47105,210,11,196,11,14,0,30,5,8,0,179,6,1,0,215,3126,3341,38
2020-06-16,47103,47103,47,0,47,0,0,0,20,0,3,0,27,,0,0,57,1765,1822,96
2020-06-16,47101,47101,5,-1,5,-1,0,0,2,-1,0,0,3,,0,0,6,592,598,7
2020-06-16,47121,47121,30,1,30,1,0,0,6,1,4,0,24,,0,0,42,771,813,8
2020-06-16,47141,47141,613,3,612,3,1,0,122,-23,15,0,485,26,6,0,718,7177,7895,17
2020-06-16,47151,47151,14,0,13,0,1,0,0,0,0,0,14,,0,0,14,956,970,7
2020-06-16,47145,47145,32,-1,22,-1,10,0,3,-3,3,0,29,2,0,0,34,4684,4718,81
2020-06-16,47099,47099,70,5,70,5,0,0,37,1,5,0,31,3,2,1,77,2158,2235,47
2020-06-16,47187,47187,723,20,720,20,3,0,297,15,48,0,414,5,12,0,833,12914,13747,190
2020-06-16,47185,47185,49,1,48,1,1,0,13,-2,4,0,34,3,2,0,58,2021,2079,27
2020-06-16,47183,47183,32,2,31,2,1,0,5,2,1,0,27,,0,0,34,1764,1798,25
2020-06-16,47181,47181,64,0,64,0,0,0,1,0,2,0,63,,0,0,65,2393,2458,6
2020-06-16,47179,47179,91,1,89,0,2,1,14,1,6,0,77,,0,0,116,5246,5362,49
2020-06-16,47177,47177,35,2,35,2,0,0,7,-2,0,0,28,4,0,0,35,2404,2439,49
2020-06-16,47175,47175,5,0,5,0,0,0,2,0,1,0,3,,0,0,5,413,418,5
2020-06-16,47173,47173,9,1,9,1,0,0,4,0,0,0,5,1,0,0,9,832,841,6
2020-06-16,47171,47171,52,-1,52,-1,0,0,2,-1,0,0,50,,0,0,57,1101,1158,104
2020-06-16,47169,47169,1460,2,1457,2,3,0,93,1,14,0,1363,1,4,0,1490,2118,3608,10
2020-06-16,47167,47167,525,5,520,5,5,0,78,4,23,0,444,1,3,0,571,6022,6593,104
2020-06-16,47165,47165,1112,7,1104,7,8,0,601,-5,204,1,463,12,48,0,1421,10441,11862,80
2020-06-16,47161,47161,16,0,16,0,0,0,10,-1,2,0,6,1,0,0,16,627,643,2
2020-06-16,47159,47159,43,2,42,2,1,0,10,-1,2,0,32,3,1,0,50,1239,1289,36
2020-06-16,47157,47157,7104,150,7090,150,14,0,2181,17,616,15,4768,131,155,2,8686,96416,105102,1508
2020-06-16,47155,47155,285,37,263,31,22,6,132,16,13,2,151,21,2,0,283,6328,6611,148
2020-06-16,47153,47153,22,0,22,0,0,0,4,0,2,0,18,,0,0,29,1214,1243,33
2020-06-16,47189,47189,537,19,535,19,2,0,215,10,43,0,308,8,14,1,654,8606,9260,79
2020-06-16,47149,47149,1820,45,1814,45,6,0,1015,22,99,1,774,22,31,1,2149,16048,18197,249
2020-06-16,47147,47147,657,8,656,8,1,0,280,-13,47,0,368,21,9,0,808,4974,5782,87
2020-06-16,47143,47143,239,0,239,0,0,0,22,-6,3,0,217,6,0,0,255,2140,2395,39
2020-06-16,47163,47163,70,0,67,0,3,0,1,-2,6,0,67,2,2,0,73,5784,5857,79
2020-06-16,47097,47097,68,3,66,2,2,1,16,2,9,0,51,1,1,0,87,3807,3894,17
2020-06-16,47093,47093,569,9,561,9,8,0,178,4,45,1,386,5,5,0,655,26314,26969,244
2020-06-16,47041,47041,41,0,41,0,0,0,6,-1,0,0,35,1,0,0,50,1585,1635,12
2020-06-16,47039,47039,14,0,14,0,0,0,1,0,1,0,13,,0,0,16,679,695,1
2020-06-16,47037,47037,7016,198,7006,199,10,-1,2293,58,432,9,4633,138,90,2,8199,48189,56388,1323
2020-06-16,47035,47035,137,4,136,4,1,0,25,0,12,0,110,4,2,0,179,5662,5841,61
2020-06-16,47033,47033,19,1,17,1,2,0,2,1,2,0,14,,3,0,24,679,703,6
2020-06-16,47031,47031,96,2,95,2,1,0,27,-1,5,0,69,3,0,0,114,3256,3370,35
2020-06-16,47029,47029,27,1,23,1,4,0,4,1,1,0,23,,0,0,30,1587,1617,25
2020-06-16,47027,47027,11,0,11,0,0,0,3,-1,0,0,8,1,0,0,11,589,600,3
2020-06-16,47025,47025,15,0,15,0,0,0,6,0,1,0,9,,0,0,18,1108,1126,15
2020-06-16,47021,47021,158,3,158,3,0,0,86,-2,10,1,72,5,0,0,192,2498,2690,22
2020-06-16,47019,47019,22,2,21,2,1,0,2,2,2,0,19,,1,0,25,2264,2289,19
2020-06-16,47017,47017,36,0,31,0,5,0,4,0,6,0,31,,1,0,34,1709,1743,14
2020-06-16,47015,47015,34,0,34,0,0,0,10,-8,4,0,24,8,0,0,38,796,834,17
2020-06-16,47013,47013,25,1,22,1,3,0,4,1,2,0,20,,1,0,30,2298,2328,22
2020-06-16,47011,47011,302,14,287,14,15,0,88,-1,23,0,212,15,2,0,328,4328,4656,99
2020-06-16,47009,47009,110,4,105,4,5,0,16,1,6,0,91,3,3,0,130,5131,5261,135
2020-06-16,47007,47007,614,0,614,0,0,0,2,0,5,0,611,,1,0,625,3507,4132,18
2020-06-16,47005,47005,8,0,8,0,0,0,0,0,2,0,7,,1,0,9,959,968,6
2020-06-16,47003,47003,392,13,392,13,0,0,117,12,15,1,271,1,4,0,451,3143,3594,74
2020-06-16,47001,47001,65,5,61,4,4,1,18,4,6,0,45,1,2,0,78,6378,6456,80
2020-06-16,47095,47095,689,-1,687,-1,2,0,273,-1,3,0,416,,0,0,852,3617,4469,2
2020-06-16,47043,47043,138,0,138,0,0,0,61,-3,14,0,77,3,0,0,186,2928,3114,29
2020-06-16,47045,47045,106,7,100,7,6,0,46,5,7,0,60,2,0,0,119,2171,2290,29
2020-06-16,47023,47023,12,0,12,0,0,0,0,0,1,0,12,,0,0,16,807,823,8
2020-06-16,47049,47049,15,1,15,1,0,0,4,1,1,0,11,,0,0,16,1138,1154,37
2020-06-16,47047,47047,183,6,181,6,2,0,49,6,16,0,132,,2,0,230,4332,4562,68
2020-06-16,47089,47089,46,1,40,1,6,0,12,0,1,0,34,1,0,0,44,3211,3255,45
2020-06-16,47087,47087,20,0,20,0,0,0,1,0,1,0,19,,0,0,23,760,783,2
2020-06-16,47085,47085,18,0,17,0,1,0,6,-2,1,0,11,2,1,0,22,1042,1064,13
2020-06-16,47083,47083,10,0,10,0,0,0,4,0,4,0,6,,0,0,14,627,641,3
2020-06-16,47081,47081,62,0,62,0,0,0,6,-2,2,0,56,2,0,0,86,1326,1412,9
2020-06-16,47079,47079,35,0,35,0,0,0,3,0,5,0,32,,0,0,46,2066,2112,31
2020-06-16,47077,47077,19,0,19,0,0,0,3,0,1,0,16,,0,0,24,1360,1384,10
2020-06-16,47075,47075,37,0,36,0,1,0,7,0,6,0,28,,2,0,43,1189,1232,16
2020-06-16,47073,47073,35,1,35,1,0,0,1,1,6,0,32,,2,0,48,2470,2518,27
2020-06-16,47071,47071,40,3,40,3,0,0,20,2,6,0,15,,5,1,47,2237,2284,21
2020-06-16,47091,47091,25,0,25,0,0,0,3,-1,1,0,22,1,0,0,26,2315,2341,6
2020-06-16,47067,47067,1,0,1,0,0,0,0,0,0,0,1,,0,0,1,298,299,4
2020-06-16,47065,47065,1836,105,1831,105,5,0,1065,12,82,4,750,92,21,1,1903,18980,20883,1407
2020-06-16,47063,47063,88,13,82,13,6,0,25,8,9,0,60,5,3,0,92,4031,4123,102
2020-06-16,47061,47061,36,0,36,0,0,0,7,-1,10,0,28,1,1,0,44,616,660,5
2020-06-16,47059,47059,55,2,53,1,2,1,1,1,8,0,52,1,2,0,62,3105,3167,29
2020-06-16,47057,47057,22,2,20,2,2,0,8,0,4,1,14,2,0,0,29,1054,1083,28
2020-06-16,47055,47055,22,-1,22,-1,0,0,9,-1,4,0,13,,0,0,30,1460,1490,18
2020-06-16,47053,47053,69,0,65,0,4,0,8,-1,5,0,60,1,1,0,81,2776,2857,28
2020-06-16,47051,47051,63,0,62,0,1,0,11,-1,8,0,50,1,2,0,90,2394,2484,13
2020-06-16,47069,47069,225,5,225,5,0,0,24,4,10,2,201,1,0,0,237,5605,5842,26
2020-06-17,47141,47141,612,-1,610,-2,2,1,117,-5,15,0,489,4,6,0,717,7201,7918,23
2020-06-17,47129,47129,21,0,21,0,0,0,2,0,1,0,18,,1,0,23,3523,3546,4
2020-06-17,47131,47131,67,0,65,0,2,0,22,-3,9,0,44,3,1,0,80,1913,1993,6
2020-06-17,,47OOS,470,-34,466,-35,4,1,186,-49,24,0,277,15,7,0,477,92602,93079,597
2020-06-17,47139,47139,32,3,30,3,2,0,7,3,1,0,25,,0,0,32,800,832,16
2020-06-17,,47PEN,174,-16,173,-16,1,0,139,-26,1,0,35,10,0,0,191,56194,56385,-99
2020-06-17,47135,47135,28,0,28,0,0,0,11,-1,1,0,17,1,0,0,33,510,543,4
2020-06-17,47137,47137,4,0,4,0,0,0,0,0,0,0,4,,0,0,4,426,430,1
2020-06-17,47127,47127,5,0,5,0,0,0,1,0,0,0,4,,0,0,6,451,457,0
2020-06-17,47133,47133,38,0,38,0,0,0,2,0,2,0,36,,0,0,41,1753,1794,2
2020-06-17,47125,47125,341,0,340,0,1,0,192,-1,30,1,144,1,5,0,395,10610,11005,56
2020-06-17,47119,47119,177,6,177,6,0,0,80,5,12,0,96,1,1,0,206,4093,4299,42
2020-06-17,47121,47121,29,-1,29,-1,0,0,5,-1,4,0,24,,0,0,42,783,825,12
2020-06-17,47109,47109,33,2,33,2,0,0,13,1,2,0,20,1,0,0,42,1161,1203,8
2020-06-17,47107,47107,170,1,170,1,0,0,21,0,21,0,134,1,15,0,203,3494,3697,48
2020-06-17,47117,47117,44,1,44,1,0,0,13,1,6,0,30,,1,0,54,1384,1438,18
2020-06-17,47115,47115,49,0,48,0,1,0,9,-1,13,0,38,1,2,0,57,1257,1314,26
2020-06-17,47113,47113,188,5,187,5,1,0,26,4,22,0,160,1,2,0,228,6218,6446,30
2020-06-17,47111,47111,209,0,209,0,0,0,51,0,13,0,155,,3,0,233,1828,2061,14
2020-06-17,47105,47105,214,4,200,4,14,0,33,3,8,0,180,1,1,0,218,3144,3362,21
2020-06-17,47103,47103,48,1,48,1,0,0,21,1,3,0,27,,0,0,58,1842,1900,78
2020-06-17,47123,47123,93,2,83,2,10,0,15,2,11,1,74,,4,0,103,1690,1793,19
2020-06-17,47143,47143,243,4,243,4,0,0,23,1,3,0,220,3,0,0,260,2176,2436,41
2020-06-17,47101,47101,5,0,5,0,0,0,2,0,0,0,3,,0,0,6,596,602,4
2020-06-17,47147,47147,658,1,657,1,1,0,257,-23,47,0,392,24,9,0,809,4984,5793,11
2020-06-17,47189,47189,544,7,542,7,2,0,214,-1,43,0,316,8,14,0,663,8651,9314,54
2020-06-17,47187,47187,730,7,727,7,3,0,299,2,48,0,419,5,12,0,843,13031,13874,127
2020-06-17,47185,47185,50,1,49,1,1,0,13,0,4,0,35,1,2,0,59,2025,2084,5
2020-06-17,47183,47183,35,3,34,3,1,0,7,2,1,0,28,1,0,0,37,1768,1805,7
2020-06-17,47181,47181,64,0,64,0,0,0,1,0,2,0,63,,0,0,65,2399,2464,6
2020-06-17,47179,47179,93,2,90,1,3,1,17,3,6,0,76,-1,0,0,117,5337,5454,92
2020-06-17,47177,47177,35,0,35,0,0,0,6,-1,0,0,29,1,0,0,35,2418,2453,14
2020-06-17,47175,47175,5,0,5,0,0,0,2,0,1,0,3,,0,0,5,417,422,4
2020-06-17,47173,47173,9,0,9,0,0,0,4,0,0,0,5,,0,0,8,835,843,2
2020-06-17,47171,47171,52,0,52,0,0,0,2,0,0,0,50,,0,0,57,1113,1170,12
2020-06-17,47169,47169,1460,0,1457,0,3,0,93,0,14,0,1363,,4,0,1490,2124,3614,6
2020-06-17,47167,47167,534,9,528,8,6,1,80,2,25,2,450,6,4,1,579,6047,6626,33
2020-06-17,47165,47165,1119,7,1111,7,8,0,602,1,205,1,469,6,48,0,1428,10471,11899,37
2020-06-17,47163,47163,71,1,68,1,3,0,2,1,6,0,67,,2,0,74,5828,5902,45
2020-06-17,47161,47161,16,0,16,0,0,0,9,-1,2,0,7,1,0,0,16,632,648,5
2020-06-17,47159,47159,43,0,42,0,1,0,10,0,2,0,32,,1,0,50,1245,1295,6
2020-06-17,47157,47157,7183,79,7169,79,14,0,2100,-81,624,8,4929,161,154,-1,8785,97221,106006,904
2020-06-17,47155,47155,297,12,275,12,22,0,136,4,13,0,158,7,3,1,307,6357,6664,53
2020-06-17,47153,47153,23,1,22,0,1,1,4,0,2,0,19,1,0,0,29,1228,1257,14
2020-06-17,47151,47151,14,0,13,0,1,0,0,0,0,0,14,,0,0,14,960,974,4
2020-06-17,47149,47149,1851,31,1845,31,6,0,1023,8,103,4,797,23,31,0,2184,16134,18318,121
2020-06-17,47145,47145,32,0,22,0,10,0,3,0,3,0,29,,0,0,34,4700,4734,16
2020-06-17,47099,47099,72,2,72,2,0,0,37,0,5,0,33,2,2,0,81,2230,2311,76
2020-06-17,47023,47023,14,2,13,1,1,1,2,2,1,0,12,,0,0,18,811,829,6
2020-06-17,47095,47095,689,0,687,0,2,0,268,-5,3,0,421,5,0,0,852,3618,4470,1
2020-06-17,47043,47043,140,2,140,2,0,0,61,0,14,0,79,2,0,0,190,2964,3154,40
2020-06-17,47041,47041,41,0,41,0,0,0,5,-1,0,0,36,1,0,0,50,1592,1642,7
2020-06-17,47039,47039,14,0,14,0,0,0,1,0,1,0,13,,0,0,16,684,700,5
2020-06-17,47037,47037,7082,66,7072,66,10,0,2238,-55,436,4,4753,120,91,1,8274,49512,57786,1398
2020-06-17,47035,47035,137,0,136,0,1,0,25,0,12,0,109,-1,3,1,179,5667,5846,5
2020-06-17,47033,47033,19,0,17,0,2,0,2,0,2,0,14,,3,0,24,682,706,3
2020-06-17,47031,47031,97,1,96,1,1,0,27,0,5,0,70,1,0,0,116,3290,3406,36
2020-06-17,47029,47029,27,0,23,0,4,0,4,0,1,0,23,,0,0,30,1594,1624,7
2020-06-17,47027,47027,11,0,11,0,0,0,3,0,0,0,8,,0,0,11,590,601,1
2020-06-17,47025,47025,15,0,15,0,0,0,6,0,1,0,9,,0,0,18,1120,1138,12
2020-06-17,47097,47097,71,3,69,3,2,0,18,2,9,0,52,1,1,0,90,3812,3902,8
2020-06-17,47021,47021,159,1,159,1,0,0,86,0,11,1,73,1,0,0,194,2508,2702,12
2020-06-17,47019,47019,22,0,21,0,1,0,2,0,2,0,19,,1,0,25,2296,2321,32
2020-06-17,47017,47017,36,0,31,0,5,0,4,0,6,0,31,,1,0,34,1711,1745,2
2020-06-17,47015,47015,34,0,34,0,0,0,4,-6,4,0,30,6,0,0,42,796,838,4
2020-06-17,47013,47013,25,0,22,0,3,0,4,0,2,0,20,,1,0,30,2308,2338,10
2020-06-17,47011,47011,303,1,288,1,15,0,79,-9,24,1,222,10,2,0,331,4481,4812,156
2020-06-17,47009,47009,115,5,110,5,5,0,20,4,6,0,92,1,3,0,138,5183,5321,60
2020-06-17,47007,47007,614,0,614,0,0,0,2,0,5,0,611,,1,0,625,3513,4138,6
2020-06-17,47005,47005,8,0,8,0,0,0,0,0,2,0,7,,1,0,9,962,971,3
2020-06-17,47003,47003,403,11,403,11,0,0,124,7,15,0,275,4,4,0,467,3177,3644,50
2020-06-17,47045,47045,116,10,109,9,7,1,54,8,8,1,62,2,0,0,130,2178,2308,18
2020-06-17,47047,47047,186,3,184,3,2,0,46,-3,16,0,138,6,2,0,233,4350,4583,21
2020-06-17,47001,47001,66,1,62,1,4,0,17,-1,6,0,47,2,2,0,81,6396,6477,21
2020-06-17,47051,47051,64,1,63,1,1,0,11,0,8,0,51,1,2,0,90,2420,2510,26
2020-06-17,47049,47049,15,0,15,0,0,0,4,0,1,0,11,,0,0,16,1139,1155,1
2020-06-17,47093,47093,573,4,565,4,8,0,167,-11,45,0,401,15,5,0,662,26530,27192,223
2020-06-17,47091,47091,25,0,25,0,0,0,3,0,1,0,22,,0,0,25,2327,2352,11
2020-06-17,47089,47089,48,2,41,1,7,1,12,0,1,0,36,2,0,0,45,3225,3270,15
2020-06-17,47087,47087,20,0,20,0,0,0,1,0,1,0,19,,0,0,23,762,785,2
2020-06-17,47085,47085,18,0,17,0,1,0,6,0,1,0,11,,1,0,23,1048,1071,7
2020-06-17,47081,47081,62,0,62,0,0,0,6,0,2,0,56,,0,0,88,1339,1427,15
2020-06-17,47079,47079,35,0,35,0,0,0,3,0,5,0,32,,0,0,47,2069,2116,4
2020-06-17,47077,47077,19,0,19,0,0,0,3,0,1,0,16,,0,0,24,1365,1389,5
2020-06-17,47075,47075,39,2,38,2,1,0,8,1,8,2,29,1,2,0,44,1191,1235,3
2020-06-17,47083,47083,10,0,10,0,0,0,4,0,4,0,6,,0,0,14,629,643,2
2020-06-17,47071,47071,44,4,44,4,0,0,21,1,7,1,18,3,5,0,51,2241,2292,8
2020-06-17,47069,47069,226,1,226,1,0,0,22,-2,10,0,204,3,0,0,237,5615,5852,10
2020-06-17,47067,47067,1,0,1,0,0,0,0,0,0,0,1,,0,0,1,299,300,1
2020-06-17,47065,47065,1881,45,1876,45,5,0,1016,-49,88,6,844,94,21,0,1952,19490,21442,559
2020-06-17,47053,47053,69,0,65,0,4,0,8,0,5,0,60,,1,0,82,2785,2867,10
2020-06-17,47063,47063,92,4,84,2,8,2,27,2,10,1,61,1,4,1,94,4053,4147,24
2020-06-17,47061,47061,37,1,37,1,0,0,7,0,10,0,29,1,1,0,45,627,672,12
2020-06-17,47059,47059,55,0,53,0,2,0,1,0,8,0,52,,2,0,62,3132,3194,27
2020-06-17,47057,47057,22,0,20,0,2,0,7,-1,4,0,15,1,0,0,30,1067,1097,14
2020-06-17,47055,47055,23,1,23,1,0,0,10,1,4,0,13,,0,0,30,1484,1514,24
2020-06-17,47073,47073,37,2,36,1,1,1,3,2,6,0,32,,2,0,50,2488,2538,20
2020-06-18,47127,47127,5,0,5,0,0,0,1,0,0,0,4,,0,0,6,451,457,0
2020-06-18,47129,47129,22,1,22,1,0,0,3,1,1,0,18,,1,0,24,3538,3562,16
2020-06-18,47131,47131,68,1,66,1,2,0,23,1,9,0,44,,1,0,82,1928,2010,17
2020-06-18,47137,47137,4,0,4,0,0,0,0,0,0,0,4,,0,0,4,432,436,6
2020-06-18,47133,47133,38,0,38,0,0,0,2,0,2,0,36,,0,0,41,1774,1815,21
2020-06-18,,47PEN,171,-3,170,-3,1,0,135,-4,1,0,36,1,0,0,189,56743,56932,547
2020-06-18,47135,47135,28,0,28,0,0,0,6,-5,1,0,22,5,0,0,33,509,542,-1
2020-06-18,47125,47125,356,15,355,15,1,0,204,12,30,0,147,3,5,0,411,10708,11119,114
2020-06-18,,47OOS,503,33,499,33,4,0,213,27,24,0,282,5,8,1,493,93424,93917,838
2020-06-18,47123,47123,97,4,87,4,10,0,19,4,11,0,74,,4,0,107,1717,1824,31
2020-06-18,47101,47101,5,0,5,0,0,0,2,0,0,0,3,,0,0,6,599,605,3
2020-06-18,47109,47109,35,2,35,2,0,0,14,1,2,0,21,1,0,0,43,1174,1217,14
2020-06-18,47107,47107,171,1,171,1,0,0,22,1,21,0,134,,15,0,203,3515,3718,21
2020-06-18,47119,47119,198,21,198,21,0,0,95,15,12,0,101,5,2,1,227,4113,4340,41
2020-06-18,47117,47117,45,1,45,1,0,0,12,-1,6,0,32,2,1,0,55,1389,1444,6
2020-06-18,47115,47115,49,0,48,0,1,0,8,-1,13,0,39,1,2,0,57,1264,1321,7
2020-06-18,47113,47113,188,0,187,0,1,0,25,-1,22,0,161,1,2,0,229,6234,6463,17
2020-06-18,47111,47111,216,7,216,7,0,0,57,6,13,0,156,1,3,0,242,1847,2089,28
2020-06-18,47105,47105,221,7,207,7,14,0,39,6,8,0,181,1,1,0,230,3269,3499,137
2020-06-18,47103,47103,48,0,48,0,0,0,20,-1,3,0,28,1,0,0,57,1844,1901,1
2020-06-18,47139,47139,32,0,30,0,2,0,6,-1,1,0,26,1,0,0,32,801,833,1
2020-06-18,47121,47121,30,1,30,1,0,0,5,0,4,0,25,1,0,0,42,784,826,1
2020-06-18,47141,47141,630,18,628,18,2,0,132,15,15,0,492,3,6,0,739,7449,8188,270
2020-06-18,47163,47163,71,0,68,0,3,0,2,0,6,0,67,,2,0,74,5837,5911,9
2020-06-18,47145,47145,32,0,22,0,10,0,2,-1,3,0,30,1,0,0,34,4784,4818,84
2020-06-18,47099,47099,76,4,76,4,0,0,40,3,5,0,34,1,2,0,85,2234,2319,8
2020-06-18,47187,47187,742,12,739,12,3,0,304,5,48,0,426,7,12,0,862,13267,14129,255
2020-06-18,47185,47185,51,1,50,1,1,0,14,1,4,0,35,,2,0,60,2077,2137,53
2020-06-18,47183,47183,36,1,35,1,1,0,7,0,1,0,29,1,0,0,38,1786,1824,19
2020-06-18,47181,47181,64,0,64,0,0,0,1,0,2,0,63,,0,0,65,2402,2467,3
2020-06-18,47179,47179,99,6,96,6,3,0,23,6,6,0,76,,0,0,122,5351,5473,19
2020-06-18,47177,47177,36,1,36,1,0,0,7,1,0,0,29,,0,0,35,2437,2472,19
2020-06-18,47175,47175,5,0,5,0,0,0,2,0,1,0,3,,0,0,5,419,424,2
2020-06-18,47173,47173,9,0,9,0,0,0,4,0,0,0,5,,0,0,8,854,862,19
2020-06-18,47171,47171,52,0,52,0,0,0,2,0,0,0,50,,0,0,57,1114,1171,1
2020-06-18,47169,47169,1464,4,1461,4,3,0,97,4,15,1,1362,-1,5,1,1496,2142,3638,24
2020-06-18,47167,47167,541,7,535,7,6,0,85,5,25,0,452,2,4,0,589,6110,6699,73
2020-06-18,47165,47165,1130,11,1121,10,9,1,603,1,207,2,478,9,49,1,1440,10656,12096,197
2020-06-18,47161,47161,17,1,17,1,0,0,10,1,2,0,7,,0,0,17,638,655,7
2020-06-18,47159,47159,46,3,45,3,1,0,11,1,2,0,34,2,1,0,54,1260,1314,19
2020-06-18,47157,47157,7290,107,7276,107,14,0,2099,-1,634,10,5033,104,158,4,8929,98635,107564,1558
2020-06-18,47155,47155,342,45,317,42,25,3,170,34,14,1,169,11,3,0,349,6433,6782,118
2020-06-18,47153,47153,23,0,22,0,1,0,4,0,2,0,19,,0,0,29,1232,1261,4
2020-06-18,47151,47151,15,1,14,1,1,0,1,1,0,0,14,,0,0,15,965,980,6
2020-06-18,47149,47149,1888,37,1882,37,6,0,1039,16,104,1,817,20,32,1,2227,16323,18550,232
2020-06-18,47147,47147,670,12,669,12,1,0,261,4,47,0,400,8,9,0,818,5035,5853,60
2020-06-18,47143,47143,243,0,243,0,0,0,19,-4,3,0,224,4,0,0,262,2179,2441,5
2020-06-18,47097,47097,71,0,69,0,2,0,18,0,9,0,52,,1,0,90,3834,3924,22
2020-06-18,47189,47189,565,21,563,21,2,0,222,8,43,0,329,13,14,0,687,8733,9420,106
2020-06-18,47093,47093,594,21,586,21,8,0,181,14,45,0,408,7,5,0,680,26907,27587,395
2020-06-18,47041,47041,41,0,41,0,0,0,5,0,0,0,36,,0,0,50,1616,1666,24
2020-06-18,47039,47039,15,1,15,1,0,0,2,1,1,0,13,,0,0,17,688,705,5
2020-06-18,47037,47037,7253,171,7243,171,10,0,2297,59,442,6,4863,110,93,2,8474,50517,58991,1205
2020-06-18,47035,47035,138,1,137,1,1,0,26,1,12,0,109,,3,0,183,5761,5944,98
2020-06-18,47033,47033,21,2,19,2,2,0,4,2,2,0,14,,3,0,26,685,711,5
2020-06-18,47031,47031,97,0,96,0,1,0,24,-3,5,0,73,3,0,0,116,3299,3415,9
2020-06-18,47029,47029,27,0,23,0,4,0,4,0,1,0,23,,0,0,30,1609,1639,15
2020-06-18,47027,47027,11,0,11,0,0,0,3,0,0,0,8,,0,0,11,599,610,9
2020-06-18,47025,47025,16,1,16,1,0,0,7,1,1,0,9,,0,0,18,1131,1149,11
2020-06-18,47023,47023,14,0,13,0,1,0,2,0,1,0,12,,0,0,19,812,831,2
2020-06-18,47021,47021,161,2,161,2,0,0,85,-1,11,0,76,3,0,0,196,2538,2734,32
2020-06-18,47019,47019,23,1,22,1,1,0,2,0,2,0,20,1,1,0,26,2296,2322,1
2020-06-18,47017,47017,36,0,31,0,5,0,4,0,6,0,31,,1,0,34,1714,1748,3
2020-06-18,47015,47015,34,0,34,0,0,0,4,0,4,0,30,,0,0,43,807,850,12
2020-06-18,47013,47013,26,1,23,1,3,0,3,-1,2,0,22,2,1,0,31,2315,2346,8
2020-06-18,47011,47011,305,2,290,2,15,0,76,-3,24,0,227,5,2,0,335,4509,4844,32
2020-06-18,47009,47009,118,3,113,3,5,0,23,3,6,0,92,,3,0,139,5241,5380,59
2020-06-18,47007,47007,614,0,614,0,0,0,2,0,5,0,611,,1,0,625,3513,4138,0
2020-06-18,47005,47005,8,0,8,0,0,0,0,0,2,0,7,,1,0,9,965,974,3
2020-06-18,47003,47003,404,1,404,1,0,0,120,-4,16,1,280,5,4,0,471,3180,3651,7
2020-06-18,47001,47001,69,3,65,3,4,0,19,2,6,0,48,1,2,0,85,6461,6546,69
2020-06-18,47043,47043,140,0,140,0,0,0,60,-1,14,0,80,1,0,0,192,2993,3185,31
2020-06-18,47045,47045,122,6,115,6,7,0,59,5,8,0,63,1,0,0,136,2208,2344,36
2020-06-18,47095,47095,689,0,687,0,2,0,23,-245,3,0,666,245,0,0,852,3620,4472,2
2020-06-18,47049,47049,15,0,15,0,0,0,4,0,1,0,11,,0,0,16,1157,1173,18
2020-06-18,47047,47047,189,3,187,3,2,0,48,2,18,2,139,1,2,0,235,4418,4653,70
2020-06-18,47091,47091,26,1,26,1,0,0,4,1,1,0,22,,0,0,27,2328,2355,3
2020-06-18,47089,47089,51,3,44,3,7,0,15,3,1,0,36,,0,0,47,3256,3303,33
2020-06-18,47087,47087,21,1,21,1,0,0,2,1,1,0,19,,0,0,24,775,799,14
2020-06-18,47085,47085,18,0,17,0,1,0,6,0,1,0,11,,1,0,22,1050,1072,1
2020-06-18,47083,47083,10,0,10,0,0,0,4,0,4,0,6,,0,0,14,637,651,8
2020-06-18,47079,47079,35,0,35,0,0,0,3,0,5,0,32,,0,0,47,2075,2122,6
2020-06-18,47077,47077,19,0,19,0,0,0,3,0,1,0,16,,0,0,24,1384,1408,19
2020-06-18,47075,47075,39,0,38,0,1,0,8,0,8,0,29,,2,0,43,1196,1239,4
2020-06-18,47073,47073,37,0,36,0,1,0,3,0,6,0,32,,2,0,50,2490,2540,2
2020-06-18,47081,47081,62,0,62,0,0,0,5,-1,2,0,57,1,0,0,87,1344,1431,4
2020-06-18,47069,47069,226,0,226,0,0,0,22,0,10,0,204,,0,0,237,5625,5862,10
2020-06-18,47067,47067,1,0,1,0,0,0,0,0,0,0,1,,0,0,1,299,300,0
2020-06-18,47065,47065,1956,75,1951,75,5,0,1026,10,93,5,908,64,22,1,2035,19796,21831,389
2020-06-18,47063,47063,91,-1,83,-1,8,0,26,-1,10,0,61,,4,0,94,4089,4183,36
2020-06-18,47051,47051,64,0,63,0,1,0,11,0,8,0,51,,2,0,90,2417,2507,-3
2020-06-18,47061,47061,37,0,37,0,0,0,7,0,10,0,29,,1,0,45,628,673,1
2020-06-18,47059,47059,56,1,54,1,2,0,2,1,8,0,52,,2,0,63,3133,3196,2
2020-06-18,47057,47057,22,0,20,0,2,0,6,-1,4,0,16,1,0,0,30,1081,1111,14
2020-06-18,47055,47055,24,1,24,1,0,0,11,1,4,0,13,,0,0,31,1487,1518,4
2020-06-18,47053,47053,70,1,66,1,4,0,8,0,5,0,61,1,1,0,82,2808,2890,23
2020-06-18,47071,47071,46,2,45,1,1,1,22,1,7,0,19,1,5,0,53,2266,2319,27
2020-06-19,47127,47127,5,0,5,0,0,0,0,-1,0,0,5,1,0,0,6,454,460,3
2020-06-19,47129,47129,22,0,22,0,0,0,3,0,1,0,18,,1,0,25,3560,3585,23
2020-06-19,47131,47131,71,3,68,2,3,1,16,-7,9,0,54,10,1,0,83,1985,2068,58
2020-06-19,47137,47137,4,0,4,0,0,0,0,0,0,0,4,,0,0,4,440,444,8
2020-06-19,47133,47133,40,2,40,2,0,0,4,2,2,0,36,,0,0,43,1811,1854,39
2020-06-19,,47PEN,158,-13,157,-13,1,0,126,-9,1,0,32,-4,0,0,178,57511,57689,757
2020-06-19,47135,47135,28,0,28,0,0,0,5,-1,1,0,23,1,0,0,34,510,544,2
2020-06-19,47125,47125,363,7,362,7,1,0,203,-1,31,1,155,8,5,0,421,10858,11279,160
2020-06-19,,47OOS,574,71,570,71,4,0,273,60,24,0,293,11,8,0,509,92958,93467,-450
2020-06-19,47123,47123,108,11,98,11,10,0,24,5,11,0,80,6,4,0,118,1750,1868,44
2020-06-19,47101,47101,5,0,5,0,0,0,2,0,0,0,3,,0,0,6,608,614,9
2020-06-19,47109,47109,38,3,37,2,1,1,17,3,2,0,21,,0,0,44,1194,1238,21
2020-06-19,47107,47107,172,1,172,1,0,0,21,-1,21,0,136,2,15,0,209,3558,3767,49
2020-06-19,47119,47119,205,7,205,7,0,0,95,0,13,1,108,7,2,0,239,4193,4432,92
2020-06-19,47117,47117,44,-1,44,-1,0,0,10,-2,6,0,33,1,1,0,55,1411,1466,22
2020-06-19,47115,47115,48,-1,47,-1,1,0,6,-2,13,0,39,,3,1,56,1279,1335,14
2020-06-19,47113,47113,190,2,189,2,1,0,25,0,22,0,163,2,2,0,233,6446,6679,216
2020-06-19,47111,47111,218,2,218,2,0,0,55,-2,13,0,160,4,3,0,244,1928,2172,83
2020-06-19,47105,47105,226,5,212,5,14,0,39,0,8,0,186,5,1,0,236,3339,3575,76
2020-06-19,47103,47103,48,0,48,0,0,0,19,-1,3,0,29,1,0,0,58,1862,1920,19
2020-06-19,47139,47139,32,0,30,0,2,0,6,0,1,0,26,,0,0,32,805,837,4
2020-06-19,47121,47121,30,0,30,0,0,0,5,0,4,0,25,,0,0,42,797,839,13
2020-06-19,47141,47141,644,14,642,14,2,0,136,4,16,1,501,9,7,1,758,7566,8324,136
2020-06-19,47163,47163,72,1,69,1,3,0,3,1,6,0,67,,2,0,75,5931,6006,95
2020-06-19,47145,47145,34,2,24,2,10,0,4,2,3,0,30,,0,0,37,4884,4921,103
2020-06-19,47099,47099,78,2,78,2,0,0,40,0,6,1,36,2,2,0,91,2271,2362,43
2020-06-19,47187,47187,767,25,764,25,3,0,319,15,49,1,436,10,12,0,900,13700,14600,471
2020-06-19,47185,47185,52,1,51,1,1,0,12,-2,4,0,37,2,3,1,61,2099,2160,23
2020-06-19,47183,47183,39,3,38,3,1,0,10,3,2,1,29,,0,0,41,1818,1859,35
2020-06-19,47181,47181,64,0,64,0,0,0,0,-1,2,0,64,1,0,0,65,2410,2475,8
2020-06-19,47179,47179,101,2,99,3,2,-1,18,-5,6,0,83,7,0,0,126,5462,5588,115
2020-06-19,47177,47177,34,-2,34,-2,0,0,7,0,0,0,27,-2,0,0,36,2473,2509,37
2020-06-19,47175,47175,5,0,5,0,0,0,2,0,1,0,3,,0,0,5,425,430,6
2020-06-19,47173,47173,9,0,9,0,0,0,3,-1,0,0,6,1,0,0,9,866,875,13
2020-06-19,47171,47171,52,0,52,0,0,0,0,-2,0,0,52,2,0,0,57,1143,1200,29
2020-06-19,47169,47169,1464,0,1461,0,3,0,95,-2,15,0,1364,2,5,0,1496,2160,3656,18
2020-06-19,47167,47167,551,10,545,10,6,0,91,6,27,2,456,4,4,0,601,6298,6899,200
2020-06-19,47165,47165,1157,27,1147,26,10,1,617,14,209,2,491,13,49,0,1475,10814,12289,193
2020-06-19,47161,47161,17,0,17,0,0,0,10,0,2,0,7,,0,0,17,649,666,11
2020-06-19,47159,47159,48,2,47,2,1,0,13,2,3,1,34,,1,0,56,1330,1386,72
2020-06-19,47157,47157,7645,355,7629,353,16,2,2222,123,650,16,5260,227,163,5,9360,102684,112044,4480
2020-06-19,47155,47155,391,49,363,46,28,3,191,21,14,0,197,28,3,0,404,6717,7121,339
2020-06-19,47153,47153,22,-1,22,0,0,-1,3,-1,2,0,19,,0,0,30,1240,1270,9
2020-06-19,47151,47151,14,-1,13,-1,1,0,1,0,0,0,13,-1,0,0,14,1070,1084,104
2020-06-19,47149,47149,1998,110,1992,110,6,0,1103,64,107,3,863,46,32,0,2361,16666,19027,477
2020-06-19,47147,47147,703,33,702,33,1,0,273,12,48,1,421,21,9,0,865,5102,5967,114
2020-06-19,47143,47143,247,4,247,4,0,0,22,3,3,0,225,1,0,0,268,2205,2473,32
2020-06-19,47189,47189,580,15,578,15,2,0,224,2,46,3,341,12,15,1,707,8921,9628,208
2020-06-19,47095,47095,689,0,687,0,2,0,8,-15,3,0,681,15,0,0,852,3633,4485,13
2020-06-19,47093,47093,610,16,600,14,10,2,165,-16,45,0,440,32,5,0,700,27686,28386,799
2020-06-19,47041,47041,42,1,42,1,0,0,6,1,0,0,36,,0,0,51,1634,1685,19
2020-06-19,47039,47039,15,0,15,0,0,0,2,0,1,0,13,,0,0,18,701,719,14
2020-06-19,47037,47037,7504,251,7496,253,8,-2,2332,35,446,4,5077,214,95,2,8853,54359,63212,4221
2020-06-19,47035,47035,137,-1,136,-1,1,0,24,-2,12,0,110,1,3,0,182,5841,6023,79
2020-06-19,47033,47033,25,4,23,4,2,0,8,4,2,0,14,,3,0,30,696,726,15
2020-06-19,47031,47031,99,2,98,2,1,0,26,2,5,0,73,,0,0,120,3315,3435,20
2020-06-19,47029,47029,27,0,23,0,4,0,2,-2,1,0,25,2,0,0,30,1651,1681,42
2020-06-19,47027,47027,13,2,13,2,0,0,5,2,0,0,8,,0,0,13,604,617,7
2020-06-19,47023,47023,14,0,13,0,1,0,2,0,1,0,12,,0,0,18,829,847,16
2020-06-19,47021,47021,164,3,164,3,0,0,83,-2,11,0,81,5,0,0,199,2603,2802,68
2020-06-19,47019,47019,27,4,26,4,1,0,4,2,2,0,22,2,1,0,30,2337,2367,45
2020-06-19,47017,47017,36,0,31,0,5,0,4,0,6,0,31,,1,0,34,1752,1786,38
2020-06-19,47015,47015,29,-5,29,-5,0,0,4,0,4,0,25,-5,0,0,42,829,871,21
2020-06-19,47013,47013,26,0,23,0,3,0,2,-1,2,0,23,1,1,0,31,2362,2393,47
2020-06-19,47011,47011,315,10,300,10,15,0,70,-6,24,0,243,16,2,0,348,4564,4912,68
2020-06-19,47009,47009,119,1,114,1,5,0,23,0,6,0,93,1,3,0,143,5384,5527,147
2020-06-19,47007,47007,614,0,614,0,0,0,2,0,5,0,611,,1,0,625,3524,4149,11
2020-06-19,47005,47005,8,0,8,0,0,0,0,0,2,0,7,,1,0,9,976,985,11
2020-06-19,47003,47003,416,12,416,12,0,0,124,4,17,1,288,8,4,0,486,3200,3686,35
2020-06-19,47001,47001,73,4,69,4,4,0,20,1,7,1,51,3,2,0,89,6579,6668,122
2020-06-19,47097,47097,71,0,69,0,2,0,17,-1,9,0,53,1,1,0,91,3883,3974,50
2020-06-19,47043,47043,145,5,145,5,0,0,65,5,14,0,80,,0,0,195,3075,3270,85
2020-06-19,47045,47045,140,18,133,18,7,0,75,16,8,0,65,2,0,0,156,2278,2434,90
2020-06-19,47025,47025,16,0,16,0,0,0,6,-1,1,0,10,1,0,0,19,1156,1175,26
2020-06-19,47049,47049,15,0,15,0,0,0,4,0,1,0,11,,0,0,16,1170,1186,13
2020-06-19,47047,47047,191,2,189,2,2,0,47,-1,18,0,142,3,2,0,242,4562,4804,151
2020-06-19,47089,47089,59,8,49,5,10,3,18,3,1,0,41,5,0,0,55,3341,3396,93
2020-06-19,47087,47087,21,0,21,0,0,0,2,0,1,0,19,,0,0,24,787,811,12
2020-06-19,47085,47085,18,0,17,0,1,0,6,0,1,0,11,,1,0,24,1112,1136,64
2020-06-19,47083,47083,10,0,10,0,0,0,4,0,4,0,6,,0,0,14,641,655,4
2020-06-19,47081,47081,63,1,63,1,0,0,6,1,2,0,57,,0,0,88,1357,1445,14
2020-06-19,47079,47079,36,1,36,1,0,0,4,1,5,0,32,,0,0,47,2125,2172,50
2020-06-19,47077,47077,19,0,19,0,0,0,3,0,1,0,16,,0,0,24,1408,1432,24
2020-06-19,47075,47075,40,1,39,1,1,0,8,0,8,0,30,1,2,0,45,1218,1263,24
2020-06-19,47073,47073,38,1,38,2,0,-1,4,1,6,0,32,,2,0,53,2524,2577,37
2020-06-19,47071,47071,52,6,51,6,1,0,28,6,8,1,19,,5,0,61,2316,2377,58
2020-06-19,47091,47091,26,0,26,0,0,0,3,-1,1,0,23,1,0,0,27,2381,2408,53
2020-06-19,47067,47067,2,1,2,1,0,0,1,1,1,1,1,,0,0,2,305,307,7
2020-06-19,47069,47069,251,25,251,25,0,0,45,23,10,0,205,1,1,1,266,5690,5956,94
2020-06-19,47053,47053,74,4,70,4,4,0,12,4,5,0,61,,1,0,86,2850,2936,46
2020-06-19,47055,47055,24,0,24,0,0,0,11,0,4,0,13,,0,0,31,1508,1539,21
2020-06-19,47057,47057,25,3,23,3,2,0,5,-1,4,0,20,4,0,0,33,1112,1145,34
2020-06-19,47051,47051,65,1,64,1,1,0,11,0,8,0,52,1,2,0,91,2433,2524,17
2020-06-19,47061,47061,39,2,39,2,0,0,8,1,10,0,30,1,1,0,47,631,678,5
2020-06-19,47063,47063,98,7,90,7,8,0,25,-1,11,1,69,8,4,0,103,4370,4473,290
2020-06-19,47065,47065,2005,49,2001,50,4,-1,945,-81,98,5,1035,127,25,3,2092,20250,22342,511
2020-06-19,47059,47059,55,-1,53,-1,2,0,0,-2,8,0,53,1,2,0,62,3198,3260,64
2020-06-20,47125,47125,368,5,367,5,1,0,208,5,31,0,155,,5,0,426,10971,11397,118
2020-06-20,47135,47135,28,0,28,0,0,0,5,0,1,0,23,,0,0,34,510,544,0
2020-06-20,,47PEN,174,16,173,16,1,0,142,16,2,1,32,,0,0,195,58264,58459,770
2020-06-20,47133,47133,41,1,41,1,0,0,5,1,2,0,36,,0,0,44,1818,1862,8
2020-06-20,,47OOS,563,-11,560,-10,3,-1,263,-10,24,0,292,-1,8,0,538,93666,94204,737
2020-06-20,47131,47131,71,0,68,0,3,0,16,0,9,0,54,,1,0,83,1989,2072,4
2020-06-20,47137,47137,4,0,4,0,0,0,0,0,0,0,4,,0,0,4,440,444,0
2020-06-20,47129,47129,22,0,22,0,0,0,3,0,1,0,18,,1,0,25,3569,3594,9
2020-06-20,47127,47127,5,0,5,0,0,0,0,0,0,0,5,,0,0,6,460,466,6
2020-06-20,47123,47123,107,-1,97,-1,10,0,23,-1,11,0,80,,4,0,118,1763,1881,13
2020-06-20,47117,47117,46,2,46,2,0,0,12,2,6,0,33,,1,0,57,1454,1511,45
2020-06-20,47109,47109,38,0,37,0,1,0,17,0,2,0,21,,0,0,45,1194,1239,1
2020-06-20,47107,47107,172,0,172,0,0,0,21,0,21,0,136,,15,0,209,3586,3795,28
2020-06-20,47119,47119,218,13,218,13,0,0,107,12,13,0,109,1,2,0,254,4244,4498,66
2020-06-20,47115,47115,49,1,48,1,1,0,7,1,13,0,39,,3,0,57,1302,1359,24
2020-06-20,47113,47113,192,2,191,2,1,0,27,2,22,0,163,,2,0,235,6472,6707,28
2020-06-20,47111,47111,219,1,219,1,0,0,56,1,13,0,160,,3,0,245,1938,2183,11
2020-06-20,47105,47105,230,4,216,4,14,0,43,4,8,0,186,,1,0,240,3346,3586,11
2020-06-20,47103,47103,49,1,49,1,0,0,20,1,3,0,29,,0,0,59,1885,1944,24
2020-06-20,47139,47139,32,0,30,0,2,0,6,0,1,0,26,,0,0,32,819,851,14
2020-06-20,47189,47189,595,15,593,15,2,0,239,15,46,0,341,,15,0,724,9005,9729,101
2020-06-20,47141,47141,655,11,653,11,2,0,147,11,16,0,501,,7,0,769,7634,8403,79
2020-06-20,47101,47101,5,0,5,0,0,0,2,0,0,0,3,,0,0,6,618,624,10
2020-06-20,47145,47145,34,0,24,0,10,0,4,0,3,0,30,,0,0,37,4927,4964,43
2020-06-20,47187,47187,775,8,772,8,3,0,327,8,49,0,436,,12,0,908,14017,14925,325
2020-06-20,47185,47185,53,1,52,1,1,0,13,1,4,0,37,,3,0,62,2125,2187,27
2020-06-20,47183,47183,41,2,40,2,1,0,10,0,2,0,31,2,0,0,43,1822,1865,6
2020-06-20,47181,47181,64,0,64,0,0,0,0,0,2,0,64,,0,0,65,2419,2484,9
2020-06-20,47179,47179,101,0,99,0,2,0,18,0,6,0,83,,0,0,127,5515,5642,54
2020-06-20,47177,47177,33,-1,33,-1,0,0,7,0,0,0,26,-1,0,0,36,2491,2527,18
2020-06-20,47175,47175,5,0,5,0,0,0,2,0,1,0,3,,0,0,5,426,431,1
2020-06-20,47173,47173,9,0,9,0,0,0,3,0,0,0,6,,0,0,9,866,875,0
2020-06-20,47171,47171,52,0,52,0,0,0,0,0,0,0,52,,0,0,57,1156,1213,13
2020-06-20,47169,47169,1466,2,1463,2,3,0,97,2,15,0,1364,,5,0,1498,2163,3661,5
2020-06-20,47167,47167,554,3,548,3,6,0,94,3,27,0,456,,4,0,606,6334,6940,41
2020-06-20,47165,47165,1165,8,1155,8,10,0,625,8,210,1,491,,49,0,1483,10938,12421,132
2020-06-20,47163,47163,72,0,69,0,3,0,3,0,6,0,67,,2,0,75,5947,6022,16
2020-06-20,47161,47161,17,0,17,0,0,0,10,0,2,0,7,,0,0,17,665,682,16
2020-06-20,47159,47159,49,1,48,1,1,0,14,1,3,0,34,,1,0,57,1332,1389,3
2020-06-20,47157,47157,7737,92,7722,93,15,-1,2315,93,651,1,5259,-1,163,0,9458,103204,112662,618
2020-06-20,47155,47155,411,20,382,19,29,1,210,19,14,0,198,1,3,0,420,6795,7215,94
2020-06-20,47153,47153,22,0,22,0,0,0,3,0,2,0,19,,0,0,30,1258,1288,18
2020-06-20,47151,47151,14,0,13,0,1,0,1,0,0,0,13,,0,0,14,1074,1088,4
2020-06-20,47149,47149,2019,21,2013,21,6,0,1123,20,107,0,864,1,32,0,2390,16980,19370,343
2020-06-20,47147,47147,701,-2,700,-2,1,0,271,-2,48,0,421,,9,0,867,5169,6036,69
2020-06-20,47143,47143,253,6,253,6,0,0,27,5,3,0,226,1,0,0,273,2237,2510,37
2020-06-20,47099,47099,81,3,81,3,0,0,43,3,6,0,36,,2,0,94,2323,2417,55
2020-06-20,47121,47121,30,0,30,0,0,0,5,0,4,0,25,,0,0,42,803,845,6
2020-06-20,47097,47097,71,0,69,0,2,0,17,0,9,0,53,,1,0,91,3890,3981,7
2020-06-20,47041,47041,42,0,42,0,0,0,6,0,0,0,36,,0,0,51,1643,1694,9
2020-06-20,47039,47039,15,0,15,0,0,0,2,0,1,0,13,,0,0,18,703,721,2
2020-06-20,47037,47037,7571,67,7563,67,8,0,2398,66,446,0,5078,1,95,0,8929,55209,64138,926
2020-06-20,47035,47035,137,0,136,0,1,0,24,0,12,0,110,,3,0,182,5857,6039,16
2020-06-20,47033,47033,25,0,23,0,2,0,8,0,2,0,14,,3,0,30,697,727,1
2020-06-20,47031,47031,99,0,98,0,1,0,26,0,5,0,73,,0,0,120,3355,3475,40
2020-06-20,47029,47029,29,2,25,2,4,0,4,2,1,0,25,,0,0,32,1658,1690,9
2020-06-20,47027,47027,13,0,13,0,0,0,5,0,0,0,8,,0,0,13,606,619,2
2020-06-20,47025,47025,16,0,16,0,0,0,6,0,1,0,10,,0,0,19,1161,1180,5
2020-06-20,47023,47023,14,0,13,0,1,0,2,0,1,0,12,,0,0,18,830,848,1
2020-06-20,47021,47021,164,0,164,0,0,0,83,0,11,0,81,,0,0,199,2614,2813,11
2020-06-20,47019,47019,28,1,27,1,1,0,5,1,2,0,22,,1,0,31,2360,2391,24
2020-06-20,47017,47017,36,0,31,0,5,0,4,0,6,0,31,,1,0,34,1755,1789,3
2020-06-20,47015,47015,23,-6,23,-6,0,0,4,0,4,0,19,-6,0,0,42,833,875,4
2020-06-20,47013,47013,26,0,23,0,3,0,2,0,2,0,23,,1,0,31,2368,2399,6
2020-06-20,47011,47011,328,13,313,13,15,0,82,12,24,0,244,1,2,0,361,4704,5065,153
2020-06-20,47009,47009,127,8,122,8,5,0,31,8,7,1,93,,3,0,151,5406,5557,30
2020-06-20,47007,47007,613,-1,613,-1,0,0,2,0,5,0,610,-1,1,0,625,3535,4160,11
2020-06-20,47005,47005,8,0,8,0,0,0,0,0,2,0,7,,1,0,9,976,985,0
2020-06-20,47003,47003,428,12,428,12,0,0,135,11,17,0,289,1,4,0,499,3241,3740,54
2020-06-20,47001,47001,74,1,70,1,4,0,21,1,7,0,51,,2,0,90,6618,6708,40
2020-06-20,47043,47043,145,0,145,0,0,0,65,0,14,0,80,,0,0,196,3097,3293,23
2020-06-20,47045,47045,145,5,138,5,7,0,80,5,9,1,65,,0,0,161,2283,2444,10
2020-06-20,47095,47095,689,0,687,0,2,0,8,0,3,0,681,,0,0,852,3634,4486,1
2020-06-20,47049,47049,15,0,15,0,0,0,4,0,1,0,11,,0,0,16,1174,1190,4
2020-06-20,47093,47093,638,28,627,27,11,1,193,28,46,1,440,,5,0,727,27900,28627,241
2020-06-20,47091,47091,26,0,26,0,0,0,3,0,1,0,23,,0,0,27,2385,2412,4
2020-06-20,47089,47089,61,2,54,5,7,-3,20,2,1,0,41,,0,0,57,3364,3421,25
2020-06-20,47087,47087,21,0,21,0,0,0,2,0,1,0,19,,0,0,24,794,818,7
2020-06-20,47085,47085,18,0,17,0,1,0,6,0,1,0,11,,1,0,24,1123,1147,11
2020-06-20,47083,47083,10,0,10,0,0,0,4,0,4,0,6,,0,0,14,646,660,5
2020-06-20,47047,47047,193,2,191,2,2,0,49,2,18,0,142,,2,0,243,4576,4819,15
2020-06-20,47079,47079,36,0,36,0,0,0,4,0,5,0,32,,0,0,47,2127,2174,2
2020-06-20,47077,47077,20,1,20,1,0,0,4,1,1,0,16,,0,0,26,1412,1438,6
2020-06-20,47075,47075,41,1,40,1,1,0,9,1,8,0,30,,2,0,46,1224,1270,7
2020-06-20,47073,47073,38,0,38,0,0,0,4,0,6,0,32,,2,0,53,2538,2591,14
2020-06-20,47081,47081,64,1,64,1,0,0,7,1,2,0,57,,0,0,89,1363,1452,7
2020-06-20,47069,47069,253,2,253,2,0,0,47,2,10,0,205,,1,0,268,5700,5968,12
2020-06-20,47067,47067,3,1,2,0,1,1,2,1,1,0,1,,0,0,2,308,310,3
2020-06-20,47065,47065,2050,45,2046,45,4,0,992,47,102,4,1033,-2,25,0,2141,20717,22858,516
2020-06-20,47063,47063,109,11,101,11,8,0,36,11,10,-1,69,,4,0,115,4390,4505,32
2020-06-20,47061,47061,46,7,46,7,0,0,15,7,10,0,30,,1,0,54,643,697,19
2020-06-20,47059,47059,55,0,53,0,2,0,0,0,8,0,53,,2,0,62,3246,3308,48
2020-06-20,47057,47057,25,0,23,0,2,0,5,0,4,0,20,,0,0,33,1116,1149,4
2020-06-20,47055,47055,24,0,24,0,0,0,11,0,4,0,13,,0,0,31,1537,1568,29
2020-06-20,47053,47053,75,1,71,1,4,0,13,1,5,0,61,,1,0,87,2857,2944,8
2020-06-20,47051,47051,65,0,64,0,1,0,11,0,8,0,52,,2,0,91,2474,2565,41
2020-06-20,47071,47071,53,1,52,1,1,0,29,1,8,0,19,,5,0,62,2320,2382,5
2020-06-21,47125,47125,384,16,383,16,1,0,223,15,32,1,156,1,5,0,444,11067,11511,114
2020-06-21,47127,47127,5,0,5,0,0,0,0,0,0,0,5,,0,0,6,468,474,8
2020-06-21,47129,47129,22,0,22,0,0,0,3,0,1,0,18,,1,0,25,3598,3623,29
2020-06-21,47131,47131,71,0,68,0,3,0,16,0,9,0,54,,1,0,85,2008,2093,21
2020-06-21,47137,47137,4,0,4,0,0,0,0,0,0,0,4,,0,0,4,440,444,0
2020-06-21,47133,47133,42,1,42,1,0,0,5,0,2,0,37,1,0,0,45,1836,1881,19
2020-06-21,,47PEN,206,32,204,31,2,1,172,30,2,0,34,2,0,0,225,58875,59100,641
2020-06-21,47135,47135,28,0,28,0,0,0,5,0,1,0,23,,0,0,33,523,556,12
2020-06-21,,47OOS,650,87,647,87,3,0,350,87,25,1,292,,8,0,602,95503,96105,1901
2020-06-21,47123,47123,108,1,98,1,10,0,22,-1,11,0,82,2,4,0,119,1778,1897,16
2020-06-21,47101,47101,5,0,5,0,0,0,2,0,0,0,3,,0,0,6,631,637,13
2020-06-21,47109,47109,40,2,39,2,1,0,19,2,2,0,21,,0,0,48,1196,1244,5
2020-06-21,47107,47107,173,1,173,1,0,0,20,-1,21,0,138,2,15,0,212,3626,3838,43
2020-06-21,47119,47119,220,2,220,2,0,0,108,1,13,0,110,1,2,0,260,4297,4557,59
2020-06-21,47117,47117,46,0,46,0,0,0,12,0,6,0,33,,1,0,57,1491,1548,37
2020-06-21,47115,47115,50,1,49,1,1,0,7,0,13,0,40,1,3,0,58,1320,1378,19
2020-06-21,47113,47113,193,1,192,1,1,0,28,1,22,0,163,,2,0,236,6504,6740,33
2020-06-21,47111,47111,222,3,222,3,0,0,59,3,13,0,160,,3,0,250,1943,2193,10
2020-06-21,47105,47105,232,2,218,2,14,0,43,0,8,0,188,2,1,0,242,3384,3626,40
2020-06-21,47103,47103,49,0,49,0,0,0,20,0,3,0,29,,0,0,59,1907,1966,22
2020-06-21,47139,47139,32,0,30,0,2,0,6,0,1,0,26,,0,0,32,839,871,20
2020-06-21,47121,47121,31,1,31,1,0,0,6,1,4,0,25,,0,0,43,814,857,12
2020-06-21,47141,47141,663,8,661,8,2,0,153,6,16,0,503,2,7,0,781,7774,8555,152
2020-06-21,47165,47165,1181,16,1171,16,10,0,639,14,210,0,493,2,49,0,1502,11013,12515,94
2020-06-21,47145,47145,34,0,24,0,10,0,4,0,3,0,30,,0,0,37,4964,5001,37
2020-06-21,47099,47099,81,0,81,0,0,0,43,0,6,0,36,,2,0,95,2382,2477,60
2020-06-21,47187,47187,782,7,779,7,3,0,330,3,50,1,439,3,13,1,922,14180,15102,177
2020-06-21,47185,47185,54,1,53,1,1,0,14,1,4,0,37,,3,0,63,2146,2209,22
2020-06-21,47183,47183,42,1,41,1,1,0,11,1,2,0,31,,0,0,44,1834,1878,13
2020-06-21,47181,47181,64,0,64,0,0,0,0,0,2,0,64,,0,0,65,2433,2498,14
2020-06-21,47179,47179,102,1,100,1,2,0,17,-1,6,0,85,2,0,0,125,5604,5729,87
2020-06-21,47177,47177,34,1,34,1,0,0,8,1,0,0,26,,0,0,37,2509,2546,19
2020-06-21,47175,47175,5,0,5,0,0,0,2,0,1,0,3,,0,0,5,429,434,3
2020-06-21,47173,47173,10,1,10,1,0,0,4,1,0,0,6,,0,0,10,878,888,13
2020-06-21,47171,47171,52,0,52,0,0,0,0,0,0,0,52,,0,0,57,1165,1222,9
2020-06-21,47169,47169,1466,0,1463,0,3,0,97,0,15,0,1364,,5,0,1499,2182,3681,20
2020-06-21,47167,47167,562,8,556,8,6,0,102,8,27,0,456,,4,0,615,6436,7051,111
2020-06-21,47163,47163,72,0,69,0,3,0,3,0,6,0,67,,2,0,75,5983,6058,36
2020-06-21,47161,47161,17,0,17,0,0,0,10,0,2,0,7,,0,0,17,671,688,6
2020-06-21,47159,47159,50,1,49,1,1,0,15,1,3,0,34,,1,0,59,1345,1404,15
2020-06-21,47157,47157,7916,179,7901,179,15,0,2448,133,665,14,5305,46,163,0,9693,105714,115407,2745
2020-06-21,47155,47155,420,9,388,6,32,3,203,-7,14,0,214,16,3,0,430,6881,7311,96
2020-06-21,47153,47153,24,2,24,2,0,0,5,2,2,0,19,,0,0,32,1265,1297,9
2020-06-21,47151,47151,14,0,13,0,1,0,1,0,0,0,13,,0,0,14,1082,1096,8
2020-06-21,47149,47149,2060,41,2054,41,6,0,1141,18,107,0,887,23,32,0,2449,17126,19575,205
2020-06-21,47147,47147,705,4,704,4,1,0,273,2,50,2,423,2,9,0,873,5196,6069,33
2020-06-21,47143,47143,256,3,256,3,0,0,29,2,3,0,227,1,0,0,276,2370,2646,136
2020-06-21,47097,47097,72,1,70,1,2,0,18,1,9,0,53,,1,0,91,3920,4011,30
2020-06-21,47189,47189,616,21,614,21,2,0,254,15,46,0,347,6,15,0,745,9154,9899,170
2020-06-21,47093,47093,656,18,645,18,11,0,199,6,48,2,452,12,5,0,736,28249,28985,358
2020-06-21,47041,47041,43,1,43,1,0,0,7,1,0,0,36,,0,0,52,1662,1714,20
2020-06-21,47039,47039,15,0,15,0,0,0,2,0,1,0,13,,0,0,19,708,727,6
2020-06-21,47037,47037,7668,97,7660,97,8,0,2441,43,448,2,5132,54,95,0,9054,55691,64745,607
2020-06-21,47035,47035,142,5,141,5,1,0,29,5,12,0,110,,3,0,187,5906,6093,54
2020-06-21,47033,47033,25,0,23,0,2,0,7,-1,2,0,15,1,3,0,30,703,733,6
2020-06-21,47031,47031,99,0,98,0,1,0,25,-1,5,0,74,1,0,0,120,3399,3519,44
2020-06-21,47029,47029,29,0,25,0,4,0,4,0,1,0,25,,0,0,32,1668,1700,10
2020-06-21,47027,47027,13,0,13,0,0,0,5,0,0,0,8,,0,0,13,618,631,12
2020-06-21,47025,47025,16,0,16,0,0,0,6,0,1,0,10,,0,0,19,1176,1195,15
2020-06-21,47023,47023,14,0,13,0,1,0,2,0,1,0,12,,0,0,17,838,855,7
2020-06-21,47021,47021,165,1,165,1,0,0,84,1,11,0,81,,0,0,200,2628,2828,15
2020-06-21,47019,47019,30,2,29,2,1,0,7,2,2,0,22,,1,0,33,2391,2424,33
2020-06-21,47017,47017,36,0,31,0,5,0,4,0,6,0,31,,1,0,34,1760,1794,5
2020-06-21,47015,47015,23,0,23,0,0,0,4,0,4,0,19,,0,0,41,847,888,13
2020-06-21,47013,47013,26,0,23,0,3,0,2,0,2,0,23,,1,0,31,2390,2421,22
2020-06-21,47011,47011,338,10,323,10,15,0,91,9,25,1,244,,3,1,376,4871,5247,182
2020-06-21,47009,47009,127,0,122,0,5,0,30,-1,8,1,94,1,3,0,150,5437,5587,30
2020-06-21,47007,47007,613,0,613,0,0,0,2,0,5,0,610,,1,0,624,3587,4211,51
2020-06-21,47005,47005,8,0,8,0,0,0,0,0,2,0,7,,1,0,9,980,989,4
2020-06-21,47003,47003,430,2,430,2,0,0,136,1,17,0,290,1,4,0,502,3296,3798,58
2020-06-21,47001,47001,74,0,70,0,4,0,20,-1,7,0,52,1,2,0,90,6654,6744,36
2020-06-21,47043,47043,147,2,147,2,0,0,67,2,14,0,80,,0,0,201,3141,3342,49
2020-06-21,47045,47045,158,13,149,11,9,2,90,10,9,0,68,3,0,0,175,2312,2487,43
2020-06-21,47095,47095,689,0,687,0,2,0,8,0,3,0,681,,0,0,852,3645,4497,11
2020-06-21,47049,47049,15,0,15,0,0,0,4,0,1,0,11,,0,0,16,1181,1197,7
2020-06-21,47047,47047,195,2,193,2,2,0,51,2,18,0,142,,2,0,246,4656,4902,83
2020-06-21,47091,47091,26,0,26,0,0,0,3,0,1,0,23,,0,0,27,2405,2432,20
2020-06-21,47089,47089,61,0,54,0,7,0,17,-3,1,0,44,3,0,0,58,3387,3445,24
2020-06-21,47087,47087,21,0,21,0,0,0,2,0,1,0,19,,0,0,24,806,830,12
2020-06-21,47085,47085,18,0,17,0,1,0,6,0,1,0,11,,1,0,24,1133,1157,10
2020-06-21,47083,47083,10,0,10,0,0,0,4,0,4,0,6,,0,0,14,647,661,1
2020-06-21,47079,47079,36,0,36,0,0,0,4,0,5,0,32,,0,0,47,2132,2179,5
2020-06-21,47077,47077,21,1,20,0,1,1,3,-1,1,0,18,2,0,0,26,1415,1441,3
2020-06-21,47075,47075,45,4,44,4,1,0,13,4,8,0,30,,2,0,52,1231,1283,13
2020-06-21,47073,47073,39,1,38,0,1,1,5,1,6,0,32,,2,0,53,2561,2614,23
2020-06-21,47081,47081,64,0,64,0,0,0,7,0,2,0,57,,0,0,90,1390,1480,28
2020-06-21,47069,47069,255,2,255,2,0,0,48,1,10,0,206,1,1,0,270,5778,6048,80
2020-06-21,47067,47067,3,0,2,0,1,0,2,0,1,0,1,,0,0,2,312,314,4
2020-06-21,47065,47065,2074,24,2070,24,4,0,988,-4,102,0,1061,28,25,0,2166,21349,23515,657
2020-06-21,47063,47063,117,8,108,7,9,1,42,6,10,0,71,2,4,0,122,4415,4537,32
2020-06-21,47051,47051,67,2,66,2,1,0,12,1,8,0,53,1,2,0,95,2534,2629,64
2020-06-21,47061,47061,46,0,46,0,0,0,15,0,10,0,30,,1,0,54,648,702,5
2020-06-21,47059,47059,55,0,53,0,2,0,0,0,8,0,53,,2,0,62,3301,3363,55
2020-06-21,47057,47057,25,0,23,0,2,0,4,-1,4,0,21,1,0,0,34,1124,1158,9
2020-06-21,47055,47055,24,0,24,0,0,0,11,0,4,0,13,,0,0,31,1568,1599,31
2020-06-21,47053,47053,77,2,73,2,4,0,14,1,5,0,62,1,1,0,89,2871,2960,16
2020-06-21,47071,47071,57,4,56,4,1,0,32,3,8,0,20,1,5,0,66,2329,2395,13
2020-06-22,47127,47127,5,0,5,0,0,0,0,0,0,0,5,,0,0,6,470,476,2
2020-06-22,47129,47129,22,0,22,0,0,0,3,0,1,0,18,,1,0,25,3622,3647,24
2020-06-22,47131,47131,71,0,68,0,3,0,15,-1,9,0,55,1,1,0,85,2053,2138,45
2020-06-22,47137,47137,5,1,5,1,0,0,1,1,0,0,4,,0,0,5,452,457,13
2020-06-22,47133,47133,43,1,43,1,0,0,6,1,2,0,37,,0,0,46,1884,1930,49
2020-06-22,,47PEN,225,19,224,20,1,-1,191,19,3,1,34,,0,0,243,59996,60239,1139
2020-06-22,47135,47135,28,0,28,0,0,0,4,-1,1,0,24,1,0,0,33,528,561,5
2020-06-22,47125,47125,385,1,384,1,1,0,220,-3,32,0,160,4,5,0,446,11349,11795,284
2020-06-22,,47OOS,632,-18,629,-18,3,0,328,-22,25,0,296,4,8,0,576,97233,97809,1704
2020-06-22,47123,47123,109,1,99,1,10,0,22,0,11,0,83,1,4,0,121,1803,1924,27
2020-06-22,47101,47101,5,0,5,0,0,0,2,0,0,0,3,,0,0,6,641,647,10
2020-06-22,47109,47109,42,2,41,2,1,0,20,1,2,0,22,1,0,0,50,1216,1266,22
2020-06-22,47107,47107,175,2,175,2,0,0,19,-1,21,0,141,3,15,0,216,3712,3928,90
2020-06-22,47119,47119,224,4,224,4,0,0,107,-1,13,0,115,5,2,0,262,4338,4600,43
2020-06-22,47117,47117,46,0,46,0,0,0,12,0,6,0,33,,1,0,56,1518,1574,26
2020-06-22,47115,47115,50,0,49,0,1,0,7,0,13,0,40,,3,0,58,1459,1517,139
2020-06-22,47113,47113,196,3,195,3,1,0,31,3,22,0,163,,2,0,239,6568,6807,67
2020-06-22,47111,47111,223,1,223,1,0,0,57,-2,13,0,163,3,3,0,251,1984,2235,42
2020-06-22,47105,47105,234,2,220,2,14,0,44,1,8,0,189,1,1,0,245,3448,3693,67
2020-06-22,47103,47103,49,0,49,0,0,0,17,-3,3,0,32,3,0,0,59,1929,1988,22
2020-06-22,47139,47139,36,4,34,4,2,0,9,3,1,0,27,1,0,0,36,881,917,46
2020-06-22,47121,47121,31,0,31,0,0,0,6,0,4,0,25,,0,0,43,823,866,9
2020-06-22,47141,47141,673,10,671,10,2,0,158,5,16,0,508,5,7,0,792,7924,8716,161
2020-06-22,47163,47163,73,1,70,1,3,0,4,1,6,0,67,,2,0,76,6056,6132,74
2020-06-22,47145,47145,34,0,24,0,10,0,4,0,3,0,30,,0,0,37,5053,5090,89
2020-06-22,47099,47099,81,0,81,0,0,0,43,0,6,0,36,,2,0,97,2439,2536,59
2020-06-22,47187,47187,793,11,790,11,3,0,328,-2,50,0,452,13,13,0,930,14597,15527,425
2020-06-22,47185,47185,54,0,53,0,1,0,10,-4,4,0,41,4,3,0,63,2193,2256,47
2020-06-22,47183,47183,43,1,42,1,1,0,12,1,2,0,31,,0,0,46,1879,1925,47
2020-06-22,47181,47181,65,1,65,1,0,0,1,1,2,0,64,,0,0,66,2448,2514,16
2020-06-22,47179,47179,103,1,101,1,2,0,18,1,6,0,85,,0,0,127,5673,5800,71
2020-06-22,47177,47177,34,0,34,0,0,0,7,-1,0,0,27,1,0,0,36,2555,2591,45
2020-06-22,47175,47175,5,0,5,0,0,0,2,0,1,0,3,,0,0,5,433,438,4
2020-06-22,47173,47173,10,0,10,0,0,0,4,0,0,0,6,,0,0,10,910,920,32
2020-06-22,47171,47171,53,1,53,1,0,0,1,1,0,0,52,,0,0,58,1178,1236,14
2020-06-22,47169,47169,1466,0,1463,0,3,0,97,0,15,0,1364,,5,0,1502,2210,3712,31
2020-06-22,47167,47167,563,1,557,1,6,0,100,-2,27,0,459,3,4,0,617,6550,7167,116
2020-06-22,47165,47165,1196,15,1186,15,10,0,638,-1,212,2,509,16,49,0,1526,11333,12859,344
2020-06-22,47161,47161,17,0,17,0,0,0,10,0,2,0,7,,0,0,17,691,708,20
2020-06-22,47159,47159,50,0,49,0,1,0,15,0,3,0,34,,1,0,60,1378,1438,34
2020-06-22,47157,47157,8064,148,8049,148,15,0,2451,3,667,2,5448,143,165,2,9871,108341,118212,2805
2020-06-22,47155,47155,422,2,388,0,34,2,188,-15,14,0,231,17,3,0,438,7149,7587,276
2020-06-22,47153,47153,24,0,24,0,0,0,5,0,2,0,19,,0,0,32,1281,1313,16
2020-06-22,47151,47151,14,0,13,0,1,0,1,0,0,0,13,,0,0,14,1093,1107,11
2020-06-22,47149,47149,2100,40,2094,40,6,0,1145,4,107,0,923,36,32,0,2492,17735,20227,652
2020-06-22,47147,47147,708,3,707,3,1,0,272,-1,50,0,426,3,10,1,880,5345,6225,156
2020-06-22,47143,47143,255,-1,255,-1,0,0,27,-2,3,0,228,1,0,0,275,2408,2683,37
2020-06-22,47189,47189,625,9,623,9,2,0,250,-4,46,0,360,13,15,0,755,9398,10153,254
2020-06-22,47097,47097,75,3,73,3,2,0,21,3,9,0,53,,1,0,95,3955,4050,39
2020-06-22,47093,47093,693,37,681,36,12,1,224,25,48,0,464,12,5,0,777,29171,29948,963
2020-06-22,47041,47041,42,-1,42,-1,0,0,6,-1,0,0,36,,0,0,51,1671,1722,8
2020-06-22,47039,47039,15,0,15,0,0,0,2,0,1,0,13,,0,0,19,716,735,8
2020-06-22,47037,47037,7716,48,7708,48,8,0,2388,-53,450,2,5232,100,96,1,9116,56763,65879,1134
2020-06-22,47035,47035,145,3,144,3,1,0,29,0,12,0,113,3,3,0,190,6043,6233,140
2020-06-22,47033,47033,25,0,23,0,2,0,7,0,2,0,15,,3,0,29,706,735,2
2020-06-22,47031,47031,99,0,98,0,1,0,23,-2,5,0,76,2,0,0,119,3453,3572,53
2020-06-22,47029,47029,31,2,27,2,4,0,6,2,1,0,25,,0,0,34,1718,1752,52
2020-06-22,47027,47027,13,0,13,0,0,0,5,0,0,0,8,,0,0,13,624,637,6
2020-06-22,47025,47025,16,0,16,0,0,0,6,0,1,0,10,,0,0,20,1194,1214,19
2020-06-22,47021,47021,167,2,167,2,0,0,86,2,11,0,81,,0,0,202,2654,2856,28
2020-06-22,47019,47019,30,0,29,0,1,0,7,0,2,0,22,,1,0,33,2435,2468,44
2020-06-22,47017,47017,36,0,31,0,5,0,4,0,6,0,31,,1,0,34,1769,1803,9
2020-06-22,47015,47015,23,0,23,0,0,0,3,-1,4,0,20,1,0,0,42,851,893,5
2020-06-22,47013,47013,26,0,23,0,3,0,0,-2,2,0,25,2,1,0,31,2407,2438,17
2020-06-22,47011,47011,349,11,335,12,14,-1,97,6,25,0,249,5,3,0,390,5131,5521,274
2020-06-22,47009,47009,130,3,125,3,5,0,30,0,8,0,97,3,3,0,153,5683,5836,249
2020-06-22,47007,47007,613,0,613,0,0,0,2,0,5,0,610,,1,0,624,3603,4227,16
2020-06-22,47005,47005,8,0,8,0,0,0,0,0,2,0,7,,1,0,9,992,1001,12
2020-06-22,47003,47003,432,2,432,2,0,0,135,-1,17,0,293,3,4,0,504,3344,3848,50
2020-06-22,47001,47001,75,1,71,1,4,0,21,1,7,0,52,,2,0,91,6752,6843,99
2020-06-22,47095,47095,689,0,687,0,2,0,8,0,3,0,681,,0,0,853,3655,4508,11
2020-06-22,47043,47043,146,-1,146,-1,0,0,65,-2,14,0,81,1,0,0,200,3162,3362,20
2020-06-22,47045,47045,164,6,155,6,9,0,94,4,9,0,70,2,0,0,180,2334,2514,27
2020-06-22,47023,47023,14,0,13,0,1,0,2,0,1,0,12,,0,0,17,848,865,10
2020-06-22,47049,47049,15,0,15,0,0,0,4,0,1,0,11,,0,0,16,1202,1218,21
2020-06-22,47047,47047,203,8,201,8,2,0,58,7,18,0,143,1,2,0,254,4717,4971,69
2020-06-22,47089,47089,64,3,55,1,9,2,18,1,1,0,46,2,0,0,60,3432,3492,47
2020-06-22,47087,47087,22,1,22,1,0,0,3,1,1,0,19,,0,0,25,835,860,30
2020-06-22,47085,47085,18,0,17,0,1,0,6,0,1,0,11,,1,0,24,1146,1170,13
2020-06-22,47083,47083,10,0,10,0,0,0,4,0,4,0,6,,0,0,14,649,663,2
2020-06-22,47081,47081,64,0,64,0,0,0,5,-2,2,0,59,2,0,0,90,1400,1490,10
2020-06-22,47079,47079,36,0,36,0,0,0,3,-1,5,0,33,1,0,0,47,2240,2287,108
2020-06-22,47077,47077,22,1,21,1,1,0,4,1,1,0,18,,0,0,27,1426,1453,12
2020-06-22,47075,47075,48,3,47,3,1,0,16,3,8,0,30,,2,0,56,1241,1297,14
2020-06-22,47073,47073,40,1,39,1,1,0,6,1,6,0,32,,2,0,55,2590,2645,31
2020-06-22,47071,47071,69,12,68,12,1,0,39,7,8,0,25,5,5,0,81,2412,2493,98
2020-06-22,47091,47091,26,0,26,0,0,0,3,0,1,0,23,,0,0,29,2416,2445,13
2020-06-22,47067,47067,3,0,2,0,1,0,2,0,1,0,1,,0,0,2,314,316,2
2020-06-22,47065,47065,2103,29,2099,29,4,0,952,-36,105,3,1125,64,26,1,2197,21793,23990,475
2020-06-22,47063,47063,121,4,112,4,9,0,43,1,10,0,74,3,4,0,126,4522,4648,111
2020-06-22,47061,47061,48,2,48,2,0,0,15,0,10,0,32,2,1,0,56,795,851,149
2020-06-22,47059,47059,56,1,54,1,2,0,1,1,8,0,53,,2,0,63,3327,3390,27
2020-06-22,47057,47057,25,0,23,0,2,0,3,-1,4,0,22,1,0,0,34,1157,1191,33
2020-06-22,47055,47055,24,0,24,0,0,0,11,0,4,0,13,,0,0,31,1586,1617,18
2020-06-22,47053,47053,77,0,73,0,4,0,14,0,5,0,62,,1,0,88,2920,3008,48
2020-06-22,47051,47051,69,2,68,2,1,0,14,2,8,0,53,,2,0,96,2614,2710,81
2020-06-22,47069,47069,257,2,257,2,0,0,48,0,10,0,208,2,1,0,273,5830,6103,55
2020-06-23,47139,47139,36,0,34,0,2,0,9,0,1,0,27,,0,0,36,889,925,8
2020-06-23,47127,47127,5,0,5,0,0,0,0,0,0,0,5,,0,0,6,469,475,-1
2020-06-23,47129,47129,22,0,22,0,0,0,2,-1,1,0,19,1,1,0,24,3618,3642,-5
2020-06-23,47131,47131,73,2,70,2,3,0,17,2,9,0,55,,1,0,87,2069,2156,18
2020-06-23,47137,47137,5,0,5,0,0,0,1,0,0,0,4,,0,0,5,452,457,0
2020-06-23,47133,47133,44,1,44,1,0,0,7,1,2,0,37,,0,0,46,1888,1934,4
2020-06-23,,47PEN,253,28,252,28,1,0,214,23,4,1,39,5,0,0,275,60185,60460,221
2020-06-23,47135,47135,28,0,28,0,0,0,4,0,1,0,24,,0,0,34,528,562,1
2020-06-23,47125,47125,392,7,391,7,1,0,224,4,32,0,163,3,5,0,454,11368,11822,27
2020-06-23,,47OOS,537,-95,534,-95,3,0,231,-97,25,0,298,2,8,0,541,98133,98674,865
2020-06-23,47123,47123,110,1,101,2,9,-1,22,0,12,1,84,1,4,0,122,1845,1967,43
2020-06-23,47117,47117,48,2,48,2,0,0,12,0,6,0,35,2,1,0,58,1529,1587,13
2020-06-23,47109,47109,45,3,45,4,0,-1,22,2,3,1,23,1,0,0,52,1225,1277,11
2020-06-23,47107,47107,183,8,180,5,3,3,25,6,21,0,142,1,16,1,220,3733,3953,25
2020-06-23,47119,47119,241,17,241,17,0,0,119,12,13,0,120,5,2,0,280,4361,4641,41
2020-06-23,47115,47115,53,3,52,3,1,0,8,1,13,0,41,1,4,1,61,1511,1572,55
2020-06-23,47113,47113,202,6,201,6,1,0,36,5,22,0,164,1,2,0,245,6641,6886,79
2020-06-23,47111,47111,230,7,230,7,0,0,60,3,14,1,167,4,3,0,260,1993,2253,18
2020-06-23,47105,47105,239,5,224,4,15,1,43,-1,8,0,195,6,1,0,246,3423,3669,-24
2020-06-23,47103,47103,49,0,49,0,0,0,17,0,3,0,32,,0,0,59,1930,1989,1
2020-06-23,47101,47101,5,0,5,0,0,0,1,-1,0,0,4,1,0,0,6,645,651,4
2020-06-23,47121,47121,31,0,31,0,0,0,6,0,4,0,25,,0,0,43,828,871,5
2020-06-23,47141,47141,676,3,674,3,2,0,148,-10,16,0,521,13,7,0,796,7936,8732,16
2020-06-23,47099,47099,95,14,95,14,0,0,53,10,6,0,39,3,3,1,110,2462,2572,36
2020-06-23,47145,47145,35,1,25,1,10,0,5,1,3,0,30,,0,0,37,5039,5076,-14
2020-06-23,47187,47187,813,20,809,19,4,1,345,17,51,1,454,2,14,1,952,14672,15624,97
2020-06-23,47185,47185,55,1,54,1,1,0,11,1,4,0,41,,3,0,64,2197,2261,5
2020-06-23,47183,47183,44,1,43,1,1,0,13,1,2,0,31,,0,0,45,1898,1943,18
2020-06-23,47181,47181,67,2,67,2,0,0,0,-1,2,0,67,3,0,0,68,2459,2527,13
2020-06-23,47179,47179,107,4,104,3,3,1,19,1,6,0,88,3,0,0,130,5726,5856,56
2020-06-23,47177,47177,39,5,39,5,0,0,12,5,0,0,27,,0,0,42,2558,2600,9
2020-06-23,47175,47175,6,1,6,1,0,0,3,1,1,0,3,,0,0,6,433,439,1
2020-06-23,47173,47173,9,-1,9,-1,0,0,3,-1,0,0,6,,0,0,10,919,929,9
2020-06-23,47171,47171,53,0,53,0,0,0,1,0,1,1,52,,0,0,58,1184,1242,6
2020-06-23,47169,47169,1468,2,1465,2,3,0,99,2,15,0,1364,,5,0,1503,2217,3720,8
2020-06-23,47167,47167,565,2,560,3,5,-1,102,2,29,2,459,,4,0,616,6553,7169,2
2020-06-23,47165,47165,1212,16,1202,16,10,0,640,2,212,0,523,14,49,0,1543,11418,12961,102
2020-06-23,47163,47163,75,2,72,2,3,0,4,0,7,1,69,2,2,0,77,6125,6202,70
2020-06-23,47161,47161,19,2,19,2,0,0,12,2,2,0,7,,0,0,19,694,713,5
2020-06-23,47159,47159,51,1,50,1,1,0,15,0,3,0,35,1,1,0,61,1379,1440,2
2020-06-23,47157,47157,8268,204,8253,204,15,0,2506,55,674,7,5596,148,166,1,9899,108856,118755,543
2020-06-23,47155,47155,464,42,428,40,36,2,213,25,15,1,248,17,3,0,463,7231,7694,107
2020-06-23,47153,47153,24,0,24,0,0,0,5,0,2,0,19,,0,0,32,1288,1320,7
2020-06-23,47151,47151,14,0,13,0,1,0,1,0,0,0,13,,0,0,13,1096,1109,2
2020-06-23,47149,47149,2150,50,2144,50,6,0,1168,23,107,0,949,26,33,1,2550,17953,20503,276
2020-06-23,47147,47147,715,7,713,6,2,1,271,-1,51,1,434,8,10,0,892,5378,6270,45
2020-06-23,47143,47143,256,1,256,1,0,0,26,-1,3,0,230,2,0,0,278,2416,2694,11
2020-06-23,47097,47097,82,7,80,7,2,0,28,7,10,1,53,,1,0,102,3974,4076,26
2020-06-23,47189,47189,649,24,647,24,2,0,266,16,46,0,368,8,15,0,781,9466,10247,94
2020-06-23,47093,47093,716,23,702,21,14,2,231,7,48,0,480,16,5,0,803,29266,30069,121
2020-06-23,47041,47041,43,1,43,1,0,0,7,1,0,0,36,,0,0,52,1680,1732,10
2020-06-23,47039,47039,15,0,15,0,0,0,2,0,1,0,13,,0,0,19,722,741,6
2020-06-23,47037,47037,7867,151,7859,151,8,0,2445,57,456,6,5324,92,98,2,9302,57222,66524,645
2020-06-23,47035,47035,148,3,147,3,1,0,32,3,13,1,113,,3,0,194,6071,6265,32
2020-06-23,47033,47033,26,1,24,1,2,0,7,0,2,0,16,1,3,0,31,713,744,9
2020-06-23,47031,47031,99,0,98,0,1,0,20,-3,5,0,79,3,0,0,117,3462,3579,7
2020-06-23,47029,47029,31,0,27,0,4,0,5,-1,1,0,26,1,0,0,33,1735,1768,16
2020-06-23,47027,47027,14,1,14,1,0,0,6,1,0,0,8,,0,0,14,626,640,3
2020-06-23,47025,47025,18,2,18,2,0,0,8,2,1,0,10,,0,0,24,1334,1358,144
2020-06-23,47023,47023,16,2,16,3,0,-1,4,2,1,0,12,,0,0,20,848,868,3
2020-06-23,47021,47021,175,8,175,8,0,0,93,7,10,-1,82,1,0,0,208,2702,2910,54
2020-06-23,47019,47019,32,2,31,2,1,0,9,2,2,0,22,,1,0,35,2447,2482,14
2020-06-23,47017,47017,36,0,31,0,5,0,4,0,6,0,31,,1,0,34,1777,1811,8
2020-06-23,47015,47015,23,0,23,0,0,0,3,0,4,0,20,,0,0,42,859,901,8
2020-06-23,47013,47013,27,1,24,1,3,0,1,1,2,0,25,,1,0,32,2431,2463,25
2020-06-23,47011,47011,393,44,378,43,15,1,134,37,25,0,256,7,3,0,432,5438,5870,349
2020-06-23,47009,47009,139,9,134,9,5,0,39,9,8,0,97,,3,0,162,5759,5921,85
2020-06-23,47007,47007,613,0,613,0,0,0,2,0,5,0,610,,1,0,624,3610,4234,7
2020-06-23,47005,47005,8,0,8,0,0,0,0,0,2,0,7,,1,0,9,1000,1009,8
2020-06-23,47003,47003,436,4,436,4,0,0,126,-9,18,1,306,13,4,0,514,3358,3872,24
2020-06-23,47001,47001,78,3,75,4,3,-1,20,-1,7,0,56,4,2,0,93,6722,6815,-28
2020-06-23,47043,47043,150,4,150,4,0,0,66,1,14,0,84,3,0,0,202,3171,3373,11
2020-06-23,47045,47045,174,10,167,12,7,-2,101,7,10,1,73,3,0,0,189,2362,2551,37
2020-06-23,47095,47095,689,0,687,0,2,0,8,0,3,0,681,,0,0,853,3661,4514,6
2020-06-23,47049,47049,15,0,15,0,0,0,4,0,1,0,11,,0,0,15,1203,1218,0
2020-06-23,47091,47091,26,0,26,0,0,0,2,-1,1,0,24,1,0,0,28,2422,2450,5
2020-06-23,47089,47089,64,0,56,1,8,-1,16,-2,1,0,48,2,0,0,62,3442,3504,12
2020-06-23,47087,47087,22,0,22,0,0,0,3,0,1,0,19,,0,0,25,850,875,15
2020-06-23,47085,47085,18,0,17,0,1,0,6,0,1,0,11,,1,0,24,1157,1181,11
2020-06-23,47083,47083,10,0,10,0,0,0,4,0,4,0,6,,0,0,14,650,664,1
2020-06-23,47047,47047,213,10,211,10,2,0,65,7,19,1,146,3,2,0,265,4735,5000,29
2020-06-23,47079,47079,37,1,37,1,0,0,4,1,5,0,33,,0,0,48,2259,2307,20
2020-06-23,47077,47077,25,3,24,3,1,0,7,3,2,1,18,,0,0,31,1434,1465,12
2020-06-23,47075,47075,54,6,52,5,2,1,22,6,8,0,30,,2,0,57,1250,1307,10
2020-06-23,47073,47073,42,2,42,3,0,-1,8,2,6,0,32,,2,0,56,2608,2664,19
2020-06-23,47081,47081,65,1,65,1,0,0,6,1,2,0,59,,0,0,91,1408,1499,9
2020-06-23,47069,47069,257,0,257,0,0,0,48,0,10,0,208,,1,0,272,5845,6117,14
2020-06-23,47067,47067,3,0,2,0,1,0,2,0,1,0,1,,0,0,2,320,322,6
2020-06-23,47065,47065,2120,17,2116,17,4,0,910,-42,108,3,1182,57,28,2,2213,22266,24479,489
2020-06-23,47063,47063,134,13,125,13,9,0,51,8,12,2,79,5,4,0,137,4516,4653,5
2020-06-23,47061,47061,51,3,50,2,1,1,17,2,10,0,33,1,1,0,58,803,861,10
2020-06-23,47059,47059,56,0,54,0,2,0,1,0,8,0,53,,2,0,62,3334,3396,6
2020-06-23,47057,47057,25,0,23,0,2,0,2,-1,4,0,23,1,0,0,34,1154,1188,-3
2020-06-23,47055,47055,38,14,38,14,0,0,24,13,5,1,14,1,0,0,45,1592,1637,20
2020-06-23,47053,47053,80,3,76,3,4,0,17,3,5,0,62,,1,0,90,2948,3038,30
2020-06-23,47051,47051,69,0,68,0,1,0,13,-1,8,0,53,,3,1,95,2610,2705,-5
2020-06-23,47071,47071,71,2,71,3,0,-1,39,0,8,0,27,2,5,0,85,2438,2523,30
2020-06-24,47127,47127,5,0,5,0,0,0,0,0,0,0,5,,0,0,6,477,483,8
2020-06-24,47129,47129,22,0,22,0,0,0,2,0,1,0,19,,1,0,25,3646,3671,29
2020-06-24,47131,47131,74,1,71,1,3,0,17,0,9,0,56,1,1,0,89,2109,2198,42
2020-06-24,,47OOS,604,67,600,66,4,1,290,59,27,2,306,8,8,0,576,97153,97729,-945
2020-06-24,47139,47139,36,0,34,0,2,0,9,0,1,0,27,,0,0,37,910,947,22
2020-06-24,,47PEN,271,18,270,18,1,0,229,15,5,1,42,3,0,0,291,60912,61203,743
2020-06-24,47135,47135,28,0,28,0,0,0,4,0,1,0,24,,0,0,33,534,567,5
2020-06-24,47137,47137,5,0,5,0,0,0,1,0,0,0,4,,0,0,5,457,462,5
2020-06-24,47133,47133,45,1,45,1,0,0,7,0,2,0,38,1,0,0,47,1914,1961,27
2020-06-24,47125,47125,407,15,406,15,1,0,236,12,32,0,165,2,6,1,470,11616,12086,264
2020-06-24,47103,47103,51,2,51,2,0,0,18,1,3,0,33,1,0,0,61,1954,2015,26
2020-06-24,47109,47109,47,2,47,2,0,0,23,1,3,0,24,1,0,0,54,1240,1294,17
2020-06-24,47107,47107,192,9,188,8,4,1,34,9,22,1,141,-1,17,1,231,3768,3999,46
2020-06-24,47119,47119,248,7,248,7,0,0,123,4,13,0,123,3,2,0,291,4565,4856,215
2020-06-24,47117,47117,49,1,49,1,0,0,12,0,6,0,36,1,1,0,60,1556,1616,29
2020-06-24,47115,47115,54,1,53,1,1,0,9,1,13,0,41,,4,0,63,1530,1593,21
2020-06-24,47113,47113,201,-1,200,-1,1,0,31,-5,22,0,168,4,2,0,245,6668,6913,27
2020-06-24,47111,47111,235,5,233,3,2,2,48,-12,14,0,184,17,3,0,265,2027,2292,39
2020-06-24,47105,47105,243,4,228,4,15,0,43,0,8,0,199,4,1,0,252,3457,3709,40
2020-06-24,47141,47141,675,-1,673,-1,2,0,102,-46,16,0,566,45,7,0,797,7964,8761,29
2020-06-24,47123,47123,115,5,106,5,9,0,26,4,12,0,85,1,4,0,126,1862,1988,21
2020-06-24,47143,47143,257,1,257,1,0,0,26,0,3,0,231,1,0,0,280,2451,2731,37
2020-06-24,47165,47165,1231,19,1221,19,10,0,652,12,213,1,528,5,51,2,1564,11553,13117,156
2020-06-24,47147,47147,722,7,720,7,2,0,272,1,52,1,440,6,10,0,901,5462,6363,93
2020-06-24,47189,47189,658,9,656,9,2,0,265,-1,47,1,378,10,15,0,788,9562,10350,103
2020-06-24,47187,47187,840,27,836,27,4,0,365,20,52,1,461,7,14,0,980,15005,15985,361
2020-06-24,47185,47185,55,0,54,0,1,0,8,-3,4,0,44,3,3,0,64,2254,2318,57
2020-06-24,47183,47183,44,0,43,0,1,0,12,-1,2,0,31,,1,1,46,1921,1967,24
2020-06-24,47181,47181,69,2,69,2,0,0,2,2,2,0,67,,0,0,71,2485,2556,29
2020-06-24,47179,47179,109,2,106,2,3,0,21,2,6,0,88,,0,0,131,5789,5920,64
2020-06-24,47177,47177,46,7,46,7,0,0,16,4,0,0,30,3,0,0,49,2600,2649,49
2020-06-24,47175,47175,6,0,6,0,0,0,3,0,1,0,3,,0,0,6,444,450,11
2020-06-24,47173,47173,9,0,9,0,0,0,2,-1,0,0,7,1,0,0,9,928,937,8
2020-06-24,47171,47171,53,0,53,0,0,0,1,0,1,0,52,,0,0,58,1188,1246,4
2020-06-24,47169,47169,1469,1,1466,1,3,0,99,0,15,0,1365,1,5,0,1505,2225,3730,10
2020-06-24,47167,47167,571,6,566,6,5,0,104,2,28,-1,463,4,4,0,625,6679,7304,135
2020-06-24,47101,47101,5,0,5,0,0,0,1,0,0,0,4,,0,0,6,660,666,15
2020-06-24,47163,47163,77,2,74,2,3,0,6,2,7,0,69,,2,0,79,6191,6270,68
2020-06-24,47161,47161,19,0,19,0,0,0,11,-1,2,0,8,1,0,0,19,706,725,12
2020-06-24,47159,47159,53,2,52,2,1,0,14,-1,3,0,38,3,1,0,64,1396,1460,20
2020-06-24,47157,47157,8490,222,8475,222,15,0,2577,71,698,24,5743,147,170,4,10178,111191,121369,2614
2020-06-24,47155,47155,489,25,451,23,38,2,220,7,17,2,266,18,3,0,496,7537,8033,339
2020-06-24,47153,47153,24,0,24,0,0,0,5,0,2,0,19,,0,0,32,1304,1336,16
2020-06-24,47151,47151,14,0,13,0,1,0,1,0,0,0,13,,0,0,13,1107,1120,11
2020-06-24,47149,47149,2211,61,2205,61,6,0,1204,36,109,2,974,25,33,0,2629,18324,20953,450
2020-06-24,47145,47145,41,6,31,6,10,0,8,3,3,0,33,3,0,0,42,5100,5142,66
2020-06-24,47099,47099,97,2,97,2,0,0,51,-2,6,0,43,4,3,0,115,2518,2633,61
2020-06-24,47121,47121,31,0,31,0,0,0,5,-1,4,0,26,1,0,0,43,836,879,8
2020-06-24,47097,47097,84,2,82,2,2,0,30,2,12,2,53,,1,0,102,4025,4127,51
2020-06-24,47041,47041,44,1,44,1,0,0,6,-1,0,0,38,2,0,0,53,1695,1748,16
2020-06-24,47039,47039,16,1,16,1,0,0,3,1,1,0,13,,0,0,20,732,752,11
2020-06-24,47037,47037,8062,195,8053,194,9,1,2510,65,464,8,5450,126,102,4,9526,61605,71131,4607
2020-06-24,47035,47035,152,4,151,4,1,0,34,2,13,0,115,2,3,0,199,6198,6397,132
2020-06-24,47033,47033,28,2,26,2,2,0,7,0,2,0,18,2,3,0,33,723,756,12
2020-06-24,47031,47031,102,3,101,3,1,0,20,0,5,0,82,3,0,0,123,3512,3635,56
2020-06-24,47029,47029,32,1,28,1,4,0,6,1,1,0,26,,0,0,35,1778,1813,45
2020-06-24,47027,47027,12,-2,12,-2,0,0,2,-4,0,0,10,2,0,0,12,633,645,5
2020-06-24,47023,47023,16,0,16,0,0,0,4,0,1,0,12,,0,0,21,856,877,9
2020-06-24,47021,47021,177,2,176,1,1,1,89,-4,10,0,88,6,0,0,214,2721,2935,25
2020-06-24,47019,47019,34,2,33,2,1,0,10,1,2,0,23,1,1,0,37,2497,2534,52
2020-06-24,47017,47017,36,0,31,0,5,0,4,0,6,0,31,,1,0,34,1793,1827,16
2020-06-24,47015,47015,23,0,23,0,0,0,2,-1,4,0,21,1,0,0,43,866,909,8
2020-06-24,47013,47013,27,0,24,0,3,0,1,0,2,0,25,,1,0,32,2446,2478,15
2020-06-24,47011,47011,406,13,389,11,17,2,140,6,26,1,263,7,3,0,447,5556,6003,133
2020-06-24,47009,47009,142,3,137,3,5,0,37,-2,8,0,102,5,3,0,167,5871,6038,117
2020-06-24,47007,47007,616,3,616,3,0,0,5,3,5,0,610,,1,0,627,3618,4245,11
2020-06-24,47005,47005,9,1,9,1,0,0,1,1,2,0,7,,1,0,10,1005,1015,6
2020-06-24,47003,47003,445,9,445,9,0,0,128,2,18,0,313,7,4,0,523,3400,3923,51
2020-06-24,47001,47001,79,1,76,1,3,0,19,-1,7,0,58,2,2,0,93,6822,6915,100
2020-06-24,47095,47095,690,1,688,1,2,0,9,1,3,0,681,,0,0,854,3668,4522,8
2020-06-24,47043,47043,150,0,150,0,0,0,66,0,14,0,84,,0,0,205,3223,3428,55
2020-06-24,47045,47045,181,7,174,7,7,0,104,3,11,1,77,4,0,0,195,2406,2601,50
2020-06-24,47025,47025,18,0,18,0,0,0,6,-2,1,0,12,2,0,0,23,1355,1378,20
2020-06-24,47049,47049,15,0,15,0,0,0,3,-1,1,0,12,1,0,0,15,1213,1228,10
2020-06-24,47047,47047,224,11,221,10,3,1,73,8,19,0,149,3,2,0,277,4814,5091,91
2020-06-24,47091,47091,27,1,27,1,0,0,3,1,1,0,24,,0,0,29,2433,2462,12
2020-06-24,47089,47089,73,9,66,10,7,-1,25,9,1,0,48,,0,0,70,3536,3606,102
2020-06-24,47087,47087,22,0,22,0,0,0,2,-1,1,0,20,1,0,0,25,858,883,8
2020-06-24,47085,47085,18,0,17,0,1,0,6,0,1,0,11,,1,0,24,1159,1183,2
2020-06-24,47083,47083,10,0,10,0,0,0,4,0,4,0,6,,0,0,14,653,667,3
2020-06-24,47081,47081,66,1,66,1,0,0,7,1,2,0,59,,0,0,91,1435,1526,27
2020-06-24,47079,47079,37,0,37,0,0,0,4,0,5,0,33,,0,0,48,2273,2321,14
2020-06-24,47077,47077,26,1,25,1,1,0,8,1,2,0,18,,0,0,32,1446,1478,13
2020-06-24,47075,47075,57,3,55,3,2,0,25,3,8,0,30,,2,0,62,1268,1330,23
2020-06-24,47073,47073,42,0,42,0,0,0,8,0,6,0,32,,2,0,56,2653,2709,45
2020-06-24,47093,47093,740,24,725,23,15,1,229,-2,49,1,506,26,5,0,834,29606,30440,371
2020-06-24,47069,47069,260,3,260,3,0,0,51,3,10,0,208,,1,0,276,5878,6154,37
2020-06-24,47071,47071,76,5,75,4,1,1,44,5,8,0,27,,5,0,92,2511,2603,80
2020-06-24,47053,47053,80,0,76,0,4,0,17,0,5,0,62,,1,0,90,2960,3050,12
2020-06-24,47055,47055,42,4,42,4,0,0,26,2,4,-1,16,2,0,0,49,1616,1665,28
2020-06-24,47057,47057,25,0,23,0,2,0,1,-1,4,0,24,1,0,0,35,1186,1221,33
2020-06-24,47059,47059,58,2,56,2,2,0,3,2,8,0,53,,2,0,64,3373,3437,41
2020-06-24,47051,47051,69,0,68,0,1,0,12,-1,8,0,54,1,3,0,96,2656,2752,47
2020-06-24,47063,47063,156,22,148,23,8,-1,69,18,15,3,83,4,4,0,161,4732,4893,240
2020-06-24,47065,47065,2176,56,2172,56,4,0,887,-23,108,0,1260,78,29,1,2269,22680,24949,470
2020-06-24,47067,47067,3,0,2,0,1,0,2,0,1,0,1,,0,0,2,328,330,8
2020-06-24,47061,47061,55,4,54,4,1,0,19,2,10,0,35,2,1,0,61,815,876,15
2020-06-25,47125,47125,413,6,411,5,2,1,238,2,33,1,168,3,7,1,474,11766,12240,154
2020-06-25,47135,47135,28,0,28,0,0,0,4,0,1,0,24,,0,0,34,534,568,1
2020-06-25,,47PEN,266,-5,266,-4,0,-1,228,-1,4,-1,38,-4,0,0,284,61312,61596,393
2020-06-25,47133,47133,46,1,46,1,0,0,7,0,2,0,39,1,0,0,48,1949,1997,36
2020-06-25,,47OOS,611,7,606,6,5,1,291,1,28,1,311,5,9,1,608,96130,96738,-991
2020-06-25,47131,47131,75,1,72,1,3,0,18,1,9,0,55,-1,2,1,90,2146,2236,38
2020-06-25,47137,47137,6,1,6,1,0,0,2,1,0,0,4,,0,0,6,461,467,5
2020-06-25,47129,47129,22,0,22,0,0,0,2,0,1,0,19,,1,0,25,3655,3680,9
2020-06-25,47127,47127,5,0,5,0,0,0,0,0,0,0,5,,0,0,6,476,482,-1
2020-06-25,47123,47123,116,1,106,0,10,1,25,-1,12,0,87,2,4,0,127,1911,2038,50
2020-06-25,47115,47115,56,2,55,2,1,0,10,1,13,0,42,1,4,0,65,1534,1599,6
2020-06-25,47109,47109,48,1,48,1,0,0,24,1,3,0,24,,0,0,56,1251,1307,13
2020-06-25,47107,47107,194,2,190,2,4,0,34,0,22,0,143,2,17,0,235,3785,4020,21
2020-06-25,47119,47119,259,11,259,11,0,0,130,7,13,0,127,4,2,0,303,4594,4897,41
2020-06-25,47117,47117,49,0,49,0,0,0,12,0,6,0,36,,1,0,60,1568,1628,12
2020-06-25,47113,47113,206,5,205,5,1,0,34,3,23,1,170,2,2,0,250,6701,6951,38
2020-06-25,47111,47111,241,6,238,5,3,1,51,3,14,0,187,3,3,0,271,2038,2309,17
2020-06-25,47105,47105,244,1,228,0,16,1,38,-5,8,0,205,6,1,0,251,3496,3747,38
2020-06-25,47103,47103,51,0,51,0,0,0,18,0,3,0,33,,0,0,61,1956,2017,2
2020-06-25,47101,47101,5,0,5,0,0,0,1,0,0,0,4,,0,0,6,663,669,3
2020-06-25,47139,47139,36,0,34,0,2,0,8,-1,1,0,28,1,0,0,37,910,947,0
2020-06-25,47121,47121,31,0,31,0,0,0,5,0,4,0,26,,0,0,43,841,884,5
2020-06-25,47141,47141,706,31,703,30,3,1,121,19,16,0,578,12,7,0,827,8304,9131,370
2020-06-25,47099,47099,101,4,101,4,0,0,53,2,7,1,45,2,3,0,121,2524,2645,12
2020-06-25,47145,47145,42,1,32,1,10,0,9,1,3,0,33,,0,0,44,5140,5184,42
2020-06-25,47187,47187,874,34,870,34,4,0,391,26,52,0,469,8,14,0,1018,15159,16177,192
2020-06-25,47185,47185,58,3,57,3,1,0,9,1,4,0,46,2,3,0,67,2275,2342,24
2020-06-25,47183,47183,45,1,44,1,1,0,13,1,2,0,31,,1,0,46,1964,2010,43
2020-06-25,47181,47181,71,2,71,2,0,0,3,1,2,0,68,1,0,0,73,2486,2559,3
2020-06-25,47179,47179,112,3,109,3,3,0,23,2,6,0,89,1,0,0,135,5804,5939,19
2020-06-25,47177,47177,47,1,47,1,0,0,15,-1,0,0,32,2,0,0,50,2618,2668,19
2020-06-25,47175,47175,6,0,6,0,0,0,3,0,1,0,3,,0,0,6,448,454,4
2020-06-25,47173,47173,10,1,10,1,0,0,3,1,0,0,7,,0,0,11,930,941,4
2020-06-25,47171,47171,53,0,53,0,0,0,1,0,1,0,52,,0,0,58,1212,1270,24
2020-06-25,47169,47169,1471,2,1468,2,3,0,101,2,15,0,1365,,5,0,1511,2238,3749,19
2020-06-25,47167,47167,580,9,573,7,7,2,112,8,28,0,464,1,4,0,635,6789,7424,120
2020-06-25,47165,47165,1260,29,1250,29,10,0,675,23,213,0,534,6,51,0,1602,11690,13292,175
2020-06-25,47163,47163,77,0,74,0,3,0,6,0,7,0,69,,2,0,79,6230,6309,39
2020-06-25,47161,47161,19,0,19,0,0,0,11,0,2,0,8,,0,0,19,712,731,6
2020-06-25,47159,47159,58,5,56,4,2,1,18,4,3,0,39,1,1,0,68,1407,1475,15
2020-06-25,47157,47157,8643,153,8626,151,17,2,2568,-9,712,14,5900,157,175,5,10383,113047,123430,2061
2020-06-25,47155,47155,516,27,479,28,37,-1,227,7,20,3,286,20,3,0,518,7693,8211,178
2020-06-25,47153,47153,24,0,24,0,0,0,5,0,2,0,19,,0,0,32,1309,1341,5
2020-06-25,47151,47151,14,0,13,0,1,0,1,0,0,0,13,,0,0,13,1112,1125,5
2020-06-25,47149,47149,2266,55,2259,54,7,1,1214,10,109,0,1018,44,34,1,2709,18548,21257,304
2020-06-25,47147,47147,729,7,727,7,2,0,276,4,53,1,443,3,10,0,912,5498,6410,47
2020-06-25,47143,47143,258,1,258,1,0,0,27,1,3,0,231,,0,0,282,2462,2744,13
2020-06-25,47189,47189,683,25,681,25,2,0,286,21,48,1,382,4,15,0,816,9652,10468,118
2020-06-25,47097,47097,86,2,84,2,2,0,31,1,13,1,53,,2,1,104,4048,4152,25
2020-06-25,47093,47093,783,43,766,41,17,2,251,22,52,3,527,21,5,0,870,30012,30882,442
2020-06-25,47041,47041,44,0,44,0,0,0,6,0,0,0,38,,0,0,53,1709,1762,14
2020-06-25,47039,47039,17,1,16,0,1,1,3,0,1,0,14,1,0,0,20,745,765,13
2020-06-25,47037,47037,8258,196,8249,196,9,0,2558,48,471,7,5597,147,103,1,9767,64945,74712,3581
2020-06-25,47035,47035,155,3,154,3,1,0,37,3,13,0,115,,3,0,204,6312,6516,119
2020-06-25,47033,47033,28,0,26,0,2,0,7,0,2,0,18,,3,0,32,729,761,5
2020-06-25,47031,47031,102,0,101,0,1,0,20,0,5,0,82,,0,0,124,3523,3647,12
2020-06-25,47029,47029,36,4,32,4,4,0,9,3,1,0,27,1,0,0,39,1807,1846,33
2020-06-25,47027,47027,12,0,12,0,0,0,1,-1,0,0,11,1,0,0,12,637,649,4
2020-06-25,47025,47025,19,1,19,1,0,0,7,1,1,0,12,,0,0,25,1436,1461,83
2020-06-25,47023,47023,16,0,16,0,0,0,4,0,1,0,12,,0,0,20,858,878,1
2020-06-25,47021,47021,187,10,187,11,0,-1,93,4,10,0,94,6,0,0,228,2774,3002,67
2020-06-25,47019,47019,42,8,41,8,1,0,15,5,2,0,26,3,1,0,45,2505,2550,16
2020-06-25,47017,47017,36,0,31,0,5,0,4,0,6,0,31,,1,0,34,1812,1846,19
2020-06-25,47015,47015,23,0,23,0,0,0,2,0,4,0,21,,0,0,43,888,931,22
2020-06-25,47013,47013,28,1,25,1,3,0,1,0,2,0,26,1,1,0,33,2453,2486,8
2020-06-25,47011,47011,421,15,405,16,16,-1,139,-1,26,0,279,16,3,0,464,5608,6072,69
2020-06-25,47009,47009,150,8,145,8,5,0,39,2,9,1,108,6,3,0,175,5961,6136,98
2020-06-25,47007,47007,616,0,616,0,0,0,5,0,5,0,610,,1,0,628,3621,4249,4
2020-06-25,47005,47005,12,3,10,1,2,2,4,3,2,0,7,,1,0,11,1013,1024,9
2020-06-25,47003,47003,451,6,451,6,0,0,129,1,18,0,318,5,4,0,530,3412,3942,19
2020-06-25,47001,47001,81,2,78,2,3,0,19,0,8,1,60,2,2,0,95,6881,6976,61
2020-06-25,47043,47043,151,1,151,1,0,0,67,1,14,0,84,,0,0,205,3271,3476,48
2020-06-25,47045,47045,181,0,174,0,7,0,102,-2,13,2,79,2,0,0,194,2475,2669,68
2020-06-25,47095,47095,690,0,688,0,2,0,9,0,3,0,681,,0,0,854,3674,4528,6
2020-06-25,47049,47049,15,0,15,0,0,0,3,0,1,0,12,,0,0,15,1229,1244,16
2020-06-25,47047,47047,229,5,226,5,3,0,75,2,19,0,152,3,2,0,283,4893,5176,85
2020-06-25,47091,47091,28,1,28,1,0,0,4,1,1,0,24,,0,0,29,2435,2464,2
2020-06-25,47089,47089,80,7,72,6,8,1,32,7,1,0,48,,0,0,79,3599,3678,72
2020-06-25,47087,47087,22,0,22,0,0,0,2,0,1,0,20,,0,0,25,871,896,13
2020-06-25,47085,47085,18,0,17,0,1,0,6,0,1,0,11,,1,0,24,1172,1196,13
2020-06-25,47083,47083,10,0,10,0,0,0,4,0,4,0,6,,0,0,14,656,670,3
2020-06-25,47079,47079,37,0,37,0,0,0,4,0,5,0,33,,0,0,48,2287,2335,14
2020-06-25,47077,47077,27,1,26,1,1,0,9,1,3,1,18,,0,0,32,1457,1489,11
2020-06-25,47075,47075,59,2,57,2,2,0,27,2,9,1,30,,2,0,66,1283,1349,19
2020-06-25,47073,47073,43,1,43,1,0,0,9,1,6,0,32,,2,0,57,2672,2729,20
2020-06-25,47081,47081,67,1,67,1,0,0,8,1,2,0,59,,0,0,92,1443,1535,9
2020-06-25,47069,47069,269,9,269,9,0,0,55,4,11,1,213,5,1,0,286,5929,6215,61
2020-06-25,47067,47067,3,0,2,0,1,0,2,0,1,0,1,,0,0,2,332,334,4
2020-06-25,47065,47065,2185,9,2181,9,4,0,835,-52,110,2,1321,61,29,0,2292,22761,25053,104
2020-06-25,47063,47063,162,6,154,6,8,0,66,-3,17,2,92,9,4,0,169,4821,4990,97
2020-06-25,47051,47051,69,0,68,0,1,0,12,0,8,0,54,,3,0,94,2659,2753,1
2020-06-25,47061,47061,58,3,57,3,1,0,17,-2,10,0,40,5,1,0,64,820,884,8
2020-06-25,47059,47059,66,8,64,8,2,0,11,8,9,1,53,,2,0,73,3387,3460,23
2020-06-25,47057,47057,25,0,23,0,2,0,1,0,4,0,24,,0,0,35,1197,1232,11
2020-06-25,47055,47055,43,1,43,1,0,0,26,0,4,0,17,1,0,0,51,1620,1671,6
2020-06-25,47053,47053,83,3,79,3,4,0,20,3,5,0,62,,1,0,93,2976,3069,19
2020-06-25,47071,47071,80,4,78,3,2,1,46,2,8,0,29,2,5,0,95,2530,2625,22
2020-06-26,47127,47127,5,0,5,0,0,0,0,0,0,0,5,,0,0,6,481,487,5
2020-06-26,47129,47129,23,1,23,1,0,0,3,1,1,0,19,,1,0,26,3675,3701,21
2020-06-26,47131,47131,79,4,76,4,3,0,21,3,10,1,56,1,2,0,96,2160,2256,20
2020-06-26,47137,47137,6,0,6,0,0,0,2,0,0,0,4,,0,0,6,462,468,1
2020-06-26,47133,47133,50,4,50,4,0,0,10,3,2,0,40,1,0,0,52,1986,2038,41
2020-06-26,,47PEN,302,36,302,36,0,0,266,38,3,-1,36,-2,0,0,329,62619,62948,1352
2020-06-26,47135,47135,28,0,28,0,0,0,4,0,1,0,24,,0,0,33,536,569,1
2020-06-26,47125,47125,434,21,432,21,2,0,257,19,34,1,170,2,7,0,497,11905,12402,162
2020-06-26,,47OOS,771,160,767,161,4,-1,447,156,28,0,316,5,8,-1,753,95753,96506,-232
2020-06-26,47123,47123,116,0,105,-1,11,1,23,-2,12,0,89,2,4,0,125,1947,2072,34
2020-06-26,47101,47101,5,0,5,0,0,0,1,0,0,0,4,,0,0,6,667,673,4
2020-06-26,47109,47109,50,2,49,1,1,1,25,1,4,1,25,1,0,0,57,1265,1322,15
2020-06-26,47107,47107,201,7,196,6,5,1,37,3,23,1,147,4,17,0,239,3798,4037,17
2020-06-26,47119,47119,267,8,267,8,0,0,133,3,13,0,132,5,2,0,313,4664,4977,80
2020-06-26,47117,47117,54,5,54,5,0,0,17,5,6,0,36,,1,0,65,1585,1650,22
2020-06-26,47115,47115,56,0,55,0,1,0,10,0,13,0,42,,4,0,65,1546,1611,12
2020-06-26,47113,47113,210,4,209,4,1,0,35,1,22,-1,173,3,2,0,257,6744,7001,50
2020-06-26,47111,47111,280,39,277,39,3,0,88,37,15,1,189,2,3,0,310,2110,2420,111
2020-06-26,47105,47105,244,0,228,0,16,0,36,-2,8,0,207,2,1,0,253,3566,3819,72
2020-06-26,47103,47103,52,1,52,1,0,0,19,1,3,0,33,,0,0,62,1964,2026,9
2020-06-26,47139,47139,36,0,34,0,2,0,8,0,1,0,28,,0,0,37,915,952,5
2020-06-26,47121,47121,32,1,32,1,0,0,6,1,4,0,26,,0,0,44,849,893,9
2020-06-26,47141,47141,726,20,723,20,3,0,138,17,16,0,581,3,7,0,849,8423,9272,141
2020-06-26,47163,47163,79,2,76,2,3,0,8,2,7,0,69,,2,0,81,6288,6369,60
2020-06-26,47145,47145,42,0,31,-1,11,1,11,2,3,0,31,-2,0,0,45,5229,5274,90
2020-06-26,47099,47099,104,3,104,3,0,0,55,2,7,0,45,,4,1,121,2544,2665,20
2020-06-26,47187,47187,912,38,908,38,4,0,424,33,52,0,474,5,14,0,1061,15603,16664,487
2020-06-26,47185,47185,60,2,59,2,1,0,11,2,4,0,46,,3,0,69,2304,2373,31
2020-06-26,47183,47183,48,3,47,3,1,0,15,2,2,0,32,1,1,0,50,2011,2061,51
2020-06-26,47181,47181,71,0,71,0,0,0,3,0,2,0,68,,0,0,72,2485,2557,-2
2020-06-26,47179,47179,118,6,115,6,3,0,21,-2,6,0,97,8,0,0,141,5835,5976,37
2020-06-26,47177,47177,50,3,50,3,0,0,17,2,0,0,33,1,0,0,53,2654,2707,39
2020-06-26,47175,47175,6,0,6,0,0,0,3,0,1,0,3,,0,0,6,462,468,14
2020-06-26,47173,47173,11,1,11,1,0,0,4,1,0,0,7,,0,0,11,943,954,13
2020-06-26,47171,47171,53,0,53,0,0,0,1,0,1,0,52,,0,0,58,1213,1271,1
2020-06-26,47169,47169,1473,2,1470,2,3,0,103,2,15,0,1365,,5,0,1512,2246,3758,9
2020-06-26,47167,47167,584,4,576,3,8,1,114,2,29,1,466,2,4,0,640,6941,7581,157
2020-06-26,47165,47165,1296,36,1286,36,10,0,703,28,214,1,542,8,51,0,1638,11928,13566,274
2020-06-26,47161,47161,19,0,19,0,0,0,11,0,2,0,8,,0,0,19,717,736,5
2020-06-26,47159,47159,62,4,60,4,2,0,21,3,3,0,40,1,1,0,72,1441,1513,38
2020-06-26,47157,47157,8988,345,8972,346,16,-1,2802,234,753,41,6005,105,181,6,10774,115810,126584,3154
2020-06-26,47155,47155,536,20,495,16,41,4,214,-13,21,1,319,33,3,0,541,7929,8470,259
2020-06-26,47153,47153,24,0,24,0,0,0,5,0,2,0,19,,0,0,32,1316,1348,7
2020-06-26,47151,47151,14,0,13,0,1,0,1,0,0,0,13,,0,0,13,1131,1144,19
2020-06-26,47149,47149,2337,71,2330,71,7,0,1263,49,110,1,1040,22,34,0,2793,19012,21805,548
2020-06-26,47147,47147,742,13,740,13,2,0,284,8,53,0,447,4,11,1,929,5637,6566,156
2020-06-26,47143,47143,259,1,259,1,0,0,25,-2,3,0,234,3,0,0,282,2520,2802,58
2020-06-26,47189,47189,708,25,706,25,2,0,306,20,49,1,387,5,15,0,844,9841,10685,217
2020-06-26,47097,47097,87,1,85,1,2,0,31,0,13,0,54,1,2,0,105,4072,4177,25
2020-06-26,47093,47093,824,41,806,40,18,1,275,24,54,2,544,17,5,0,920,30622,31542,660
2020-06-26,47041,47041,47,3,47,3,0,0,9,3,0,0,38,,0,0,56,1728,1784,22
2020-06-26,47039,47039,17,0,16,0,1,0,3,0,1,0,14,,0,0,20,750,770,5
2020-06-26,47037,47037,8547,289,8538,289,9,0,2737,179,475,4,5705,108,105,2,10091,68699,78790,4078
2020-06-26,47035,47035,159,4,158,4,1,0,38,1,13,0,118,3,3,0,209,6443,6652,136
2020-06-26,47033,47033,27,-1,25,-1,2,0,6,-1,2,0,18,,3,0,32,736,768,7
2020-06-26,47031,47031,103,1,102,1,1,0,20,0,5,0,83,1,0,0,124,3546,3670,23
2020-06-26,47029,47029,42,6,36,4,6,2,13,4,2,1,29,2,0,0,43,1842,1885,39
2020-06-26,47027,47027,13,1,13,1,0,0,2,1,0,0,11,,0,0,13,643,656,7
2020-06-26,47025,47025,19,0,19,0,0,0,7,0,1,0,12,,0,0,24,1489,1513,52
2020-06-26,47021,47021,190,3,190,3,0,0,94,1,10,0,96,2,0,0,228,2812,3040,38
2020-06-26,47019,47019,48,6,43,2,5,4,20,5,3,1,27,1,1,0,49,2513,2562,12
2020-06-26,47017,47017,36,0,31,0,5,0,4,0,6,0,31,,1,0,34,1820,1854,8
2020-06-26,47015,47015,25,2,25,2,0,0,4,2,4,0,21,,0,0,48,896,944,13
2020-06-26,47013,47013,29,1,26,1,3,0,2,1,2,0,26,,1,0,33,2486,2519,33
2020-06-26,47011,47011,430,9,414,9,16,0,123,-16,28,2,304,25,3,0,476,5661,6137,65
2020-06-26,47009,47009,152,2,147,2,5,0,37,-2,9,0,112,4,3,0,177,6084,6261,125
2020-06-26,47007,47007,616,0,616,0,0,0,4,-1,5,0,611,1,1,0,627,3629,4256,7
2020-06-26,47005,47005,12,0,10,0,2,0,3,-1,2,0,8,1,1,0,11,1019,1030,6
2020-06-26,47003,47003,463,12,463,12,0,0,128,-1,20,2,331,13,4,0,543,3430,3973,31
2020-06-26,47001,47001,89,8,86,8,3,0,26,7,9,1,61,1,2,0,104,6966,7070,94
2020-06-26,47095,47095,691,1,689,1,2,0,4,-5,3,0,687,6,0,0,855,3679,4534,6
2020-06-26,47043,47043,156,5,156,5,0,0,71,4,14,0,85,1,0,0,212,3309,3521,45
2020-06-26,47045,47045,184,3,177,3,7,0,105,3,14,1,79,,0,0,208,2500,2708,39
2020-06-26,47023,47023,16,0,16,0,0,0,4,0,1,0,12,,0,0,20,866,886,8
2020-06-26,47049,47049,15,0,15,0,0,0,3,0,1,0,12,,0,0,15,1248,1263,19
2020-06-26,47047,47047,233,4,230,4,3,0,77,2,19,0,154,2,2,0,288,4967,5255,79
2020-06-26,47089,47089,85,5,77,5,8,0,33,1,2,1,52,4,0,0,82,3660,3742,64
2020-06-26,47087,47087,22,0,22,0,0,0,2,0,1,0,20,,0,0,25,882,907,11
2020-06-26,47085,47085,19,1,18,1,1,0,6,0,1,0,12,1,1,0,26,1181,1207,11
2020-06-26,47083,47083,10,0,10,0,0,0,4,0,4,0,6,,0,0,14,656,670,0
2020-06-26,47081,47081,69,2,69,2,0,0,10,2,2,0,59,,0,0,93,1459,1552,17
2020-06-26,47079,47079,38,1,38,1,0,0,5,1,5,0,33,,0,0,48,2299,2347,12
2020-06-26,47077,47077,28,1,27,1,1,0,10,1,4,1,18,,0,0,33,1470,1503,14
2020-06-26,47075,47075,59,0,57,0,2,0,27,0,9,0,30,,2,0,68,1293,1361,12
2020-06-26,47073,47073,46,3,46,3,0,0,10,1,7,1,34,2,2,0,59,2688,2747,18
2020-06-26,47071,47071,82,2,80,2,2,0,48,2,8,0,29,,5,0,98,2572,2670,45
2020-06-26,47091,47091,30,2,30,2,0,0,6,2,1,0,24,,0,0,32,2435,2467,3
2020-06-26,47067,47067,3,0,2,0,1,0,2,0,1,0,1,,0,0,2,336,338,4
2020-06-26,47065,47065,2264,79,2260,79,4,0,876,41,110,0,1359,38,29,0,2367,23299,25666,613
2020-06-26,47063,47063,170,8,162,8,8,0,64,-2,18,1,102,10,4,0,174,4919,5093,103
2020-06-26,47061,47061,59,1,58,1,1,0,15,-2,10,0,43,3,1,0,64,822,886,2
2020-06-26,47059,47059,68,2,66,2,2,0,12,1,9,0,53,,3,1,75,3419,3494,34
2020-06-26,47057,47057,27,2,25,2,2,0,3,2,4,0,24,,0,0,37,1233,1270,38
2020-06-26,47055,47055,45,2,45,2,0,0,28,2,4,0,17,,0,0,52,1641,1693,22
2020-06-26,47053,47053,84,1,80,1,4,0,21,1,5,0,62,,1,0,96,2999,3095,26
2020-06-26,47051,47051,70,1,69,1,1,0,13,1,8,0,54,,3,0,97,2665,2762,9
2020-06-26,47069,47069,273,4,273,4,0,0,58,3,11,0,214,1,1,0,290,5960,6250,35
2020-06-27,47139,47139,38,2,36,2,2,0,9,1,1,0,29,1,0,0,39,917,956,4
2020-06-27,47127,47127,6,1,6,1,0,0,1,1,0,0,5,,0,0,7,480,487,0
2020-06-27,47129,47129,23,0,23,0,0,0,3,0,1,0,19,,1,0,26,3677,3703,2
2020-06-27,47131,47131,87,8,84,8,3,0,29,8,11,1,56,,2,0,103,2189,2292,36
2020-06-27,47137,47137,6,0,6,0,0,0,2,0,0,0,4,,0,0,6,459,465,-3
2020-06-27,47133,47133,51,1,51,1,0,0,11,1,3,1,40,,0,0,53,1990,2043,5
2020-06-27,,47PEN,246,-56,245,-57,1,1,223,-43,3,0,23,-13,0,0,272,62796,63068,120
2020-06-27,47135,47135,29,1,29,1,0,0,5,1,1,0,24,,0,0,34,537,571,2
2020-06-27,47125,47125,438,4,436,4,2,0,254,-3,34,0,177,7,7,0,501,11986,12487,85
2020-06-27,,47OOS,766,-5,763,-4,3,-1,441,-6,27,-1,318,2,7,-1,736,94194,94930,-1576
2020-06-27,47123,47123,118,2,107,2,11,0,24,1,12,0,90,1,4,0,128,1952,2080,8
2020-06-27,47117,47117,60,6,60,6,0,0,22,5,7,1,37,1,1,0,70,1597,1667,17
2020-06-27,47109,47109,52,2,51,2,1,0,27,2,4,0,25,,0,0,60,1270,1330,8
2020-06-27,47107,47107,203,2,198,2,5,0,38,1,23,0,148,1,17,0,241,3801,4042,5
2020-06-27,47119,47119,276,9,276,9,0,0,136,3,14,1,137,5,3,1,320,4705,5025,48
2020-06-27,47115,47115,57,1,56,1,1,0,10,0,13,0,43,1,4,0,66,1552,1618,7
2020-06-27,47113,47113,228,18,220,11,8,7,53,18,22,0,173,,2,0,275,6767,7042,41
2020-06-27,47111,47111,293,13,289,12,4,1,99,11,15,0,191,2,3,0,321,2117,2438,18
2020-06-27,47105,47105,248,4,232,4,16,0,41,5,8,0,206,-1,1,0,257,3584,3841,22
2020-06-27,47103,47103,52,0,52,0,0,0,19,0,3,0,33,,0,0,62,1967,2029,3
2020-06-27,47101,47101,5,0,5,0,0,0,1,0,0,0,4,,0,0,6,669,675,2
2020-06-27,47121,47121,32,0,32,0,0,0,6,0,4,0,26,,0,0,44,851,895,2
2020-06-27,47141,47141,735,9,732,9,3,0,146,8,16,0,582,1,7,0,860,8489,9349,77
2020-06-27,47189,47189,725,17,723,17,2,0,313,7,49,0,396,9,16,1,867,9905,10772,87
2020-06-27,47145,47145,43,1,33,2,10,-1,11,0,3,0,32,1,0,0,47,5246,5293,19
2020-06-27,47187,47187,945,33,941,33,4,0,450,26,52,0,481,7,14,0,1095,15881,16976,312
2020-06-27,47185,47185,61,1,60,1,1,0,11,0,4,0,47,1,3,0,70,2309,2379,6
2020-06-27,47183,47183,49,1,48,1,1,0,16,1,2,0,32,,1,0,51,2023,2074,13
2020-06-27,47181,47181,74,3,74,3,0,0,6,3,2,0,68,,0,0,75,2487,2562,5
2020-06-27,47179,47179,121,3,116,1,5,2,23,2,7,1,98,1,0,0,142,5845,5987,11
2020-06-27,47177,47177,55,5,55,5,0,0,22,5,0,0,33,,0,0,58,2678,2736,29
2020-06-27,47175,47175,6,0,6,0,0,0,3,0,1,0,3,,0,0,6,466,472,4
2020-06-27,47173,47173,11,0,11,0,0,0,4,0,0,0,7,,0,0,13,945,958,4
2020-06-27,47171,47171,53,0,53,0,0,0,1,0,1,0,52,,0,0,58,1214,1272,1
2020-06-27,47169,47169,1476,3,1473,3,3,0,105,2,15,0,1366,1,5,0,1516,2253,3769,11
2020-06-27,47167,47167,593,9,585,9,8,0,122,8,29,0,467,1,4,0,649,7032,7681,100
2020-06-27,47165,47165,1318,22,1308,22,10,0,714,11,216,2,553,11,51,0,1669,11952,13621,55
2020-06-27,47163,47163,83,4,80,4,3,0,11,3,8,1,70,1,2,0,86,6325,6411,42
2020-06-27,47161,47161,19,0,19,0,0,0,11,0,2,0,8,,0,0,19,729,748,12
2020-06-27,47159,47159,67,5,61,1,6,4,24,3,3,0,42,2,1,0,74,1454,1528,15
2020-06-27,47157,47157,9139,151,9123,151,16,0,2847,45,786,33,6110,105,182,1,10962,117628,128590,2006
2020-06-27,47155,47155,549,13,511,16,38,-3,207,-7,21,0,339,20,3,0,552,7992,8544,74
2020-06-27,47153,47153,24,0,24,0,0,0,5,0,2,0,19,,0,0,32,1317,1349,1
2020-06-27,47151,47151,14,0,13,0,1,0,1,0,0,0,13,,0,0,13,1135,1148,4
2020-06-27,47149,47149,2362,25,2355,25,7,0,1258,-5,111,1,1070,30,34,0,2816,19100,21916,111
2020-06-27,47147,47147,751,9,748,8,3,1,289,5,53,0,451,4,11,0,937,5674,6611,45
2020-06-27,47143,47143,262,3,262,3,0,0,25,0,4,1,237,3,0,0,284,2534,2818,16
2020-06-27,47099,47099,113,9,113,9,0,0,61,6,8,1,48,3,4,0,130,2549,2679,14
2020-06-27,47097,47097,99,12,97,12,2,0,36,5,13,0,61,7,2,0,117,4094,4211,34
2020-06-27,47093,47093,878,54,861,55,17,-1,320,45,58,4,553,9,5,0,965,30829,31794,252
2020-06-27,47041,47041,47,0,47,0,0,0,9,0,0,0,38,,0,0,56,1735,1791,7
2020-06-27,47039,47039,18,1,16,0,2,1,4,1,1,0,14,,0,0,21,752,773,3
2020-06-27,47037,47037,8675,128,8665,127,10,1,2795,58,483,8,5770,65,110,5,10234,72056,82290,3500
2020-06-27,47035,47035,159,0,158,0,1,0,35,-3,13,0,121,3,3,0,208,6451,6659,7
2020-06-27,47033,47033,28,1,26,1,2,0,7,1,2,0,18,,3,0,33,735,768,0
2020-06-27,47031,47031,103,0,102,0,1,0,20,0,5,0,83,,0,0,126,3557,3683,13
2020-06-27,47029,47029,48,6,40,4,8,2,18,5,2,0,30,1,0,0,47,1870,1917,32
2020-06-27,47027,47027,13,0,13,0,0,0,2,0,0,0,11,,0,0,13,642,655,-1
2020-06-27,47025,47025,21,2,21,2,0,0,9,2,1,0,12,,0,0,26,1497,1523,10
2020-06-27,47023,47023,19,3,19,3,0,0,6,2,1,0,13,1,0,0,24,867,891,5
2020-06-27,47021,47021,194,4,194,4,0,0,96,2,10,0,98,2,0,0,234,2833,3067,27
2020-06-27,47019,47019,49,1,44,1,5,0,18,-2,3,0,30,3,1,0,51,2514,2565,3
2020-06-27,47017,47017,38,2,33,2,5,0,6,2,6,0,31,,1,0,36,1829,1865,11
2020-06-27,47015,47015,25,0,25,0,0,0,4,0,4,0,21,,0,0,43,908,951,7
2020-06-27,47013,47013,31,2,28,2,3,0,4,2,3,1,26,,1,0,36,2502,2538,19
2020-06-27,47011,47011,444,14,428,14,16,0,131,8,29,1,310,6,3,0,492,5670,6162,25
2020-06-27,47009,47009,156,4,151,4,5,0,37,0,9,0,116,4,3,0,180,6127,6307,46
2020-06-27,47007,47007,616,0,616,0,0,0,4,0,5,0,611,,1,0,628,3634,4262,6
2020-06-27,47005,47005,12,0,10,0,2,0,3,0,2,0,8,,1,0,11,1023,1034,4
2020-06-27,47003,47003,482,19,482,19,0,0,144,16,21,1,333,2,5,1,560,3448,4008,35
2020-06-27,47001,47001,90,1,87,1,3,0,26,0,9,0,62,1,2,0,104,6990,7094,24
2020-06-27,47043,47043,159,3,159,3,0,0,73,2,14,0,86,1,0,0,212,3319,3531,10
2020-06-27,47045,47045,192,8,185,8,7,0,109,4,16,2,83,4,0,0,210,2515,2725,17
2020-06-27,47095,47095,691,0,689,0,2,0,4,0,3,0,687,,0,0,855,3683,4538,4
2020-06-27,47049,47049,16,1,16,1,0,0,4,1,1,0,12,,0,0,16,1252,1268,5
2020-06-27,47091,47091,34,4,33,3,1,1,10,4,1,0,24,,0,0,34,2436,2470,3
2020-06-27,47089,47089,91,6,80,3,11,3,39,6,3,1,52,,0,0,85,3676,3761,19
2020-06-27,47087,47087,22,0,22,0,0,0,2,0,1,0,20,,0,0,25,881,906,-1
2020-06-27,47085,47085,20,1,19,1,1,0,7,1,1,0,12,,1,0,28,1185,1213,6
2020-06-27,47083,47083,10,0,10,0,0,0,4,0,4,0,6,,0,0,14,661,675,5
2020-06-27,47081,47081,69,0,69,0,0,0,9,-1,2,0,60,1,0,0,94,1463,1557,5
2020-06-27,47079,47079,40,2,40,2,0,0,7,2,5,0,33,,0,0,51,2303,2354,7
2020-06-27,47077,47077,31,3,29,2,2,1,13,3,4,0,18,,0,0,36,1468,1504,1
2020-06-27,47075,47075,62,3,60,3,2,0,29,2,10,1,31,1,2,0,69,1301,1370,9
2020-06-27,47073,47073,45,-1,45,-1,0,0,8,-2,7,0,35,1,2,0,59,2701,2760,13
2020-06-27,47047,47047,244,11,241,11,3,0,83,6,20,1,159,5,2,0,298,5028,5326,71
2020-06-27,47069,47069,276,3,276,3,0,0,61,3,11,0,214,,1,0,292,5969,6261,11
2020-06-27,47067,47067,3,0,2,0,1,0,1,-1,1,0,2,1,0,0,2,337,339,1
2020-06-27,47065,47065,2321,57,2317,57,4,0,875,-1,112,2,1417,58,29,0,2407,23425,25832,166
2020-06-27,47063,47063,181,11,172,10,9,1,58,-6,18,0,119,17,4,0,191,4986,5177,84
2020-06-27,47061,47061,59,0,58,0,1,0,14,-1,10,0,44,1,1,0,64,821,885,-1
2020-06-27,47059,47059,74,6,71,5,3,1,18,6,9,0,54,1,2,-1,80,3422,3502,8
2020-06-27,47057,47057,28,1,24,-1,4,2,4,1,5,1,24,,0,0,36,1245,1281,11
2020-06-27,47055,47055,45,0,45,0,0,0,28,0,4,0,17,,0,0,52,1646,1698,5
2020-06-27,47053,47053,90,6,82,2,8,4,26,5,5,0,63,1,1,0,104,3001,3105,10
2020-06-27,47051,47051,73,3,71,2,2,1,14,1,8,0,56,2,3,0,98,2668,2766,4
2020-06-27,47071,47071,89,7,86,6,3,1,55,7,8,0,29,,5,0,103,2587,2690,20
2020-06-29,47129,47129,23,0,23,0,0,0,2,-1,1,0,20,1,1,0,26,3713,3739,36
2020-06-29,47131,47131,93,6,90,6,3,0,34,5,11,0,57,1,2,0,110,2275,2385,93
2020-06-29,,47OOS,909,143,907,144,2,-1,574,133,27,0,328,10,7,0,854,97329,98183,3253
2020-06-29,47139,47139,41,3,39,3,2,0,11,2,1,0,30,1,0,0,42,950,992,36
2020-06-29,,47PEN,385,139,385,140,0,-1,360,137,4,1,25,2,0,0,419,65200,65619,2551
2020-06-29,47135,47135,30,1,30,1,0,0,6,1,1,0,24,,0,0,35,545,580,9
2020-06-29,47137,47137,6,0,6,0,0,0,2,0,0,0,4,,0,0,6,469,475,10
2020-06-29,47127,47127,6,0,6,0,0,0,1,0,0,0,5,,0,0,7,490,497,10
2020-06-29,47133,47133,55,4,55,4,0,0,15,4,3,0,40,,0,0,57,2068,2125,82
2020-06-29,47125,47125,464,26,462,26,2,0,279,25,34,0,178,1,7,0,529,12445,12974,487
2020-06-29,47115,47115,61,4,60,4,1,0,13,3,13,0,44,1,4,0,70,1595,1665,47
2020-06-29,47109,47109,56,4,55,4,1,0,29,2,5,1,27,2,0,0,64,1310,1374,44
2020-06-29,47107,47107,212,9,208,10,4,-1,43,5,25,2,152,4,17,0,253,3963,4216,174
2020-06-29,47119,47119,282,6,282,6,0,0,128,-8,14,0,151,14,3,0,331,4808,5139,114
2020-06-29,47117,47117,67,7,67,7,0,0,26,4,7,0,40,3,1,0,78,1684,1762,95
2020-06-29,47113,47113,233,5,225,5,8,0,58,5,23,1,173,,2,0,282,6878,7160,118
2020-06-29,47111,47111,361,68,357,68,4,0,166,67,15,0,192,1,3,0,392,2326,2718,280
2020-06-29,47105,47105,254,6,237,5,17,1,42,1,8,0,211,5,1,0,261,3707,3968,127
2020-06-29,47103,47103,53,1,53,1,0,0,19,0,3,0,34,1,0,0,66,2027,2093,64
2020-06-29,47101,47101,5,0,5,0,0,0,1,0,0,0,4,,0,0,6,681,687,12
2020-06-29,47141,47141,773,38,770,38,3,0,181,35,17,1,585,3,7,0,902,8788,9690,341
2020-06-29,47123,47123,118,0,107,0,11,0,24,0,12,0,90,,4,0,129,2017,2146,66
2020-06-29,47143,47143,266,4,266,4,0,0,27,2,4,0,239,2,0,0,290,2640,2930,112
2020-06-29,47165,47165,1371,53,1361,53,10,0,751,37,216,0,569,16,51,0,1730,12441,14171,550
2020-06-29,47147,47147,768,17,765,17,3,0,298,9,53,0,459,8,11,0,955,5831,6786,175
2020-06-29,47189,47189,762,37,760,37,2,0,344,31,51,2,401,5,17,1,908,10415,11323,551
2020-06-29,47187,47187,1001,56,997,56,4,0,498,48,52,0,489,8,14,0,1164,16579,17743,767
2020-06-29,47185,47185,63,2,62,2,1,0,12,1,4,0,48,1,3,0,73,2384,2457,78
2020-06-29,47183,47183,56,7,55,7,1,0,21,5,3,1,34,2,1,0,58,2107,2165,91
2020-06-29,47181,47181,75,1,75,1,0,0,7,1,2,0,68,,0,0,76,2519,2595,33
2020-06-29,47179,47179,128,7,123,7,5,0,28,5,7,0,100,2,0,0,149,6162,6311,324
2020-06-29,47177,47177,58,3,58,3,0,0,25,3,0,0,33,,0,0,61,2752,2813,77
2020-06-29,47175,47175,7,1,7,1,0,0,4,1,1,0,3,,0,0,7,469,476,4
2020-06-29,47173,47173,12,1,12,1,0,0,5,1,0,0,7,,0,0,14,991,1005,47
2020-06-29,47171,47171,53,0,53,0,0,0,1,0,1,0,52,,0,0,58,1246,1304,32
2020-06-29,47169,47169,1482,6,1479,6,3,0,58,-47,15,0,1419,53,5,0,1520,2305,3825,56
2020-06-29,47167,47167,605,12,596,11,9,1,128,6,30,1,473,6,4,0,660,7284,7944,263
2020-06-29,47099,47099,116,3,116,3,0,0,56,-5,8,0,56,8,4,0,135,2671,2806,127
2020-06-29,47163,47163,87,4,84,4,3,0,13,2,8,0,72,2,2,0,91,6472,6563,152
2020-06-29,47161,47161,20,1,20,1,0,0,11,0,2,0,9,1,0,0,20,746,766,18
2020-06-29,47159,47159,79,12,72,11,7,1,32,8,3,0,46,4,1,0,85,1498,1583,55
2020-06-29,47157,47157,9671,532,9655,532,16,0,3143,296,791,5,6342,232,186,4,11590,122689,134279,5689
2020-06-29,47155,47155,588,39,544,33,44,6,231,24,21,0,354,15,3,0,594,8380,8974,430
2020-06-29,47153,47153,24,0,24,0,0,0,5,0,2,0,19,,0,0,32,1361,1393,44
2020-06-29,47151,47151,14,0,13,0,1,0,1,0,0,0,13,,0,0,13,1160,1173,25
2020-06-29,47149,47149,2450,88,2443,88,7,0,1299,41,112,1,1117,47,34,0,2927,19794,22721,805
2020-06-29,47145,47145,43,0,33,0,10,0,11,0,3,0,32,,0,0,48,5400,5448,155
2020-06-29,47097,47097,111,12,109,12,2,0,45,9,13,0,64,3,2,0,133,4185,4318,107
2020-06-29,47121,47121,32,0,32,0,0,0,5,-1,4,0,27,1,0,0,44,887,931,36
2020-06-29,47093,47093,947,69,928,67,19,2,379,59,62,4,563,10,5,0,1045,32660,33705,1911
2020-06-29,47041,47041,50,3,50,3,0,0,12,3,0,0,38,,0,0,60,1802,1862,71
2020-06-29,47039,47039,19,1,17,1,2,0,4,0,1,0,15,1,0,0,22,768,790,17
2020-06-29,47037,47037,9016,341,9006,341,10,0,3000,205,484,1,5906,136,110,0,10636,74242,84878,2588
2020-06-29,47035,47035,165,6,164,6,1,0,41,6,13,0,121,,3,0,216,6632,6848,189
2020-06-29,47033,47033,30,2,28,2,2,0,9,2,2,0,18,,3,0,35,750,785,17
2020-06-29,47031,47031,105,2,104,2,1,0,20,0,5,0,85,2,0,0,129,3674,3803,120
2020-06-29,47029,47029,51,3,42,2,9,1,19,1,2,0,32,2,0,0,48,1987,2035,118
2020-06-29,47027,47027,14,1,14,1,0,0,3,1,0,0,11,,0,0,14,671,685,30
2020-06-29,47025,47025,24,3,23,2,1,1,11,2,1,0,13,1,0,0,26,1588,1614,91
2020-06-29,47023,47023,21,2,21,2,0,0,8,2,1,0,13,,0,0,25,883,908,17
2020-06-29,47021,47021,195,1,195,1,0,0,94,-2,11,1,100,2,1,1,233,2914,3147,80
2020-06-29,47019,47019,52,3,47,3,5,0,20,2,4,1,31,1,1,0,52,2687,2739,174
2020-06-29,47017,47017,39,1,34,1,5,0,7,1,6,0,31,,1,0,37,1845,1882,17
2020-06-29,47015,47015,26,1,26,1,0,0,5,1,4,0,21,,0,0,46,926,972,21
2020-06-29,47013,47013,31,0,28,0,3,0,4,0,3,0,26,,1,0,38,2570,2608,70
2020-06-29,47011,47011,493,49,473,45,20,4,171,40,31,2,319,9,3,0,543,5962,6505,343
2020-06-29,47009,47009,162,6,155,4,7,2,33,-4,9,0,126,10,3,0,184,6415,6599,292
2020-06-29,47007,47007,616,0,616,0,0,0,3,-1,5,0,612,1,1,0,628,3673,4301,39
2020-06-29,47005,47005,12,0,10,0,2,0,3,0,2,0,8,,1,0,11,1033,1044,10
2020-06-29,47003,47003,502,20,502,20,0,0,142,-2,21,0,355,22,5,0,582,3546,4128,120
2020-06-29,47095,47095,691,0,689,0,2,0,3,-1,3,0,688,1,0,0,856,3697,4553,15
2020-06-29,47043,47043,168,9,168,9,0,0,82,9,14,0,86,,0,0,224,3380,3604,73
2020-06-29,47045,47045,206,14,198,13,8,1,120,11,17,1,86,3,0,0,223,2611,2834,109
2020-06-29,47001,47001,97,7,92,5,5,2,29,3,9,0,66,4,2,0,110,7251,7361,267
2020-06-29,47049,47049,17,1,17,1,0,0,5,1,1,0,12,,0,0,17,1272,1289,21
2020-06-29,47047,47047,263,19,260,19,3,0,94,11,21,1,167,8,2,0,318,5212,5530,204
2020-06-29,47089,47089,99,8,88,8,11,0,46,7,5,2,53,1,0,0,94,3817,3911,150
2020-06-29,47087,47087,23,1,23,1,0,0,3,1,1,0,20,,0,0,26,896,922,16
2020-06-29,47085,47085,20,0,19,0,1,0,7,0,1,0,12,,1,0,28,1214,1242,29
2020-06-29,47083,47083,12,2,12,2,0,0,5,1,4,0,7,1,0,0,16,675,691,16
2020-06-29,47081,47081,70,1,70,1,0,0,10,1,2,0,60,,0,0,95,1507,1602,45
2020-06-29,47079,47079,42,2,42,2,0,0,8,1,5,0,34,1,0,0,53,2345,2398,44
2020-06-29,47077,47077,31,0,29,0,2,0,13,0,4,0,18,,0,0,37,1505,1542,38
2020-06-29,47075,47075,67,5,65,5,2,0,34,5,10,0,31,,2,0,75,1331,1406,36
2020-06-29,47073,47073,49,4,49,4,0,0,12,4,7,0,35,,2,0,62,2806,2868,108
2020-06-29,47091,47091,35,1,34,1,1,0,11,1,1,0,24,,0,0,35,2487,2522,52
2020-06-29,47069,47069,287,11,286,10,1,1,71,10,13,2,215,1,1,0,302,6033,6335,74
2020-06-29,47067,47067,3,0,2,0,1,0,0,-1,1,0,3,1,0,0,2,369,371,32
2020-06-29,47065,47065,2433,112,2428,111,5,1,875,0,116,4,1528,111,30,1,2564,24671,27235,1403
2020-06-29,47063,47063,204,23,194,22,10,1,80,22,18,0,120,1,4,0,214,5148,5362,185
2020-06-29,47061,47061,59,0,58,0,1,0,12,-2,10,0,46,2,1,0,64,851,915,30
2020-06-29,47059,47059,81,7,77,6,4,1,24,6,9,0,55,1,2,0,85,3529,3614,112
2020-06-29,47057,47057,32,4,28,4,4,0,8,4,5,0,24,,0,0,40,1301,1341,60
2020-06-29,47055,47055,50,5,50,5,0,0,30,2,4,0,19,2,1,1,57,1729,1786,88
2020-06-29,47053,47053,97,7,88,6,9,1,33,7,5,0,63,,1,0,108,3047,3155,50
2020-06-29,47051,47051,73,0,71,0,2,0,12,-2,8,0,58,2,3,0,100,2765,2865,99
2020-06-29,47071,47071,89,0,86,0,3,0,55,0,8,0,29,,5,0,104,2672,2776,86
2020-06-30,47103,47103,56,3,56,3,0,0,20,1,4,1,36,2,0,0,69,2053,2122,29
2020-06-30,47129,47129,24,1,24,1,0,0,3,1,1,0,20,,1,0,28,3729,3757,18
2020-06-30,47131,47131,94,1,91,1,3,0,32,-2,12,1,60,3,2,0,111,2304,2415,30
2020-06-30,,47OOS,952,43,950,43,2,0,611,37,27,0,334,6,7,0,936,97238,98174,-9
2020-06-30,47139,47139,41,0,39,0,2,0,10,-1,1,0,31,1,0,0,42,963,1005,13
2020-06-30,,47PEN,369,-16,369,-16,0,0,342,-18,5,1,27,2,0,0,405,66244,66649,1030
2020-06-30,47135,47135,31,1,31,1,0,0,6,0,1,0,25,1,0,0,36,545,581,1
2020-06-30,47137,47137,6,0,6,0,0,0,2,0,0,0,4,,0,0,6,469,475,0
2020-06-30,47133,47133,56,1,56,1,0,0,16,1,3,0,40,,0,0,58,2074,2132,7
2020-06-30,47127,47127,7,1,7,1,0,0,2,1,0,0,5,,0,0,8,493,501,4
2020-06-30,47119,47119,287,5,287,5,0,0,127,-1,15,1,157,6,3,0,339,4888,5227,88
2020-06-30,47123,47123,132,14,120,13,12,1,37,13,12,0,91,1,4,0,144,2038,2182,36
2020-06-30,47121,47121,32,0,32,0,0,0,5,0,4,0,27,,0,0,45,897,942,11
2020-06-30,47109,47109,58,2,57,2,1,0,29,0,5,0,29,2,0,0,66,1339,1405,31
2020-06-30,47107,47107,210,-2,208,0,2,-2,36,-7,25,0,157,5,17,0,254,4064,4318,102
2020-06-30,47117,47117,71,4,71,4,0,0,28,2,8,1,42,2,1,0,82,1722,1804,42
2020-06-30,47115,47115,64,3,63,3,1,0,16,3,13,0,44,,4,0,73,1629,1702,37
2020-06-30,47113,47113,247,14,235,10,12,4,72,14,22,-1,173,,2,0,294,6955,7249,89
2020-06-30,47111,47111,394,33,390,33,4,0,195,29,15,0,196,4,3,0,424,2434,2858,140
2020-06-30,47105,47105,261,7,246,9,15,-2,49,7,9,1,211,,1,0,268,3764,4032,64
2020-06-30,47141,47141,783,10,780,10,3,0,186,5,18,1,590,5,7,0,913,8809,9722,32
2020-06-30,47125,47125,479,15,477,15,2,0,287,8,34,0,185,7,7,0,547,12579,13126,152
2020-06-30,47143,47143,269,3,269,3,0,0,30,3,4,0,239,,0,0,295,2681,2976,46
2020-06-30,47165,47165,1417,46,1407,46,10,0,785,34,221,5,580,11,52,1,1784,12770,14554,383
2020-06-30,47147,47147,776,8,773,8,3,0,300,2,55,2,465,6,11,0,964,5845,6809,23
2020-06-30,47101,47101,6,1,6,1,0,0,1,0,1,1,5,1,0,0,7,686,693,6
2020-06-30,47189,47189,779,17,777,17,2,0,345,1,51,0,417,16,17,0,929,10582,11511,188
2020-06-30,47187,47187,1013,12,1009,12,4,0,491,-7,53,1,508,19,14,0,1186,16832,18018,275
2020-06-30,47185,47185,63,0,62,0,1,0,11,-1,4,0,49,1,3,0,73,2400,2473,16
2020-06-30,47183,47183,60,4,59,4,1,0,22,1,3,0,37,3,1,0,62,2135,2197,32
2020-06-30,47181,47181,77,2,77,2,0,0,9,2,2,0,68,,0,0,78,2538,2616,21
2020-06-30,47179,47179,131,3,125,2,6,1,27,-1,7,0,104,4,0,0,149,6273,6422,111
2020-06-30,47177,47177,62,4,62,4,0,0,29,4,0,0,33,,0,0,65,2816,2881,68
2020-06-30,47175,47175,7,0,7,0,0,0,4,0,1,0,3,,0,0,7,476,483,7
2020-06-30,47173,47173,12,0,12,0,0,0,5,0,0,0,7,,0,0,13,1017,1030,25
2020-06-30,47171,47171,54,1,54,1,0,0,2,1,1,0,52,,0,0,59,1250,1309,5
2020-06-30,47169,47169,1485,3,1482,3,3,0,59,1,15,0,1421,2,5,0,1524,2325,3849,24
2020-06-30,47167,47167,607,2,598,2,9,0,125,-3,30,0,478,5,4,0,666,7413,8079,135
2020-06-30,47163,47163,89,2,86,2,3,0,13,0,9,1,74,2,2,0,93,6584,6677,114
2020-06-30,47161,47161,21,1,21,1,0,0,12,1,2,0,9,,0,0,22,754,776,10
2020-06-30,47159,47159,90,11,83,11,7,0,42,10,3,0,47,1,1,0,95,1525,1620,37
2020-06-30,47157,47157,10028,357,10011,356,17,1,3307,164,813,22,6529,187,192,6,12016,126005,138021,3742
2020-06-30,47155,47155,608,20,564,20,44,0,237,6,22,1,368,14,3,0,610,8455,9065,91
2020-06-30,47153,47153,24,0,24,0,0,0,3,-2,2,0,21,2,0,0,32,1432,1464,71
2020-06-30,47151,47151,14,0,13,0,1,0,1,0,0,0,13,,0,0,13,1171,1184,11
2020-06-30,47149,47149,2528,78,2521,78,7,0,1338,39,114,2,1156,39,34,0,3025,20108,23133,412
2020-06-30,47145,47145,44,1,34,1,10,0,12,1,3,0,32,,0,0,49,5445,5494,46
2020-06-30,47099,47099,124,8,124,8,0,0,62,6,9,1,57,1,5,1,145,2781,2926,120
2020-06-30,47025,47025,25,1,25,2,0,-1,12,1,1,0,13,,0,0,30,1610,1640,26
2020-06-30,47095,47095,690,-1,688,-1,2,0,2,-1,3,0,688,,0,0,855,3706,4561,8
2020-06-30,47043,47043,175,7,175,7,0,0,89,7,14,0,86,,0,0,232,3425,3657,53
2020-06-30,47041,47041,52,2,52,2,0,0,14,2,0,0,38,,0,0,62,1863,1925,63
2020-06-30,47039,47039,21,2,19,2,2,0,6,2,1,0,15,,0,0,24,774,798,8
2020-06-30,47037,47037,9237,221,9226,220,11,1,3096,96,492,8,6028,122,113,3,10910,78329,89239,4361
2020-06-30,47035,47035,168,3,167,3,1,0,43,2,13,0,122,1,3,0,221,6680,6901,53
2020-06-30,47033,47033,31,1,29,1,2,0,10,1,3,1,18,,3,0,36,757,793,8
2020-06-30,47031,47031,108,3,107,3,1,0,23,3,5,0,85,,0,0,132,3736,3868,65
2020-06-30,47029,47029,58,7,50,8,8,-1,25,6,2,0,33,1,0,0,56,2014,2070,35
2020-06-30,47027,47027,16,2,16,2,0,0,5,2,0,0,11,,0,0,16,677,693,8
2020-06-30,47023,47023,23,2,23,2,0,0,10,2,1,0,13,,0,0,27,891,918,10
2020-06-30,47021,47021,202,7,202,7,0,0,100,6,11,0,101,1,1,0,243,2941,3184,37
2020-06-30,47019,47019,54,2,49,2,5,0,17,-3,5,1,36,5,1,0,53,2702,2755,16
2020-06-30,47017,47017,39,0,34,0,5,0,6,-1,6,0,32,1,1,0,37,1863,1900,18
2020-06-30,47015,47015,27,1,27,1,0,0,6,1,4,0,21,,0,0,50,933,983,11
2020-06-30,47013,47013,36,5,33,5,3,0,9,5,3,0,26,,1,0,43,2612,2655,47
2020-06-30,47011,47011,550,57,529,56,21,1,214,43,33,2,333,14,3,0,601,6074,6675,170
2020-06-30,47009,47009,173,11,166,11,7,0,43,10,9,0,127,1,3,0,193,6540,6733,134
2020-06-30,47007,47007,617,1,617,1,0,0,4,1,5,0,612,,1,0,628,3684,4312,11
2020-06-30,47005,47005,12,0,10,0,2,0,3,0,2,0,8,,1,0,11,1045,1056,12
2020-06-30,47003,47003,513,11,513,11,0,0,141,-1,21,0,367,12,5,0,597,3566,4163,35
2020-06-30,47097,47097,119,8,117,8,2,0,51,6,13,0,66,2,2,0,138,4230,4368,50
2020-06-30,47045,47045,214,8,206,8,8,0,125,5,20,3,88,2,1,1,232,2656,2888,54
2020-06-30,47047,47047,273,10,270,10,3,0,100,6,21,0,171,4,2,0,329,5320,5649,119
2020-06-30,47001,47001,102,5,98,6,4,-1,32,3,10,1,68,2,2,0,120,7372,7492,131
2020-06-30,47051,47051,75,2,73,2,2,0,14,2,8,0,58,,3,0,104,2799,2903,38
2020-06-30,47049,47049,17,0,17,0,0,0,3,-2,1,0,14,2,0,0,17,1274,1291,2
2020-06-30,47091,47091,36,1,35,1,1,0,11,0,2,1,25,1,0,0,38,2488,2526,4
2020-06-30,47089,47089,102,3,92,4,10,-1,46,0,5,0,56,3,0,0,100,3844,3944,33
2020-06-30,47087,47087,26,3,26,3,0,0,6,3,1,0,20,,0,0,29,905,934,12
2020-06-30,47085,47085,22,2,21,2,1,0,9,2,1,0,12,,1,0,30,1216,1246,4
2020-06-30,47083,47083,12,0,12,0,0,0,5,0,4,0,7,,0,0,17,681,698,7
2020-06-30,47081,47081,70,0,70,0,0,0,10,0,2,0,60,,0,0,94,1520,1614,12
2020-06-30,47079,47079,42,0,42,0,0,0,7,-1,5,0,35,1,0,0,53,2401,2454,56
2020-06-30,47077,47077,32,1,30,1,2,0,14,1,4,0,18,,0,0,40,1530,1570,28
2020-06-30,47075,47075,71,4,69,4,2,0,37,3,11,1,32,1,2,0,79,1356,1435,29
2020-06-30,47073,47073,51,2,51,2,0,0,10,-2,7,0,39,4,2,0,64,2818,2882,14
2020-06-30,47093,47093,967,20,950,22,17,-2,393,14,64,2,569,6,5,0,1082,33592,34674,969
2020-06-30,47069,47069,299,12,298,12,1,0,72,1,14,1,226,11,1,0,315,6070,6385,50
2020-06-30,47067,47067,3,0,2,0,1,0,0,0,1,0,3,,0,0,2,371,373,2
2020-06-30,47065,47065,2466,33,2461,33,5,0,838,-37,118,2,1598,70,30,0,2660,25328,27988,753
2020-06-30,47063,47063,220,16,210,16,10,0,92,12,18,0,124,4,4,0,229,5189,5418,56
2020-06-30,47061,47061,58,-1,57,-1,1,0,11,-1,10,0,46,,1,0,65,873,938,23
2020-06-30,47059,47059,85,4,81,4,4,0,27,3,9,0,56,1,2,0,90,3564,3654,40
2020-06-30,47057,47057,35,3,31,3,4,0,9,1,5,0,26,2,0,0,43,1319,1362,21
2020-06-30,47055,47055,50,0,50,0,0,0,29,-1,4,0,20,1,1,0,58,1906,1964,178
2020-06-30,47053,47053,100,3,90,2,10,1,35,2,6,1,64,1,1,0,111,3078,3189,34
2020-06-30,47071,47071,93,4,90,4,3,0,59,4,8,0,29,,5,0,108,2715,2823,47
2020-07-01,47101,47101,7,1,7,1,0,0,2,1,1,0,5,,0,0,8,714,722,29
2020-07-01,47127,47127,8,1,8,1,0,0,3,1,0,0,5,,0,0,10,505,515,14
2020-07-01,47129,47129,24,0,24,0,0,0,3,0,1,0,20,,1,0,28,3761,3789,32
2020-07-01,47131,47131,98,4,95,4,3,0,36,4,12,0,60,,2,0,117,2365,2482,67
2020-07-01,47137,47137,6,0,6,0,0,0,2,0,0,0,4,,0,0,6,477,483,8
2020-07-01,47133,47133,57,1,57,1,0,0,15,-1,3,0,41,1,1,1,59,2122,2181,49
2020-07-01,,47PEN,425,56,424,55,1,1,390,48,8,3,34,7,1,1,472,67605,68077,1428
2020-07-01,47135,47135,32,1,32,1,0,0,6,0,1,0,26,1,0,0,37,558,595,14
2020-07-01,,47OOS,1044,92,1042,92,2,0,695,84,28,1,342,8,7,0,1007,98690,99697,1523
2020-07-01,47125,47125,493,14,491,14,2,0,298,11,34,0,188,3,7,0,566,12755,13321,195
2020-07-01,47119,47119,297,10,297,10,0,0,127,0,15,0,167,10,3,0,356,5004,5360,133
2020-07-01,47121,47121,32,0,32,0,0,0,5,0,4,0,27,,0,0,46,917,963,21
2020-07-01,47109,47109,62,4,61,4,1,0,31,2,5,0,31,2,0,0,69,1357,1426,21
2020-07-01,47107,47107,216,6,213,5,3,1,41,5,25,0,158,1,17,0,263,4227,4490,172
2020-07-01,47117,47117,73,2,73,2,0,0,29,1,8,0,43,1,1,0,85,1759,1844,40
2020-07-01,47115,47115,67,3,66,3,1,0,17,1,13,0,46,2,4,0,76,1693,1769,67
2020-07-01,47113,47113,255,8,235,0,20,8,79,7,22,0,174,1,2,0,307,7051,7358,109
2020-07-01,47111,47111,409,15,406,16,3,-1,210,15,15,0,196,,3,0,447,2501,2948,90
2020-07-01,47105,47105,265,4,250,4,15,0,52,3,9,0,212,1,1,0,277,3828,4105,73
2020-07-01,47103,47103,59,3,59,3,0,0,18,-2,4,0,41,5,0,0,74,2103,2177,55
2020-07-01,47139,47139,41,0,39,0,2,0,10,0,1,0,31,,0,0,42,1012,1054,49
2020-07-01,47123,47123,135,3,124,4,11,-1,40,3,12,0,91,,4,0,148,2062,2210,28
2020-07-01,47141,47141,805,22,802,22,3,0,206,20,19,1,592,2,7,0,949,9336,10285,563
2020-07-01,47163,47163,91,2,88,2,3,0,13,0,9,0,76,2,2,0,95,6786,6881,204
2020-07-01,47145,47145,46,2,36,2,10,0,14,2,3,0,32,,0,0,52,5537,5589,95
2020-07-01,47099,47099,133,9,133,9,0,0,65,3,10,1,63,6,5,0,161,2854,3015,89
2020-07-01,47187,47187,1090,77,1086,77,4,0,553,62,53,0,523,15,14,0,1270,17576,18846,828
2020-07-01,47185,47185,64,1,63,1,1,0,12,1,4,0,49,,3,0,76,2466,2542,69
2020-07-01,47183,47183,61,1,60,1,1,0,23,1,3,0,37,,1,0,63,2176,2239,42
2020-07-01,47181,47181,77,0,77,0,0,0,9,0,2,0,68,,0,0,78,2563,2641,25
2020-07-01,47179,47179,134,3,127,2,7,1,29,2,7,0,105,1,0,0,156,6441,6597,175
2020-07-01,47177,47177,65,3,65,3,0,0,31,2,0,0,34,1,0,0,69,2968,3037,156
2020-07-01,47175,47175,7,0,7,0,0,0,4,0,1,0,3,,0,0,7,481,488,5
2020-07-01,47173,47173,13,1,13,1,0,0,6,1,0,0,7,,0,0,14,1030,1044,14
2020-07-01,47171,47171,54,0,54,0,0,0,2,0,1,0,52,,0,0,60,1262,1322,13
2020-07-01,47169,47169,1489,4,1486,4,3,0,62,3,15,0,1422,1,5,0,1528,2342,3870,21
2020-07-01,47167,47167,611,4,603,5,8,-1,123,-2,31,1,484,6,4,0,673,7541,8214,135
2020-07-01,47165,47165,1469,52,1459,52,10,0,822,37,222,1,595,15,52,0,1840,13070,14910,356
2020-07-01,47161,47161,21,0,21,0,0,0,12,0,2,0,9,,0,0,23,766,789,13
2020-07-01,47159,47159,96,6,89,6,7,0,47,5,3,0,48,1,1,0,101,1558,1659,39
2020-07-01,47157,47157,10344,316,10326,315,18,1,3412,105,828,15,6739,210,193,1,12398,129055,141453,3432
2020-07-01,47155,47155,657,49,611,47,46,2,266,29,23,1,388,20,3,0,666,8749,9415,350
2020-07-01,47153,47153,28,4,28,4,0,0,6,3,2,0,22,1,0,0,37,1472,1509,45
2020-07-01,47151,47151,15,1,14,1,1,0,2,1,0,0,13,,0,0,14,1185,1199,15
2020-07-01,47149,47149,2648,120,2641,120,7,0,1417,79,115,1,1196,40,35,1,3163,20991,24154,1021
2020-07-01,47147,47147,792,16,790,17,2,-1,304,4,55,0,477,12,11,0,986,6010,6996,187
2020-07-01,47143,47143,272,3,272,3,0,0,34,4,5,1,238,-1,0,0,297,2744,3041,65
2020-07-01,47097,47097,120,1,118,1,2,0,52,1,13,0,66,,2,0,139,4268,4407,39
2020-07-01,47189,47189,829,50,827,50,2,0,388,43,51,0,424,7,17,0,990,11088,12078,567
2020-07-01,47093,47093,982,15,965,15,17,0,393,0,66,2,584,15,5,0,1130,34819,35949,1275
2020-07-01,47041,47041,54,2,54,2,0,0,16,2,0,0,38,,0,0,64,1889,1953,28
2020-07-01,47039,47039,21,0,19,0,2,0,6,0,1,0,15,,0,0,24,791,815,17
2020-07-01,47037,47037,9769,532,9757,531,12,1,3459,363,496,4,6196,168,114,1,11542,83735,95277,6038
2020-07-01,47035,47035,173,5,172,5,1,0,48,5,14,1,122,,3,0,229,6839,7068,167
2020-07-01,47033,47033,31,0,29,0,2,0,10,0,3,0,18,,3,0,37,776,813,20
2020-07-01,47031,47031,109,1,108,1,1,0,23,0,5,0,86,1,0,0,136,3963,4099,231
2020-07-01,47029,47029,70,12,62,12,8,0,32,7,2,0,38,5,0,0,70,2079,2149,79
2020-07-01,47027,47027,16,0,16,0,0,0,5,0,0,0,11,,0,0,16,689,705,12
2020-07-01,47025,47025,28,3,28,3,0,0,15,3,1,0,13,,0,0,34,1633,1667,27
2020-07-01,47023,47023,23,0,23,0,0,0,10,0,1,0,13,,0,0,29,900,929,11
2020-07-01,47021,47021,214,12,214,12,0,0,110,10,11,0,103,2,1,0,256,3016,3272,88
2020-07-01,47019,47019,56,2,51,2,5,0,19,2,5,0,36,,1,0,57,2786,2843,88
2020-07-01,47017,47017,39,0,34,0,5,0,6,0,6,0,32,,1,0,37,1881,1918,18
2020-07-01,47015,47015,31,4,31,4,0,0,10,4,4,0,21,,0,0,53,949,1002,19
2020-07-01,47013,47013,39,3,35,2,4,1,9,0,3,0,29,3,1,0,45,2644,2689,34
2020-07-01,47011,47011,580,30,560,31,20,-1,235,21,36,3,342,9,3,0,636,6458,7094,419
2020-07-01,47009,47009,188,15,182,16,6,-1,58,15,9,0,127,,3,0,215,6812,7027,294
2020-07-01,47007,47007,618,1,618,1,0,0,5,1,5,0,612,,1,0,630,3722,4352,40
2020-07-01,47005,47005,12,0,10,0,2,0,3,0,2,0,8,,1,0,11,1061,1072,16
2020-07-01,47003,47003,520,7,520,7,0,0,138,-3,21,0,377,10,5,0,605,3689,4294,131
2020-07-01,47001,47001,104,2,98,0,6,2,33,1,10,0,69,1,2,0,121,7583,7704,212
2020-07-01,47043,47043,180,5,180,5,0,0,93,4,14,0,87,1,0,0,236,3558,3794,137
2020-07-01,47045,47045,225,11,216,10,9,1,126,1,21,1,98,10,1,0,242,2758,3000,112
2020-07-01,47095,47095,690,0,688,0,2,0,2,0,3,0,688,,0,0,855,3718,4573,12
2020-07-01,47049,47049,18,1,18,1,0,0,4,1,1,0,14,,0,0,18,1292,1310,19
2020-07-01,47047,47047,292,19,289,19,3,0,113,13,24,3,177,6,2,0,353,5448,5801,152
2020-07-01,47091,47091,37,1,36,1,1,0,12,1,3,1,25,,0,0,39,2507,2546,20
2020-07-01,47089,47089,107,5,97,5,10,0,49,3,5,0,58,2,0,0,108,3948,4056,112
2020-07-01,47087,47087,26,0,26,0,0,0,6,0,1,0,20,,0,0,29,936,965,31
2020-07-01,47085,47085,23,1,22,1,1,0,10,1,1,0,12,,1,0,30,1247,1277,31
2020-07-01,47083,47083,12,0,12,0,0,0,5,0,4,0,7,,0,0,17,691,708,10
2020-07-01,47079,47079,42,0,42,0,0,0,7,0,5,0,35,,0,0,53,2433,2486,32
2020-07-01,47077,47077,35,3,34,4,1,-1,17,3,4,0,18,,0,0,42,1577,1619,49
2020-07-01,47075,47075,74,3,72,3,2,0,40,3,12,1,32,,2,0,84,1385,1469,34
2020-07-01,47073,47073,51,0,50,-1,1,1,10,0,7,0,39,,2,0,66,2873,2939,57
2020-07-01,47081,47081,72,2,72,2,0,0,11,1,2,0,61,1,0,0,98,1559,1657,43
2020-07-01,47069,47069,304,5,304,6,0,-1,74,2,14,0,229,3,1,0,322,6106,6428,43
2020-07-01,47067,47067,3,0,2,0,1,0,0,0,1,0,3,,0,0,2,374,376,3
2020-07-01,47065,47065,2532,66,2527,66,5,0,848,10,124,6,1654,56,30,0,2758,26220,28978,990
2020-07-01,47063,47063,263,43,250,40,13,3,133,41,20,2,126,2,4,0,274,5361,5635,217
2020-07-01,47051,47051,80,5,78,5,2,0,18,4,8,0,59,1,3,0,108,2901,3009,106
2020-07-01,47061,47061,58,0,56,-1,2,1,7,-4,10,0,50,4,1,0,65,898,963,25
2020-07-01,47059,47059,85,0,81,0,4,0,27,0,9,0,56,,2,0,94,3728,3822,168
2020-07-01,47057,47057,37,2,33,2,4,0,11,2,5,0,26,,0,0,45,1397,1442,80
2020-07-01,47055,47055,50,0,50,0,0,0,28,-1,4,0,21,1,1,0,61,1995,2056,92
2020-07-01,47053,47053,106,6,96,6,10,0,41,6,6,0,64,,1,0,120,3117,3237,48
2020-07-01,47071,47071,100,7,97,7,3,0,65,6,8,0,30,1,5,0,116,2783,2899,76
2020-07-02,47129,47129,24,0,24,0,0,0,3,0,1,0,20,,1,0,28,3785,3813,24
2020-07-02,47131,47131,106,8,103,8,3,0,41,5,13,1,63,3,2,0,125,2407,2532,50
2020-07-02,,47OOS,1009,-35,1007,-35,2,0,647,-48,31,3,354,12,8,1,998,99825,100823,1126
2020-07-02,47139,47139,41,0,39,0,2,0,10,0,1,0,31,,0,0,42,1025,1067,13
2020-07-02,,47PEN,516,91,515,91,1,0,479,89,9,1,36,2,1,0,553,68964,69517,1440
2020-07-02,47135,47135,31,-1,31,-1,0,0,3,-3,1,0,28,2,0,0,38,566,604,9
2020-07-02,47137,47137,6,0,6,0,0,0,2,0,0,0,4,,0,0,6,478,484,1
2020-07-02,47127,47127,10,2,10,2,0,0,4,1,0,0,6,1,0,0,11,516,527,12
2020-07-02,47133,47133,58,1,58,1,0,0,16,1,3,0,41,,1,0,60,2145,2205,24
2020-07-02,47125,47125,513,20,511,20,2,0,313,15,34,0,193,5,7,0,587,12932,13519,198
2020-07-02,47103,47103,58,-1,58,-1,0,0,14,-4,4,0,44,3,0,0,76,2138,2214,37
2020-07-02,47121,47121,32,0,32,0,0,0,5,0,4,0,27,,0,0,46,923,969,6
2020-07-02,47109,47109,64,2,63,2,1,0,33,2,6,1,31,,0,0,69,1391,1460,34
2020-07-02,47107,47107,218,2,214,1,4,1,40,-1,26,1,161,3,17,0,267,4247,4514,24
2020-07-02,47119,47119,311,14,311,14,0,0,134,7,15,0,174,7,3,0,371,5097,5468,108
2020-07-02,47117,47117,74,1,74,1,0,0,30,1,8,0,43,,1,0,85,1777,1862,18
2020-07-02,47115,47115,67,0,66,0,1,0,17,0,13,0,46,,4,0,76,1709,1785,16
2020-07-02,47113,47113,264,9,244,9,20,0,88,9,22,0,174,,2,0,317,7120,7437,79
2020-07-02,47111,47111,421,12,418,12,3,0,219,9,17,2,199,3,3,0,462,2556,3018,70
2020-07-02,47105,47105,271,6,254,4,17,2,54,2,10,1,216,4,1,0,281,3884,4165,60
2020-07-02,47141,47141,814,9,811,9,3,0,206,0,19,0,601,9,7,0,961,9431,10392,107
2020-07-02,47123,47123,136,1,125,1,11,0,39,-1,12,0,92,1,5,1,153,2096,2249,39
2020-07-02,47143,47143,274,2,274,2,0,0,34,0,5,0,240,2,0,0,300,2777,3077,36
2020-07-02,47165,47165,1507,38,1497,38,10,0,848,26,223,1,607,12,52,0,1881,13264,15145,235
2020-07-02,47147,47147,801,9,799,9,2,0,302,-2,55,0,488,11,11,0,1002,6074,7076,80
2020-07-02,47101,47101,7,0,7,0,0,0,2,0,1,0,5,,0,0,8,726,734,12
2020-07-02,47189,47189,859,30,857,30,2,0,410,22,51,0,432,8,17,0,1021,11334,12355,277
2020-07-02,47187,47187,1148,58,1144,58,4,0,597,44,53,0,537,14,14,0,1336,18154,19490,644
2020-07-02,47185,47185,65,1,64,1,1,0,12,0,4,0,50,1,3,0,77,2505,2582,40
2020-07-02,47183,47183,62,1,61,1,1,0,24,1,3,0,37,,1,0,65,2212,2277,38
2020-07-02,47181,47181,80,3,80,3,0,0,12,3,2,0,68,,0,0,81,2585,2666,25
2020-07-02,47179,47179,134,0,127,0,7,0,28,-1,7,0,106,1,0,0,157,6572,6729,132
2020-07-02,47177,47177,69,4,69,4,0,0,35,4,1,1,34,,0,0,73,3059,3132,95
2020-07-02,47175,47175,7,0,7,0,0,0,4,0,1,0,3,,0,0,7,483,490,2
2020-07-02,47173,47173,15,2,15,2,0,0,6,0,0,0,9,2,0,0,16,1056,1072,28
2020-07-02,47171,47171,55,1,55,1,0,0,3,1,1,0,52,,0,0,61,1270,1331,9
2020-07-02,47169,47169,1490,1,1487,1,3,0,63,1,15,0,1422,,5,0,1530,2366,3896,26
2020-07-02,47167,47167,620,9,612,9,8,0,127,4,31,0,488,4,5,1,684,7738,8422,208
2020-07-02,47163,47163,101,10,98,10,3,0,23,10,10,1,76,,2,0,106,6947,7053,172
2020-07-02,47161,47161,21,0,21,0,0,0,12,0,2,0,9,,0,0,23,770,793,4
2020-07-02,47159,47159,103,7,96,7,7,0,54,7,3,0,48,,1,0,110,1586,1696,37
2020-07-02,47157,47157,10765,421,10748,422,17,-1,3681,269,852,24,6889,150,195,2,12893,133253,146146,4693
2020-07-02,47155,47155,733,76,687,76,46,0,319,53,24,1,411,23,3,0,745,9067,9812,397
2020-07-02,47153,47153,29,1,29,1,0,0,6,0,2,0,23,1,0,0,38,1497,1535,26
2020-07-02,47151,47151,15,0,14,0,1,0,2,0,0,0,13,,0,0,14,1203,1217,18
2020-07-02,47149,47149,2733,85,2726,85,7,0,1462,45,117,2,1236,40,35,0,3269,21576,24845,691
2020-07-02,47145,47145,50,4,40,4,10,0,18,4,3,0,32,,0,0,56,5615,5671,82
2020-07-02,47099,47099,143,10,143,10,0,0,70,5,11,1,68,5,5,0,173,2918,3091,76
2020-07-02,47025,47025,32,4,32,4,0,0,17,2,1,0,15,2,0,0,38,1678,1716,49
2020-07-02,47095,47095,690,0,688,0,2,0,2,0,3,0,688,,0,0,855,3726,4581,8
2020-07-02,47043,47043,194,14,194,14,0,0,104,11,15,1,90,3,0,0,249,3672,3921,127
2020-07-02,47041,47041,57,3,57,3,0,0,19,3,1,1,38,,0,0,69,1959,2028,75
2020-07-02,47039,47039,21,0,19,0,2,0,6,0,1,0,15,,0,0,24,811,835,20
2020-07-02,47037,47037,10125,356,10113,356,12,0,3642,183,499,3,6368,172,115,1,11948,88079,100027,4750
2020-07-02,47035,47035,174,1,173,1,1,0,48,0,14,0,122,,4,1,230,6904,7134,66
2020-07-02,47033,47033,32,1,29,0,3,1,11,1,3,0,18,,3,0,37,790,827,14
2020-07-02,47031,47031,115,6,114,6,1,0,24,1,5,0,91,5,0,0,143,4029,4172,73
2020-07-02,47029,47029,76,6,69,7,7,-1,37,5,2,0,39,1,0,0,77,2174,2251,102
2020-07-02,47027,47027,16,0,16,0,0,0,5,0,0,0,11,,0,0,16,702,718,13
2020-07-02,47097,47097,136,16,134,16,2,0,66,14,14,1,68,2,2,0,158,4357,4515,108
2020-07-02,47023,47023,26,3,26,3,0,0,13,3,1,0,13,,0,0,32,909,941,12
2020-07-02,47021,47021,220,6,220,6,0,0,114,4,12,1,105,2,1,0,263,3063,3326,54
2020-07-02,47019,47019,56,0,51,0,5,0,14,-5,5,0,41,5,1,0,58,2822,2880,37
2020-07-02,47017,47017,40,1,35,1,5,0,7,1,7,1,32,,1,0,38,1907,1945,27
2020-07-02,47015,47015,34,3,34,3,0,0,11,1,4,0,23,2,0,0,56,972,1028,26
2020-07-02,47013,47013,41,2,37,2,4,0,10,1,3,0,30,1,1,0,46,2691,2737,48
2020-07-02,47011,47011,604,24,582,22,22,2,246,11,36,0,355,13,3,0,668,6604,7272,178
2020-07-02,47009,47009,205,17,199,17,6,0,72,14,10,1,130,3,3,0,250,7102,7352,325
2020-07-02,47007,47007,618,0,618,0,0,0,5,0,5,0,612,,1,0,629,3731,4360,8
2020-07-02,47005,47005,12,0,10,0,2,0,3,0,2,0,8,,1,0,11,1078,1089,17
2020-07-02,47003,47003,520,0,520,0,0,0,125,-13,21,0,390,13,5,0,606,3731,4337,43
2020-07-02,47045,47045,232,7,221,5,11,2,127,1,21,0,104,6,1,0,251,2846,3097,97
2020-07-02,47047,47047,301,9,298,9,3,0,115,2,27,3,184,7,2,0,371,5610,5981,180
2020-07-02,47001,47001,105,1,99,1,6,0,32,-1,10,0,71,2,2,0,125,7697,7822,118
2020-07-02,47051,47051,82,2,80,2,2,0,20,2,8,0,59,,3,0,110,2917,3027,18
2020-07-02,47093,47093,1022,40,1004,39,18,1,422,29,69,3,595,11,5,0,1177,35571,36748,799
2020-07-02,47091,47091,38,1,37,1,1,0,13,1,3,0,25,,0,0,40,2511,2551,5
2020-07-02,47089,47089,121,14,111,14,10,0,61,12,5,0,60,2,0,0,123,4034,4157,101
2020-07-02,47087,47087,26,0,26,0,0,0,6,0,1,0,20,,0,0,29,945,974,9
2020-07-02,47085,47085,26,3,25,3,1,0,13,3,1,0,12,,1,0,34,1273,1307,30
2020-07-02,47083,47083,13,1,13,1,0,0,5,0,4,0,8,1,0,0,18,696,714,6
2020-07-02,47049,47049,19,1,19,1,0,0,5,1,1,0,14,,0,0,19,1308,1327,17
2020-07-02,47079,47079,42,0,42,0,0,0,7,0,5,0,35,,0,0,54,2465,2519,33
2020-07-02,47077,47077,39,4,38,4,1,0,20,3,4,0,19,1,0,0,47,1605,1652,33
2020-07-02,47075,47075,81,7,79,7,2,0,47,7,12,0,32,,2,0,90,1425,1515,46
2020-07-02,47081,47081,73,1,73,1,0,0,10,-1,2,0,63,2,0,0,98,1589,1687,30
2020-07-02,47071,47071,103,3,100,3,3,0,66,1,8,0,30,,7,2,120,2863,2983,84
2020-07-02,47073,47073,55,4,54,4,1,0,13,3,7,0,40,1,2,0,70,2901,2971,32
2020-07-02,47055,47055,55,5,55,5,0,0,32,4,4,0,22,1,1,0,66,2042,2108,52
2020-07-02,47057,47057,39,2,35,2,4,0,13,2,5,0,26,,0,0,48,1444,1492,50
2020-07-02,47059,47059,86,1,82,1,4,0,26,-1,9,0,58,2,2,0,93,3762,3855,33
2020-07-02,47053,47053,110,4,100,4,10,0,42,1,6,0,67,3,1,0,126,3171,3297,60
2020-07-02,47063,47063,296,33,284,34,12,-1,151,18,23,3,141,15,4,0,304,5548,5852,217
2020-07-02,47065,47065,2577,45,2572,45,5,0,847,-1,125,1,1700,46,30,0,2816,26798,29614,636
2020-07-02,47067,47067,3,0,2,0,1,0,0,0,1,0,3,,0,0,2,380,382,6
2020-07-02,47069,47069,314,10,314,10,0,0,80,6,14,0,231,2,3,2,336,6190,6526,98
2020-07-02,47061,47061,58,0,56,0,2,0,7,0,10,0,50,,1,0,65,912,977,14
2020-07-03,47137,47137,6,0,6,0,0,0,2,0,0,0,4,,0,0,6,487,493,9
2020-07-03,47135,47135,33,2,33,2,0,0,5,2,1,0,28,,0,0,40,570,610,6
2020-07-03,,47PEN,581,65,581,66,0,-1,538,59,9,0,42,6,1,0,636,71120,71756,2239
2020-07-03,47133,47133,59,1,59,1,0,0,15,-1,3,0,43,2,1,0,61,2169,2230,25
2020-07-03,,47OOS,1065,56,1063,56,2,0,696,49,31,0,362,8,7,-1,1057,100539,101596,773
2020-07-03,47131,47131,113,7,109,6,4,1,45,4,13,0,66,3,2,0,133,2462,2595,63
2020-07-03,47129,47129,25,1,25,1,0,0,3,0,1,0,21,1,1,0,29,3809,3838,25
2020-07-03,47127,47127,12,2,12,2,0,0,5,1,0,0,7,1,0,0,14,526,540,13
2020-07-03,47125,47125,534,21,532,21,2,0,329,16,34,0,198,5,7,0,609,13128,13737,218
2020-07-03,47103,47103,61,3,61,3,0,0,16,2,4,0,45,1,0,0,79,2154,2233,19
2020-07-03,47121,47121,33,1,33,1,0,0,6,1,4,0,27,,0,0,47,940,987,18
2020-07-03,47109,47109,68,4,67,4,1,0,35,2,6,0,33,2,0,0,75,1414,1489,29
2020-07-03,47107,47107,227,9,223,9,4,0,45,5,26,0,164,3,18,1,277,4345,4622,108
2020-07-03,47119,47119,326,15,326,15,0,0,144,10,15,0,179,5,3,0,392,5159,5551,83
2020-07-03,47117,47117,81,7,81,7,0,0,37,7,8,0,43,,1,0,93,1801,1894,32
2020-07-03,47115,47115,71,4,69,3,2,1,20,3,13,0,47,1,4,0,80,1748,1828,43
2020-07-03,47113,47113,280,16,260,16,20,0,100,12,23,1,178,4,2,0,332,7275,7607,170
2020-07-03,47111,47111,436,15,433,15,3,0,234,15,18,1,199,,3,0,477,2635,3112,94
2020-07-03,47105,47105,277,6,260,6,17,0,59,5,10,0,217,1,1,0,287,3950,4237,72
2020-07-03,47139,47139,44,3,42,3,2,0,12,2,1,0,32,1,0,0,45,1050,1095,28
2020-07-03,47123,47123,137,1,126,1,11,0,36,-3,13,1,95,3,6,1,153,2129,2282,33
2020-07-03,47141,47141,853,39,849,38,4,1,242,36,19,0,604,3,7,0,1006,9716,10722,330
2020-07-03,47165,47165,1559,52,1549,52,10,0,891,43,226,3,616,9,52,0,1935,13686,15621,476
2020-07-03,47145,47145,59,9,49,9,10,0,24,6,3,0,35,3,0,0,65,5723,5788,117
2020-07-03,47101,47101,6,-1,6,-1,0,0,1,-1,0,-1,5,,0,0,7,733,740,6
2020-07-03,47187,47187,1226,78,1223,79,3,-1,658,61,53,0,554,17,14,0,1425,18774,20199,709
2020-07-03,47185,47185,70,5,69,5,1,0,17,5,4,0,50,,3,0,82,2569,2651,69
2020-07-03,47183,47183,63,1,62,1,1,0,24,0,3,0,38,1,1,0,66,2290,2356,79
2020-07-03,47181,47181,82,2,82,2,0,0,14,2,2,0,68,,0,0,84,2601,2685,19
2020-07-03,47179,47179,142,8,135,8,7,0,29,1,8,1,113,7,0,0,167,6703,6870,141
2020-07-03,47177,47177,72,3,72,3,0,0,38,3,1,0,34,,0,0,77,3122,3199,67
2020-07-03,47175,47175,8,1,8,1,0,0,5,1,1,0,3,,0,0,8,490,498,8
2020-07-03,47173,47173,16,1,16,1,0,0,7,1,0,0,9,,0,0,18,1074,1092,20
2020-07-03,47171,47171,55,0,55,0,0,0,3,0,1,0,52,,0,0,61,1271,1332,1
2020-07-03,47169,47169,1494,4,1491,4,3,0,65,2,15,0,1424,2,5,0,1535,2410,3945,49
2020-07-03,47167,47167,633,13,625,13,8,0,138,11,31,0,490,2,5,0,697,7954,8651,229
2020-07-03,47163,47163,108,7,105,7,3,0,26,3,11,1,80,4,2,0,114,7229,7343,290
2020-07-03,47161,47161,23,2,23,2,0,0,14,2,2,0,9,,0,0,25,783,808,15
2020-07-03,47159,47159,111,8,104,8,7,0,61,7,3,0,49,1,1,0,118,1659,1777,81
2020-07-03,47157,47157,11145,380,11128,380,17,0,3863,182,867,15,7085,196,197,2,13384,137461,150845,4699
2020-07-03,47155,47155,768,35,723,36,45,-1,328,9,25,1,437,26,3,0,781,9310,10091,279
2020-07-03,47153,47153,33,4,33,4,0,0,10,4,2,0,23,,0,0,44,1525,1569,34
2020-07-03,47151,47151,18,3,17,3,1,0,4,2,0,0,14,1,0,0,17,1226,1243,26
2020-07-03,47149,47149,2854,121,2847,121,7,0,1552,90,118,1,1267,31,35,0,3409,22305,25714,869
2020-07-03,47147,47147,815,14,813,14,2,0,308,6,56,1,496,8,11,0,1016,6174,7190,114
2020-07-03,47143,47143,276,2,276,2,0,0,35,1,5,0,241,1,0,0,303,2826,3129,52
2020-07-03,47099,47099,152,9,152,9,0,0,74,4,12,1,72,4,6,1,184,2961,3145,54
2020-07-03,47189,47189,891,32,889,32,2,0,436,26,51,0,438,6,17,0,1062,11794,12856,501
2020-07-03,47097,47097,139,3,137,3,2,0,66,0,14,0,70,2,3,1,165,4407,4572,57
2020-07-03,47041,47041,60,3,60,3,0,0,21,2,1,0,39,1,0,0,73,1979,2052,24
2020-07-03,47039,47039,22,1,20,1,2,0,7,1,1,0,15,,0,0,25,829,854,19
2020-07-03,47037,47037,10450,325,10438,325,12,0,3850,208,506,7,6482,114,118,3,12318,92440,104758,4731
2020-07-03,47035,47035,178,4,177,4,1,0,52,4,14,0,122,,4,0,235,7028,7263,129
2020-07-03,47033,47033,34,2,31,2,3,0,11,0,3,0,20,2,3,0,39,812,851,24
2020-07-03,47031,47031,117,2,116,2,1,0,23,-1,5,0,94,3,0,0,147,4148,4295,123
2020-07-03,47029,47029,90,14,83,14,7,0,49,12,2,0,41,2,0,0,90,2288,2378,127
2020-07-03,47027,47027,16,0,16,0,0,0,5,0,0,0,11,,0,0,16,708,724,6
2020-07-03,47025,47025,41,9,41,9,0,0,26,9,1,0,15,,0,0,47,1779,1826,110
2020-07-03,47023,47023,30,4,30,4,0,0,16,3,1,0,14,1,0,0,34,931,965,24
2020-07-03,47021,47021,225,5,225,5,0,0,117,3,12,0,107,2,1,0,268,3115,3383,57
2020-07-03,47019,47019,56,0,51,0,5,0,13,-1,5,0,42,1,1,0,58,2903,2961,81
2020-07-03,47017,47017,44,4,39,4,5,0,11,4,7,0,32,,1,0,42,1934,1976,31
2020-07-03,47015,47015,36,2,36,2,0,0,13,2,4,0,23,,0,0,59,982,1041,13
2020-07-03,47013,47013,44,3,41,4,3,-1,12,2,3,0,31,1,1,0,50,2756,2806,69
2020-07-03,47011,47011,662,58,640,58,22,0,299,53,36,0,360,5,3,0,731,6843,7574,302
2020-07-03,47009,47009,212,7,205,6,7,1,74,2,13,3,135,5,3,0,257,7279,7536,184
2020-07-03,47007,47007,618,0,618,0,0,0,5,0,5,0,612,,1,0,629,3743,4372,12
2020-07-03,47005,47005,13,1,11,1,2,0,4,1,2,0,8,,1,0,12,1094,1106,17
2020-07-03,47003,47003,545,25,545,25,0,0,139,14,22,1,401,11,5,0,639,3773,4412,75
2020-07-03,47001,47001,116,11,110,11,6,0,42,10,10,0,72,1,2,0,137,7912,8049,227
2020-07-03,47043,47043,201,7,201,7,0,0,106,2,15,0,95,5,0,0,258,3747,4005,84
2020-07-03,47045,47045,240,8,229,8,11,0,134,7,22,1,105,1,1,0,259,2926,3185,88
2020-07-03,47095,47095,691,1,688,0,3,1,3,1,3,0,688,,0,0,856,3738,4594,13
2020-07-03,47049,47049,22,3,22,3,0,0,8,3,2,1,14,,0,0,22,1319,1341,14
2020-07-03,47093,47093,1086,64,1069,65,17,-1,468,46,70,1,613,18,5,0,1271,36693,37964,1216
2020-07-03,47091,47091,39,1,38,1,1,0,14,1,3,0,25,,0,0,41,2517,2558,7
2020-07-03,47089,47089,125,4,115,4,10,0,62,1,5,0,63,3,0,0,129,4168,4297,140
2020-07-03,47087,47087,26,0,26,0,0,0,5,-1,1,0,21,1,0,0,29,954,983,9
2020-07-03,47085,47085,27,1,26,1,1,0,12,-1,1,0,14,2,1,0,34,1293,1327,20
2020-07-03,47083,47083,14,1,14,1,0,0,6,1,4,0,8,,0,0,19,699,718,4
2020-07-03,47047,47047,310,9,307,9,3,0,113,-2,28,1,195,11,2,0,386,5748,6134,153
2020-07-03,47079,47079,45,3,45,3,0,0,8,1,5,0,37,2,0,0,56,2511,2567,48
2020-07-03,47077,47077,44,5,43,5,1,0,23,3,4,0,21,2,0,0,54,1637,1691,39
2020-07-03,47075,47075,92,11,90,11,2,0,57,10,13,1,33,1,2,0,100,1447,1547,32
2020-07-03,47073,47073,57,2,56,2,1,0,13,0,7,0,42,2,2,0,74,2970,3044,73
2020-07-03,47081,47081,80,7,80,7,0,0,16,6,2,0,64,1,0,0,105,1602,1707,20
2020-07-03,47069,47069,325,11,324,10,1,1,65,-15,16,2,255,24,5,2,348,6228,6576,50
2020-07-03,47067,47067,3,0,2,0,1,0,0,0,1,0,3,,0,0,2,392,394,12
2020-07-03,47065,47065,2665,88,2660,88,5,0,889,42,128,3,1743,43,33,3,2933,28145,31078,1464
2020-07-03,47063,47063,314,18,304,20,10,-2,163,12,25,2,147,6,4,0,331,5800,6131,279
2020-07-03,47061,47061,59,1,58,2,1,-1,8,1,10,0,50,,1,0,67,921,988,11
2020-07-03,47059,47059,95,9,91,9,4,0,30,4,10,1,63,5,2,0,102,3834,3936,81
2020-07-03,47057,47057,40,1,36,1,4,0,13,0,5,0,27,1,0,0,49,1495,1544,52
2020-07-03,47055,47055,56,1,56,1,0,0,32,0,4,0,23,1,1,0,67,2106,2173,65
2020-07-03,47053,47053,121,11,111,11,10,0,50,8,6,0,70,3,1,0,135,3238,3373,76
2020-07-03,47051,47051,82,0,80,0,2,0,20,0,8,0,59,,3,0,112,2964,3076,49
2020-07-03,47071,47071,104,1,101,1,3,0,66,0,8,0,31,1,7,0,122,2923,3045,62
2020-07-04,47125,47125,549,15,547,15,2,0,342,13,34,0,200,2,7,0,626,13395,14021,284
2020-07-04,47127,47127,12,0,12,0,0,0,5,0,0,0,7,,0,0,13,531,544,4
2020-07-04,47129,47129,25,0,25,0,0,0,3,0,1,0,21,,1,0,29,3833,3862,24
2020-07-04,47131,47131,112,-1,108,-1,4,0,43,-2,13,0,67,1,2,0,131,2497,2628,33
2020-07-04,47137,47137,6,0,6,0,0,0,2,0,0,0,4,,0,0,6,492,498,5
2020-07-04,47133,47133,61,2,61,2,0,0,16,1,3,0,44,1,1,0,63,2182,2245,15
2020-07-04,,47PEN,635,54,635,54,0,0,590,52,10,1,44,2,1,0,693,72127,72820,1064
2020-07-04,47135,47135,34,1,34,1,0,0,6,1,1,0,28,,0,0,41,572,613,3
2020-07-04,,47OOS,1164,99,1162,99,2,0,786,90,31,0,371,9,7,0,1128,102451,103579,1983
2020-07-04,47123,47123,138,1,127,1,11,0,37,1,13,0,95,,6,0,154,2156,2310,28
2020-07-04,47101,47101,6,0,6,0,0,0,1,0,0,0,5,,0,0,7,746,753,13
2020-07-04,47109,47109,69,1,68,1,1,0,34,-1,6,0,35,2,0,0,76,1424,1500,11
2020-07-04,47107,47107,232,5,228,5,4,0,48,3,26,0,166,2,18,0,280,4389,4669,47
2020-07-04,47119,47119,342,16,342,16,0,0,155,11,16,1,184,5,3,0,407,5213,5620,69
2020-07-04,47117,47117,89,8,89,8,0,0,44,7,9,1,44,1,1,0,103,1852,1955,61
2020-07-04,47115,47115,70,-1,68,-1,2,0,19,-1,13,0,47,,4,0,80,1769,1849,21
2020-07-04,47113,47113,291,11,271,11,20,0,111,11,23,0,178,,2,0,342,7399,7741,134
2020-07-04,47111,47111,452,16,449,16,3,0,249,15,19,1,200,1,3,0,494,2776,3270,158
2020-07-04,47105,47105,280,3,263,3,17,0,62,3,10,0,217,,1,0,289,4016,4305,68
2020-07-04,47103,47103,63,2,63,2,0,0,18,2,4,0,45,,0,0,82,2184,2266,33
2020-07-04,47139,47139,45,1,43,1,2,0,13,1,1,0,32,,0,0,47,1053,1100,5
2020-07-04,47121,47121,32,-1,32,-1,0,0,5,-1,4,0,27,,0,0,47,951,998,11
2020-07-04,47141,47141,882,29,878,29,4,0,267,25,19,0,608,4,7,0,1036,10066,11102,380
2020-07-04,47165,47165,1593,34,1583,34,10,0,903,12,229,3,638,22,52,0,1972,13972,15944,323
2020-07-04,47145,47145,61,2,51,2,10,0,25,1,3,0,36,1,0,0,67,5790,5857,69
2020-07-04,47099,47099,157,5,157,5,0,0,78,4,12,0,73,1,6,0,190,2992,3182,37
2020-07-04,47187,47187,1268,42,1265,42,3,0,691,33,53,0,562,8,15,1,1469,19278,20747,548
2020-07-04,47185,47185,70,0,69,0,1,0,17,0,4,0,50,,3,0,84,2609,2693,42
2020-07-04,47183,47183,63,0,62,0,1,0,24,0,3,0,38,,1,0,65,2321,2386,30
2020-07-04,47181,47181,82,0,82,0,0,0,14,0,2,0,68,,0,0,83,2605,2688,3
2020-07-04,47179,47179,149,7,143,8,6,-1,34,5,8,0,115,2,0,0,175,6795,6970,100
2020-07-04,47177,47177,73,1,73,1,0,0,39,1,1,0,34,,0,0,78,3217,3295,96
2020-07-04,47175,47175,8,0,8,0,0,0,5,0,1,0,3,,0,0,8,494,502,4
2020-07-04,47173,47173,18,2,18,2,0,0,8,1,0,0,10,1,0,0,20,1091,1111,19
2020-07-04,47171,47171,55,0,55,0,0,0,2,-1,1,0,53,1,0,0,61,1342,1403,71
2020-07-04,47169,47169,1496,2,1493,2,3,0,67,2,15,0,1424,,5,0,1536,2425,3961,16
2020-07-04,47167,47167,637,4,629,4,8,0,142,4,31,0,490,,5,0,701,8028,8729,78
2020-07-04,47163,47163,116,8,112,7,4,1,31,5,14,3,83,3,2,0,121,7314,7435,92
2020-07-04,47161,47161,23,0,23,0,0,0,14,0,2,0,9,,0,0,25,791,816,8
2020-07-04,47159,47159,116,5,109,5,7,0,66,5,3,0,49,,1,0,123,1695,1818,41
2020-07-04,47157,47157,11560,415,11543,415,17,0,4152,289,881,14,7210,125,198,1,13857,140580,154437,3592
2020-07-04,47155,47155,790,22,745,22,45,0,341,13,25,0,446,9,3,0,799,9432,10231,140
2020-07-04,47153,47153,38,5,38,5,0,0,13,3,2,0,25,2,0,0,48,1546,1594,25
2020-07-04,47151,47151,17,-1,16,-1,1,0,3,-1,0,0,14,,0,0,16,1246,1262,19
2020-07-04,47149,47149,2919,65,2912,65,7,0,1599,47,118,0,1285,18,35,0,3483,22929,26412,698
2020-07-04,47147,47147,826,11,824,11,2,0,312,4,56,0,503,7,11,0,1030,6260,7290,100
2020-07-04,47143,47143,278,2,278,2,0,0,34,-1,5,0,244,3,0,0,306,2860,3166,37
2020-07-04,47189,47189,910,19,908,19,2,0,451,15,52,1,442,4,17,0,1087,12002,13089,233
2020-07-04,47095,47095,691,0,688,0,3,0,3,0,3,0,688,,0,0,856,3744,4600,6
2020-07-04,47093,47093,1142,56,1124,55,18,1,518,50,70,0,619,6,5,0,1352,37676,39028,1064
2020-07-04,47041,47041,66,6,66,6,0,0,27,6,1,0,39,,0,0,79,2029,2108,56
2020-07-04,47039,47039,22,0,20,0,2,0,7,0,1,0,15,,0,0,25,834,859,5
2020-07-04,47037,47037,10726,276,10714,276,12,0,4023,173,506,0,6585,103,118,0,12640,94103,106743,1985
2020-07-04,47035,47035,180,2,178,1,2,1,54,2,14,0,122,,4,0,237,7102,7339,76
2020-07-04,47033,47033,35,1,32,1,3,0,12,1,3,0,20,,3,0,40,819,859,8
2020-07-04,47031,47031,117,0,116,0,1,0,22,-1,6,1,95,1,0,0,147,4232,4379,84
2020-07-04,47029,47029,91,1,84,1,7,0,50,1,2,0,41,,0,0,91,2309,2400,22
2020-07-04,47027,47027,16,0,16,0,0,0,5,0,0,0,11,,0,0,16,714,730,6
2020-07-04,47025,47025,44,3,44,3,0,0,28,2,1,0,16,1,0,0,50,1821,1871,45
2020-07-04,47021,47021,225,0,225,0,0,0,117,0,12,0,107,,1,0,267,3177,3444,61
2020-07-04,47019,47019,57,1,52,1,5,0,10,-3,5,0,46,4,1,0,59,2949,3008,47
2020-07-04,47017,47017,48,4,43,4,5,0,14,3,7,0,33,1,1,0,46,1955,2001,25
2020-07-04,47015,47015,36,0,36,0,0,0,13,0,4,0,23,,0,0,59,998,1057,16
2020-07-04,47013,47013,48,4,44,3,4,1,15,3,3,0,32,1,1,0,53,2800,2853,47
2020-07-04,47011,47011,674,12,652,12,22,0,304,5,37,1,367,7,3,0,737,6901,7638,64
2020-07-04,47009,47009,218,6,211,6,7,0,80,6,14,1,135,,3,0,265,7408,7673,137
2020-07-04,47007,47007,619,1,618,0,1,1,6,1,5,0,612,,1,0,629,3754,4383,11
2020-07-04,47005,47005,13,0,11,0,2,0,3,-1,2,0,9,1,1,0,12,1102,1114,8
2020-07-04,47003,47003,559,14,559,14,0,0,149,10,23,1,405,4,5,0,654,3804,4458,46
2020-07-04,47001,47001,134,18,128,18,6,0,58,16,10,0,74,2,2,0,157,8051,8208,159
2020-07-04,47097,47097,143,4,141,4,2,0,67,1,15,1,73,3,3,0,169,4436,4605,33
2020-07-04,47043,47043,206,5,206,5,0,0,107,1,15,0,99,4,0,0,264,3811,4075,70
2020-07-04,47045,47045,248,8,237,8,11,0,140,6,22,0,107,2,1,0,267,2976,3243,58
2020-07-04,47023,47023,34,4,34,4,0,0,19,3,1,0,15,1,0,0,37,940,977,12
2020-07-04,47049,47049,22,0,22,0,0,0,8,0,2,0,14,,0,0,22,1329,1351,10
2020-07-04,47047,47047,312,2,309,2,3,0,110,-3,28,0,200,5,2,0,384,5853,6237,103
2020-07-04,47089,47089,127,2,117,2,10,0,64,2,6,1,63,,0,0,131,4214,4345,48
2020-07-04,47087,47087,26,0,26,0,0,0,5,0,1,0,21,,0,0,29,960,989,6
2020-07-04,47085,47085,27,0,26,0,1,0,12,0,1,0,14,,1,0,34,1317,1351,24
2020-07-04,47083,47083,15,1,15,1,0,0,7,1,4,0,8,,0,0,20,705,725,7
2020-07-04,47081,47081,80,0,80,0,0,0,16,0,2,0,64,,0,0,105,1618,1723,16
2020-07-04,47079,47079,44,-1,44,-1,0,0,7,-1,5,0,37,,0,0,55,2594,2649,82
2020-07-04,47077,47077,45,1,44,1,1,0,22,-1,4,0,23,2,0,0,57,1651,1708,17
2020-07-04,47075,47075,91,-1,89,-1,2,0,55,-2,13,0,34,1,2,0,101,1453,1554,7
2020-07-04,47073,47073,56,-1,56,0,0,-1,12,-1,7,0,42,,2,0,75,3033,3108,64
2020-07-04,47071,47071,109,5,106,5,3,0,67,1,8,0,35,4,7,0,126,2938,3064,19
2020-07-04,47091,47091,44,5,42,4,2,1,15,1,3,0,29,4,0,0,45,2548,2593,35
2020-07-04,47067,47067,4,1,3,1,1,0,1,1,2,1,3,,0,0,3,397,400,6
2020-07-04,47065,47065,2716,51,2711,51,5,0,897,8,130,2,1784,41,35,2,2989,28494,31483,405
2020-07-04,47063,47063,317,3,307,3,10,0,159,-4,25,0,154,7,4,0,337,5844,6181,50
2020-07-04,47061,47061,59,0,58,0,1,0,8,0,10,0,50,,1,0,67,927,994,6
2020-07-04,47059,47059,101,6,97,6,4,0,30,0,10,0,69,6,2,0,108,3854,3962,26
2020-07-04,47057,47057,42,2,38,2,4,0,15,2,5,0,27,,0,0,50,1525,1575,31
2020-07-04,47055,47055,58,2,58,2,0,0,33,1,4,0,24,1,1,0,69,2148,2217,44
2020-07-04,47053,47053,128,7,118,7,10,0,56,6,7,1,71,1,1,0,145,3263,3408,35
2020-07-04,47051,47051,84,2,82,2,2,0,21,1,8,0,60,1,3,0,114,2982,3096,20
2020-07-04,47069,47069,329,4,328,4,1,0,68,3,16,0,256,1,5,0,350,6248,6598,22
2020-07-05,47139,47139,45,0,43,0,2,0,13,0,1,0,32,,0,0,47,1074,1121,21
2020-07-05,47127,47127,12,0,12,0,0,0,5,0,0,0,7,,0,0,13,544,557,13
2020-07-05,47129,47129,27,2,27,2,0,0,5,2,1,0,21,,1,0,31,3862,3893,31
2020-07-05,47131,47131,112,0,108,0,4,0,43,0,13,0,67,,2,0,132,2551,2683,55
2020-07-05,47137,47137,6,0,6,0,0,0,2,0,0,0,4,,0,0,6,496,502,4
2020-07-05,47133,47133,62,1,62,1,0,0,17,1,3,0,44,,1,0,64,2217,2281,36
2020-07-05,,47PEN,750,115,750,115,0,0,703,113,9,-1,45,1,2,1,818,73390,74208,1388
2020-07-05,47135,47135,34,0,34,0,0,0,6,0,1,0,28,,0,0,41,594,635,22
2020-07-05,47125,47125,554,5,552,5,2,0,345,3,34,0,202,2,7,0,632,13482,14114,93
2020-07-05,,47OOS,1185,21,1183,21,2,0,804,18,31,0,374,3,7,0,1179,103817,104996,1417
2020-07-05,47123,47123,140,2,129,2,11,0,39,2,13,0,95,,6,0,157,2196,2353,43
2020-07-05,47117,47117,91,2,91,2,0,0,45,1,9,0,45,1,1,0,106,1916,2022,67
2020-07-05,47109,47109,73,4,72,4,1,0,38,4,6,0,35,,0,0,81,1461,1542,42
2020-07-05,47107,47107,237,5,233,5,4,0,53,5,27,1,166,,18,0,286,4546,4832,163
2020-07-05,47119,47119,354,12,354,12,0,0,160,5,16,0,191,7,3,0,424,5335,5759,139
2020-07-05,47115,47115,73,3,71,3,2,0,22,3,13,0,47,,4,0,84,1814,1898,49
2020-07-05,47113,47113,299,8,279,8,20,0,118,7,23,0,179,1,2,0,351,7660,8011,270
2020-07-05,47111,47111,465,13,462,13,3,0,260,11,19,0,201,1,4,1,507,2811,3318,48
2020-07-05,47105,47105,287,7,270,7,17,0,69,7,10,0,217,,1,0,297,4049,4346,41
2020-07-05,47103,47103,64,1,64,1,0,0,19,1,4,0,45,,0,0,83,2227,2310,44
2020-07-05,47101,47101,6,0,6,0,0,0,1,0,0,0,5,,0,0,7,785,792,39
2020-07-05,47121,47121,32,0,32,0,0,0,5,0,4,0,27,,0,0,47,976,1023,25
2020-07-05,47141,47141,883,1,879,1,4,0,267,0,19,0,609,1,7,0,1039,10120,11159,57
2020-07-05,47189,47189,941,31,939,31,2,0,479,28,52,0,445,3,17,0,1120,12262,13382,293
2020-07-05,47145,47145,62,1,52,1,10,0,25,0,3,0,37,1,0,0,69,5840,5909,52
2020-07-05,47187,47187,1313,45,1310,45,3,0,729,38,53,0,569,7,15,0,1522,19731,21253,506
2020-07-05,47185,47185,70,0,69,0,1,0,17,0,4,0,50,,3,0,84,2618,2702,9
2020-07-05,47183,47183,64,1,63,1,1,0,25,1,3,0,38,,1,0,67,2382,2449,63
2020-07-05,47181,47181,86,4,86,4,0,0,18,4,2,0,68,,0,0,88,2678,2766,78
2020-07-05,47179,47179,165,16,156,13,9,3,49,15,8,0,116,1,0,0,189,7205,7394,424
2020-07-05,47177,47177,76,3,76,3,0,0,42,3,1,0,34,,0,0,83,3252,3335,40
2020-07-05,47175,47175,8,0,8,0,0,0,5,0,1,0,3,,0,0,8,496,504,2
2020-07-05,47173,47173,18,0,18,0,0,0,8,0,0,0,10,,0,0,20,1115,1135,24
2020-07-05,47171,47171,55,0,55,0,0,0,2,0,1,0,53,,0,0,61,1416,1477,74
2020-07-05,47169,47169,1498,2,1495,2,3,0,69,2,15,0,1424,,5,0,1541,2439,3980,19
2020-07-05,47167,47167,645,8,637,8,8,0,145,3,31,0,495,5,5,0,710,8149,8859,130
2020-07-05,47165,47165,1610,17,1600,17,10,0,913,10,230,1,645,7,52,0,1989,14223,16212,268
2020-07-05,47163,47163,117,1,113,1,4,0,31,0,14,0,84,1,2,0,122,7515,7637,202
2020-07-05,47161,47161,23,0,23,0,0,0,14,0,2,0,9,,0,0,25,799,824,8
2020-07-05,47159,47159,120,4,113,4,7,0,70,4,3,0,49,,1,0,127,1727,1854,36
2020-07-05,47157,47157,11793,233,11776,233,17,0,4310,158,886,5,7283,73,200,2,14132,142396,156528,2091
2020-07-05,47155,47155,804,14,758,13,46,1,355,14,26,1,446,,3,0,814,9519,10333,102
2020-07-05,47153,47153,42,4,42,4,0,0,17,4,2,0,25,,0,0,54,1599,1653,59
2020-07-05,47151,47151,17,0,16,0,1,0,3,0,0,0,14,,0,0,16,1251,1267,5
2020-07-05,47149,47149,2987,68,2980,68,7,0,1648,49,119,1,1304,19,35,0,3569,23355,26924,512
2020-07-05,47147,47147,834,8,831,7,3,1,317,5,56,0,506,3,11,0,1037,6325,7362,72
2020-07-05,47143,47143,286,8,286,8,0,0,42,8,5,0,244,,0,0,315,2932,3247,81
2020-07-05,47099,47099,163,6,163,6,0,0,84,6,12,0,73,,6,0,200,3130,3330,148
2020-07-05,47097,47097,145,2,143,2,2,0,69,2,15,0,73,,3,0,171,4471,4642,37
2020-07-05,47093,47093,1171,29,1153,29,18,0,537,19,70,0,627,8,7,2,1387,38650,40037,1009
2020-07-05,47041,47041,67,1,67,1,0,0,28,1,1,0,39,,0,0,80,2045,2125,17
2020-07-05,47039,47039,22,0,21,1,1,-1,7,0,1,0,15,,0,0,25,860,885,26
2020-07-05,47037,47037,11089,363,11077,363,12,0,4356,333,506,0,6611,26,122,4,13088,96754,109842,3099
2020-07-05,47035,47035,181,1,179,1,2,0,55,1,14,0,122,,4,0,238,7123,7361,22
2020-07-05,47033,47033,38,3,35,3,3,0,14,2,3,0,21,1,3,0,43,836,879,20
2020-07-05,47031,47031,119,2,118,2,1,0,24,2,6,0,95,,0,0,150,4460,4610,231
2020-07-05,47029,47029,94,3,87,3,7,0,53,3,2,0,41,,0,0,96,2381,2477,77
2020-07-05,47027,47027,17,1,17,1,0,0,6,1,0,0,11,,0,0,17,766,783,53
2020-07-05,47025,47025,45,1,45,1,0,0,29,1,1,0,16,,0,0,53,1843,1896,25
2020-07-05,47023,47023,34,0,34,0,0,0,19,0,1,0,15,,0,0,37,962,999,22
2020-07-05,47021,47021,230,5,230,5,0,0,122,5,12,0,107,,1,0,274,3227,3501,57
2020-07-05,47019,47019,59,2,54,2,5,0,11,1,5,0,47,1,1,0,62,3114,3176,168
2020-07-05,47017,47017,47,-1,42,-1,5,0,13,-1,7,0,33,,1,0,45,1973,2018,17
2020-07-05,47015,47015,37,1,37,1,0,0,14,1,4,0,23,,0,0,59,1009,1068,11
2020-07-05,47013,47013,48,0,44,0,4,0,15,0,3,0,32,,1,0,53,2846,2899,46
2020-07-05,47011,47011,707,33,686,34,21,-1,334,30,37,0,370,3,3,0,777,7113,7890,252
2020-07-05,47009,47009,227,9,220,9,7,0,89,9,14,0,135,,3,0,275,7580,7855,182
2020-07-05,47007,47007,620,1,619,1,1,0,7,1,5,0,612,,1,0,630,3771,4401,18
2020-07-05,47005,47005,13,0,11,0,2,0,3,0,2,0,9,,1,0,13,1112,1125,11
2020-07-05,47003,47003,570,11,570,11,0,0,155,6,23,0,410,5,5,0,674,3896,4570,112
2020-07-05,47001,47001,142,8,136,8,6,0,66,8,10,0,74,,2,0,167,8255,8422,214
2020-07-05,47043,47043,209,3,209,3,0,0,110,3,15,0,99,,0,0,268,3853,4121,46
2020-07-05,47045,47045,251,3,240,3,11,0,142,2,22,0,108,1,1,0,271,3094,3365,122
2020-07-05,47095,47095,692,1,689,1,3,0,4,1,3,0,688,,0,0,857,3752,4609,9
2020-07-05,47049,47049,22,0,22,0,0,0,8,0,2,0,14,,0,0,22,1334,1356,5
2020-07-05,47047,47047,317,5,314,5,3,0,114,4,28,0,201,1,2,0,389,5934,6323,86
2020-07-05,47091,47091,44,0,42,0,2,0,14,-1,3,0,30,1,0,0,45,2603,2648,55
2020-07-05,47089,47089,136,9,126,9,10,0,72,8,8,2,64,1,0,0,137,4286,4423,78
2020-07-05,47087,47087,27,1,27,1,0,0,5,0,1,0,22,1,0,0,30,968,998,9
2020-07-05,47085,47085,28,1,27,1,1,0,13,1,1,0,14,,1,0,35,1333,1368,17
2020-07-05,47083,47083,15,0,15,0,0,0,7,0,4,0,8,,0,0,20,712,732,7
2020-07-05,47079,47079,44,0,44,0,0,0,7,0,5,0,37,,0,0,55,2608,2663,14
2020-07-05,47077,47077,46,1,45,1,1,0,23,1,4,0,23,,0,0,57,1678,1735,27
2020-07-05,47075,47075,92,1,91,2,1,-1,56,1,13,0,34,,2,0,101,1524,1625,71
2020-07-05,47073,47073,57,1,57,1,0,0,13,1,7,0,42,,2,0,76,3112,3188,80
2020-07-05,47081,47081,80,0,80,0,0,0,15,-1,2,0,65,1,0,0,106,1659,1765,42
2020-07-05,47069,47069,343,14,342,14,1,0,82,14,17,1,257,1,4,-1,365,6285,6650,52
2020-07-05,47067,47067,6,2,4,1,2,1,3,2,2,0,3,,0,0,5,401,406,6
2020-07-05,47065,47065,2781,65,2776,65,5,0,943,46,130,0,1803,19,35,0,3070,29503,32573,1090
2020-07-05,47063,47063,340,23,330,23,10,0,181,22,25,0,155,1,4,0,361,5948,6309,128
2020-07-05,47051,47051,87,3,85,3,2,0,24,3,8,0,60,,3,0,116,3100,3216,120
2020-07-05,47061,47061,62,3,61,3,1,0,11,3,10,0,50,,1,0,71,943,1014,20
2020-07-05,47059,47059,103,2,99,2,4,0,30,0,10,0,71,2,2,0,110,4013,4123,161
2020-07-05,47057,47057,42,0,38,0,4,0,15,0,5,0,27,,0,0,50,1558,1608,33
2020-07-05,47055,47055,60,2,60,2,0,0,35,2,4,0,24,,1,0,72,2201,2273,56
2020-07-05,47053,47053,129,1,123,5,6,-4,56,0,7,0,72,1,1,0,145,3337,3482,74
2020-07-05,47071,47071,108,-1,106,0,2,-1,66,-1,8,0,35,,7,0,126,2965,3091,27
2020-07-06,47127,47127,13,1,13,1,0,0,6,1,0,0,7,,0,0,14,544,558,1
2020-07-06,47129,47129,27,0,27,0,0,0,5,0,1,0,21,,1,0,31,3876,3907,14
2020-07-06,47131,47131,113,1,109,1,4,0,44,1,13,0,67,,2,0,131,2584,2715,32
2020-07-06,47137,47137,6,0,6,0,0,0,2,0,0,0,4,,0,0,6,500,506,4
2020-07-06,47133,47133,63,1,63,1,0,0,15,-2,3,0,47,3,1,0,65,2234,2299,18
2020-07-06,,47PEN,751,1,751,1,0,0,696,-7,9,0,53,8,2,0,816,73910,74726,518
2020-07-06,47135,47135,34,0,34,0,0,0,6,0,1,0,28,,0,0,41,699,740,105
2020-07-06,47125,47125,567,13,565,13,2,0,351,6,34,0,209,7,7,0,646,13599,14245,131
2020-07-06,,47OOS,1198,13,1196,13,2,0,802,-2,32,1,389,15,7,0,1145,104679,105824,828
2020-07-06,47123,47123,141,1,130,1,11,0,32,-7,13,0,103,8,6,0,158,2211,2369,16
2020-07-06,47101,47101,6,0,6,0,0,0,1,0,0,0,5,,0,0,7,789,796,4
2020-07-06,47109,47109,76,3,75,3,1,0,40,2,6,0,36,1,0,0,83,1482,1565,23
2020-07-06,47107,47107,239,2,235,2,4,0,53,0,27,0,168,2,18,0,292,4546,4838,6
2020-07-06,47119,47119,357,3,357,3,0,0,137,-23,17,1,217,26,3,0,430,5357,5787,28
2020-07-06,47117,47117,92,1,92,1,0,0,45,0,9,0,46,1,1,0,106,1926,2032,10
2020-07-06,47115,47115,74,1,72,1,2,0,23,1,13,0,47,,4,0,87,1825,1912,14
2020-07-06,47113,47113,305,6,285,6,20,0,122,4,23,0,181,2,2,0,358,7685,8043,32
2020-07-06,47111,47111,487,22,484,22,3,0,273,13,20,1,210,9,4,0,530,2862,3392,74
2020-07-06,47105,47105,288,1,272,2,16,-1,66,-3,10,0,221,4,1,0,304,4092,4396,50
2020-07-06,47103,47103,65,1,65,1,0,0,18,-1,4,0,47,2,0,0,84,2229,2313,3
2020-07-06,47139,47139,46,1,44,1,2,0,14,1,1,0,32,,0,0,48,1076,1124,3
2020-07-06,47121,47121,32,0,32,0,0,0,5,0,4,0,27,,0,0,47,981,1028,5
2020-07-06,47141,47141,906,23,902,23,4,0,256,-11,19,0,643,34,7,0,1064,10295,11359,200
2020-07-06,47163,47163,121,4,116,3,5,1,30,-1,14,0,89,5,2,0,125,7617,7742,105
2020-07-06,47145,47145,62,0,52,0,10,0,24,-1,3,0,38,1,0,0,70,5888,5958,49
2020-07-06,47099,47099,164,1,164,1,0,0,80,-4,13,1,78,5,6,0,203,3135,3338,8
2020-07-06,47187,47187,1340,27,1337,27,3,0,744,15,53,0,581,12,15,0,1550,19941,21491,238
2020-07-06,47185,47185,73,3,72,3,1,0,18,1,5,1,52,2,3,0,87,2656,2743,41
2020-07-06,47183,47183,64,0,63,0,1,0,24,-1,3,0,39,1,1,0,66,2448,2514,65
2020-07-06,47181,47181,88,2,88,2,0,0,20,2,2,0,68,,0,0,90,2687,2777,11
2020-07-06,47179,47179,174,9,165,9,9,0,54,5,8,0,120,4,0,0,198,7256,7454,60
2020-07-06,47177,47177,78,2,78,2,0,0,38,-4,1,0,40,6,0,0,86,3314,3400,65
2020-07-06,47175,47175,7,-1,7,-1,0,0,4,-1,1,0,3,,0,0,7,499,506,2
2020-07-06,47173,47173,19,1,19,1,0,0,9,1,0,0,10,,0,0,22,1156,1178,43
2020-07-06,47171,47171,55,0,55,0,0,0,2,0,1,0,53,,0,0,61,1419,1480,3
2020-07-06,47169,47169,1498,0,1495,0,3,0,68,-1,15,0,1425,1,5,0,1540,2443,3983,3
2020-07-06,47167,47167,649,4,639,2,10,2,146,1,31,0,498,3,5,0,713,8179,8892,33
2020-07-06,47165,47165,1636,26,1626,26,10,0,925,12,230,0,659,14,52,0,2022,14339,16361,149
2020-07-06,47161,47161,23,0,23,0,0,0,14,0,2,0,9,,0,0,25,805,830,6
2020-07-06,47159,47159,122,2,115,2,7,0,68,-2,3,0,53,4,1,0,129,1741,1870,16
2020-07-06,47157,47157,11936,143,11919,143,17,0,4251,-59,894,8,7484,201,201,1,14306,143267,157573,1045
2020-07-06,47155,47155,830,26,785,27,45,-1,368,13,26,0,459,13,3,0,843,9751,10594,261
2020-07-06,47153,47153,41,-1,41,-1,0,0,15,-2,2,0,26,1,0,0,52,1600,1652,-1
2020-07-06,47151,47151,17,0,16,0,1,0,3,0,0,0,14,,0,0,16,1257,1273,6
2020-07-06,47149,47149,3040,53,3033,53,7,0,1652,4,119,0,1353,49,35,0,3631,23791,27422,498
2020-07-06,47147,47147,839,5,836,5,3,0,316,-1,56,0,512,6,11,0,1044,6385,7429,67
2020-07-06,47143,47143,285,-1,285,-1,0,0,40,-2,5,0,245,1,0,0,313,2948,3261,14
2020-07-06,47097,47097,151,6,149,6,2,0,73,4,15,0,75,2,3,0,175,4484,4659,17
2020-07-06,47189,47189,963,22,961,22,2,0,496,17,52,0,450,5,17,0,1144,12389,13533,151
2020-07-06,47093,47093,1209,38,1192,39,17,-1,560,23,73,3,641,14,8,1,1446,39446,40892,855
2020-07-06,47041,47041,68,1,68,1,0,0,28,0,1,0,40,1,0,0,81,2123,2204,79
2020-07-06,47039,47039,22,0,21,0,1,0,7,0,1,0,15,,0,0,25,890,915,30
2020-07-06,47037,47037,11205,116,11192,115,13,1,4308,-48,507,1,6776,165,121,-1,13227,97521,110748,906
2020-07-06,47035,47035,183,2,181,2,2,0,52,-3,14,0,127,5,4,0,240,7236,7476,115
2020-07-06,47033,47033,40,2,37,2,3,0,16,2,3,0,21,,3,0,45,839,884,5
2020-07-06,47031,47031,120,1,119,1,1,0,24,0,6,0,96,1,0,0,150,4488,4638,28
2020-07-06,47029,47029,94,0,87,0,7,0,53,0,2,0,41,,0,0,98,2424,2522,45
2020-07-06,47027,47027,18,1,18,1,0,0,6,0,0,0,12,1,0,0,18,773,791,8
2020-07-06,47025,47025,48,3,48,3,0,0,32,3,1,0,16,,0,0,56,1959,2015,119
2020-07-06,47023,47023,35,1,35,1,0,0,19,0,2,1,16,1,0,0,39,965,1004,5
2020-07-06,47021,47021,232,2,232,2,0,0,124,2,12,0,107,,1,0,276,3230,3506,5
2020-07-06,47019,47019,65,6,59,5,6,1,14,3,5,0,50,3,1,0,67,3146,3213,37
2020-07-06,47017,47017,48,1,42,0,6,1,14,1,7,0,33,,1,0,45,2020,2065,47
2020-07-06,47015,47015,37,0,37,0,0,0,14,0,4,0,23,,0,0,59,1015,1074,6
2020-07-06,47013,47013,51,3,47,3,4,0,16,1,3,0,34,2,1,0,56,2911,2967,68
2020-07-06,47011,47011,745,38,724,38,21,0,351,17,39,2,390,20,4,1,819,7143,7962,72
2020-07-06,47009,47009,229,2,222,2,7,0,90,1,15,1,136,1,3,0,277,7680,7957,102
2020-07-06,47007,47007,621,1,620,1,1,0,8,1,5,0,612,,1,0,631,3776,4407,6
2020-07-06,47005,47005,13,0,11,0,2,0,3,0,2,0,9,,1,0,13,1114,1127,2
2020-07-06,47003,47003,570,0,570,0,0,0,147,-8,23,0,418,8,5,0,667,3911,4578,8
2020-07-06,47001,47001,144,2,138,2,6,0,63,-3,11,1,79,5,2,0,171,8316,8487,65
2020-07-06,47043,47043,212,3,212,3,0,0,113,3,15,0,99,,0,0,269,3869,4138,17
2020-07-06,47045,47045,254,3,243,3,11,0,142,0,22,0,109,1,3,2,273,3125,3398,33
2020-07-06,47095,47095,694,2,691,2,3,0,6,2,3,0,688,,0,0,859,3753,4612,3
2020-07-06,47049,47049,23,1,23,1,0,0,8,0,2,0,15,1,0,0,23,1342,1365,9
2020-07-06,47047,47047,323,6,319,5,4,1,119,5,28,0,202,1,2,0,392,5948,6340,17
2020-07-06,47091,47091,44,0,42,0,2,0,12,-2,3,0,32,2,0,0,45,2605,2650,2
2020-07-06,47089,47089,137,1,127,1,10,0,71,-1,10,2,64,,2,2,142,4343,4485,62
2020-07-06,47087,47087,29,2,29,2,0,0,7,2,1,0,22,,0,0,33,972,1005,7
2020-07-06,47085,47085,29,1,28,1,1,0,13,0,1,0,14,,2,1,36,1383,1419,51
2020-07-06,47083,47083,15,0,15,0,0,0,7,0,4,0,8,,0,0,20,720,740,8
2020-07-06,47079,47079,45,1,44,0,1,1,8,1,5,0,37,,0,0,55,2657,2712,49
2020-07-06,47077,47077,48,2,47,2,1,0,24,1,4,0,24,1,0,0,59,1704,1763,28
2020-07-06,47075,47075,93,1,92,1,1,0,56,0,13,0,35,1,2,0,102,1540,1642,17
2020-07-06,47073,47073,62,5,61,4,1,1,13,0,7,0,47,5,2,0,80,3132,3212,24
2020-07-06,47081,47081,80,0,80,0,0,0,15,0,2,0,65,,0,0,105,1660,1765,0
2020-07-06,47069,47069,352,9,348,6,4,3,89,7,18,1,259,2,4,0,371,6320,6691,41
2020-07-06,47067,47067,6,0,4,0,2,0,3,0,2,0,3,,0,0,5,416,421,15
2020-07-06,47065,47065,2804,23,2799,23,5,0,914,-29,130,0,1855,52,35,0,3098,29608,32706,133
2020-07-06,47063,47063,343,3,333,3,10,0,176,-5,26,1,163,8,4,0,366,5993,6359,50
2020-07-06,47051,47051,88,1,86,1,2,0,23,-1,8,0,62,2,3,0,116,3128,3244,28
2020-07-06,47061,47061,61,-1,60,-1,1,0,10,-1,10,0,50,,1,0,70,947,1017,3
2020-07-06,47059,47059,114,11,108,9,6,2,37,7,10,0,75,4,2,0,119,4030,4149,26
2020-07-06,47057,47057,41,-1,37,-1,4,0,14,-1,5,0,27,,0,0,51,1586,1637,29
2020-07-06,47055,47055,62,2,62,2,0,0,36,1,4,0,25,1,1,0,74,2211,2285,12
2020-07-06,47053,47053,129,0,123,0,6,0,56,0,7,0,72,,1,0,146,3349,3495,13
2020-07-06,47071,47071,109,1,107,1,2,0,67,1,8,0,35,,7,0,128,3040,3168,77
2020-07-07,47127,47127,15,2,15,2,0,0,8,2,0,0,7,,0,0,17,556,573,15
2020-07-07,47129,47129,28,1,28,1,0,0,6,1,1,0,21,,1,0,32,3883,3915,8
2020-07-07,47131,47131,117,4,113,4,4,0,47,3,13,0,68,1,2,0,137,2662,2799,84
2020-07-07,47137,47137,6,0,6,0,0,0,1,-1,0,0,5,1,0,0,6,501,507,1
2020-07-07,47133,47133,65,2,65,2,0,0,16,1,3,0,48,1,1,0,68,2254,2322,23
2020-07-07,,47PEN,731,-20,731,-20,0,0,666,-30,10,1,63,10,2,0,801,74805,75606,880
2020-07-07,47135,47135,35,1,35,1,0,0,6,0,1,0,29,1,0,0,42,712,754,14
2020-07-07,47125,47125,587,20,585,20,2,0,364,13,34,0,216,7,7,0,668,13759,14427,182
2020-07-07,,47OOS,1095,-103,1093,-103,2,0,690,-112,32,0,397,8,8,1,1067,104758,105825,1
2020-07-07,47123,47123,140,-1,129,-1,11,0,30,-2,13,0,104,1,6,0,158,2246,2404,35
2020-07-07,47101,47101,6,0,6,0,0,0,1,0,0,0,5,,0,0,7,862,869,73
2020-07-07,47109,47109,76,0,75,0,1,0,38,-2,6,0,38,2,0,0,83,1518,1601,36
2020-07-07,47107,47107,243,4,239,4,4,0,55,2,27,0,170,2,18,0,297,4630,4927,89
2020-07-07,47119,47119,379,22,379,22,0,0,150,13,17,0,226,9,3,0,450,5474,5924,137
2020-07-07,47117,47117,98,6,98,6,0,0,49,4,9,0,48,2,1,0,113,1977,2090,58
2020-07-07,47115,47115,79,5,77,5,2,0,26,3,13,0,49,2,4,0,92,1864,1956,44
2020-07-07,47113,47113,318,13,298,13,20,0,128,6,23,0,188,7,2,0,370,7806,8176,133
2020-07-07,47111,47111,500,13,497,13,3,0,266,-7,23,3,230,20,4,0,547,2895,3442,50
2020-07-07,47105,47105,293,5,277,5,16,0,69,3,10,0,223,2,1,0,307,4166,4473,77
2020-07-07,47103,47103,68,3,68,3,0,0,21,3,4,0,47,,0,0,86,2299,2385,72
2020-07-07,47139,47139,46,0,44,0,2,0,14,0,1,0,32,,0,0,48,1103,1151,27
2020-07-07,47121,47121,32,0,32,0,0,0,5,0,4,0,27,,0,0,46,992,1038,10
2020-07-07,47141,47141,919,13,915,13,4,0,263,7,19,0,649,6,7,0,1082,10393,11475,116
2020-07-07,47163,47163,141,20,128,12,13,8,46,16,18,4,93,4,2,0,136,7681,7817,75
2020-07-07,47145,47145,64,2,54,2,10,0,24,0,3,0,40,2,0,0,72,5955,6027,69
2020-07-07,47099,47099,172,8,172,8,0,0,83,3,13,0,83,5,6,0,214,3181,3395,57
2020-07-07,47187,47187,1420,80,1417,80,3,0,813,69,53,0,592,11,15,0,1639,20571,22210,719
2020-07-07,47185,47185,76,3,75,3,1,0,20,2,5,0,53,1,3,0,90,2716,2806,63
2020-07-07,47183,47183,66,2,65,2,1,0,24,0,3,0,41,2,1,0,69,2521,2590,76
2020-07-07,47181,47181,89,1,89,1,0,0,20,0,2,0,69,1,0,0,91,2731,2822,45
2020-07-07,47179,47179,182,8,171,6,11,2,54,0,8,0,128,8,0,0,204,7426,7630,176
2020-07-07,47177,47177,81,3,81,3,0,0,39,1,1,0,42,2,0,0,91,3440,3531,131
2020-07-07,47175,47175,7,0,7,0,0,0,4,0,1,0,3,,0,0,7,508,515,9
2020-07-07,47173,47173,19,0,19,0,0,0,7,-2,0,0,12,2,0,0,21,1167,1188,10
2020-07-07,47171,47171,55,0,55,0,0,0,2,0,1,0,53,,0,0,61,1445,1506,26
2020-07-07,47169,47169,1503,5,1500,5,3,0,71,3,15,0,1427,2,5,0,1546,2482,4028,45
2020-07-07,47167,47167,653,4,643,4,10,0,148,2,31,0,500,2,5,0,719,8251,8970,78
2020-07-07,47165,47165,1670,34,1660,34,10,0,947,22,233,3,670,11,53,1,2064,14565,16629,268
2020-07-07,47161,47161,24,1,24,1,0,0,14,0,3,1,10,1,0,0,27,823,850,20
2020-07-07,47159,47159,124,2,117,2,7,0,66,-2,3,0,57,4,1,0,131,1767,1898,28
2020-07-07,47157,47157,12176,240,12160,241,16,-1,4243,-8,904,10,7731,247,202,1,14587,145016,159603,2030
2020-07-07,47155,47155,857,27,813,28,44,-1,372,4,26,0,482,23,3,0,882,9906,10788,194
2020-07-07,47153,47153,42,1,42,1,0,0,15,0,2,0,27,1,0,0,54,1673,1727,75
2020-07-07,47151,47151,18,1,17,1,1,0,4,1,0,0,14,,0,0,17,1262,1279,6
2020-07-07,47149,47149,3111,71,3104,71,7,0,1694,42,122,3,1381,28,36,1,3727,24250,27977,555
2020-07-07,47147,47147,855,16,852,16,3,0,323,7,57,1,521,9,11,0,1064,6449,7513,84
2020-07-07,47143,47143,289,4,289,4,0,0,43,3,7,2,246,1,0,0,319,3004,3323,62
2020-07-07,47189,47189,999,36,997,36,2,0,521,25,52,0,461,11,17,0,1182,12785,13967,434
2020-07-07,47097,47097,154,3,152,3,2,0,76,3,15,0,75,,3,0,179,4507,4686,27
2020-07-07,47093,47093,1309,100,1291,99,18,1,640,80,76,3,661,20,8,0,1526,40728,42254,1362
2020-07-07,47041,47041,70,2,70,2,0,0,30,2,1,0,40,,0,0,84,2144,2228,24
2020-07-07,47039,47039,22,0,21,0,1,0,7,0,1,0,15,,0,0,25,974,999,84
2020-07-07,47037,47037,11599,394,11585,393,14,1,4508,200,514,7,6964,188,127,6,13716,101189,114905,4157
2020-07-07,47035,47035,188,5,186,5,2,0,54,2,14,0,130,3,4,0,249,7373,7622,146
2020-07-07,47033,47033,40,0,37,0,3,0,16,0,4,1,21,,3,0,45,853,898,14
2020-07-07,47031,47031,125,5,124,5,1,0,27,3,6,0,98,2,0,0,156,4578,4734,96
2020-07-07,47029,47029,105,11,95,8,10,3,59,6,2,0,46,5,0,0,109,2480,2589,67
2020-07-07,47027,47027,19,1,19,1,0,0,7,1,0,0,12,,0,0,19,779,798,7
2020-07-07,47025,47025,53,5,53,5,0,0,35,3,1,0,18,2,0,0,62,1982,2044,29
2020-07-07,47021,47021,236,4,236,4,0,0,126,2,12,0,109,2,1,0,281,3315,3596,90
2020-07-07,47019,47019,70,5,62,3,8,2,16,2,5,0,53,3,1,0,71,3241,3312,99
2020-07-07,47017,47017,49,1,43,1,6,0,15,1,7,0,33,,1,0,45,2063,2108,43
2020-07-07,47015,47015,37,0,37,0,0,0,14,0,4,0,23,,0,0,59,1030,1089,15
2020-07-07,47013,47013,54,3,50,3,4,0,19,3,3,0,34,,1,0,60,2934,2994,27
2020-07-07,47011,47011,773,28,752,28,21,0,369,18,41,2,400,10,4,0,864,7305,8169,207
2020-07-07,47009,47009,262,33,256,34,6,-1,118,28,15,0,141,5,3,0,311,7928,8239,282
2020-07-07,47007,47007,623,2,622,2,1,0,9,1,5,0,613,1,1,0,635,3795,4430,23
2020-07-07,47005,47005,13,0,11,0,2,0,3,0,2,0,9,,1,0,13,1134,1147,20
2020-07-07,47003,47003,584,14,584,14,0,0,148,1,23,0,429,11,7,2,682,4004,4686,108
2020-07-07,47001,47001,143,-1,137,-1,6,0,57,-6,12,1,84,5,2,0,178,8458,8636,149
2020-07-07,47095,47095,694,0,691,0,3,0,5,-1,3,0,689,1,0,0,859,3773,4632,20
2020-07-07,47043,47043,219,7,219,7,0,0,117,4,17,2,102,3,0,0,278,3910,4188,50
2020-07-07,47045,47045,261,7,250,7,11,0,146,4,22,0,112,3,3,0,281,3185,3466,68
2020-07-07,47023,47023,37,2,37,2,0,0,21,2,2,0,16,,0,0,40,980,1020,16
2020-07-07,47049,47049,24,1,24,1,0,0,9,1,2,0,15,,0,0,24,1355,1379,14
2020-07-07,47047,47047,328,5,324,5,4,0,121,2,29,1,205,3,2,0,404,6042,6446,106
2020-07-07,47089,47089,147,10,137,10,10,0,77,6,10,0,69,5,1,-1,154,4475,4629,144
2020-07-07,47087,47087,30,1,30,1,0,0,7,0,1,0,23,1,0,0,34,978,1012,7
2020-07-07,47085,47085,35,6,34,6,1,0,18,5,1,0,15,1,2,0,42,1452,1494,75
2020-07-07,47083,47083,15,0,15,0,0,0,7,0,4,0,8,,0,0,20,727,747,7
2020-07-07,47081,47081,88,8,88,8,0,0,21,6,2,0,67,2,0,0,114,1694,1808,43
2020-07-07,47079,47079,45,0,44,0,1,0,7,-1,6,1,38,1,0,0,55,2731,2786,74
2020-07-07,47077,47077,48,0,47,0,1,0,24,0,5,1,24,,0,0,59,1814,1873,110
2020-07-07,47075,47075,96,3,95,3,1,0,59,3,13,0,35,,2,0,106,1556,1662,20
2020-07-07,47073,47073,64,2,63,2,1,0,15,2,7,0,47,,2,0,82,3156,3238,26
2020-07-07,47071,47071,115,6,113,6,2,0,71,4,9,1,37,2,7,0,135,3116,3251,83
2020-07-07,47091,47091,45,1,43,1,2,0,12,0,4,1,33,1,0,0,46,2610,2656,6
2020-07-07,47067,47067,8,2,6,2,2,0,5,2,2,0,3,,0,0,6,422,428,7
2020-07-07,47065,47065,2867,63,2862,63,5,0,935,21,132,2,1896,41,36,1,3164,29955,33119,413
2020-07-07,47063,47063,374,31,363,30,11,1,194,18,27,1,176,13,4,0,398,6122,6520,161
2020-07-07,47061,47061,63,2,60,0,3,2,12,2,10,0,50,,1,0,70,950,1020,3
2020-07-07,47059,47059,117,3,111,3,6,0,37,0,10,0,78,3,2,0,122,4116,4238,89
2020-07-07,47057,47057,47,6,43,6,4,0,19,5,5,0,28,1,0,0,55,1603,1658,21
2020-07-07,47055,47055,70,8,70,8,0,0,40,4,5,1,29,4,1,0,82,2289,2371,86
2020-07-07,47053,47053,133,4,127,4,6,0,59,3,7,0,73,1,1,0,148,3406,3554,59
2020-07-07,47051,47051,90,2,88,2,2,0,24,1,8,0,63,1,3,0,120,3158,3278,34
2020-07-07,47069,47069,357,5,353,5,4,0,91,2,18,0,262,3,4,0,380,6557,6937,246
2020-07-08,47139,47139,48,2,46,2,2,0,14,0,1,0,34,2,0,0,50,1134,1184,33
2020-07-08,47127,47127,17,2,17,2,0,0,10,2,0,0,7,,0,0,18,578,596,23
2020-07-08,47129,47129,29,1,29,1,0,0,7,1,1,0,21,,1,0,33,3908,3941,26
2020-07-08,47131,47131,117,0,113,0,4,0,46,-1,13,0,69,1,2,0,138,2720,2858,59
2020-07-08,47137,47137,6,0,6,0,0,0,1,0,0,0,5,,0,0,6,506,512,5
2020-07-08,47133,47133,67,2,67,2,0,0,18,2,3,0,48,,1,0,73,2277,2350,28
2020-07-08,,47PEN,830,99,830,99,0,0,750,84,12,2,78,15,2,0,899,76598,77497,1891
2020-07-08,47135,47135,35,0,35,0,0,0,6,0,1,0,29,,0,0,44,814,858,104
2020-07-08,47125,47125,620,33,618,33,2,0,391,27,36,2,222,6,7,0,704,13962,14666,239
2020-07-08,,47OOS,1230,135,1228,135,2,0,810,120,33,1,413,16,7,-1,1166,108324,109490,3665
2020-07-08,47123,47123,141,1,131,2,10,-1,31,1,13,0,104,,6,0,160,2289,2449,45
2020-07-08,47117,47117,101,3,101,3,0,0,52,3,10,1,48,,1,0,116,2162,2278,188
2020-07-08,47109,47109,84,8,83,8,1,0,45,7,8,2,38,,1,1,92,1574,1666,65
2020-07-08,47107,47107,255,12,251,12,4,0,66,11,28,1,171,1,18,0,314,4762,5076,149
2020-07-08,47119,47119,406,27,406,27,0,0,169,19,20,3,234,8,3,0,481,5785,6266,342
2020-07-08,47115,47115,87,8,85,8,2,0,30,4,13,0,53,4,4,0,100,1948,2048,92
2020-07-08,47113,47113,339,21,320,22,19,-1,145,17,23,0,192,4,2,0,390,8056,8446,270
2020-07-08,47111,47111,511,11,508,11,3,0,260,-6,26,3,247,17,4,0,561,2940,3501,59
2020-07-08,47105,47105,302,9,286,9,16,0,73,4,11,1,228,5,1,0,320,4224,4544,71
2020-07-08,47103,47103,78,10,78,10,0,0,30,9,4,0,48,1,0,0,97,2502,2599,214
2020-07-08,47101,47101,7,1,7,1,0,0,1,0,0,0,6,1,0,0,8,890,898,29
2020-07-08,47121,47121,34,2,34,2,0,0,7,2,4,0,27,,0,0,48,1018,1066,28
2020-07-08,47141,47141,926,7,922,7,4,0,252,-11,21,2,667,18,7,0,1089,10468,11557,82
2020-07-08,47099,47099,192,20,192,20,0,0,100,17,13,0,86,3,6,0,234,3330,3564,169
2020-07-08,47145,47145,71,7,61,7,10,0,30,6,4,1,41,1,0,0,79,6045,6124,97
2020-07-08,47187,47187,1515,95,1512,95,3,0,887,74,53,0,613,21,15,0,1745,21211,22956,746
2020-07-08,47185,47185,77,1,76,1,1,0,20,0,5,0,54,1,3,0,91,2738,2829,23
2020-07-08,47183,47183,67,1,66,1,1,0,25,1,3,0,41,,1,0,70,2605,2675,85
2020-07-08,47181,47181,90,1,90,1,0,0,21,1,2,0,69,,0,0,93,2780,2873,51
2020-07-08,47179,47179,197,15,184,13,13,2,62,8,9,1,135,7,0,0,219,7647,7866,236
2020-07-08,47177,47177,100,19,100,19,0,0,47,8,1,0,53,11,0,0,110,3577,3687,156
2020-07-08,47175,47175,7,0,7,0,0,0,3,-1,1,0,4,1,0,0,7,516,523,8
2020-07-08,47173,47173,19,0,19,0,0,0,7,0,0,0,12,,0,0,22,1181,1203,15
2020-07-08,47171,47171,56,1,56,1,0,0,3,1,1,0,53,,0,0,62,1493,1555,49
2020-07-08,47169,47169,1503,0,1500,0,3,0,71,0,15,0,1427,,5,0,1545,2510,4055,27
2020-07-08,47167,47167,662,9,654,11,8,-2,153,5,33,2,504,4,5,0,733,8438,9171,201
2020-07-08,47165,47165,1727,57,1717,57,10,0,985,38,238,5,687,17,55,2,2154,14973,17127,498
2020-07-08,47163,47163,159,18,138,10,21,8,60,14,22,4,97,4,2,0,152,7988,8140,323
2020-07-08,47161,47161,25,1,25,1,0,0,15,1,3,0,10,,0,0,28,838,866,16
2020-07-08,47159,47159,136,12,129,12,7,0,74,8,4,1,60,3,2,1,143,1812,1955,57
2020-07-08,47157,47157,12549,373,12532,372,17,1,4356,113,916,12,7985,254,208,6,15038,149057,164095,4492
2020-07-08,47155,47155,857,0,813,0,44,0,345,-27,27,1,509,27,3,0,888,10194,11082,294
2020-07-08,47153,47153,42,0,42,0,0,0,15,0,2,0,27,,0,0,55,1747,1802,75
2020-07-08,47151,47151,21,3,20,3,1,0,6,2,0,0,15,1,0,0,20,1284,1304,25
2020-07-08,47149,47149,3234,123,3227,123,7,0,1771,77,122,0,1426,45,37,1,3871,24929,28800,823
2020-07-08,47147,47147,875,20,872,20,3,0,333,10,57,0,531,10,11,0,1096,6630,7726,213
2020-07-08,47143,47143,293,4,293,4,0,0,45,2,7,0,248,2,0,0,327,3122,3449,126
2020-07-08,47097,47097,164,10,162,10,2,0,81,5,15,0,80,5,3,0,194,4569,4763,77
2020-07-08,47189,47189,1060,61,1058,61,2,0,565,44,54,2,478,17,17,0,1255,13269,14524,557
2020-07-08,47093,47093,1392,83,1373,82,19,1,698,58,82,6,685,24,9,1,1602,41673,43275,1021
2020-07-08,47041,47041,70,0,70,0,0,0,29,-1,2,1,41,1,0,0,84,2177,2261,33
2020-07-08,47039,47039,24,2,21,0,3,2,7,0,1,0,17,2,0,0,27,998,1025,26
2020-07-08,47037,47037,12234,635,12220,635,14,0,4971,463,520,6,7131,167,132,5,14451,105684,120135,5230
2020-07-08,47035,47035,193,5,191,5,2,0,55,1,16,2,134,4,4,0,254,7461,7715,93
2020-07-08,47033,47033,44,4,41,4,3,0,19,3,4,0,22,1,3,0,51,923,974,76
2020-07-08,47031,47031,132,7,131,7,1,0,34,7,6,0,98,,0,0,166,4793,4959,225
2020-07-08,47029,47029,116,11,105,10,11,1,69,10,2,0,47,1,0,0,122,2530,2652,63
2020-07-08,47027,47027,18,-1,18,-1,0,0,5,-2,0,0,13,1,0,0,18,784,802,4
2020-07-08,47025,47025,59,6,59,6,0,0,40,5,2,1,19,1,0,0,67,2016,2083,39
2020-07-08,47023,47023,48,11,47,10,1,1,32,11,2,0,16,,0,0,52,1004,1056,36
2020-07-08,47021,47021,243,7,243,7,0,0,129,3,12,0,112,3,2,1,288,3430,3718,122
2020-07-08,47019,47019,75,5,67,5,8,0,21,5,6,1,53,,1,0,79,3356,3435,123
2020-07-08,47017,47017,49,0,44,1,5,-1,15,0,7,0,33,,1,0,47,2094,2141,33
2020-07-08,47015,47015,41,4,41,4,0,0,18,4,4,0,23,,0,0,63,1096,1159,70
2020-07-08,47013,47013,62,8,58,8,4,0,25,6,4,1,36,2,1,0,68,2976,3044,50
2020-07-08,47011,47011,874,101,853,101,21,0,434,65,42,1,436,36,4,0,977,7666,8643,474
2020-07-08,47009,47009,272,10,266,10,6,0,126,8,16,1,143,2,3,0,325,8139,8464,225
2020-07-08,47007,47007,624,1,623,1,1,0,8,-1,5,0,615,2,1,0,637,3829,4466,36
2020-07-08,47005,47005,13,0,11,0,2,0,3,0,2,0,9,,1,0,14,1145,1159,12
2020-07-08,47003,47003,589,5,589,5,0,0,147,-1,24,1,434,5,8,1,691,4143,4834,148
2020-07-08,47001,47001,166,23,160,23,6,0,76,19,12,0,88,4,2,0,202,8648,8850,214
2020-07-08,47043,47043,231,12,231,12,0,0,128,11,17,0,103,1,0,0,288,4058,4346,158
2020-07-08,47045,47045,270,9,258,8,12,1,147,1,22,0,120,8,3,0,292,3252,3544,78
2020-07-08,47095,47095,696,2,693,2,3,0,5,0,3,0,691,2,0,0,859,3822,4681,49
2020-07-08,47049,47049,25,1,25,1,0,0,9,0,2,0,16,1,0,0,25,1370,1395,16
2020-07-08,47091,47091,44,-1,42,-1,2,0,7,-5,3,-1,37,4,0,0,44,2640,2684,28
2020-07-08,47089,47089,148,1,138,1,10,0,71,-6,8,-2,76,7,1,0,162,4563,4725,96
2020-07-08,47087,47087,33,3,33,3,0,0,10,3,1,0,23,,0,0,37,982,1019,7
2020-07-08,47085,47085,35,0,34,0,1,0,18,0,1,0,15,,2,0,42,1488,1530,36
2020-07-08,47083,47083,16,1,16,1,0,0,8,1,4,0,8,,0,0,21,753,774,27
2020-07-08,47047,47047,344,16,341,17,3,-1,131,10,30,1,210,5,3,1,424,6259,6683,237
2020-07-08,47079,47079,47,2,46,2,1,0,8,1,6,0,39,1,0,0,58,2811,2869,83
2020-07-08,47077,47077,56,8,54,7,2,1,29,5,6,1,27,3,0,0,68,1853,1921,48
2020-07-08,47075,47075,108,12,106,11,2,1,70,11,14,1,36,1,2,0,120,1638,1758,96
2020-07-08,47073,47073,66,2,65,2,1,0,15,0,7,0,49,2,2,0,84,3275,3359,121
2020-07-08,47081,47081,95,7,95,7,0,0,28,7,2,0,67,,0,0,122,1774,1896,88
2020-07-08,47069,47069,374,17,370,17,4,0,103,12,19,1,267,5,4,0,398,6635,7033,96
2020-07-08,47067,47067,9,1,7,1,2,0,5,0,3,1,4,1,0,0,9,467,476,48
2020-07-08,47065,47065,3007,140,3002,140,5,0,1021,86,133,1,1950,54,36,0,3319,31728,35047,1928
2020-07-08,47063,47063,397,23,387,24,10,-1,204,10,28,1,189,13,4,0,429,6230,6659,139
2020-07-08,47061,47061,65,2,62,2,3,0,14,2,10,0,49,-1,2,1,72,970,1042,22
2020-07-08,47059,47059,122,5,116,5,6,0,38,1,10,0,82,4,2,0,129,4345,4474,236
2020-07-08,47057,47057,48,1,44,1,4,0,19,0,5,0,29,1,0,0,58,1627,1685,27
2020-07-08,47055,47055,77,7,77,7,0,0,46,6,5,0,30,1,1,0,87,2419,2506,135
2020-07-08,47053,47053,147,14,134,7,13,7,68,9,8,1,78,5,1,0,162,3535,3697,143
2020-07-08,47051,47051,101,11,99,11,2,0,34,10,8,0,64,1,3,0,131,3358,3489,211
2020-07-08,47071,47071,119,4,115,2,4,2,74,3,9,0,38,1,7,0,139,3199,3338,87
2020-07-09,47127,47127,17,0,17,0,0,0,10,0,0,0,7,,0,0,19,581,600,4
2020-07-09,47129,47129,29,0,29,0,0,0,7,0,1,0,21,,1,0,35,3931,3966,25
2020-07-09,47131,47131,118,1,114,1,4,0,45,-1,14,1,71,2,2,0,141,2757,2898,40
2020-07-09,,47OOS,1256,26,1254,26,2,0,783,-27,35,2,463,50,10,3,1269,110773,112042,2552
2020-07-09,47139,47139,51,3,49,3,2,0,16,2,1,0,35,1,0,0,53,1140,1193,9
2020-07-09,,47PEN,837,7,837,7,0,0,742,-8,11,-1,93,15,2,0,917,77654,78571,1074
2020-07-09,47135,47135,35,0,35,0,0,0,6,0,1,0,29,,0,0,44,820,864,6
2020-07-09,47137,47137,7,1,7,1,0,0,1,0,0,0,6,1,0,0,7,502,509,-3
2020-07-09,47133,47133,68,1,68,1,0,0,16,-2,3,0,51,3,1,0,74,2322,2396,46
2020-07-09,47125,47125,658,38,656,38,2,0,423,32,37,1,228,6,7,0,747,14548,15295,629
2020-07-09,47103,47103,80,2,80,2,0,0,32,2,4,0,48,,0,0,101,2522,2623,24
2020-07-09,47109,47109,91,7,89,6,2,1,52,7,9,1,38,,1,0,98,1613,1711,45
2020-07-09,47107,47107,257,2,253,2,4,0,65,-1,28,0,174,3,18,0,314,4823,5137,61
2020-07-09,47119,47119,420,14,420,14,0,0,172,3,21,1,245,11,3,0,501,5945,6446,180
2020-07-09,47117,47117,104,3,104,3,0,0,54,2,10,0,48,,2,1,121,2191,2312,34
2020-07-09,47115,47115,90,3,88,3,2,0,32,2,13,0,54,1,4,0,104,1979,2083,35
2020-07-09,47113,47113,340,1,323,3,17,-2,144,-1,23,0,194,2,2,0,403,8186,8589,143
2020-07-09,47111,47111,546,35,543,35,3,0,278,18,29,3,262,15,6,2,606,3056,3662,161
2020-07-09,47105,47105,308,6,292,6,16,0,77,4,11,0,230,2,1,0,329,4295,4624,80
2020-07-09,47141,47141,989,63,985,63,4,0,286,34,21,0,696,29,7,0,1157,10884,12041,484
2020-07-09,47123,47123,146,5,136,5,10,0,35,4,13,0,105,1,6,0,166,2323,2489,40
2020-07-09,47143,47143,294,1,294,1,0,0,45,0,7,0,249,1,0,0,328,3147,3475,26
2020-07-09,47165,47165,1802,75,1792,75,10,0,1042,57,239,1,704,17,56,1,2260,15300,17560,433
2020-07-09,47147,47147,882,7,879,7,3,0,336,3,58,1,533,2,13,2,1106,6768,7874,148
2020-07-09,47189,47189,1099,39,1097,39,2,0,593,28,54,0,489,11,17,0,1304,13571,14875,351
2020-07-09,47187,47187,1591,76,1588,76,3,0,948,61,53,0,628,15,15,0,1825,22137,23962,1006
2020-07-09,47185,47185,80,3,79,3,1,0,22,2,5,0,55,1,3,0,96,2820,2916,87
2020-07-09,47183,47183,69,2,68,2,1,0,27,2,3,0,41,,1,0,73,2641,2714,39
2020-07-09,47181,47181,99,9,99,9,0,0,30,9,2,0,69,,0,0,102,2792,2894,21
2020-07-09,47179,47179,212,15,196,12,16,3,68,6,9,0,144,9,0,0,233,7841,8074,208
2020-07-09,47177,47177,106,6,106,6,0,0,50,3,1,0,56,3,0,0,117,3657,3774,87
2020-07-09,47175,47175,7,0,7,0,0,0,2,-1,1,0,5,1,0,0,7,527,534,11
2020-07-09,47173,47173,20,1,20,1,0,0,7,0,0,0,13,1,0,0,23,1196,1219,16
2020-07-09,47171,47171,56,0,56,0,0,0,3,0,1,0,53,,0,0,62,1519,1581,26
2020-07-09,47169,47169,1505,2,1502,2,3,0,72,1,15,0,1428,1,5,0,1548,2542,4090,35
2020-07-09,47167,47167,674,12,666,12,8,0,163,10,35,2,505,1,6,1,747,8557,9304,133
2020-07-09,47101,47101,10,3,10,3,0,0,4,3,0,0,6,,0,0,11,941,952,54
2020-07-09,47163,47163,178,19,159,21,19,-2,77,17,26,4,99,2,2,0,173,8276,8449,309
2020-07-09,47161,47161,26,1,26,1,0,0,14,-1,3,0,12,2,0,0,29,861,890,24
2020-07-09,47159,47159,139,3,132,3,7,0,72,-2,5,1,65,5,2,0,146,1841,1987,32
2020-07-09,47157,47157,12842,293,12825,293,17,0,4416,60,924,8,8212,227,214,6,15398,152277,167675,3580
2020-07-09,47155,47155,863,6,819,6,44,0,322,-23,28,1,538,29,3,0,900,10493,11393,311
2020-07-09,47153,47153,43,1,43,1,0,0,15,0,2,0,28,1,0,0,56,1775,1831,29
2020-07-09,47151,47151,22,1,21,1,1,0,7,1,0,0,15,,0,0,20,1298,1318,14
2020-07-09,47149,47149,3326,92,3319,92,7,0,1832,61,125,3,1456,30,38,1,3982,25571,29553,753
2020-07-09,47145,47145,75,4,65,4,10,0,32,2,4,0,43,2,0,0,85,6172,6257,133
2020-07-09,47099,47099,202,10,202,10,0,0,108,8,13,0,88,2,6,0,247,3403,3650,86
2020-07-09,47121,47121,35,1,35,1,0,0,8,1,4,0,27,,0,0,49,1026,1075,9
2020-07-09,47097,47097,172,8,170,8,2,0,88,7,15,0,81,1,3,0,201,4590,4791,28
2020-07-09,47041,47041,76,6,76,6,0,0,33,4,2,0,43,2,0,0,90,2246,2336,75
2020-07-09,47039,47039,28,4,25,4,3,0,9,2,1,0,19,2,0,0,31,1019,1050,25
2020-07-09,47037,47037,12549,315,12534,314,15,1,5093,122,528,8,7318,187,138,6,14879,108604,123483,3348
2020-07-09,47035,47035,196,3,194,3,2,0,52,-3,17,1,140,6,4,0,260,7542,7802,87
2020-07-09,47033,47033,48,4,44,3,4,1,22,3,4,0,23,1,3,0,55,943,998,24
2020-07-09,47031,47031,134,2,133,2,1,0,36,2,6,0,98,,0,0,171,4870,5041,82
2020-07-09,47029,47029,126,10,115,10,11,0,75,6,2,0,51,4,0,0,131,2596,2727,75
2020-07-09,47027,47027,18,0,18,0,0,0,4,-1,0,0,14,1,0,0,18,794,812,10
2020-07-09,47023,47023,53,5,52,5,1,0,34,2,3,1,19,3,0,0,57,1019,1076,20
2020-07-09,47021,47021,252,9,252,9,0,0,136,7,12,0,114,2,2,0,299,3515,3814,96
2020-07-09,47019,47019,77,2,69,2,8,0,22,1,8,2,54,1,1,0,81,3471,3552,117
2020-07-09,47017,47017,51,2,46,2,5,0,17,2,7,0,33,,1,0,49,2116,2165,24
2020-07-09,47015,47015,45,4,45,4,0,0,22,4,4,0,23,,0,0,72,1113,1185,26
2020-07-09,47013,47013,65,3,59,1,6,2,27,2,4,0,37,1,1,0,72,3050,3122,78
2020-07-09,47011,47011,889,15,868,15,21,0,421,-13,44,2,464,28,4,0,1002,7768,8770,127
2020-07-09,47009,47009,280,8,274,8,6,0,127,1,17,1,150,7,3,0,334,8255,8589,125
2020-07-09,47007,47007,625,1,625,2,0,-1,9,1,5,0,615,,1,0,636,3843,4479,13
2020-07-09,47005,47005,15,2,13,2,2,0,5,2,2,0,9,,1,0,16,1155,1171,12
2020-07-09,47003,47003,595,6,595,6,0,0,152,5,24,0,434,,9,1,697,4216,4913,79
2020-07-09,47001,47001,178,12,170,10,8,2,86,10,12,0,90,2,2,0,212,8789,9001,151
2020-07-09,47095,47095,697,1,694,1,3,0,6,1,3,0,691,,0,0,860,3827,4687,6
2020-07-09,47043,47043,243,12,243,12,0,0,137,9,17,0,106,3,0,0,307,4245,4552,206
2020-07-09,47045,47045,274,4,261,3,13,1,149,2,22,0,122,2,3,0,297,3277,3574,30
2020-07-09,47025,47025,61,2,61,2,0,0,39,-1,2,0,22,3,0,0,70,2117,2187,104
2020-07-09,47049,47049,25,0,25,0,0,0,9,0,2,0,16,,0,0,25,1387,1412,17
2020-07-09,47047,47047,346,2,343,2,3,0,129,-2,32,2,214,4,3,0,425,6351,6776,93
2020-07-09,47091,47091,44,0,42,0,2,0,7,0,3,0,37,,0,0,45,2662,2707,23
2020-07-09,47089,47089,157,9,147,9,10,0,78,7,8,0,78,2,1,0,170,4650,4820,95
2020-07-09,47087,47087,41,8,41,8,0,0,18,8,1,0,23,,0,0,46,1018,1064,45
2020-07-09,47085,47085,38,3,37,3,1,0,21,3,2,1,15,,2,0,46,1527,1573,43
2020-07-09,47083,47083,19,3,19,3,0,0,9,1,4,0,10,2,0,0,24,774,798,24
2020-07-09,47081,47081,98,3,98,3,0,0,31,3,2,0,67,,0,0,125,1810,1935,39
2020-07-09,47079,47079,48,1,47,1,1,0,9,1,6,0,39,,0,0,59,2866,2925,56
2020-07-09,47077,47077,62,6,60,6,2,0,33,4,6,0,29,2,0,0,74,1882,1956,35
2020-07-09,47075,47075,111,3,109,3,2,0,73,3,14,0,36,,2,0,123,1651,1774,16
2020-07-09,47073,47073,79,13,75,10,4,3,25,10,8,1,52,3,2,0,96,3304,3400,41
2020-07-09,47093,47093,1471,79,1448,75,23,4,744,46,91,9,718,33,9,0,1701,42719,44420,1145
2020-07-09,47069,47069,381,7,375,5,6,2,108,5,20,1,269,2,4,0,405,6654,7059,26
2020-07-09,47071,47071,120,1,116,1,4,0,73,-1,10,1,40,2,7,0,140,3261,3401,63
2020-07-09,47053,47053,158,11,142,8,16,3,75,7,9,1,82,4,1,0,176,3587,3763,66
2020-07-09,47055,47055,80,3,80,3,0,0,49,3,6,1,30,,1,0,93,2456,2549,43
2020-07-09,47057,47057,50,2,46,2,4,0,21,2,5,0,29,,0,0,61,1648,1709,24
2020-07-09,47059,47059,123,1,117,1,6,0,30,-8,10,0,91,9,2,0,131,4371,4502,28
2020-07-09,47051,47051,104,3,102,3,2,0,36,2,8,0,65,1,3,0,130,3412,3542,53
2020-07-09,47063,47063,422,25,412,25,10,0,214,10,29,1,204,15,4,0,453,6325,6778,119
2020-07-09,47065,47065,3088,81,3082,80,6,1,1069,48,136,3,1982,32,37,1,3410,32669,36079,1032
2020-07-09,47067,47067,10,1,8,1,2,0,6,1,3,0,4,,0,0,8,472,480,4
2020-07-09,47061,47061,65,0,62,0,3,0,13,-1,10,0,50,1,2,0,72,978,1050,8
2020-07-10,47125,47125,712,54,710,54,2,0,466,43,39,2,239,11,7,0,801,14844,15645,350
2020-07-10,47135,47135,37,2,37,2,0,0,8,2,1,0,29,,0,0,45,837,882,18
2020-07-10,,47PEN,936,99,935,98,1,1,817,75,12,1,117,24,2,0,1026,79005,80031,1460
2020-07-10,47133,47133,70,2,70,2,0,0,12,-4,3,0,57,6,1,0,75,2344,2419,23
2020-07-10,,47OOS,1397,141,1395,141,2,0,910,127,36,1,477,14,10,0,1381,112962,114343,2301
2020-07-10,47131,47131,118,0,114,0,4,0,45,0,14,0,71,,2,0,142,2815,2957,59
2020-07-10,47137,47137,7,0,7,0,0,0,1,0,0,0,6,,0,0,7,503,510,1
2020-07-10,47129,47129,30,1,30,1,0,0,7,0,1,0,22,1,1,0,36,3966,4002,36
2020-07-10,47127,47127,17,0,17,0,0,0,10,0,0,0,7,,0,0,19,586,605,5
2020-07-10,47123,47123,152,6,142,6,10,0,39,4,13,0,107,2,6,0,173,2350,2523,34
2020-07-10,47115,47115,91,1,89,1,2,0,31,-1,13,0,56,2,4,0,106,1999,2105,22
2020-07-10,47109,47109,100,9,98,9,2,0,61,9,9,0,38,,1,0,107,1665,1772,61
2020-07-10,47107,47107,270,13,266,13,4,0,73,8,29,1,179,5,18,0,330,4904,5234,97
2020-07-10,47119,47119,431,11,431,11,0,0,173,1,22,1,255,10,3,0,513,6162,6675,229
2020-07-10,47117,47117,108,4,108,4,0,0,57,3,10,0,49,1,2,0,124,2223,2347,35
2020-07-10,47113,47113,347,7,330,7,17,0,145,1,23,0,200,6,2,0,412,8339,8751,162
2020-07-10,47111,47111,568,22,565,22,3,0,262,-16,29,0,300,38,6,0,633,3155,3788,126
2020-07-10,47105,47105,320,12,304,12,16,0,80,3,11,0,239,9,1,0,341,4358,4699,75
2020-07-10,47103,47103,84,4,84,4,0,0,36,4,4,0,48,,0,0,105,2534,2639,16
2020-07-10,47101,47101,10,0,10,0,0,0,4,0,1,1,6,,0,0,11,959,970,18
2020-07-10,47139,47139,55,4,53,4,2,0,18,2,1,0,37,2,0,0,57,1149,1206,13
2020-07-10,47121,47121,37,2,37,2,0,0,9,1,4,0,28,1,0,0,51,1040,1091,16
2020-07-10,47141,47141,1002,13,997,12,5,1,276,-10,21,0,719,23,7,0,1171,11080,12251,210
2020-07-10,47099,47099,227,25,227,25,0,0,130,22,13,0,91,3,6,0,271,3461,3732,82
2020-07-10,47145,47145,80,5,70,5,10,0,35,3,4,0,45,2,0,0,92,6276,6368,111
2020-07-10,47187,47187,1670,79,1667,79,3,0,988,40,55,2,666,38,16,1,1916,22927,24843,881
2020-07-10,47185,47185,81,1,80,1,1,0,20,-2,5,0,58,3,3,0,99,2865,2964,48
2020-07-10,47183,47183,69,0,68,0,1,0,27,0,3,0,41,,1,0,73,2676,2749,35
2020-07-10,47181,47181,110,11,110,11,0,0,40,10,2,0,70,1,0,0,114,2836,2950,56
2020-07-10,47179,47179,235,23,222,26,13,-3,91,23,9,0,144,,0,0,258,7908,8166,92
2020-07-10,47177,47177,120,14,120,14,0,0,61,11,1,0,59,3,0,0,132,3855,3987,213
2020-07-10,47175,47175,9,2,9,2,0,0,4,2,1,0,5,,0,0,9,534,543,9
2020-07-10,47173,47173,22,2,22,2,0,0,9,2,0,0,13,,0,0,25,1228,1253,34
2020-07-10,47171,47171,56,0,56,0,0,0,3,0,1,0,53,,0,0,62,1528,1590,9
2020-07-10,47169,47169,1506,1,1503,1,3,0,69,-3,15,0,1432,4,5,0,1551,2566,4117,27
2020-07-10,47167,47167,692,18,679,13,13,5,174,11,36,1,512,7,6,0,760,8713,9473,169
2020-07-10,47165,47165,1874,72,1864,72,10,0,1084,42,239,0,734,30,56,0,2342,15718,18060,500
2020-07-10,47163,47163,189,11,168,9,21,2,76,-1,25,-1,111,12,2,0,183,8351,8534,85
2020-07-10,47161,47161,27,1,27,1,0,0,15,1,3,0,12,,0,0,30,883,913,23
2020-07-10,47159,47159,148,9,141,9,7,0,79,7,5,0,67,2,2,0,155,1875,2030,43
2020-07-10,47157,47157,13113,271,13094,269,19,2,4373,-43,943,19,8521,309,219,5,15730,155171,170901,3226
2020-07-10,47155,47155,884,21,837,18,47,3,307,-15,30,2,574,36,3,0,920,10688,11608,215
2020-07-10,47153,47153,45,2,45,2,0,0,16,1,2,0,29,1,0,0,58,1794,1852,21
2020-07-10,47151,47151,26,4,25,4,1,0,10,3,0,0,16,1,0,0,24,1320,1344,26
2020-07-10,47149,47149,3428,102,3421,102,7,0,1889,57,128,3,1500,44,39,1,4117,26738,30855,1302
2020-07-10,47147,47147,901,19,898,19,3,0,347,11,58,0,541,8,13,0,1130,6889,8019,145
2020-07-10,47143,47143,303,9,303,9,0,0,50,5,7,0,253,4,0,0,336,3200,3536,61
2020-07-10,47189,47189,1130,31,1128,31,2,0,599,6,54,0,514,25,17,0,1340,13935,15275,400
2020-07-10,47097,47097,175,3,173,3,2,0,89,1,16,1,82,1,4,1,201,4656,4857,66
2020-07-10,47093,47093,1506,35,1480,32,26,3,747,3,96,5,750,32,9,0,1752,43839,45591,1171
2020-07-10,47041,47041,82,6,82,6,0,0,38,5,3,1,44,1,0,0,97,2342,2439,103
2020-07-10,47039,47039,28,0,25,0,3,0,8,-1,1,0,20,1,0,0,32,1046,1078,28
2020-07-10,47037,47037,12935,386,12921,387,14,-1,5243,150,537,9,7550,232,142,4,15329,111337,126666,3183
2020-07-10,47035,47035,200,4,199,5,1,-1,52,0,17,0,144,4,4,0,264,7674,7938,136
2020-07-10,47033,47033,49,1,45,1,4,0,23,1,4,0,23,,3,0,56,963,1019,21
2020-07-10,47031,47031,137,3,136,3,1,0,36,0,7,1,101,3,0,0,176,4929,5105,64
2020-07-10,47029,47029,130,4,120,5,10,-1,75,0,2,0,55,4,0,0,137,2670,2807,80
2020-07-10,47027,47027,18,0,18,0,0,0,4,0,0,0,14,,0,0,18,805,823,11
2020-07-10,47025,47025,68,7,68,7,0,0,46,7,2,0,22,,0,0,81,2276,2357,170
2020-07-10,47023,47023,59,6,58,6,1,0,40,6,3,0,19,,0,0,64,1031,1095,19
2020-07-10,47021,47021,264,12,264,12,0,0,142,6,13,1,119,5,3,1,313,3662,3975,161
2020-07-10,47019,47019,87,10,80,11,7,-1,33,11,8,0,53,-1,1,0,93,3516,3609,57
2020-07-10,47017,47017,52,1,46,0,6,1,18,1,7,0,33,,1,0,51,2144,2195,30
2020-07-10,47015,47015,46,1,46,1,0,0,23,1,4,0,23,,0,0,74,1124,1198,13
2020-07-10,47013,47013,67,2,61,2,6,0,26,-1,5,1,40,3,1,0,76,3212,3288,166
2020-07-10,47011,47011,925,36,904,36,21,0,434,13,45,1,487,23,4,0,1036,7891,8927,157
2020-07-10,47009,47009,306,26,300,26,6,0,147,20,17,0,156,6,3,0,369,8435,8804,215
2020-07-10,47007,47007,627,2,627,2,0,0,8,-1,5,0,618,3,1,0,641,3856,4497,18
2020-07-10,47005,47005,15,0,13,0,2,0,5,0,2,0,9,,1,0,17,1175,1192,21
2020-07-10,47003,47003,598,3,597,2,1,1,149,-3,24,0,440,6,9,0,702,4260,4962,49
2020-07-10,47001,47001,189,11,181,11,8,0,96,10,13,1,91,1,2,0,226,9000,9226,225
2020-07-10,47043,47043,251,8,251,8,0,0,142,5,18,1,109,3,0,0,318,4295,4613,61
2020-07-10,47045,47045,280,6,266,5,14,1,150,1,22,0,127,5,3,0,302,3355,3657,83
2020-07-10,47095,47095,696,-1,692,-2,4,1,7,1,3,0,689,-2,0,0,860,3839,4699,12
2020-07-10,47049,47049,27,2,27,2,0,0,11,2,2,0,16,,0,0,27,1402,1429,17
2020-07-10,47047,47047,357,11,354,11,3,0,138,9,32,0,216,2,3,0,442,6511,6953,177
2020-07-10,47091,47091,45,1,43,1,2,0,8,1,3,0,37,,0,0,46,2672,2718,11
2020-07-10,47089,47089,164,7,154,7,10,0,71,-7,8,0,92,14,1,0,179,4725,4904,84
2020-07-10,47087,47087,46,5,46,5,0,0,22,4,1,0,24,1,0,0,51,1025,1076,12
2020-07-10,47085,47085,39,1,38,1,1,0,21,0,2,0,16,1,2,0,47,1545,1592,19
2020-07-10,47083,47083,20,1,20,1,0,0,9,0,4,0,11,1,0,0,25,786,811,13
2020-07-10,47079,47079,50,2,49,2,1,0,11,2,6,0,39,,0,0,63,2987,3050,125
2020-07-10,47077,47077,65,3,63,3,2,0,33,0,6,0,32,3,0,0,75,1944,2019,63
2020-07-10,47075,47075,113,2,111,2,2,0,73,0,14,0,38,2,2,0,124,1678,1802,28
2020-07-10,47073,47073,83,4,81,6,2,-2,28,3,8,0,53,1,2,0,102,3314,3416,16
2020-07-10,47081,47081,101,3,101,3,0,0,31,0,2,0,70,3,0,0,128,1832,1960,25
2020-07-10,47069,47069,400,19,382,7,18,12,120,12,20,0,276,7,4,0,421,6707,7128,69
2020-07-10,47067,47067,11,1,9,1,2,0,7,1,3,0,4,,0,0,12,480,492,12
2020-07-10,47065,47065,3196,108,3189,107,7,1,1133,64,137,1,2026,44,37,0,3526,33553,37079,1000
2020-07-10,47063,47063,447,25,437,25,10,0,220,6,29,0,223,19,4,0,478,6573,7051,273
2020-07-10,47051,47051,110,6,108,6,2,0,39,3,8,0,68,3,3,0,140,3449,3589,47
2020-07-10,47061,47061,65,0,62,0,3,0,10,-3,10,0,53,3,2,0,72,982,1054,4
2020-07-10,47059,47059,138,15,134,17,4,-2,44,14,10,0,92,1,2,0,149,4399,4548,46
2020-07-10,47057,47057,55,5,51,5,4,0,26,5,6,1,29,,0,0,67,1700,1767,58
2020-07-10,47055,47055,89,9,89,9,0,0,56,7,6,0,32,2,1,0,102,2524,2626,77
2020-07-10,47053,47053,166,8,150,8,16,0,79,4,9,0,86,4,1,0,182,3643,3825,62
2020-07-10,47071,47071,125,5,121,5,4,0,76,3,11,1,42,2,7,0,147,3354,3501,100
2020-07-11,47127,47127,21,4,21,4,0,0,14,4,0,0,7,,0,0,24,590,614,9
2020-07-11,47129,47129,31,1,31,1,0,0,8,1,1,0,22,,1,0,36,3971,4007,5
2020-07-11,47131,47131,119,1,115,1,4,0,45,0,14,0,72,1,2,0,143,2830,2973,16
2020-07-11,47137,47137,7,0,7,0,0,0,1,0,0,0,6,,0,0,7,511,518,8
2020-07-11,47133,47133,72,2,72,2,0,0,14,2,3,0,57,,1,0,80,2372,2452,33
2020-07-11,,47PEN,910,-26,910,-25,0,-1,786,-31,11,-1,122,5,2,0,1002,79897,80899,868
2020-07-11,47135,47135,37,0,37,0,0,0,8,0,1,0,29,,0,0,46,836,882,0
2020-07-11,47125,47125,732,20,730,20,2,0,471,5,39,0,254,15,7,0,827,15014,15841,196
2020-07-11,,47OOS,1384,-13,1382,-13,2,0,909,-1,37,1,465,-12,10,0,1332,113904,115236,893
2020-07-11,47123,47123,155,3,145,3,10,0,42,3,13,0,107,,6,0,175,2370,2545,22
2020-07-11,47101,47101,11,1,11,1,0,0,5,1,1,0,6,,0,0,12,984,996,26
2020-07-11,47109,47109,101,1,98,0,3,1,59,-2,9,0,41,3,1,0,108,1671,1779,7
2020-07-11,47107,47107,276,6,271,5,5,1,76,3,29,0,181,2,19,1,334,4943,5277,43
2020-07-11,47119,47119,454,23,454,23,0,0,192,19,23,1,259,4,3,0,541,6231,6772,97
2020-07-11,47117,47117,115,7,115,7,0,0,59,2,10,0,54,5,2,0,131,2285,2416,69
2020-07-11,47115,47115,94,3,92,3,2,0,34,3,13,0,56,,4,0,108,2050,2158,53
2020-07-11,47113,47113,352,5,335,5,17,0,149,4,23,0,201,1,2,0,413,8380,8793,42
2020-07-11,47111,47111,597,29,595,30,2,-1,286,24,30,1,304,4,7,1,669,3188,3857,69
2020-07-11,47105,47105,332,12,316,12,16,0,89,9,11,0,241,2,2,1,350,4401,4751,52
2020-07-11,47103,47103,86,2,86,2,0,0,37,1,4,0,49,1,0,0,108,2551,2659,20
2020-07-11,47139,47139,55,0,53,0,2,0,18,0,1,0,37,,0,0,59,1170,1229,23
2020-07-11,47121,47121,38,1,38,1,0,0,10,1,4,0,28,,0,0,52,1053,1105,14
2020-07-11,47141,47141,1011,9,1006,9,5,0,282,6,21,0,722,3,7,0,1180,11240,12420,169
2020-07-11,47163,47163,210,21,188,20,22,1,89,13,25,0,117,6,4,2,203,8472,8675,141
2020-07-11,47145,47145,81,1,71,1,10,0,36,1,4,0,45,,0,0,92,6319,6411,43
2020-07-11,47099,47099,232,5,232,5,0,0,133,3,14,1,93,2,6,0,283,3618,3901,169
2020-07-11,47187,47187,1708,38,1705,38,3,0,1011,23,55,0,681,15,16,0,1961,23298,25259,416
2020-07-11,47185,47185,85,4,84,4,1,0,24,4,6,1,58,,3,0,105,2921,3026,62
2020-07-11,47183,47183,70,1,69,1,1,0,25,-2,3,0,44,3,1,0,74,2727,2801,52
2020-07-11,47181,47181,115,5,115,5,0,0,44,4,2,0,71,1,0,0,122,2849,2971,21
2020-07-11,47179,47179,261,26,245,23,16,3,116,25,11,2,145,1,0,0,290,8121,8411,245
2020-07-11,47177,47177,123,3,123,3,0,0,63,2,1,0,60,1,0,0,135,3929,4064,77
2020-07-11,47175,47175,9,0,9,0,0,0,4,0,1,0,5,,0,0,9,538,547,4
2020-07-11,47173,47173,25,3,25,3,0,0,12,3,0,0,13,,0,0,28,1276,1304,51
2020-07-11,47171,47171,59,3,59,3,0,0,6,3,1,0,53,,0,0,65,1568,1633,43
2020-07-11,47169,47169,1508,2,1505,2,3,0,71,2,15,0,1432,,5,0,1553,2593,4146,29
2020-07-11,47167,47167,696,4,684,5,12,-1,172,-2,36,0,517,5,7,1,765,8767,9532,59
2020-07-11,47165,47165,1897,23,1887,23,10,0,1095,11,239,0,746,12,56,0,2371,15887,18258,198
2020-07-11,47161,47161,26,-1,26,-1,0,0,13,-2,3,0,13,1,0,0,29,892,921,8
2020-07-11,47159,47159,150,2,144,3,6,-1,80,1,5,0,68,1,2,0,160,1913,2073,43
2020-07-11,47157,47157,13423,310,13404,310,19,0,4445,72,955,12,8755,234,223,4,16086,157082,173168,2267
2020-07-11,47155,47155,915,31,867,30,48,1,325,18,30,0,587,13,3,0,945,10788,11733,125
2020-07-11,47153,47153,49,4,49,4,0,0,17,1,2,0,32,3,0,0,62,1838,1900,48
2020-07-11,47151,47151,26,0,25,0,1,0,10,0,0,0,16,,0,0,25,1327,1352,8
2020-07-11,47149,47149,3525,97,3518,97,7,0,1960,71,130,2,1526,26,39,0,4234,27138,31372,517
2020-07-11,47147,47147,924,23,923,25,1,-2,364,17,58,0,547,6,13,0,1160,6942,8102,83
2020-07-11,47143,47143,315,12,315,12,0,0,62,12,7,0,253,,0,0,347,3250,3597,61
2020-07-11,47189,47189,1148,18,1146,18,2,0,608,9,54,0,523,9,17,0,1368,14273,15641,366
2020-07-11,47097,47097,180,5,178,5,2,0,91,2,16,0,85,3,4,0,204,4695,4899,42
2020-07-11,47093,47093,1591,85,1551,71,40,14,815,68,99,3,767,17,9,0,1825,44235,46060,469
2020-07-11,47041,47041,85,3,85,3,0,0,40,2,3,0,45,1,0,0,101,2371,2472,33
2020-07-11,47039,47039,27,-1,24,-1,3,0,8,0,1,0,19,-1,0,0,32,1056,1088,10
2020-07-11,47037,47037,13162,227,13146,225,16,2,5276,33,541,4,7743,193,143,1,15626,112276,127902,1236
2020-07-11,47035,47035,213,13,212,13,1,0,65,13,17,0,144,,4,0,278,7832,8110,172
2020-07-11,47033,47033,52,3,46,1,6,2,25,2,4,0,24,1,3,0,59,976,1035,16
2020-07-11,47031,47031,141,4,140,4,1,0,40,4,7,0,101,,0,0,180,4989,5169,64
2020-07-11,47029,47029,136,6,125,5,11,1,75,0,3,1,61,6,0,0,142,2710,2852,45
2020-07-11,47027,47027,20,2,20,2,0,0,6,2,0,0,14,,0,0,20,816,836,13
2020-07-11,47025,47025,68,0,68,0,0,0,46,0,3,1,22,,0,0,80,2320,2400,43
2020-07-11,47021,47021,269,5,269,5,0,0,147,5,13,0,119,,3,0,318,3732,4050,75
2020-07-11,47019,47019,103,16,95,15,8,1,48,15,10,2,54,1,1,0,109,3600,3709,100
2020-07-11,47017,47017,52,0,46,0,6,0,18,0,7,0,33,,1,0,51,2154,2205,10
2020-07-11,47015,47015,49,3,49,3,0,0,26,3,4,0,23,,0,0,74,1160,1234,36
2020-07-11,47013,47013,69,2,63,2,6,0,27,1,5,0,41,1,1,0,78,3231,3309,21
2020-07-11,47011,47011,959,34,939,35,20,-1,457,23,46,1,498,11,4,0,1078,8107,9185,258
2020-07-11,47009,47009,340,34,330,30,10,4,169,22,18,1,168,12,3,0,400,8563,8963,159
2020-07-11,47007,47007,629,2,629,2,0,0,10,2,5,0,618,,1,0,642,3876,4518,21
2020-07-11,47005,47005,15,0,13,0,2,0,5,0,2,0,9,,1,0,17,1180,1197,5
2020-07-11,47003,47003,623,25,622,25,1,0,174,25,24,0,440,,9,0,732,4337,5069,107
2020-07-11,47001,47001,195,6,187,6,8,0,98,2,13,0,95,4,2,0,231,9032,9263,37
2020-07-11,47095,47095,697,1,693,1,4,0,8,1,3,0,689,,0,0,861,3843,4704,5
2020-07-11,47043,47043,258,7,258,7,0,0,147,5,21,3,111,2,0,0,326,4330,4656,43
2020-07-11,47045,47045,291,11,276,10,15,1,158,8,22,0,130,3,3,0,312,3428,3740,83
2020-07-11,47023,47023,63,4,62,4,1,0,42,2,3,0,21,2,0,0,69,1037,1106,11
2020-07-11,47049,47049,26,-1,26,-1,0,0,10,-1,2,0,16,,0,0,26,1419,1445,16
2020-07-11,47047,47047,368,11,364,10,4,1,142,4,35,3,221,5,5,2,451,6556,7007,54
2020-07-11,47089,47089,182,18,172,18,10,0,87,16,8,0,94,2,1,0,196,4793,4989,85
2020-07-11,47087,47087,47,1,47,1,0,0,23,1,1,0,24,,0,0,52,1033,1085,9
2020-07-11,47085,47085,39,0,38,0,1,0,21,0,2,0,16,,2,0,46,1549,1595,3
2020-07-11,47083,47083,20,0,20,0,0,0,9,0,4,0,11,,0,0,25,786,811,0
2020-07-11,47081,47081,103,2,103,2,0,0,33,2,2,0,70,,0,0,130,1880,2010,50
2020-07-11,47079,47079,51,1,50,1,1,0,12,1,7,1,39,,0,0,65,3001,3066,16
2020-07-11,47077,47077,71,6,64,1,7,5,35,2,6,0,36,4,0,0,84,1950,2034,15
2020-07-11,47075,47075,118,5,116,5,2,0,74,1,14,0,41,3,3,1,132,1680,1812,10
2020-07-11,47073,47073,86,3,85,4,1,-1,30,2,8,0,54,1,2,0,109,3335,3444,28
2020-07-11,47071,47071,125,0,121,0,4,0,76,0,11,0,42,,7,0,147,3364,3511,10
2020-07-11,47091,47091,46,1,44,1,2,0,9,1,3,0,37,,0,0,46,2703,2749,31
2020-07-11,47067,47067,11,0,9,0,2,0,7,0,3,0,4,,0,0,12,497,509,17
2020-07-11,47065,47065,3305,109,3298,109,7,0,1215,82,141,4,2052,26,38,1,3648,34058,37706,627
2020-07-11,47063,47063,472,25,462,25,10,0,234,14,30,1,234,11,4,0,504,6743,7247,196
2020-07-11,47061,47061,65,0,62,0,3,0,10,0,10,0,53,,2,0,73,991,1064,10
2020-07-11,47059,47059,151,13,147,13,4,0,57,13,10,0,92,,2,0,167,4529,4696,148
2020-07-11,47057,47057,56,1,52,1,4,0,27,1,6,0,29,,0,0,68,1721,1789,22
2020-07-11,47055,47055,103,14,103,14,0,0,69,13,6,0,33,1,1,0,117,2537,2654,28
2020-07-11,47053,47053,177,11,154,4,23,7,86,7,9,0,90,4,1,0,193,3652,3845,20
2020-07-11,47051,47051,116,6,114,6,2,0,43,4,8,0,70,2,3,0,146,3540,3686,97
2020-07-11,47069,47069,411,11,393,11,18,0,124,4,22,2,283,7,4,0,436,6718,7154,26
2020-07-12,47141,47141,1019,8,1014,8,5,0,290,8,21,0,722,,7,0,1187,11322,12509,89
2020-07-12,47129,47129,32,1,32,1,0,0,9,1,1,0,22,,1,0,37,3989,4026,19
2020-07-12,47131,47131,124,5,119,4,5,1,48,3,14,0,73,1,3,1,147,2856,3003,30
2020-07-12,,47OOS,1416,32,1414,32,2,0,941,32,37,0,465,,10,0,1338,115376,116714,1478
2020-07-12,47139,47139,55,0,53,0,2,0,17,-1,1,0,38,1,0,0,59,1176,1235,6
2020-07-12,,47PEN,890,-20,890,-20,0,0,759,-27,11,0,129,7,2,0,985,80754,81739,840
2020-07-12,47135,47135,38,1,38,1,0,0,9,1,1,0,29,,0,0,46,837,883,1
2020-07-12,47137,47137,7,0,7,0,0,0,1,0,0,0,6,,0,0,7,511,518,0
2020-07-12,47127,47127,21,0,21,0,0,0,14,0,0,0,7,,0,0,24,595,619,5
2020-07-12,47133,47133,73,1,73,1,0,0,15,1,3,0,57,,1,0,81,2381,2462,10
2020-07-12,47125,47125,778,46,776,46,2,0,511,40,39,0,260,6,7,0,879,15318,16197,356
2020-07-12,47119,47119,462,8,461,7,1,1,196,4,24,1,263,4,3,0,545,6296,6841,69
2020-07-12,47121,47121,38,0,38,0,0,0,10,0,4,0,28,,0,0,52,1066,1118,13
2020-07-12,47109,47109,107,6,103,5,4,1,63,4,9,0,43,2,1,0,113,1710,1823,44
2020-07-12,47107,47107,284,8,279,8,5,0,81,5,30,1,184,3,19,0,344,5021,5365,88
2020-07-12,47117,47117,118,3,118,3,0,0,61,2,11,1,55,1,2,0,136,2370,2506,90
2020-07-12,47115,47115,95,1,93,1,2,0,35,1,13,0,56,,4,0,108,2069,2177,19
2020-07-12,47113,47113,363,11,346,11,17,0,159,10,23,0,202,1,2,0,425,8477,8902,109
2020-07-12,47111,47111,603,6,601,6,2,0,286,0,30,0,310,6,7,0,676,3204,3880,23
2020-07-12,47105,47105,328,-4,312,-4,16,0,84,-5,11,0,242,1,2,0,351,4432,4783,32
2020-07-12,47103,47103,87,1,87,1,0,0,38,1,4,0,49,,0,0,108,2597,2705,46
2020-07-12,47123,47123,155,0,145,0,10,0,41,-1,13,0,108,1,6,0,175,2421,2596,51
2020-07-12,47143,47143,343,28,343,28,0,0,88,26,8,1,255,2,0,0,378,3316,3694,97
2020-07-12,47101,47101,11,0,11,0,0,0,5,0,1,0,6,,0,0,12,1015,1027,31
2020-07-12,47147,47147,948,24,947,24,1,0,381,17,59,1,554,7,13,0,1196,7043,8239,137
2020-07-12,47189,47189,1187,39,1185,39,2,0,637,29,54,0,533,10,17,0,1412,14319,15731,90
2020-07-12,47187,47187,1763,55,1760,55,3,0,1050,39,57,2,697,16,16,0,2027,23697,25724,465
2020-07-12,47185,47185,86,1,85,1,1,0,25,1,6,0,58,,3,0,106,2936,3042,16
2020-07-12,47183,47183,74,4,73,4,1,0,28,3,3,0,45,1,1,0,77,2742,2819,18
2020-07-12,47181,47181,116,1,116,1,0,0,45,1,2,0,71,,0,0,121,2850,2971,0
2020-07-12,47179,47179,262,1,246,1,16,0,116,0,13,2,146,1,0,0,292,8231,8523,112
2020-07-12,47177,47177,127,4,127,4,0,0,67,4,1,0,60,,0,0,140,3957,4097,33
2020-07-12,47175,47175,9,0,9,0,0,0,4,0,1,0,5,,0,0,9,537,546,-1
2020-07-12,47173,47173,24,-1,24,-1,0,0,11,-1,0,0,13,,0,0,27,1283,1310,6
2020-07-12,47171,47171,58,-1,58,-1,0,0,5,-1,1,0,53,,0,0,65,1591,1656,23
2020-07-12,47169,47169,1510,2,1507,2,3,0,73,2,15,0,1432,,5,0,1554,2601,4155,9
2020-07-12,47167,47167,698,2,686,2,12,0,172,0,37,1,519,2,7,0,767,8819,9586,54
2020-07-12,47165,47165,1945,48,1935,48,10,0,1134,39,244,5,755,9,56,0,2418,16193,18611,353
2020-07-12,47163,47163,221,11,199,11,22,0,93,4,25,0,124,7,4,0,215,8545,8760,85
2020-07-12,47161,47161,26,0,26,0,0,0,13,0,3,0,13,,0,0,29,911,940,19
2020-07-12,47159,47159,160,10,154,10,6,0,89,9,5,0,69,1,2,0,170,1937,2107,34
2020-07-12,47157,47157,13594,171,13574,170,20,1,4510,65,974,19,8860,105,224,1,16277,158423,174700,1532
2020-07-12,47155,47155,912,-3,864,-3,48,0,309,-16,30,0,600,13,3,0,954,10846,11800,67
2020-07-12,47153,47153,49,0,49,0,0,0,17,0,2,0,32,,0,0,62,1848,1910,10
2020-07-12,47151,47151,28,2,26,1,2,1,12,2,1,1,16,,0,0,25,1374,1399,47
2020-07-12,47149,47149,3602,77,3595,77,7,0,2017,57,134,4,1546,20,39,0,4322,27461,31783,411
2020-07-12,47145,47145,85,4,75,4,10,0,38,2,4,0,47,2,0,0,99,6364,6463,52
2020-07-12,47099,47099,239,7,239,7,0,0,139,6,14,0,94,1,6,0,289,3633,3922,21
2020-07-12,47093,47093,1620,29,1575,24,45,5,831,16,104,5,780,13,9,0,1860,44987,46847,787
2020-07-12,47095,47095,696,-1,692,-1,4,0,7,-1,3,0,689,,0,0,860,3853,4713,9
2020-07-12,47043,47043,275,17,275,17,0,0,163,16,21,0,112,1,0,0,347,4504,4851,195
2020-07-12,47041,47041,85,0,85,0,0,0,37,-3,3,0,48,3,0,0,101,2417,2518,46
2020-07-12,47039,47039,29,2,26,2,3,0,10,2,1,0,19,,0,0,32,1058,1090,2
2020-07-12,47037,47037,13309,147,13293,147,16,0,5335,59,542,1,7831,88,143,0,15793,112970,128763,861
2020-07-12,47035,47035,221,8,220,8,1,0,72,7,17,0,145,1,4,0,287,7928,8215,105
2020-07-12,47033,47033,54,2,48,2,6,0,27,2,4,0,24,,3,0,61,981,1042,7
2020-07-12,47031,47031,143,2,142,2,1,0,42,2,7,0,101,,0,0,181,5081,5262,93
2020-07-12,47029,47029,138,2,128,3,10,-1,73,-2,3,0,65,4,0,0,145,2722,2867,15
2020-07-12,47027,47027,20,0,20,0,0,0,5,-1,0,0,15,1,0,0,20,821,841,5
2020-07-12,47025,47025,68,0,67,-1,1,1,46,0,3,0,22,,0,0,80,2363,2443,43
2020-07-12,47023,47023,69,6,68,6,1,0,46,4,3,0,23,2,0,0,73,1049,1122,16
2020-07-12,47021,47021,275,6,274,5,1,1,152,5,13,0,120,1,3,0,325,3800,4125,75
2020-07-12,47019,47019,105,2,97,2,8,0,49,1,10,0,54,,2,1,112,3674,3786,77
2020-07-12,47017,47017,52,0,46,0,6,0,18,0,7,0,33,,1,0,51,2184,2235,30
2020-07-12,47015,47015,50,1,50,1,0,0,27,1,4,0,23,,0,0,81,1156,1237,3
2020-07-12,47013,47013,70,1,64,1,6,0,28,1,5,0,41,,1,0,79,3319,3398,89
2020-07-12,47011,47011,972,13,952,13,20,0,457,0,47,1,511,13,4,0,1090,8164,9254,69
2020-07-12,47009,47009,339,-1,329,-1,10,0,162,-7,18,0,174,6,3,0,403,8624,9027,64
2020-07-12,47007,47007,629,0,629,0,0,0,10,0,5,0,618,,1,0,641,3885,4526,8
2020-07-12,47005,47005,15,0,13,0,2,0,5,0,2,0,9,,1,0,17,1187,1204,7
2020-07-12,47003,47003,624,1,623,1,1,0,168,-6,25,1,447,7,9,0,737,4355,5092,23
2020-07-12,47045,47045,292,1,277,1,15,0,156,-2,23,1,133,3,3,0,313,3454,3767,27
2020-07-12,47047,47047,370,2,366,2,4,0,140,-2,35,0,225,4,5,0,450,6588,7038,31
2020-07-12,47001,47001,200,5,192,5,8,0,99,1,13,0,99,4,2,0,236,9184,9420,157
2020-07-12,47051,47051,116,0,114,0,2,0,42,-1,8,0,71,1,3,0,145,3577,3722,36
2020-07-12,47049,47049,27,1,27,1,0,0,11,1,2,0,16,,0,0,27,1429,1456,11
2020-07-12,47097,47097,182,2,180,2,2,0,91,0,17,1,87,2,4,0,208,4707,4915,16
2020-07-12,47091,47091,46,0,44,0,2,0,9,0,4,1,37,,0,0,48,2714,2762,13
2020-07-12,47089,47089,187,5,177,5,10,0,91,4,8,0,95,1,1,0,202,4805,5007,18
2020-07-12,47087,47087,47,0,47,0,0,0,23,0,1,0,24,,0,0,52,1035,1087,2
2020-07-12,47085,47085,47,8,46,8,1,0,29,8,2,0,16,,2,0,55,1568,1623,28
2020-07-12,47081,47081,105,2,105,2,0,0,35,2,2,0,70,,0,0,133,1901,2034,24
2020-07-12,47079,47079,53,2,52,2,1,0,14,2,8,1,39,,0,0,67,3026,3093,27
2020-07-12,47077,47077,74,3,66,2,8,1,36,1,6,0,38,2,0,0,86,1958,2044,10
2020-07-12,47075,47075,121,3,118,2,3,1,76,2,14,0,42,1,3,0,133,1705,1838,26
2020-07-12,47083,47083,20,0,20,0,0,0,9,0,4,0,11,,0,0,25,806,831,20
2020-07-12,47071,47071,128,3,124,3,4,0,79,3,11,0,42,,7,0,150,3387,3537,26
2020-07-12,47069,47069,418,7,399,6,19,1,128,4,23,1,286,3,4,0,445,6729,7174,20
2020-07-12,47067,47067,12,1,10,1,2,0,8,1,3,0,4,,0,0,13,499,512,3
2020-07-12,47065,47065,3364,59,3357,59,7,0,1257,42,145,4,2069,17,38,0,3713,34398,38111,405
2020-07-12,47053,47053,181,4,156,2,25,2,89,3,9,0,91,1,1,0,196,3711,3907,62
2020-07-12,47063,47063,474,2,464,2,10,0,235,1,30,0,235,1,4,0,507,6757,7264,17
2020-07-12,47061,47061,65,0,62,0,3,0,8,-2,10,0,55,2,2,0,73,993,1066,2
2020-07-12,47059,47059,151,0,146,-1,5,1,58,1,10,0,91,-1,2,0,166,4577,4743,47
2020-07-12,47057,47057,56,0,52,0,4,0,26,-1,6,0,30,1,0,0,68,1730,1798,9
2020-07-12,47055,47055,105,2,105,2,0,0,64,-5,6,0,40,7,1,0,116,2572,2688,34
2020-07-12,47073,47073,91,5,88,3,3,2,35,5,9,1,54,,2,0,113,3374,3487,43
2020-07-13,47127,47127,23,2,23,2,0,0,16,2,0,0,7,,0,0,26,615,641,22
2020-07-13,47129,47129,34,2,34,2,0,0,11,2,1,0,22,,1,0,41,4028,4069,43
2020-07-13,47131,47131,127,3,122,3,5,0,50,2,14,0,74,1,3,0,149,2911,3060,57
2020-07-13,47137,47137,8,1,8,1,0,0,2,1,0,0,6,,0,0,8,521,529,11
2020-07-13,47133,47133,79,6,79,6,0,0,20,5,3,0,58,1,1,0,88,2474,2562,100
2020-07-13,,47PEN,1077,187,1077,187,0,0,902,143,11,0,173,44,2,0,1188,83516,84704,2965
2020-07-13,47135,47135,43,5,43,5,0,0,13,4,1,0,30,1,0,0,50,959,1009,126
2020-07-13,47125,47125,824,46,822,46,2,0,549,38,40,1,268,8,7,0,934,15772,16706,509
2020-07-13,,47OOS,1660,244,1658,244,2,0,1155,214,37,0,493,28,12,2,1616,118483,120099,3385
2020-07-13,47123,47123,156,1,146,1,10,0,42,1,13,0,108,,6,0,176,2496,2672,76
2020-07-13,47101,47101,12,1,12,1,0,0,6,1,1,0,6,,0,0,13,1100,1113,86
2020-07-13,47109,47109,117,10,113,10,4,0,71,8,9,0,45,2,1,0,122,1819,1941,118
2020-07-13,47107,47107,293,9,288,9,5,0,86,5,30,0,188,4,19,0,357,5192,5549,184
2020-07-13,47119,47119,499,37,498,37,1,0,227,31,24,0,269,6,3,0,586,6575,7161,320
2020-07-13,47117,47117,123,5,123,5,0,0,65,4,11,0,56,1,2,0,142,2466,2608,102
2020-07-13,47115,47115,101,6,99,6,2,0,40,5,13,0,57,1,4,0,115,2119,2234,57
2020-07-13,47113,47113,384,21,367,21,17,0,172,13,23,0,210,8,2,0,444,8939,9383,481
2020-07-13,47111,47111,646,43,644,43,2,0,277,-9,30,0,362,52,7,0,727,3393,4120,240
2020-07-13,47105,47105,331,3,315,3,16,0,85,1,11,0,244,2,2,0,354,4537,4891,108
2020-07-13,47103,47103,95,8,95,8,0,0,45,7,4,0,50,1,0,0,116,2694,2810,105
2020-07-13,47139,47139,57,2,55,2,2,0,18,1,1,0,39,1,0,0,62,1218,1280,45
2020-07-13,47121,47121,40,2,40,2,0,0,12,2,4,0,28,,0,0,54,1108,1162,44
2020-07-13,47141,47141,1081,62,1076,62,5,0,323,33,21,0,751,29,7,0,1257,11915,13172,663
2020-07-13,47163,47163,248,27,226,27,22,0,106,13,27,2,137,13,5,1,251,8871,9122,362
2020-07-13,47145,47145,88,3,78,3,10,0,39,1,5,1,49,2,0,0,104,6486,6590,127
2020-07-13,47099,47099,250,11,250,11,0,0,144,5,14,0,100,6,6,0,303,3802,4105,183
2020-07-13,47187,47187,1939,176,1936,176,3,0,1189,139,58,1,734,37,16,0,2224,25395,27619,1895
2020-07-13,47185,47185,93,7,92,7,1,0,29,4,6,0,61,3,3,0,115,3015,3130,88
2020-07-13,47183,47183,79,5,78,5,1,0,33,5,3,0,45,,1,0,83,2817,2900,81
2020-07-13,47181,47181,123,7,123,7,0,0,52,7,2,0,71,,0,0,131,2973,3104,133
2020-07-13,47179,47179,276,14,263,17,13,-3,130,14,13,0,146,,0,0,313,8589,8902,379
2020-07-13,47177,47177,159,32,159,32,0,0,93,26,1,0,66,6,0,0,174,4159,4333,236
2020-07-13,47175,47175,9,0,9,0,0,0,4,0,1,0,5,,0,0,9,551,560,14
2020-07-13,47173,47173,28,4,28,4,0,0,14,3,0,0,14,1,0,0,32,1353,1385,75
2020-07-13,47171,47171,60,2,60,2,0,0,7,2,1,0,53,,0,0,67,1706,1773,117
2020-07-13,47169,47169,1510,0,1507,0,3,0,66,-7,15,0,1439,7,5,0,1558,2644,4202,47
2020-07-13,47167,47167,717,19,704,18,13,1,188,16,37,0,522,3,7,0,791,9000,9791,205
2020-07-13,47165,47165,2040,95,2030,95,10,0,1191,57,246,2,793,38,56,0,2529,16847,19376,765
2020-07-13,47161,47161,27,1,27,1,0,0,14,1,3,0,13,,0,0,30,953,983,43
2020-07-13,47159,47159,185,25,179,25,6,0,100,11,5,0,83,14,2,0,199,2116,2315,208
2020-07-13,47157,47157,14163,569,14143,569,20,0,4802,292,983,9,9137,277,224,0,16983,163346,180329,5629
2020-07-13,47155,47155,924,12,877,13,47,-1,300,-9,31,1,620,20,4,1,972,11005,11977,177
2020-07-13,47153,47153,52,3,52,3,0,0,20,3,2,0,32,,0,0,66,1906,1972,62
2020-07-13,47151,47151,29,1,27,1,2,0,13,1,1,0,16,,0,0,26,1410,1436,37
2020-07-13,47149,47149,3755,153,3748,153,7,0,2127,110,136,2,1589,43,39,0,4506,28523,33029,1246
2020-07-13,47147,47147,973,25,972,25,1,0,395,14,59,0,565,11,13,0,1224,7189,8413,174
2020-07-13,47143,47143,350,7,350,7,0,0,95,7,8,0,255,,0,0,385,3414,3799,105
2020-07-13,47097,47097,193,11,190,10,3,1,97,6,17,0,92,5,4,0,219,4746,4965,50
2020-07-13,47189,47189,1261,74,1259,74,2,0,686,49,55,1,558,25,17,0,1511,14802,16313,582
2020-07-13,47093,47093,1717,97,1666,91,51,6,892,61,106,2,815,35,10,1,1969,46147,48116,1269
2020-07-13,47041,47041,99,14,99,14,0,0,47,10,3,0,52,4,0,0,118,2526,2644,126
2020-07-13,47039,47039,35,6,26,0,9,6,16,6,1,0,19,,0,0,38,1112,1150,60
2020-07-13,47037,47037,13976,667,13960,667,16,0,5753,418,545,3,8077,246,146,3,16611,117043,133654,4891
2020-07-13,47035,47035,229,8,228,8,1,0,69,-3,17,0,156,11,4,0,301,8127,8428,213
2020-07-13,47033,47033,65,11,60,12,5,-1,38,11,4,0,24,,3,0,73,1057,1130,88
2020-07-13,47031,47031,152,9,151,9,1,0,50,8,7,0,102,1,0,0,193,5307,5500,238
2020-07-13,47029,47029,146,8,136,8,10,0,74,1,3,0,72,7,0,0,157,2786,2943,76
2020-07-13,47027,47027,23,3,23,3,0,0,8,3,0,0,15,,0,0,24,892,916,75
2020-07-13,47025,47025,76,8,74,7,2,1,54,8,3,0,22,,0,0,90,2507,2597,154
2020-07-13,47023,47023,81,12,80,12,1,0,58,12,4,1,23,,0,0,87,1095,1182,60
2020-07-13,47021,47021,287,12,286,12,1,0,162,10,13,0,122,2,3,0,338,3929,4267,142
2020-07-13,47019,47019,108,3,101,4,7,-1,51,2,10,0,55,1,2,0,119,3874,3993,207
2020-07-13,47017,47017,57,5,50,4,7,1,23,5,7,0,33,,1,0,56,2228,2284,49
2020-07-13,47015,47015,58,8,58,8,0,0,35,8,4,0,23,,0,0,85,1258,1343,106
2020-07-13,47013,47013,72,2,66,2,6,0,29,1,6,1,42,1,1,0,81,3512,3593,195
2020-07-13,47011,47011,1010,38,990,38,20,0,465,8,48,1,541,30,4,0,1137,8437,9574,320
2020-07-13,47009,47009,348,9,339,10,9,-1,170,8,18,0,175,1,3,0,415,8805,9220,193
2020-07-13,47007,47007,631,2,631,2,0,0,11,1,6,1,619,1,1,0,644,3943,4587,61
2020-07-13,47005,47005,16,1,14,1,2,0,6,1,2,0,9,,1,0,19,1203,1222,18
2020-07-13,47003,47003,630,6,629,6,1,0,164,-4,25,0,457,10,9,0,743,4464,5207,115
2020-07-13,47001,47001,211,11,203,11,8,0,104,5,13,0,105,6,2,0,249,9391,9640,220
2020-07-13,47043,47043,282,7,282,7,0,0,168,5,21,0,114,2,0,0,355,4610,4965,114
2020-07-13,47045,47045,302,10,287,10,15,0,165,9,23,0,134,1,3,0,324,3498,3822,55
2020-07-13,47095,47095,696,0,692,0,4,0,7,0,3,0,689,,0,0,860,3868,4728,15
2020-07-13,47049,47049,29,2,29,2,0,0,12,1,2,0,17,1,0,0,29,1463,1492,36
2020-07-13,47047,47047,380,10,376,10,4,0,145,5,36,1,230,5,5,0,463,6765,7228,190
2020-07-13,47091,47091,49,3,47,3,2,0,12,3,5,1,37,,0,0,48,2746,2794,32
2020-07-13,47089,47089,193,6,183,6,10,0,94,3,8,0,98,3,1,0,207,4899,5106,99
2020-07-13,47087,47087,50,3,50,3,0,0,26,3,1,0,24,,0,0,55,1056,1111,24
2020-07-13,47085,47085,48,1,47,1,1,0,30,1,2,0,16,,2,0,56,1643,1699,76
2020-07-13,47083,47083,23,3,23,3,0,0,12,3,4,0,11,,0,0,28,816,844,13
2020-07-13,47079,47079,54,1,53,1,1,0,15,1,8,0,39,,0,0,69,3068,3137,44
2020-07-13,47077,47077,83,9,70,4,13,5,42,6,6,0,41,3,0,0,95,2030,2125,81
2020-07-13,47075,47075,141,20,137,19,4,1,93,17,14,0,45,3,3,0,153,1781,1934,96
2020-07-13,47073,47073,95,4,92,4,3,0,39,4,9,0,54,,2,0,116,3465,3581,94
2020-07-13,47081,47081,112,7,112,7,0,0,40,5,3,1,72,2,0,0,141,1963,2104,70
2020-07-13,47069,47069,444,26,427,28,17,-2,152,24,23,0,288,2,4,0,475,6823,7298,124
2020-07-13,47067,47067,12,0,10,0,2,0,8,0,3,0,4,,0,0,13,513,526,14
2020-07-13,47065,47065,3535,171,3528,171,7,0,1390,133,147,2,2107,38,38,0,3913,35895,39808,1697
2020-07-13,47063,47063,508,34,498,34,10,0,253,18,30,0,251,16,4,0,547,6887,7434,170
2020-07-13,47051,47051,122,6,120,6,2,0,47,5,8,0,72,1,3,0,154,3685,3839,117
2020-07-13,47061,47061,67,2,64,2,3,0,10,2,10,0,55,,2,0,75,1018,1093,27
2020-07-13,47059,47059,157,6,151,5,6,1,64,6,10,0,91,,2,0,174,4778,4952,209
2020-07-13,47057,47057,59,3,55,3,4,0,28,2,6,0,31,1,0,0,72,1777,1849,51
2020-07-13,47055,47055,122,17,122,17,0,0,80,16,6,0,41,1,1,0,137,2720,2857,169
2020-07-13,47053,47053,203,22,173,17,30,5,110,21,9,0,92,1,1,0,221,3949,4170,263
2020-07-13,47071,47071,140,12,135,11,5,1,87,8,11,0,46,4,7,0,163,3677,3840,303
2020-07-14,47127,47127,23,0,23,0,0,0,15,-1,0,0,8,1,0,0,27,620,647,6
2020-07-14,47129,47129,34,0,34,0,0,0,11,0,1,0,22,,1,0,41,4041,4082,13
2020-07-14,47131,47131,131,4,125,3,6,1,53,3,14,0,75,1,3,0,152,2950,3102,42
2020-07-14,47137,47137,8,0,8,0,0,0,2,0,0,0,6,,0,0,8,523,531,2
2020-07-14,47133,47133,80,1,80,1,0,0,18,-2,3,0,61,3,1,0,89,2500,2589,27
2020-07-14,,47PEN,1051,-26,1050,-27,1,1,851,-51,10,-1,199,26,1,-1,1156,84994,86150,1446
2020-07-14,47135,47135,44,1,44,1,0,0,13,0,2,1,31,1,0,0,51,972,1023,14
2020-07-14,47125,47125,850,26,848,26,2,0,564,15,41,1,279,11,7,0,960,16148,17108,402
2020-07-14,,47OOS,1737,77,1734,76,3,1,1213,58,37,0,513,20,11,-1,1637,120826,122463,2364
2020-07-14,47123,47123,156,0,146,0,10,0,37,-5,13,0,113,5,6,0,176,2521,2697,25
2020-07-14,47101,47101,12,0,12,0,0,0,6,0,1,0,6,,0,0,13,1172,1185,72
2020-07-14,47109,47109,126,9,121,8,5,1,78,7,9,0,47,2,1,0,132,1867,1999,58
2020-07-14,47107,47107,307,14,303,15,4,-1,99,13,30,0,189,1,19,0,375,5341,5716,167
2020-07-14,47119,47119,513,14,512,14,1,0,234,7,24,0,276,7,3,0,606,6680,7286,125
2020-07-14,47117,47117,132,9,132,9,0,0,60,-5,12,1,70,14,2,0,152,2531,2683,75
2020-07-14,47115,47115,100,-1,98,-1,2,0,38,-2,13,0,58,1,4,0,114,2140,2254,20
2020-07-14,47113,47113,395,11,377,10,18,1,174,2,23,0,219,9,2,0,457,9085,9542,159
2020-07-14,47111,47111,652,6,650,6,2,0,246,-31,33,3,399,37,7,0,736,3427,4163,43
2020-07-14,47105,47105,334,3,318,3,16,0,83,-2,11,0,249,5,2,0,357,4571,4928,37
2020-07-14,47103,47103,106,11,106,11,0,0,53,8,4,0,53,3,0,0,128,2736,2864,54
2020-07-14,47139,47139,57,0,55,0,2,0,17,-1,1,0,40,1,0,0,63,1234,1297,17
2020-07-14,47121,47121,40,0,40,0,0,0,12,0,4,0,28,,0,0,54,1121,1175,13
2020-07-14,47141,47141,1091,10,1086,10,5,0,315,-8,27,6,769,18,7,0,1271,11964,13235,63
2020-07-14,47163,47163,277,29,250,24,27,5,121,15,29,2,151,14,5,0,277,9045,9322,200
2020-07-14,47145,47145,94,6,84,6,10,0,43,4,6,1,51,2,0,0,110,6505,6615,25
2020-07-14,47099,47099,259,9,259,9,0,0,150,6,14,0,103,3,6,0,318,3899,4217,112
2020-07-14,47187,47187,1990,51,1987,51,3,0,1210,21,59,1,764,30,16,0,2281,25976,28257,638
2020-07-14,47185,47185,94,1,93,1,1,0,29,0,8,2,62,1,3,0,117,3020,3137,7
2020-07-14,47183,47183,81,2,80,2,1,0,33,0,4,1,47,2,1,0,85,2874,2959,59
2020-07-14,47181,47181,126,3,126,3,0,0,54,2,2,0,72,1,0,0,133,2987,3120,16
2020-07-14,47179,47179,293,17,280,17,13,0,146,16,13,0,147,1,0,0,329,8786,9115,213
2020-07-14,47177,47177,164,5,164,5,0,0,95,2,1,0,69,3,0,0,179,4239,4418,85
2020-07-14,47175,47175,11,2,11,2,0,0,6,2,1,0,5,,0,0,11,551,562,2
2020-07-14,47173,47173,29,1,29,1,0,0,13,-1,1,1,16,2,0,0,32,1366,1398,13
2020-07-14,47171,47171,61,1,61,1,0,0,8,1,1,0,53,,0,0,68,1746,1814,41
2020-07-14,47169,47169,1513,3,1510,3,3,0,67,1,15,0,1441,2,5,0,1560,2657,4217,15
2020-07-14,47167,47167,727,10,715,11,12,-1,191,3,37,0,529,7,7,0,802,9131,9933,142
2020-07-14,47165,47165,2103,63,2093,63,10,0,1218,27,248,2,828,35,57,1,2599,17172,19771,395
2020-07-14,47161,47161,32,5,32,5,0,0,19,5,3,0,13,,0,0,35,979,1014,31
2020-07-14,47159,47159,187,2,181,2,6,0,94,-6,6,1,91,8,2,0,201,2135,2336,21
2020-07-14,47157,47157,14447,284,14428,285,19,-1,4776,-26,1003,20,9442,305,229,5,17327,165522,182849,2520
2020-07-14,47155,47155,942,18,894,17,48,1,297,-3,31,0,641,21,4,0,994,11097,12091,114
2020-07-14,47153,47153,53,1,53,1,0,0,20,0,2,0,33,1,0,0,68,1969,2037,65
2020-07-14,47151,47151,30,1,28,1,2,0,14,1,1,0,16,,0,0,28,1412,1440,4
2020-07-14,47149,47149,3839,84,3832,84,7,0,2134,7,139,3,1666,77,39,0,4594,29169,33763,734
2020-07-14,47147,47147,984,11,983,11,1,0,400,5,59,0,571,6,13,0,1240,7256,8496,83
2020-07-14,47143,47143,362,12,362,12,0,0,105,10,8,0,257,2,0,0,407,3500,3907,108
2020-07-14,47189,47189,1275,14,1273,14,2,0,680,-6,56,1,578,20,17,0,1527,15095,16622,309
2020-07-14,47097,47097,204,11,201,11,3,0,106,9,17,0,94,2,4,0,230,4833,5063,98
2020-07-14,47093,47093,1815,98,1767,101,48,-3,966,74,111,5,837,22,12,2,2080,46869,48949,833
2020-07-14,47041,47041,100,1,99,0,1,1,46,-1,3,0,54,2,0,0,118,2540,2658,14
2020-07-14,47039,47039,39,4,27,1,12,3,20,4,1,0,19,,0,0,40,1140,1180,30
2020-07-14,47037,47037,14205,229,14188,228,17,1,5656,-97,558,13,8394,317,155,9,16928,118972,135900,2246
2020-07-14,47035,47035,228,-1,227,-1,1,0,69,0,17,0,154,-2,5,1,300,8137,8437,9
2020-07-14,47033,47033,71,6,63,3,8,3,41,3,4,0,27,3,3,0,80,1078,1158,28
2020-07-14,47031,47031,155,3,154,3,1,0,49,-1,7,0,106,4,0,0,196,5371,5567,67
2020-07-14,47029,47029,152,6,140,4,12,2,72,-2,3,0,80,8,0,0,163,2797,2960,17
2020-07-14,47027,47027,27,4,27,4,0,0,10,2,0,0,17,2,0,0,28,907,935,19
2020-07-14,47025,47025,80,4,77,3,3,1,55,1,3,0,25,3,0,0,93,2554,2647,50
2020-07-14,47021,47021,301,14,300,14,1,0,173,11,14,1,125,3,3,0,353,4049,4402,135
2020-07-14,47019,47019,120,12,113,12,7,0,63,12,10,0,55,,2,0,132,3953,4085,92
2020-07-14,47017,47017,58,1,50,0,8,1,24,1,7,0,33,,1,0,57,2256,2313,29
2020-07-14,47015,47015,60,2,60,2,0,0,34,-1,4,0,26,3,0,0,88,1275,1363,20
2020-07-14,47013,47013,75,3,70,4,5,-1,27,-2,6,0,47,5,1,0,84,3520,3604,11
2020-07-14,47011,47011,1061,51,1041,51,20,0,494,29,52,4,562,21,5,1,1200,8756,9956,382
2020-07-14,47009,47009,358,10,348,9,10,1,169,-1,19,1,186,11,3,0,426,8925,9351,131
2020-07-14,47007,47007,634,3,634,3,0,0,13,2,6,0,620,1,1,0,647,3965,4612,25
2020-07-14,47005,47005,17,1,15,1,2,0,7,1,2,0,9,,1,0,20,1212,1232,10
2020-07-14,47003,47003,635,5,635,6,0,-1,158,-6,25,0,468,11,9,0,751,4530,5281,74
2020-07-14,47001,47001,219,8,210,7,9,1,101,-3,14,1,116,11,2,0,258,9422,9680,40
2020-07-14,47095,47095,696,0,692,0,4,0,7,0,3,0,689,,0,0,860,3872,4732,4
2020-07-14,47043,47043,295,13,295,13,0,0,177,9,21,0,118,4,0,0,373,4678,5051,86
2020-07-14,47045,47045,310,8,295,8,15,0,170,5,24,1,137,3,3,0,333,3593,3926,104
2020-07-14,47023,47023,83,2,82,2,1,0,58,0,4,0,25,2,0,0,88,1105,1193,11
2020-07-14,47049,47049,29,0,29,0,0,0,12,0,2,0,17,,0,0,29,1464,1493,1
2020-07-14,47047,47047,393,13,389,13,4,0,153,8,40,4,234,4,6,1,483,6879,7362,134
2020-07-14,47089,47089,196,3,186,3,10,0,94,0,8,0,101,3,1,0,211,4929,5140,34
2020-07-14,47087,47087,52,2,52,2,0,0,27,1,1,0,25,1,0,0,57,1072,1129,18
2020-07-14,47085,47085,52,4,51,4,1,0,34,4,2,0,16,,2,0,61,1679,1740,41
2020-07-14,47083,47083,24,1,24,1,0,0,13,1,4,0,11,,0,0,29,821,850,6
2020-07-14,47081,47081,114,2,114,2,0,0,42,2,3,0,72,,0,0,143,1986,2129,25
2020-07-14,47079,47079,56,2,55,2,1,0,14,-1,8,0,42,3,0,0,72,3131,3203,66
2020-07-14,47077,47077,90,7,72,2,18,5,48,6,6,0,42,1,0,0,100,2051,2151,26
2020-07-14,47075,47075,150,9,145,8,5,1,94,1,14,0,53,8,3,0,163,1859,2022,88
2020-07-14,47073,47073,100,5,97,5,3,0,43,4,10,1,55,1,2,0,122,3528,3650,69
2020-07-14,47071,47071,142,2,136,1,6,1,88,1,11,0,47,1,7,0,165,3726,3891,51
2020-07-14,47091,47091,49,0,47,0,2,0,12,0,5,0,37,,0,0,49,2766,2815,21
2020-07-14,47067,47067,12,0,10,0,2,0,9,1,3,0,3,-1,0,0,13,529,542,16
2020-07-14,47065,47065,3648,113,3641,113,7,0,1441,51,158,11,2169,62,38,0,4057,36792,40849,1041
2020-07-14,47063,47063,514,6,503,5,11,1,228,-25,30,0,282,31,4,0,553,6912,7465,31
2020-07-14,47061,47061,67,0,64,0,3,0,10,0,10,0,55,,2,0,77,1036,1113,20
2020-07-14,47059,47059,163,6,156,5,7,1,70,6,10,0,91,,2,0,181,4811,4992,40
2020-07-14,47057,47057,59,0,55,0,4,0,25,-3,7,1,34,3,0,0,73,1791,1864,15
2020-07-14,47055,47055,131,9,131,9,0,0,88,8,8,2,42,1,1,0,149,2785,2934,77
2020-07-14,47053,47053,217,14,187,14,30,0,117,7,11,2,99,7,1,0,236,4014,4250,80
2020-07-14,47051,47051,124,2,122,2,2,0,47,0,8,0,74,2,3,0,155,3854,4009,170
2020-07-14,47069,47069,456,12,434,7,22,5,160,8,24,1,292,4,4,0,492,6871,7363,65
2020-07-15,47139,47139,61,4,59,4,2,0,20,3,1,0,41,1,0,0,68,1258,1326,29
2020-07-15,47127,47127,26,3,26,3,0,0,17,2,0,0,9,1,0,0,32,650,682,35
2020-07-15,47129,47129,37,3,37,3,0,0,13,2,2,1,23,1,1,0,44,4071,4115,33
2020-07-15,47131,47131,144,13,137,12,7,1,65,12,14,0,76,1,3,0,166,3053,3219,117
2020-07-15,47137,47137,8,0,8,0,0,0,2,0,0,0,6,,0,0,8,534,542,11
2020-07-15,47133,47133,86,6,86,6,0,0,21,3,3,0,64,3,1,0,94,2670,2764,175
2020-07-15,,47PEN,1055,4,1051,1,4,3,867,16,9,-1,187,-12,1,0,1169,86403,87572,1422
2020-07-15,47135,47135,45,1,45,1,0,0,12,-1,3,1,33,2,0,0,52,979,1031,8
2020-07-15,47125,47125,906,56,904,56,2,0,608,44,42,1,291,12,7,0,1026,16651,17677,569
2020-07-15,,47OOS,1775,38,1772,38,3,0,1223,10,37,0,542,29,10,-1,1704,122502,124206,1743
2020-07-15,47123,47123,162,6,152,6,10,0,39,2,15,2,117,4,6,0,182,2669,2851,154
2020-07-15,47117,47117,141,9,141,9,0,0,66,6,12,0,73,3,2,0,162,2579,2741,58
2020-07-15,47109,47109,138,12,132,11,6,1,86,8,10,1,51,4,1,0,144,1916,2060,61
2020-07-15,47107,47107,313,6,309,6,4,0,97,-2,30,0,197,8,19,0,382,5442,5824,108
2020-07-15,47119,47119,529,16,528,16,1,0,238,4,24,0,288,12,3,0,628,6866,7494,208
2020-07-15,47115,47115,104,4,102,4,2,0,39,1,13,0,61,3,4,0,120,2150,2270,16
2020-07-15,47113,47113,409,14,391,14,18,0,175,1,23,0,232,13,2,0,473,9210,9683,141
2020-07-15,47111,47111,670,18,668,18,2,0,240,-6,33,0,423,24,7,0,755,3495,4250,87
2020-07-15,47105,47105,353,19,337,19,16,0,93,10,11,0,258,9,2,0,377,4664,5041,113
2020-07-15,47103,47103,111,5,111,5,0,0,57,4,4,0,54,1,0,0,135,2770,2905,41
2020-07-15,47101,47101,13,1,13,1,0,0,6,0,1,0,7,1,0,0,14,1191,1205,20
2020-07-15,47121,47121,40,0,40,0,0,0,10,-2,4,0,30,2,0,0,54,1141,1195,20
2020-07-15,47141,47141,1108,17,1103,17,5,0,321,6,28,1,780,11,7,0,1297,12240,13537,302
2020-07-15,47099,47099,262,3,262,3,0,0,149,-1,14,0,107,4,6,0,322,4029,4351,134
2020-07-15,47145,47145,100,6,90,6,10,0,47,4,6,0,53,2,0,0,117,6667,6784,169
2020-07-15,47187,47187,2119,129,2116,129,3,0,1295,85,60,1,806,42,18,2,2438,27429,29867,1610
2020-07-15,47185,47185,116,22,115,22,1,0,50,21,8,0,63,1,3,0,139,3156,3295,158
2020-07-15,47183,47183,87,6,85,5,2,1,38,5,4,0,48,1,1,0,92,2989,3081,122
2020-07-15,47181,47181,130,4,129,3,1,1,58,4,3,1,72,,0,0,138,3003,3141,21
2020-07-15,47179,47179,321,28,307,27,14,1,169,23,15,2,152,5,0,0,359,8896,9255,140
2020-07-15,47177,47177,183,19,183,19,0,0,112,17,1,0,70,1,1,1,198,4416,4614,196
2020-07-15,47175,47175,14,3,14,3,0,0,9,3,1,0,5,,0,0,14,578,592,30
2020-07-15,47173,47173,31,2,31,2,0,0,14,1,1,0,17,1,0,0,34,1390,1424,26
2020-07-15,47171,47171,61,0,61,0,0,0,8,0,1,0,53,,0,0,68,1777,1845,31
2020-07-15,47169,47169,1516,3,1513,3,3,0,70,3,15,0,1441,,5,0,1562,2711,4273,56
2020-07-15,47167,47167,740,13,728,13,12,0,203,12,37,0,530,1,7,0,816,9303,10119,186
2020-07-15,47165,47165,2189,86,2179,86,10,0,1253,35,249,1,879,51,57,0,2690,17651,20341,570
2020-07-15,47163,47163,290,13,259,9,31,4,125,4,29,0,160,9,5,0,298,9156,9454,132
2020-07-15,47161,47161,34,2,34,2,0,0,21,2,3,0,13,,0,0,37,1002,1039,25
2020-07-15,47159,47159,202,15,196,15,6,0,100,6,6,0,100,9,2,0,220,2211,2431,95
2020-07-15,47157,47157,14891,444,14871,443,20,1,4830,54,1015,12,9828,386,233,4,17844,169401,187245,4396
2020-07-15,47155,47155,978,36,930,36,48,0,303,6,32,1,671,30,4,0,1029,11362,12391,300
2020-07-15,47153,47153,54,1,54,1,0,0,21,1,2,0,33,,0,0,69,1976,2045,8
2020-07-15,47151,47151,31,1,29,1,2,0,14,0,1,0,17,1,0,0,29,1427,1456,16
2020-07-15,47149,47149,3944,105,3937,105,7,0,2169,35,141,2,1736,70,39,0,4749,30097,34846,1083
2020-07-15,47147,47147,1010,26,1009,26,1,0,414,14,59,0,583,12,13,0,1278,7431,8709,213
2020-07-15,47143,47143,362,0,362,0,0,0,101,-4,8,0,261,4,0,0,406,3529,3935,28
2020-07-15,47097,47097,218,14,213,12,5,2,117,11,19,2,97,3,4,0,246,4891,5137,74
2020-07-15,47189,47189,1338,63,1336,63,2,0,720,40,58,2,600,22,18,1,1604,15611,17215,593
2020-07-15,47093,47093,1915,100,1860,93,55,7,1024,58,113,2,876,39,15,3,2193,47666,49859,910
2020-07-15,47041,47041,119,19,119,20,0,-1,59,13,3,0,60,6,0,0,138,2658,2796,138
2020-07-15,47039,47039,44,5,26,-1,18,6,25,5,1,0,19,,0,0,45,1160,1205,25
2020-07-15,47037,47037,14550,345,14533,345,17,0,5505,-151,562,4,8888,494,157,2,17362,122901,140263,4363
2020-07-15,47035,47035,241,13,240,13,1,0,80,11,17,0,156,2,5,0,315,8410,8725,288
2020-07-15,47033,47033,75,4,65,2,10,2,44,3,4,0,28,1,3,0,84,1116,1200,42
2020-07-15,47031,47031,162,7,159,5,3,2,53,4,8,1,109,3,0,0,204,5464,5668,101
2020-07-15,47029,47029,175,23,163,23,12,0,84,12,3,0,91,11,0,0,185,2851,3036,76
2020-07-15,47027,47027,28,1,28,1,0,0,11,1,0,0,17,,0,0,29,944,973,38
2020-07-15,47025,47025,86,6,83,6,3,0,61,6,3,0,25,,0,0,99,2662,2761,114
2020-07-15,47023,47023,91,8,90,8,1,0,66,8,4,0,25,,0,0,97,1123,1220,27
2020-07-15,47021,47021,311,10,310,10,1,0,177,4,14,0,131,6,3,0,364,4151,4515,113
2020-07-15,47019,47019,128,8,121,8,7,0,69,6,10,0,57,2,2,0,138,3994,4132,47
2020-07-15,47017,47017,63,5,53,3,10,2,28,4,7,0,34,1,1,0,62,2305,2367,54
2020-07-15,47015,47015,65,5,64,4,1,1,38,4,4,0,27,1,0,0,95,1319,1414,51
2020-07-15,47013,47013,77,2,72,2,5,0,26,-1,6,0,50,3,1,0,88,3602,3690,86
2020-07-15,47011,47011,1096,35,1075,34,21,1,479,-15,55,3,611,49,6,1,1233,8861,10094,138
2020-07-15,47009,47009,381,23,372,24,9,-1,173,4,21,2,205,19,3,0,452,9319,9771,420
2020-07-15,47007,47007,634,0,634,0,0,0,13,0,8,2,620,,1,0,647,3981,4628,16
2020-07-15,47005,47005,24,7,19,4,5,3,13,6,2,0,10,1,1,0,26,1245,1271,39
2020-07-15,47003,47003,646,11,646,11,0,0,158,0,25,0,478,10,10,1,765,4606,5371,90
2020-07-15,47001,47001,236,17,227,17,9,0,111,10,14,0,123,7,2,0,279,9630,9909,229
2020-07-15,47043,47043,308,13,308,13,0,0,188,11,21,0,120,2,0,0,388,4850,5238,187
2020-07-15,47045,47045,326,16,309,14,17,2,184,14,25,1,139,2,3,0,348,3658,4006,80
2020-07-15,47095,47095,698,2,694,2,4,0,9,2,3,0,689,,0,0,862,3892,4754,22
2020-07-15,47049,47049,35,6,35,6,0,0,17,5,2,0,18,1,0,0,37,1517,1554,61
2020-07-15,47091,47091,48,-1,46,-1,2,0,11,-1,5,0,37,,0,0,48,2770,2818,3
2020-07-15,47089,47089,219,23,209,23,10,0,110,16,8,0,108,7,1,0,234,5075,5309,169
2020-07-15,47087,47087,62,10,62,10,0,0,35,8,1,0,27,2,0,0,68,1120,1188,59
2020-07-15,47085,47085,53,1,52,1,1,0,33,-1,2,0,18,2,2,0,61,1734,1795,55
2020-07-15,47083,47083,25,1,25,1,0,0,14,1,4,0,11,,0,0,30,826,856,6
2020-07-15,47047,47047,404,11,400,11,4,0,158,5,40,0,240,6,6,0,497,6991,7488,126
2020-07-15,47079,47079,57,1,56,1,1,0,15,1,8,0,42,,0,0,72,3317,3389,186
2020-07-15,47077,47077,114,24,88,16,26,8,67,19,7,1,47,5,0,0,124,2089,2213,62
2020-07-15,47075,47075,155,5,150,5,5,0,97,3,14,0,55,2,3,0,168,1885,2053,31
2020-07-15,47073,47073,103,3,100,3,3,0,46,3,11,1,55,,2,0,125,3561,3686,36
2020-07-15,47081,47081,118,4,118,4,0,0,45,3,3,0,73,1,0,0,148,2015,2163,34
2020-07-15,47069,47069,480,24,457,23,23,1,178,18,25,1,298,6,4,0,518,6910,7428,65
2020-07-15,47067,47067,15,3,13,3,2,0,12,3,3,0,3,,0,0,16,533,549,7
2020-07-15,47065,47065,3721,73,3714,73,7,0,1453,12,162,4,2229,60,39,1,4137,37214,41351,502
2020-07-15,47063,47063,551,37,540,37,11,0,238,10,30,0,308,26,5,1,595,7141,7736,271
2020-07-15,47061,47061,68,1,66,2,2,-1,10,0,10,0,56,1,2,0,78,1048,1126,13
2020-07-15,47059,47059,173,10,166,10,7,0,79,9,11,1,92,1,2,0,192,4900,5092,100
2020-07-15,47057,47057,65,6,61,6,4,0,29,4,7,0,36,2,0,0,79,1836,1915,51
2020-07-15,47055,47055,143,12,143,12,0,0,95,7,10,2,47,5,1,0,164,2873,3037,103
2020-07-15,47053,47053,237,20,203,16,34,4,131,14,12,1,105,6,1,0,261,4077,4338,88
2020-07-15,47051,47051,127,3,124,2,3,1,46,-1,8,0,78,4,3,0,159,3890,4049,40
2020-07-15,47071,47071,154,12,148,12,6,0,99,11,11,0,48,1,7,0,177,3802,3979,88
2020-07-16,47127,47127,28,2,28,2,0,0,19,2,0,0,9,,0,0,34,668,702,20
2020-07-16,47129,47129,38,1,38,1,0,0,12,-1,2,0,25,2,1,0,45,4088,4133,18
2020-07-16,47131,47131,155,11,147,10,8,1,74,9,14,0,78,2,3,0,178,3143,3321,102
2020-07-16,,47OOS,1852,77,1849,77,3,0,1276,53,40,3,566,24,10,0,1774,124951,126725,2519
2020-07-16,47139,47139,63,2,61,2,2,0,21,1,1,0,42,1,0,0,70,1303,1373,47
2020-07-16,,47PEN,1057,2,1053,2,4,0,863,-4,9,0,194,7,0,-1,1173,88044,89217,1645
2020-07-16,47135,47135,47,2,47,2,0,0,14,2,3,0,33,,0,0,56,987,1043,12
2020-07-16,47137,47137,9,1,9,1,0,0,3,1,0,0,6,,0,0,9,536,545,3
2020-07-16,47133,47133,88,2,88,2,0,0,21,0,3,0,66,2,1,0,100,2732,2832,68
2020-07-16,47125,47125,974,68,972,68,2,0,652,44,43,1,315,24,7,0,1102,17145,18247,570
2020-07-16,47103,47103,126,15,126,15,0,0,69,12,5,1,57,3,0,0,151,2867,3018,113
2020-07-16,47109,47109,146,8,139,7,7,1,91,5,11,1,54,3,1,0,152,1961,2113,53
2020-07-16,47107,47107,326,13,321,12,5,1,108,11,31,1,199,2,19,0,393,5539,5932,108
2020-07-16,47119,47119,557,28,555,27,2,1,258,20,25,1,295,7,4,1,658,7010,7668,174
2020-07-16,47117,47117,150,9,150,9,0,0,72,6,12,0,76,3,2,0,173,2675,2848,107
2020-07-16,47115,47115,113,9,111,9,2,0,47,8,13,0,62,1,4,0,132,2224,2356,86
2020-07-16,47113,47113,428,19,410,19,18,0,188,13,23,0,238,6,2,0,490,9349,9839,156
2020-07-16,47111,47111,680,10,678,10,2,0,224,-16,34,1,449,26,7,0,766,3519,4285,35
2020-07-16,47105,47105,368,15,352,15,16,0,103,10,11,0,262,4,3,1,393,4758,5151,110
2020-07-16,47141,47141,1136,28,1131,28,5,0,330,9,28,0,799,19,7,0,1329,12440,13769,232
2020-07-16,47123,47123,165,3,155,3,10,0,37,-2,16,1,121,4,7,1,185,2756,2941,90
2020-07-16,47143,47143,370,8,370,8,0,0,100,-1,8,0,270,9,0,0,415,3571,3986,51
2020-07-16,47165,47165,2264,75,2254,75,10,0,1290,37,250,1,917,38,57,0,2787,18151,20938,597
2020-07-16,47147,47147,1084,74,1083,74,1,0,468,54,60,1,602,19,14,1,1328,7575,8903,194
2020-07-16,47189,47189,1412,74,1410,74,2,0,758,38,59,1,636,36,18,0,1692,16058,17750,535
2020-07-16,47187,47187,2217,98,2214,98,3,0,1334,39,60,0,865,59,18,0,2544,28159,30703,836
2020-07-16,47185,47185,117,1,116,1,1,0,49,-1,8,0,65,2,3,0,140,3188,3328,33
2020-07-16,47183,47183,94,7,89,4,5,3,45,7,4,0,48,,1,0,94,3079,3173,92
2020-07-16,47181,47181,135,5,134,5,1,0,61,3,3,0,74,2,0,0,144,3061,3205,64
2020-07-16,47179,47179,336,15,323,16,13,-1,181,12,18,3,155,3,0,0,384,9199,9583,328
2020-07-16,47177,47177,189,6,189,6,0,0,116,4,1,0,72,2,1,0,207,4462,4669,55
2020-07-16,47175,47175,14,0,14,0,0,0,9,0,1,0,5,,0,0,15,580,595,3
2020-07-16,47173,47173,32,1,32,1,0,0,12,-2,1,0,20,3,0,0,35,1412,1447,23
2020-07-16,47171,47171,63,2,63,2,0,0,10,2,1,0,53,,0,0,70,1841,1911,66
2020-07-16,47169,47169,1528,12,1525,12,3,0,77,7,16,1,1445,4,6,1,1575,2739,4314,41
2020-07-16,47167,47167,763,23,751,23,12,0,223,20,37,0,533,3,7,0,840,9501,10341,222
2020-07-16,47101,47101,13,0,13,0,0,0,6,0,1,0,7,,0,0,14,1219,1233,28
2020-07-16,47163,47163,305,15,274,15,31,0,137,12,30,1,163,3,5,0,316,9387,9703,249
2020-07-16,47161,47161,35,1,35,1,0,0,22,1,3,0,13,,0,0,40,1028,1068,29
2020-07-16,47159,47159,205,3,199,3,6,0,94,-6,6,0,109,9,2,0,223,2239,2462,31
2020-07-16,47157,47157,15324,433,15303,432,21,1,4968,138,1024,9,10123,295,233,0,18367,172670,191037,3792
2020-07-16,47155,47155,1010,32,962,32,48,0,318,15,32,0,688,17,4,0,1070,11640,12710,319
2020-07-16,47153,47153,54,0,54,0,0,0,17,-4,2,0,37,4,0,0,69,2050,2119,74
2020-07-16,47151,47151,32,1,30,1,2,0,12,-2,2,1,20,3,0,0,30,1447,1477,21
2020-07-16,47149,47149,4114,170,4107,170,7,0,2266,97,141,0,1808,72,40,1,4950,31298,36248,1402
2020-07-16,47145,47145,105,5,95,5,10,0,50,3,7,1,55,2,0,0,124,6779,6903,119
2020-07-16,47099,47099,272,10,272,10,0,0,150,1,15,1,116,9,6,0,337,4110,4447,96
2020-07-16,47121,47121,43,3,43,3,0,0,13,3,4,0,30,,0,0,57,1168,1225,30
2020-07-16,47097,47097,229,11,223,10,6,1,125,8,19,0,100,3,4,0,258,4962,5220,83
2020-07-16,47041,47041,128,9,128,9,0,0,67,8,3,0,61,1,0,0,149,2731,2880,84
2020-07-16,47039,47039,49,5,28,2,21,3,31,6,1,0,18,-1,0,0,53,1255,1308,103
2020-07-16,47037,47037,14982,432,14963,430,19,2,5563,58,568,6,9259,371,160,3,17871,125970,143841,3578
2020-07-16,47035,47035,244,3,243,3,1,0,78,-2,17,0,161,5,5,0,318,8645,8963,238
2020-07-16,47033,47033,84,9,74,9,10,0,53,9,4,0,28,,3,0,93,1141,1234,34
2020-07-16,47031,47031,168,6,165,6,3,0,56,3,8,0,112,3,0,0,212,5638,5850,182
2020-07-16,47029,47029,180,5,170,7,10,-2,88,4,4,1,91,,1,1,193,2946,3139,103
2020-07-16,47027,47027,31,3,31,3,0,0,14,3,0,0,17,,0,0,32,961,993,20
2020-07-16,47023,47023,99,8,96,6,3,2,73,7,4,0,26,1,0,0,106,1146,1252,32
2020-07-16,47021,47021,332,21,331,21,1,0,193,16,15,1,135,4,4,1,387,4302,4689,174
2020-07-16,47019,47019,141,13,135,14,6,-1,82,13,14,4,57,,2,0,153,4116,4269,137
2020-07-16,47017,47017,69,6,59,6,10,0,33,5,9,2,35,1,1,0,69,2363,2432,65
2020-07-16,47015,47015,66,1,65,1,1,0,36,-2,4,0,30,3,0,0,96,1365,1461,47
2020-07-16,47013,47013,79,2,74,2,5,0,25,-1,6,0,53,3,1,0,91,3657,3748,58
2020-07-16,47011,47011,1114,18,1093,18,21,0,462,-17,54,-1,646,35,6,0,1264,8996,10260,166
2020-07-16,47009,47009,416,35,407,35,9,0,189,16,21,0,223,18,4,1,496,9445,9941,170
2020-07-16,47007,47007,636,2,636,2,0,0,13,0,9,1,622,2,1,0,649,4014,4663,35
2020-07-16,47005,47005,26,2,20,1,6,1,14,1,2,0,11,1,1,0,27,1259,1286,15
2020-07-16,47003,47003,654,8,654,8,0,0,152,-6,25,0,492,14,10,0,774,4710,5484,113
2020-07-16,47001,47001,252,16,242,15,10,1,111,0,16,2,139,16,2,0,297,9792,10089,180
2020-07-16,47095,47095,698,0,694,0,4,0,9,0,3,0,689,,0,0,863,3935,4798,44
2020-07-16,47043,47043,323,15,323,15,0,0,202,14,21,0,121,1,0,0,404,5011,5415,177
2020-07-16,47045,47045,337,11,320,11,17,0,192,8,25,0,142,3,3,0,360,3750,4110,104
2020-07-16,47025,47025,91,5,89,6,2,-1,61,0,3,0,30,5,0,0,105,2705,2810,49
2020-07-16,47049,47049,36,1,36,1,0,0,17,0,2,0,19,1,0,0,38,1527,1565,11
2020-07-16,47047,47047,424,20,420,20,4,0,174,16,40,0,244,4,6,0,520,7213,7733,245
2020-07-16,47091,47091,51,3,49,3,2,0,14,3,5,0,37,,0,0,53,2792,2845,27
2020-07-16,47089,47089,227,8,217,8,10,0,110,0,10,2,116,8,1,0,244,5208,5452,143
2020-07-16,47087,47087,65,3,65,3,0,0,36,1,1,0,29,2,0,0,71,1128,1199,11
2020-07-16,47085,47085,55,2,54,2,1,0,35,2,2,0,18,,2,0,65,1802,1867,72
2020-07-16,47083,47083,25,0,25,0,0,0,14,0,4,0,11,,0,0,30,862,892,36
2020-07-16,47081,47081,129,11,129,11,0,0,56,11,3,0,73,,0,0,158,2050,2208,45
2020-07-16,47079,47079,60,3,58,2,2,1,16,1,8,0,44,2,0,0,75,3497,3572,183
2020-07-16,47077,47077,132,18,93,5,39,13,81,14,7,0,51,4,0,0,141,2182,2323,110
2020-07-16,47075,47075,172,17,165,15,7,2,113,16,14,0,56,1,3,0,189,1972,2161,108
2020-07-16,47073,47073,117,14,114,14,3,0,59,13,11,0,56,1,2,0,139,3593,3732,46
2020-07-16,47093,47093,1991,76,1938,78,53,-2,1064,40,115,2,910,34,17,2,2281,48604,50885,1026
2020-07-16,47069,47069,503,23,481,24,22,-1,192,14,25,0,307,9,4,0,548,7004,7552,124
2020-07-16,47071,47071,171,17,165,17,6,0,111,12,11,0,53,5,7,0,194,3990,4184,205
2020-07-16,47053,47053,259,22,214,11,45,11,151,20,12,0,107,2,1,0,286,4175,4461,123
2020-07-16,47055,47055,163,20,163,20,0,0,111,16,11,1,51,4,1,0,184,2978,3162,125
2020-07-16,47057,47057,67,2,62,1,5,1,28,-1,8,1,39,3,0,0,80,1850,1930,15
2020-07-16,47059,47059,187,14,180,14,7,0,90,11,13,2,95,3,2,0,207,5046,5253,161
2020-07-16,47051,47051,136,9,133,9,3,0,54,8,8,0,79,1,3,0,174,4044,4218,169
2020-07-16,47063,47063,571,20,560,20,11,0,243,5,34,4,323,15,5,0,619,7264,7883,147
2020-07-16,47065,47065,3840,119,3832,118,8,1,1504,51,167,5,2297,68,39,0,4272,38275,42547,1196
2020-07-16,47067,47067,24,9,22,9,2,0,20,8,3,0,4,1,0,0,26,571,597,48
2020-07-16,47061,47061,71,3,69,3,2,0,11,1,10,0,58,2,2,0,83,1063,1146,20
2020-07-17,47125,47125,1065,91,1059,87,6,4,722,70,44,1,335,20,8,1,1201,17614,18815,568
2020-07-17,47135,47135,47,0,47,0,0,0,14,0,3,0,33,,0,0,56,1013,1069,26
2020-07-17,,47PEN,1145,88,1140,87,5,1,910,47,10,1,234,40,1,1,1274,89908,91182,1965
2020-07-17,47133,47133,89,1,89,1,0,0,22,1,3,0,66,,1,0,102,2753,2855,23
2020-07-17,,47OOS,1890,38,1888,39,2,-1,1289,13,42,2,591,25,10,0,1817,127154,128971,2246
2020-07-17,47131,47131,155,0,149,2,6,-2,73,-1,14,0,79,1,3,0,180,3185,3365,44
2020-07-17,47137,47137,10,1,10,1,0,0,3,0,0,0,6,,1,1,10,533,543,-2
2020-07-17,47129,47129,38,0,38,0,0,0,12,0,2,0,25,,1,0,45,4117,4162,29
2020-07-17,47127,47127,28,0,28,0,0,0,19,0,0,0,9,,0,0,33,686,719,17
2020-07-17,47123,47123,168,3,158,3,10,0,35,-2,16,0,126,5,7,0,190,2842,3032,91
2020-07-17,47115,47115,117,4,115,4,2,0,49,2,13,0,64,2,4,0,136,2285,2421,65
2020-07-17,47109,47109,148,2,141,2,7,0,93,2,11,0,54,,1,0,157,2020,2177,64
2020-07-17,47107,47107,351,25,346,25,5,0,130,22,31,0,202,3,19,0,424,5682,6106,174
2020-07-17,47119,47119,580,23,578,23,2,0,266,8,28,3,310,15,4,0,684,7345,8029,361
2020-07-17,47117,47117,154,4,154,4,0,0,72,0,12,0,80,4,2,0,177,2793,2970,122
2020-07-17,47113,47113,452,24,432,22,20,2,195,7,23,0,255,17,2,0,519,9465,9984,145
2020-07-17,47111,47111,696,16,694,16,2,0,214,-10,37,3,475,26,7,0,787,3580,4367,82
2020-07-17,47105,47105,382,14,366,14,16,0,109,6,11,0,270,8,3,0,403,4879,5282,131
2020-07-17,47103,47103,126,0,126,0,0,0,67,-2,5,0,59,2,0,0,158,2954,3112,94
2020-07-17,47101,47101,15,2,15,2,0,0,8,2,1,0,7,,0,0,16,1324,1340,107
2020-07-17,47139,47139,64,1,62,1,2,0,22,1,1,0,42,,0,0,71,1337,1408,35
2020-07-17,47121,47121,45,2,45,2,0,0,14,1,4,0,31,1,0,0,60,1186,1246,21
2020-07-17,47141,47141,1145,9,1140,9,5,0,331,1,28,0,807,8,7,0,1340,12563,13903,134
2020-07-17,47099,47099,280,8,280,8,0,0,156,6,15,0,118,2,6,0,347,4279,4626,179
2020-07-17,47145,47145,112,7,101,6,11,1,55,5,7,0,57,2,0,0,132,6887,7019,116
2020-07-17,47187,47187,2309,92,2306,92,3,0,1380,46,61,1,911,46,18,0,2664,29467,32131,1428
2020-07-17,47185,47185,117,0,116,0,1,0,46,-3,8,0,68,3,3,0,140,3212,3352,24
2020-07-17,47183,47183,99,5,94,5,5,0,48,3,4,0,50,2,1,0,100,3173,3273,100
2020-07-17,47181,47181,141,6,139,5,2,1,65,4,3,0,76,2,0,0,152,3138,3290,85
2020-07-17,47179,47179,358,22,345,22,13,0,199,18,18,0,159,4,0,0,411,9501,9912,329
2020-07-17,47177,47177,208,19,208,19,0,0,131,15,1,0,75,3,2,1,228,4570,4798,129
2020-07-17,47175,47175,14,0,14,0,0,0,9,0,1,0,5,,0,0,15,586,601,6
2020-07-17,47173,47173,40,8,40,8,0,0,18,6,1,0,22,2,0,0,43,1490,1533,86
2020-07-17,47171,47171,67,4,67,4,0,0,14,4,1,0,53,,0,0,74,1873,1947,36
2020-07-17,47169,47169,1539,11,1536,11,3,0,85,8,16,0,1448,3,6,0,1590,2791,4381,67
2020-07-17,47167,47167,780,17,768,17,12,0,231,8,39,2,541,8,8,1,860,9680,10540,199
2020-07-17,47165,47165,2344,80,2334,80,10,0,1334,44,250,0,953,36,57,0,2880,18537,21417,479
2020-07-17,47163,47163,332,27,301,27,31,0,151,14,30,0,176,13,5,0,347,9525,9872,169
2020-07-17,47161,47161,36,1,36,1,0,0,23,1,3,0,13,,0,0,42,1045,1087,19
2020-07-17,47159,47159,212,7,206,7,6,0,99,5,7,1,111,2,2,0,232,2313,2545,83
2020-07-17,47157,47157,15632,308,15602,299,30,9,4928,-40,1034,10,10469,346,235,2,18750,175295,194045,3008
2020-07-17,47155,47155,1052,42,1001,39,51,3,323,5,35,3,725,37,4,0,1107,11926,13033,323
2020-07-17,47153,47153,60,6,60,6,0,0,22,5,3,1,38,1,0,0,75,2085,2160,41
2020-07-17,47151,47151,33,1,31,1,2,0,13,1,2,0,20,,0,0,31,1494,1525,48
2020-07-17,47149,47149,4242,128,4235,128,7,0,2331,65,141,0,1870,62,41,1,5104,31914,37018,770
2020-07-17,47147,47147,1076,-8,1075,-8,1,0,450,-18,60,0,612,10,14,0,1359,7789,9148,245
2020-07-17,47143,47143,378,8,378,8,0,0,98,-2,9,1,280,10,0,0,423,3681,4104,118
2020-07-17,47189,47189,1457,45,1455,45,2,0,752,-6,59,0,687,51,18,0,1755,16482,18237,487
2020-07-17,47097,47097,238,9,233,10,5,-1,130,5,19,0,104,4,4,0,269,5031,5300,80
2020-07-17,47093,47093,2136,145,2084,146,52,-1,1174,110,116,1,945,35,17,0,2436,50013,52449,1564
2020-07-17,47041,47041,137,9,137,9,0,0,69,2,3,0,68,7,0,0,158,2812,2970,90
2020-07-17,47039,47039,50,1,29,1,21,0,32,1,2,1,18,,0,0,55,1300,1355,47
2020-07-17,47037,47037,15342,360,15322,359,20,1,5581,18,574,6,9597,338,164,4,18380,129757,148137,4296
2020-07-17,47035,47035,247,3,246,3,1,0,75,-3,19,2,166,5,6,1,322,8838,9160,197
2020-07-17,47033,47033,90,6,80,6,10,0,55,2,4,0,32,4,3,0,99,1177,1276,42
2020-07-17,47031,47031,170,2,167,2,3,0,55,-1,8,0,115,3,0,0,215,5714,5929,79
2020-07-17,47029,47029,196,16,186,16,10,0,92,4,5,1,103,12,1,0,208,3013,3221,82
2020-07-17,47027,47027,32,1,32,1,0,0,15,1,0,0,17,,0,0,33,976,1009,16
2020-07-17,47025,47025,104,13,102,13,2,0,71,10,3,0,33,3,0,0,119,2835,2954,144
2020-07-17,47023,47023,107,8,102,6,5,2,79,6,4,0,28,2,0,0,113,1176,1289,37
2020-07-17,47021,47021,340,8,339,8,1,0,195,2,15,0,141,6,4,0,400,4457,4857,168
2020-07-17,47019,47019,147,6,141,6,6,0,88,6,16,2,57,,2,0,160,4327,4487,218
2020-07-17,47017,47017,71,2,61,2,10,0,35,2,10,1,35,,1,0,71,2402,2473,41
2020-07-17,47015,47015,68,2,67,2,1,0,37,1,4,0,31,1,0,0,101,1391,1492,31
2020-07-17,47013,47013,87,8,81,7,6,1,31,6,6,0,55,2,1,0,100,3778,3878,130
2020-07-17,47011,47011,1165,51,1144,51,21,0,473,11,59,5,686,40,6,0,1331,9390,10721,461
2020-07-17,47009,47009,488,72,479,72,9,0,245,56,21,0,239,16,4,0,569,9703,10272,331
2020-07-17,47007,47007,638,2,638,2,0,0,15,2,9,0,622,,1,0,653,4039,4692,29
2020-07-17,47005,47005,26,0,20,0,6,0,14,0,3,1,11,,1,0,27,1274,1301,15
2020-07-17,47003,47003,668,14,667,13,1,1,158,6,26,1,500,8,10,0,789,4836,5625,141
2020-07-17,47001,47001,265,13,255,13,10,0,112,1,17,1,151,12,2,0,312,9953,10265,176
2020-07-17,47043,47043,343,20,343,20,0,0,217,15,22,1,126,5,0,0,433,5173,5606,191
2020-07-17,47045,47045,352,15,335,15,17,0,204,12,26,1,145,3,3,0,379,3842,4221,111
2020-07-17,47095,47095,699,1,695,1,4,0,9,0,3,0,690,1,0,0,866,3949,4815,17
2020-07-17,47049,47049,38,2,38,2,0,0,19,2,2,0,19,,0,0,42,1540,1582,17
2020-07-17,47047,47047,433,9,429,9,4,0,178,4,41,1,248,4,7,1,533,7270,7803,70
2020-07-17,47091,47091,51,0,49,0,2,0,14,0,5,0,37,,0,0,55,2824,2879,34
2020-07-17,47089,47089,241,14,231,14,10,0,108,-2,11,1,132,16,1,0,262,5403,5665,213
2020-07-17,47087,47087,67,2,67,2,0,0,38,2,1,0,29,,0,0,75,1137,1212,13
2020-07-17,47085,47085,58,3,57,3,1,0,38,3,2,0,18,,2,0,70,1832,1902,35
2020-07-17,47083,47083,27,2,27,2,0,0,16,2,4,0,11,,0,0,32,869,901,9
2020-07-17,47079,47079,60,0,58,0,2,0,16,0,8,0,44,,0,0,76,3590,3666,94
2020-07-17,47077,47077,139,7,99,6,40,1,87,6,7,0,52,1,0,0,150,2258,2408,85
2020-07-17,47075,47075,174,2,167,2,7,0,111,-2,14,0,59,3,4,1,190,2017,2207,46
2020-07-17,47073,47073,124,7,121,7,3,0,65,6,12,1,57,1,2,0,152,3664,3816,84
2020-07-17,47081,47081,133,4,133,4,0,0,59,3,3,0,74,1,0,0,165,2148,2313,105
2020-07-17,47069,47069,511,8,491,10,20,-2,197,5,27,2,309,2,5,1,562,7042,7604,52
2020-07-17,47067,47067,25,1,23,1,2,0,21,1,3,0,4,,0,0,30,592,622,25
2020-07-17,47065,47065,3994,154,3986,154,8,0,1587,83,170,3,2367,70,40,1,4443,39385,43828,1281
2020-07-17,47063,47063,607,36,596,36,11,0,243,0,37,3,358,35,6,1,655,7410,8065,182
2020-07-17,47051,47051,141,5,138,5,3,0,58,4,8,0,80,1,3,0,177,4153,4330,112
2020-07-17,47061,47061,71,0,69,0,2,0,11,0,11,1,58,,2,0,85,1091,1176,30
2020-07-17,47059,47059,193,6,187,7,6,-1,94,4,13,0,97,2,2,0,222,5163,5385,132
2020-07-17,47057,47057,69,2,65,3,4,-1,29,1,8,0,40,1,0,0,82,1916,1998,68
2020-07-17,47055,47055,168,5,168,5,0,0,110,-1,11,0,56,5,2,1,192,3195,3387,225
2020-07-17,47053,47053,276,17,227,13,49,4,163,12,12,0,112,5,1,0,305,4227,4532,71
2020-07-17,47071,47071,185,14,179,14,6,0,117,6,11,0,61,8,7,0,210,4094,4304,120
2020-07-18,47127,47127,28,0,28,0,0,0,18,-1,0,0,10,1,0,0,34,691,725,6
2020-07-18,47129,47129,40,2,40,2,0,0,10,-2,2,0,29,4,1,0,47,4136,4183,21
2020-07-18,47131,47131,164,9,158,9,6,0,81,8,15,1,80,1,3,0,192,3242,3434,69
2020-07-18,47137,47137,10,0,10,0,0,0,3,0,0,0,6,,1,0,10,538,548,5
2020-07-18,47133,47133,90,1,90,1,0,0,23,1,3,0,66,,1,0,102,2781,2883,28
2020-07-18,,47PEN,1175,30,1171,31,4,-1,930,20,9,-1,244,10,1,0,1316,91099,92415,1233
2020-07-18,47135,47135,49,2,49,2,0,0,15,1,3,0,34,1,0,0,57,1104,1161,92
2020-07-18,47125,47125,1133,68,1127,68,6,0,771,49,48,4,354,19,8,0,1279,18093,19372,557
2020-07-18,,47OOS,1975,85,1973,85,2,0,1366,77,45,3,599,8,10,0,1916,129183,131099,2128
2020-07-18,47123,47123,176,8,166,8,10,0,43,8,17,1,126,,7,0,199,2864,3063,31
2020-07-18,47101,47101,15,0,15,0,0,0,8,0,1,0,7,,0,0,16,1336,1352,12
2020-07-18,47109,47109,153,5,145,4,8,1,97,4,11,0,55,1,1,0,164,2049,2213,36
2020-07-18,47107,47107,354,3,349,3,5,0,126,-4,31,0,209,7,19,0,427,5746,6173,67
2020-07-18,47119,47119,606,26,604,26,2,0,283,17,28,0,319,9,4,0,712,7442,8154,125
2020-07-18,47117,47117,155,1,155,1,0,0,70,-2,12,0,83,3,2,0,179,2889,3068,98
2020-07-18,47115,47115,121,4,119,4,2,0,52,3,13,0,65,1,4,0,143,2339,2482,61
2020-07-18,47113,47113,479,27,456,24,23,3,206,11,23,0,271,16,2,0,549,9585,10134,150
2020-07-18,47111,47111,699,3,697,3,2,0,210,-4,39,2,481,6,8,1,791,3605,4396,29
2020-07-18,47105,47105,394,12,378,12,16,0,118,9,11,0,273,3,3,0,418,4917,5335,53
2020-07-18,47103,47103,132,6,132,6,0,0,71,4,5,0,61,2,0,0,164,2983,3147,35
2020-07-18,47139,47139,64,0,62,0,2,0,22,0,1,0,42,,0,0,71,1343,1414,6
2020-07-18,47121,47121,47,2,47,2,0,0,16,2,4,0,31,,0,0,61,1202,1263,17
2020-07-18,47141,47141,1204,59,1199,59,5,0,387,56,31,3,810,3,7,0,1417,13056,14473,570
2020-07-18,47163,47163,372,40,338,37,34,3,181,30,30,0,185,9,6,1,395,9963,10358,486
2020-07-18,47145,47145,118,6,106,5,12,1,57,2,7,0,61,4,0,0,138,6953,7091,72
2020-07-18,47099,47099,288,8,288,8,0,0,160,4,16,1,122,4,6,0,358,4289,4647,21
2020-07-18,47187,47187,2449,140,2446,140,3,0,1495,115,64,3,936,25,18,0,2841,30265,33106,975
2020-07-18,47185,47185,123,6,122,6,1,0,52,6,8,0,68,,3,0,150,3334,3484,132
2020-07-18,47183,47183,99,0,94,0,5,0,47,-1,4,0,51,1,1,0,102,3249,3351,78
2020-07-18,47181,47181,143,2,141,2,2,0,66,1,3,0,77,1,0,0,152,3155,3307,17
2020-07-18,47179,47179,379,21,366,21,13,0,220,21,18,0,159,,0,0,432,9627,10059,147
2020-07-18,47177,47177,215,7,215,7,0,0,138,7,2,1,74,-1,3,1,234,4666,4900,102
2020-07-18,47175,47175,14,0,14,0,0,0,9,0,1,0,5,,0,0,15,590,605,4
2020-07-18,47173,47173,41,1,41,1,0,0,19,1,1,0,22,,0,0,44,1497,1541,8
2020-07-18,47171,47171,66,-1,66,-1,0,0,13,-1,1,0,53,,0,0,73,2064,2137,190
2020-07-18,47169,47169,1543,4,1540,4,3,0,86,1,16,0,1451,3,6,0,1594,2820,4414,33
2020-07-18,47167,47167,792,12,781,13,11,-1,241,10,40,1,543,2,8,0,875,9832,10707,167
2020-07-18,47165,47165,2426,82,2415,81,11,1,1380,46,252,2,986,33,60,3,2972,18829,21801,384
2020-07-18,47161,47161,37,1,37,1,0,0,24,1,3,0,13,,0,0,43,1065,1108,21
2020-07-18,47159,47159,212,0,206,0,6,0,98,-1,8,1,112,1,2,0,231,2336,2567,22
2020-07-18,47157,47157,16224,592,16188,586,36,6,5307,379,1046,12,10676,207,241,6,19485,179269,198754,4709
2020-07-18,47155,47155,1077,25,1022,21,55,4,337,14,38,3,736,11,4,0,1133,12041,13174,141
2020-07-18,47153,47153,61,1,61,1,0,0,23,1,3,0,38,,0,0,76,2109,2185,25
2020-07-18,47151,47151,34,1,32,1,2,0,14,1,2,0,20,,0,0,32,1511,1543,18
2020-07-18,47149,47149,4397,155,4390,155,7,0,2432,101,144,3,1924,54,41,0,5300,32550,37850,832
2020-07-18,47147,47147,1105,29,1104,29,1,0,468,18,61,1,623,11,14,0,1395,7946,9341,193
2020-07-18,47143,47143,381,3,381,3,0,0,88,-10,10,1,293,13,0,0,429,3699,4128,24
2020-07-18,47189,47189,1553,96,1551,96,2,0,817,65,60,1,718,31,18,0,1859,17110,18969,732
2020-07-18,47097,47097,244,6,239,6,5,0,134,4,20,1,105,1,5,1,273,5102,5375,75
2020-07-18,47093,47093,2196,60,2142,58,54,2,1214,40,119,3,964,19,18,1,2511,50281,52792,343
2020-07-18,47041,47041,138,1,138,1,0,0,69,0,4,1,69,1,0,0,162,2835,2997,27
2020-07-18,47039,47039,53,3,29,0,24,3,35,3,2,0,18,,0,0,56,1315,1371,16
2020-07-18,47037,47037,15711,369,15691,369,20,0,5697,116,582,8,9848,251,166,2,18862,132273,151135,2998
2020-07-18,47035,47035,252,5,251,5,1,0,80,5,19,0,166,,6,0,332,9130,9462,302
2020-07-18,47033,47033,93,3,82,2,11,1,56,1,4,0,34,2,3,0,101,1190,1291,15
2020-07-18,47031,47031,182,12,177,10,5,2,64,9,8,0,118,3,0,0,227,5770,5997,68
2020-07-18,47029,47029,202,6,192,6,10,0,90,-2,7,2,111,8,1,0,214,3030,3244,23
2020-07-18,47027,47027,33,1,33,1,0,0,15,0,0,0,18,1,0,0,35,979,1014,5
2020-07-18,47025,47025,110,6,107,5,3,1,76,5,3,0,34,1,0,0,125,2871,2996,42
2020-07-18,47021,47021,358,18,357,18,1,0,209,14,16,1,145,4,4,0,418,4558,4976,119
2020-07-18,47019,47019,162,15,154,13,8,2,103,15,16,0,57,,2,0,175,4380,4555,68
2020-07-18,47017,47017,73,2,62,1,11,1,35,0,10,0,36,1,2,1,73,2421,2494,21
2020-07-18,47015,47015,69,1,68,1,1,0,36,-1,4,0,33,2,0,0,103,1408,1511,19
2020-07-18,47013,47013,92,5,86,5,6,0,34,3,6,0,57,2,1,0,105,3794,3899,21
2020-07-18,47011,47011,1177,12,1156,12,21,0,450,-23,62,3,720,34,7,1,1349,9472,10821,100
2020-07-18,47009,47009,509,21,495,16,14,5,243,-2,25,4,260,21,6,2,595,9827,10422,150
2020-07-18,47007,47007,639,1,639,1,0,0,14,-1,9,0,624,2,1,0,653,4054,4707,15
2020-07-18,47005,47005,26,0,20,0,6,0,13,-1,3,0,12,1,1,0,27,1282,1309,8
2020-07-18,47003,47003,673,5,673,6,0,-1,161,3,26,0,502,2,10,0,799,4893,5692,67
2020-07-18,47001,47001,277,12,266,11,11,1,122,10,18,1,153,2,2,0,325,10019,10344,79
2020-07-18,47095,47095,699,0,695,0,4,0,9,0,3,0,690,,0,0,866,3985,4851,36
2020-07-18,47043,47043,370,27,370,27,0,0,243,26,22,0,127,1,0,0,472,5318,5790,184
2020-07-18,47045,47045,358,6,342,7,16,-1,204,0,27,1,151,6,3,0,390,3984,4374,153
2020-07-18,47023,47023,110,3,105,3,5,0,79,0,4,0,31,3,0,0,116,1192,1308,19
2020-07-18,47049,47049,40,2,40,2,0,0,21,2,2,0,19,,0,0,44,1558,1602,20
2020-07-18,47047,47047,454,21,450,21,4,0,193,15,41,0,254,6,7,0,556,7475,8031,228
2020-07-18,47089,47089,256,15,246,15,10,0,119,11,13,2,136,4,1,0,282,5466,5748,83
2020-07-18,47087,47087,72,5,72,5,0,0,42,4,2,1,30,1,0,0,80,1165,1245,33
2020-07-18,47085,47085,60,2,59,2,1,0,40,2,2,0,18,,2,0,71,1857,1928,26
2020-07-18,47083,47083,29,2,29,2,0,0,18,2,4,0,11,,0,0,34,874,908,7
2020-07-18,47081,47081,139,6,139,6,0,0,65,6,3,0,74,,0,0,171,2190,2361,48
2020-07-18,47079,47079,60,0,58,0,2,0,14,-2,8,0,46,2,0,0,76,3607,3683,17
2020-07-18,47077,47077,153,14,105,6,48,8,100,13,7,0,53,1,0,0,164,2302,2466,58
2020-07-18,47075,47075,179,5,172,5,7,0,115,4,14,0,60,1,4,0,197,2043,2240,33
2020-07-18,47073,47073,131,7,127,6,4,1,72,7,14,2,57,,2,0,158,3710,3868,52
2020-07-18,47071,47071,194,9,188,9,6,0,122,5,11,0,65,4,7,0,220,4163,4383,79
2020-07-18,47091,47091,51,0,49,0,2,0,14,0,5,0,37,,0,0,56,2828,2884,5
2020-07-18,47067,47067,25,0,23,0,2,0,21,0,4,1,4,,0,0,30,598,628,6
2020-07-18,47065,47065,4144,150,4136,150,8,0,1674,87,173,3,2430,63,40,0,4630,40919,45549,1721
2020-07-18,47063,47063,643,36,631,35,12,1,268,25,42,5,369,11,6,0,692,7524,8216,151
2020-07-18,47061,47061,72,1,70,1,2,0,12,1,12,1,58,,2,0,86,1116,1202,26
2020-07-18,47059,47059,196,3,188,1,8,2,96,2,14,1,97,,3,1,224,5202,5426,41
2020-07-18,47057,47057,71,2,66,1,5,1,30,1,8,0,41,1,0,0,83,1939,2022,24
2020-07-18,47055,47055,177,9,177,9,0,0,118,8,12,1,57,1,2,0,200,3231,3431,44
2020-07-18,47053,47053,296,20,239,12,57,8,183,20,13,1,112,,1,0,325,4332,4657,125
2020-07-18,47051,47051,146,5,143,5,3,0,60,2,8,0,83,3,3,0,183,4243,4426,96
2020-07-18,47069,47069,530,19,506,15,24,4,212,15,28,1,311,2,7,2,584,7084,7668,64
2020-07-19,47141,47141,1212,8,1207,8,5,0,395,8,31,0,810,,7,0,1426,13179,14605,132
2020-07-19,47129,47129,41,1,41,1,0,0,11,1,2,0,29,,1,0,48,4154,4202,19
2020-07-19,47131,47131,168,4,162,4,6,0,84,3,15,0,81,1,3,0,197,3256,3453,19
2020-07-19,,47OOS,2084,109,2082,109,2,0,1457,91,44,-1,618,19,9,-1,2013,131129,133142,2043
2020-07-19,47139,47139,67,3,65,3,2,0,24,2,2,1,43,1,0,0,75,1372,1447,33
2020-07-19,,47PEN,1256,81,1254,83,2,-2,993,63,9,0,262,18,1,0,1413,92851,94264,1849
2020-07-19,47135,47135,49,0,49,0,0,0,15,0,3,0,34,,0,0,58,1137,1195,34
2020-07-19,47137,47137,10,0,10,0,0,0,3,0,0,0,6,,1,0,10,541,551,3
2020-07-19,47127,47127,28,0,28,0,0,0,18,0,0,0,10,,0,0,36,701,737,12
2020-07-19,47133,47133,91,1,91,1,0,0,24,1,3,0,66,,1,0,103,2792,2895,12
2020-07-19,47125,47125,1157,24,1150,23,7,1,786,15,50,2,363,9,8,0,1310,18302,19612,240
2020-07-19,47119,47119,629,23,627,23,2,0,297,14,28,0,328,9,4,0,742,7566,8308,154
2020-07-19,47121,47121,51,4,51,4,0,0,20,4,4,0,31,,0,0,65,1241,1306,43
2020-07-19,47109,47109,160,7,152,7,8,0,101,4,11,0,58,3,1,0,171,2209,2380,167
2020-07-19,47107,47107,363,9,358,9,5,0,134,8,31,0,210,1,19,0,436,6036,6472,299
2020-07-19,47117,47117,161,6,161,6,0,0,75,5,12,0,84,1,2,0,185,2977,3162,94
2020-07-19,47115,47115,126,5,124,5,2,0,56,4,13,0,66,1,4,0,152,2389,2541,59
2020-07-19,47113,47113,486,7,464,8,22,-1,208,2,23,0,276,5,2,0,557,9720,10277,143
2020-07-19,47111,47111,701,2,699,2,2,0,207,-3,39,0,486,5,8,0,795,3631,4426,30
2020-07-19,47105,47105,398,4,383,5,15,-1,118,0,11,0,277,4,3,0,426,5053,5479,144
2020-07-19,47103,47103,138,6,138,6,0,0,77,6,5,0,61,,0,0,171,3114,3285,138
2020-07-19,47123,47123,182,6,172,6,10,0,47,4,17,0,128,2,7,0,207,2933,3140,77
2020-07-19,47143,47143,394,13,394,13,0,0,101,13,10,0,293,,0,0,446,3857,4303,175
2020-07-19,47101,47101,15,0,15,0,0,0,8,0,1,0,7,,0,0,17,1363,1380,28
2020-07-19,47147,47147,1130,25,1129,25,1,0,487,19,61,0,629,6,14,0,1423,8153,9576,235
2020-07-19,47189,47189,1601,48,1599,48,2,0,859,42,61,1,723,5,19,1,1913,17449,19362,393
2020-07-19,47187,47187,2517,68,2514,68,3,0,1545,50,64,0,954,18,18,0,2930,31055,33985,879
2020-07-19,47185,47185,123,0,122,0,1,0,52,0,8,0,68,,3,0,150,3361,3511,27
2020-07-19,47183,47183,101,2,96,2,5,0,49,2,4,0,51,,1,0,104,3286,3390,39
2020-07-19,47181,47181,147,4,145,4,2,0,69,3,3,0,78,1,0,0,156,3198,3354,47
2020-07-19,47179,47179,430,51,417,51,13,0,270,50,19,1,160,1,0,0,498,10118,10616,557
2020-07-19,47177,47177,215,0,215,0,0,0,138,0,2,0,74,,3,0,234,4723,4957,57
2020-07-19,47175,47175,14,0,14,0,0,0,9,0,1,0,5,,0,0,15,591,606,1
2020-07-19,47173,47173,46,5,46,5,0,0,24,5,1,0,22,,0,0,49,1537,1586,45
2020-07-19,47171,47171,66,0,66,0,0,0,13,0,1,0,53,,0,0,73,2148,2221,84
2020-07-19,47169,47169,1543,0,1540,0,3,0,85,-1,16,0,1452,1,6,0,1594,2846,4440,26
2020-07-19,47167,47167,798,6,787,6,11,0,247,6,40,0,543,,8,0,881,9881,10762,55
2020-07-19,47165,47165,2458,32,2447,32,11,0,1405,25,252,0,993,7,60,0,3014,19116,22130,329
2020-07-19,47163,47163,387,15,351,13,36,2,191,10,31,1,190,5,6,0,411,10075,10486,128
2020-07-19,47161,47161,44,7,44,7,0,0,30,6,3,0,14,1,0,0,50,1104,1154,46
2020-07-19,47159,47159,214,2,208,2,6,0,96,-2,8,0,116,4,2,0,233,2364,2597,30
2020-07-19,47157,47157,16468,244,16433,245,35,-1,5370,63,1060,14,10853,177,245,4,19750,180980,200730,1976
2020-07-19,47155,47155,1087,10,1031,9,56,1,337,0,38,0,746,10,4,0,1152,12203,13355,181
2020-07-19,47153,47153,63,2,63,2,0,0,25,2,3,0,38,,0,0,79,2147,2226,41
2020-07-19,47151,47151,35,1,32,0,3,1,14,0,2,0,21,1,0,0,32,1544,1576,33
2020-07-19,47149,47149,4503,106,4496,106,7,0,2506,74,144,0,1956,32,41,0,5434,33311,38745,895
2020-07-19,47145,47145,122,4,110,4,12,0,60,3,8,1,62,1,0,0,143,7063,7206,115
2020-07-19,47099,47099,296,8,296,8,0,0,167,7,16,0,123,1,6,0,367,4406,4773,126
2020-07-19,47097,47097,247,3,242,3,5,0,135,1,20,0,107,2,5,0,276,5121,5397,22
2020-07-19,47095,47095,700,1,696,1,4,0,10,1,3,0,690,,0,0,867,4003,4870,19
2020-07-19,47043,47043,376,6,376,6,0,0,248,5,22,0,128,1,0,0,477,5380,5857,67
2020-07-19,47041,47041,138,0,138,0,0,0,69,0,5,1,68,-1,1,1,162,2897,3059,62
2020-07-19,47039,47039,57,4,33,4,24,0,39,4,2,0,18,,0,0,61,1397,1458,87
2020-07-19,47037,47037,16044,333,16023,332,21,1,5896,199,582,0,9982,134,166,0,19308,135595,154903,3768
2020-07-19,47035,47035,253,1,252,1,1,0,80,0,19,0,167,1,6,0,333,9217,9550,88
2020-07-19,47033,47033,98,5,87,5,11,0,61,5,4,0,34,,3,0,106,1204,1310,19
2020-07-19,47031,47031,190,8,184,7,6,1,70,6,8,0,120,2,0,0,240,5937,6177,180
2020-07-19,47029,47029,210,8,200,8,10,0,98,8,7,0,111,,1,0,223,3102,3325,81
2020-07-19,47027,47027,33,0,33,0,0,0,15,0,0,0,18,,0,0,35,989,1024,10
2020-07-19,47025,47025,113,3,110,3,3,0,78,2,3,0,35,1,0,0,133,3117,3250,254
2020-07-19,47023,47023,115,5,111,6,4,-1,84,5,4,0,31,,0,0,122,1220,1342,34
2020-07-19,47021,47021,364,6,363,6,1,0,214,5,16,0,146,1,4,0,428,4669,5097,121
2020-07-19,47019,47019,179,17,172,18,7,-1,120,17,16,0,57,,2,0,197,4686,4883,328
2020-07-19,47017,47017,77,4,66,4,11,0,39,4,10,0,36,,2,0,77,2443,2520,26
2020-07-19,47015,47015,70,1,69,1,1,0,36,0,4,0,34,1,0,0,102,1423,1525,14
2020-07-19,47013,47013,96,4,90,4,6,0,38,4,6,0,57,,1,0,109,3925,4034,135
2020-07-19,47011,47011,1205,28,1184,28,21,0,463,13,64,2,735,15,7,0,1395,9730,11125,304
2020-07-19,47009,47009,518,9,502,7,16,2,249,6,26,1,263,3,6,0,605,9990,10595,173
2020-07-19,47007,47007,642,3,642,3,0,0,16,2,9,0,625,1,1,0,657,4088,4745,38
2020-07-19,47005,47005,28,2,22,2,6,0,15,2,3,0,12,,1,0,28,1289,1317,8
2020-07-19,47003,47003,679,6,678,5,1,1,162,1,26,0,507,5,10,0,810,4997,5807,115
2020-07-19,47045,47045,365,7,349,7,16,0,211,7,28,1,151,,3,0,402,4064,4466,92
2020-07-19,47047,47047,465,11,461,11,4,0,203,10,41,0,255,1,7,0,569,7512,8081,50
2020-07-19,47001,47001,289,12,277,11,12,1,133,11,19,1,154,1,2,0,339,10226,10565,221
2020-07-19,47051,47051,158,12,155,12,3,0,70,10,8,0,85,2,3,0,197,4334,4531,105
2020-07-19,47049,47049,40,0,40,0,0,0,21,0,2,0,19,,0,0,44,1570,1614,12
2020-07-19,47093,47093,2322,126,2260,118,62,8,1320,106,123,4,984,20,18,0,2655,52505,55160,2368
2020-07-19,47091,47091,52,1,50,1,2,0,14,0,5,0,38,1,0,0,57,2845,2902,18
2020-07-19,47089,47089,261,5,250,4,11,1,121,2,13,0,139,3,1,0,287,5563,5850,102
2020-07-19,47087,47087,72,0,72,0,0,0,42,0,2,0,30,,0,0,80,1176,1256,11
2020-07-19,47085,47085,62,2,61,2,1,0,42,2,2,0,18,,2,0,74,1889,1963,35
2020-07-19,47081,47081,142,3,142,3,0,0,66,1,3,0,76,2,0,0,175,2261,2436,75
2020-07-19,47079,47079,62,2,60,2,2,0,16,2,8,0,46,,0,0,78,3616,3694,11
2020-07-19,47077,47077,161,8,112,7,49,1,108,8,7,0,53,,0,0,174,2341,2515,49
2020-07-19,47075,47075,181,2,174,2,7,0,115,0,14,0,62,2,4,0,199,2055,2254,14
2020-07-19,47083,47083,29,0,29,0,0,0,18,0,4,0,11,,0,0,34,897,931,23
2020-07-19,47071,47071,194,0,188,0,6,0,120,-2,11,0,67,2,7,0,220,4293,4513,130
2020-07-19,47069,47069,547,17,523,17,24,0,227,15,28,0,313,2,7,0,603,7115,7718,50
2020-07-19,47067,47067,28,3,26,3,2,0,24,3,4,0,4,,0,0,33,655,688,60
2020-07-19,47065,47065,4233,89,4225,89,8,0,1718,44,174,1,2475,45,40,0,4740,41930,46670,1121
2020-07-19,47053,47053,306,10,249,10,57,0,191,8,13,0,114,2,1,0,337,4441,4778,121
2020-07-19,47063,47063,648,5,636,5,12,0,263,-5,42,0,379,10,6,0,701,7718,8419,203
2020-07-19,47061,47061,73,1,71,1,2,0,13,1,12,0,58,,2,0,87,1123,1210,8
2020-07-19,47059,47059,209,13,200,12,9,1,107,11,14,0,99,2,3,0,240,5421,5661,235
2020-07-19,47057,47057,73,2,68,2,5,0,30,0,8,0,43,2,0,0,85,1990,2075,53
2020-07-19,47055,47055,197,20,197,20,0,0,138,20,13,1,57,,2,0,224,3339,3563,132
2020-07-19,47073,47073,139,8,135,8,4,0,80,8,14,0,57,,2,0,166,3788,3954,86
2020-07-20,47127,47127,32,4,32,4,0,0,19,1,0,0,13,3,0,0,40,716,756,19
2020-07-20,47129,47129,42,1,42,1,0,0,11,0,2,0,30,1,1,0,48,4163,4211,9
2020-07-20,47131,47131,175,7,169,7,6,0,85,1,15,0,87,6,3,0,203,3293,3496,43
2020-07-20,47137,47137,10,0,10,0,0,0,3,0,0,0,6,,1,0,10,541,551,0
2020-07-20,47133,47133,91,0,91,0,0,0,22,-2,3,0,68,2,1,0,104,2815,2919,24
2020-07-20,,47PEN,1337,81,1334,80,3,1,1023,30,9,0,313,51,1,0,1504,94338,95842,1578
2020-07-20,47135,47135,49,0,49,0,0,0,14,-1,3,0,35,1,0,0,58,1149,1207,12
2020-07-20,47125,47125,1173,16,1166,16,7,0,779,-7,51,1,386,23,8,0,1330,18588,19918,306
2020-07-20,,47OOS,2184,100,2182,100,2,0,1504,47,46,2,671,53,9,0,2080,132376,134456,1314
2020-07-20,47123,47123,185,3,173,1,12,2,46,-1,17,0,132,4,7,0,209,2960,3169,29
2020-07-20,47101,47101,19,4,19,4,0,0,12,4,1,0,7,,0,0,21,1382,1403,23
2020-07-20,47109,47109,162,2,153,1,9,1,96,-5,11,0,65,7,1,0,176,2262,2438,58
2020-07-20,47107,47107,371,8,366,8,5,0,138,4,31,0,214,4,19,0,454,6178,6632,160
2020-07-20,47119,47119,665,36,663,36,2,0,315,18,30,2,346,18,4,0,783,7836,8619,311
2020-07-20,47117,47117,166,5,166,5,0,0,75,0,12,0,89,5,2,0,193,3077,3270,108
2020-07-20,47115,47115,132,6,130,6,2,0,62,6,13,0,66,,4,0,159,2455,2614,73
2020-07-20,47113,47113,500,14,478,14,22,0,209,1,23,0,289,13,2,0,572,9868,10440,163
2020-07-20,47111,47111,703,2,701,2,2,0,183,-24,40,1,512,26,8,0,803,3671,4474,48
2020-07-20,47105,47105,408,10,390,7,18,3,126,8,11,0,279,2,3,0,434,5092,5526,47
2020-07-20,47103,47103,143,5,143,5,0,0,79,2,5,0,64,3,0,0,177,3135,3312,27
2020-07-20,47139,47139,70,3,68,3,2,0,25,1,2,0,45,2,0,0,78,1405,1483,36
2020-07-20,47121,47121,53,2,53,2,0,0,22,2,4,0,31,,0,0,67,1259,1326,20
2020-07-20,47141,47141,1214,2,1209,2,5,0,363,-32,31,0,844,34,7,0,1427,13213,14640,35
2020-07-20,47163,47163,427,40,388,37,39,3,208,17,35,4,213,23,6,0,449,10433,10882,396
2020-07-20,47145,47145,125,3,113,3,12,0,59,-1,8,0,66,4,0,0,146,7120,7266,60
2020-07-20,47099,47099,302,6,302,6,0,0,160,-7,16,0,136,13,6,0,375,4473,4848,75
2020-07-20,47187,47187,2562,45,2559,45,3,0,1534,-11,65,1,1010,56,18,0,2987,31394,34381,396
2020-07-20,47185,47185,124,1,123,1,1,0,47,-5,8,0,74,6,3,0,151,3369,3520,9
2020-07-20,47183,47183,101,0,96,0,5,0,47,-2,4,0,53,2,1,0,105,3326,3431,41
2020-07-20,47181,47181,150,3,148,3,2,0,70,1,3,0,80,2,0,0,159,3214,3373,19
2020-07-20,47179,47179,470,40,456,39,14,1,310,40,20,1,160,,0,0,553,10466,11019,403
2020-07-20,47177,47177,222,7,222,7,0,0,145,7,2,0,74,,3,0,244,4784,5028,71
2020-07-20,47175,47175,14,0,14,0,0,0,8,-1,1,0,6,1,0,0,15,598,613,7
2020-07-20,47173,47173,50,4,50,4,0,0,27,3,1,0,23,1,0,0,54,1595,1649,63
2020-07-20,47171,47171,69,3,69,3,0,0,16,3,1,0,53,,0,0,76,2198,2274,53
2020-07-20,47169,47169,1543,0,1540,0,3,0,81,-4,16,0,1456,4,6,0,1597,2854,4451,11
2020-07-20,47167,47167,809,11,798,11,11,0,246,-1,40,0,555,12,8,0,895,9981,10876,114
2020-07-20,47165,47165,2505,47,2494,47,11,0,1414,9,252,0,1030,37,61,1,3078,19464,22542,412
2020-07-20,47161,47161,47,3,47,3,0,0,33,3,3,0,14,,0,0,54,1124,1178,24
2020-07-20,47159,47159,219,5,212,4,7,1,92,-4,8,0,125,9,2,0,238,2390,2628,31
2020-07-20,47157,47157,16702,234,16667,234,35,0,5211,-159,1062,2,11246,393,245,0,20044,183162,203206,2476
2020-07-20,47155,47155,1112,25,1060,29,52,-4,329,-8,41,3,779,33,4,0,1187,12405,13592,237
2020-07-20,47153,47153,61,-2,61,-2,0,0,23,-2,3,0,38,,0,0,79,2184,2263,37
2020-07-20,47151,47151,36,1,33,1,3,0,13,-1,2,0,23,2,0,0,32,1559,1591,15
2020-07-20,47149,47149,4618,115,4611,115,7,0,2546,40,145,1,2031,75,41,0,5575,34098,39673,928
2020-07-20,47147,47147,1143,13,1142,13,1,0,486,-1,61,0,643,14,14,0,1435,8259,9694,118
2020-07-20,47143,47143,401,7,401,7,0,0,106,5,10,0,295,2,0,0,455,3975,4430,127
2020-07-20,47097,47097,254,7,249,7,5,0,135,0,20,0,114,7,5,0,285,5164,5449,52
2020-07-20,47189,47189,1628,27,1626,27,2,0,842,-17,62,1,767,44,19,0,1954,17707,19661,299
2020-07-20,47093,47093,2413,91,2328,68,85,23,1357,37,124,1,1038,54,18,0,2725,53088,55813,653
2020-07-20,47041,47041,145,7,145,7,0,0,75,6,5,0,69,1,1,0,168,2916,3084,25
2020-07-20,47039,47039,59,2,35,2,24,0,39,0,2,0,20,2,0,0,63,1426,1489,31
2020-07-20,47037,47037,16223,179,16203,180,20,-1,5783,-113,582,0,10274,292,166,0,19558,137039,156597,1694
2020-07-20,47035,47035,255,2,254,2,1,0,73,-7,19,0,176,9,6,0,335,9275,9610,60
2020-07-20,47033,47033,105,7,94,7,11,0,63,2,4,0,39,5,3,0,115,1222,1337,27
2020-07-20,47031,47031,205,15,199,15,6,0,79,9,8,0,126,6,0,0,256,6135,6391,214
2020-07-20,47029,47029,217,7,207,7,10,0,102,4,7,0,114,3,1,0,230,3163,3393,68
2020-07-20,47027,47027,34,1,34,1,0,0,16,1,0,0,18,,0,0,37,1032,1069,45
2020-07-20,47025,47025,118,5,115,5,3,0,74,-4,3,0,44,9,0,0,139,3157,3296,46
2020-07-20,47023,47023,120,5,116,5,4,0,87,3,4,0,33,2,0,0,126,1243,1369,27
2020-07-20,47021,47021,371,7,370,7,1,0,217,3,16,0,150,4,4,0,437,4708,5145,48
2020-07-20,47019,47019,205,26,197,25,8,1,144,24,18,2,59,2,2,0,227,4845,5072,189
2020-07-20,47017,47017,80,3,69,3,11,0,41,2,10,0,37,1,2,0,80,2472,2552,32
2020-07-20,47015,47015,71,1,70,1,1,0,33,-3,4,0,38,4,0,0,105,1457,1562,37
2020-07-20,47013,47013,100,4,95,5,5,-1,41,3,6,0,58,1,1,0,114,4032,4146,112
2020-07-20,47011,47011,1239,34,1218,34,21,0,464,1,66,2,768,33,7,0,1448,9960,11408,283
2020-07-20,47009,47009,538,20,522,20,16,0,249,0,27,1,282,19,7,1,631,10130,10761,166
2020-07-20,47007,47007,641,-1,641,-1,0,0,15,-1,9,0,625,,1,0,659,4113,4772,27
2020-07-20,47005,47005,30,2,24,2,6,0,17,2,3,0,12,,1,0,31,1305,1336,19
2020-07-20,47003,47003,688,9,687,9,1,0,148,-14,26,0,530,23,10,0,819,5101,5920,113
2020-07-20,47001,47001,300,11,286,9,14,2,139,6,20,1,158,4,3,1,350,10304,10654,89
2020-07-20,47043,47043,390,14,390,14,0,0,258,10,22,0,132,4,0,0,494,5510,6004,147
2020-07-20,47045,47045,373,8,357,8,16,0,211,0,28,0,158,7,4,1,410,4117,4527,61
2020-07-20,47095,47095,702,2,698,2,4,0,12,2,3,0,690,,0,0,869,4019,4888,18
2020-07-20,47049,47049,41,1,41,1,0,0,19,-2,2,0,22,3,0,0,45,1578,1623,9
2020-07-20,47047,47047,473,8,469,8,4,0,200,-3,41,0,266,11,7,0,581,7630,8211,130
2020-07-20,47091,47091,52,0,50,0,2,0,14,0,5,0,38,,0,0,57,2867,2924,22
2020-07-20,47089,47089,264,3,253,3,11,0,113,-8,14,1,150,11,1,0,291,5636,5927,77
2020-07-20,47087,47087,72,0,72,0,0,0,41,-1,2,0,31,1,0,0,80,1186,1266,10
2020-07-20,47085,47085,62,0,61,0,1,0,42,0,2,0,18,,2,0,74,1924,1998,35
2020-07-20,47083,47083,30,1,30,1,0,0,19,1,4,0,11,,0,0,35,910,945,14
2020-07-20,47079,47079,63,1,61,1,2,0,16,0,8,0,47,1,0,0,79,3629,3708,14
2020-07-20,47077,47077,175,14,126,14,49,0,119,11,7,0,56,3,0,0,186,2401,2587,72
2020-07-20,47075,47075,192,11,185,11,7,0,119,4,14,0,69,7,4,0,211,2094,2305,51
2020-07-20,47073,47073,145,6,141,6,4,0,86,6,14,0,57,,2,0,174,3868,4042,88
2020-07-20,47081,47081,143,1,143,1,0,0,67,1,3,0,76,,0,0,179,2297,2476,40
2020-07-20,47069,47069,556,9,532,9,24,0,231,4,28,0,318,5,7,0,612,7180,7792,74
2020-07-20,47067,47067,30,2,28,2,2,0,25,1,4,0,5,1,0,0,36,702,738,50
2020-07-20,47065,47065,4341,108,4333,108,8,0,1749,31,176,2,2552,77,40,0,4879,43039,47918,1248
2020-07-20,47063,47063,660,12,648,12,12,0,233,-30,42,0,421,42,6,0,716,7817,8533,114
2020-07-20,47051,47051,164,6,162,7,2,-1,75,5,8,0,86,1,3,0,206,4451,4657,126
2020-07-20,47061,47061,72,-1,70,-1,2,0,12,-1,12,0,58,,2,0,86,1141,1227,17
2020-07-20,47059,47059,223,14,214,14,9,0,121,14,16,2,99,,3,0,257,5575,5832,171
2020-07-20,47057,47057,74,1,69,1,5,0,31,1,8,0,43,,0,0,86,2014,2100,25
2020-07-20,47055,47055,207,10,207,10,0,0,144,6,13,0,61,4,2,0,235,3429,3664,101
2020-07-20,47053,47053,312,6,256,7,56,-1,195,4,13,0,116,2,1,0,343,4505,4848,70
2020-07-20,47071,47071,203,9,197,9,6,0,126,6,11,0,70,3,7,0,231,4416,4647,134
2020-07-21,47127,47127,32,0,32,0,0,0,18,-1,0,0,14,1,0,0,39,729,768,12
2020-07-21,47129,47129,45,3,45,3,0,0,12,1,2,0,32,2,1,0,52,4199,4251,40
2020-07-21,47131,47131,191,16,184,15,7,1,96,11,15,0,92,5,3,0,218,3364,3582,86
2020-07-21,47137,47137,13,3,13,3,0,0,6,3,0,0,6,,1,0,13,545,558,7
2020-07-21,47133,47133,98,7,98,7,0,0,27,5,3,0,70,2,1,0,112,2981,3093,174
2020-07-21,,47PEN,1381,44,1375,41,6,3,1015,-8,9,0,365,52,1,0,1542,95160,96702,860
2020-07-21,47135,47135,52,3,52,3,0,0,17,3,3,0,35,,0,0,61,1170,1231,24
2020-07-21,47125,47125,1196,23,1189,23,7,0,777,-2,52,1,410,24,9,1,1355,18675,20030,112
2020-07-21,,47OOS,2179,-5,2177,-5,2,0,1443,-61,48,2,726,55,10,1,2059,132401,134460,4
2020-07-21,47123,47123,213,28,201,28,12,0,72,26,17,0,134,2,7,0,239,3052,3291,122
2020-07-21,47101,47101,21,2,21,2,0,0,14,2,2,1,7,,0,0,23,1415,1438,35
2020-07-21,47109,47109,178,16,167,14,11,2,110,14,11,0,67,2,1,0,191,2363,2554,116
2020-07-21,47107,47107,382,11,377,11,5,0,145,7,31,0,218,4,19,0,465,6288,6753,121
2020-07-21,47119,47119,689,24,687,24,2,0,314,-1,31,1,371,25,4,0,817,8077,8894,275
2020-07-21,47117,47117,173,7,173,7,0,0,74,-1,12,0,97,8,2,0,199,3168,3367,97
2020-07-21,47115,47115,134,2,133,3,1,-1,61,-1,13,0,69,3,4,0,165,2515,2680,66
2020-07-21,47113,47113,522,22,500,22,22,0,213,4,23,0,306,17,3,1,595,10061,10656,216
2020-07-21,47111,47111,729,26,727,26,2,0,196,13,41,1,524,12,9,1,835,3880,4715,241
2020-07-21,47105,47105,437,29,419,29,18,0,151,25,12,1,283,4,3,0,464,5242,5706,180
2020-07-21,47103,47103,148,5,148,5,0,0,82,3,5,0,66,2,0,0,185,3233,3418,106
2020-07-21,47139,47139,75,5,73,5,2,0,28,3,2,0,47,2,0,0,83,1444,1527,44
2020-07-21,47121,47121,60,7,60,7,0,0,29,7,4,0,31,,0,0,74,1301,1375,49
2020-07-21,47141,47141,1267,53,1262,53,5,0,391,28,31,0,868,24,8,1,1490,13827,15317,677
2020-07-21,47163,47163,444,17,399,11,45,6,208,0,34,-1,230,17,6,0,464,10545,11009,127
2020-07-21,47145,47145,147,22,134,21,13,1,75,16,9,1,72,6,0,0,165,7400,7565,299
2020-07-21,47099,47099,321,19,321,19,0,0,170,10,19,3,145,9,6,0,393,4570,4963,115
2020-07-21,47187,47187,2599,37,2596,37,3,0,1502,-32,68,3,1079,69,18,0,3036,31725,34761,380
2020-07-21,47185,47185,132,8,131,8,1,0,55,8,8,0,74,,3,0,160,3551,3711,191
2020-07-21,47183,47183,109,8,104,8,5,0,55,8,4,0,53,,1,0,114,3406,3520,89
2020-07-21,47181,47181,157,7,156,8,1,-1,74,4,4,1,83,3,0,0,165,3249,3414,41
2020-07-21,47179,47179,490,20,475,19,15,1,325,15,21,1,165,5,0,0,572,10748,11320,301
2020-07-21,47177,47177,248,26,248,26,0,0,166,21,2,0,79,5,3,0,272,5311,5583,555
2020-07-21,47175,47175,15,1,15,1,0,0,9,1,1,0,6,,0,0,16,634,650,37
2020-07-21,47173,47173,56,6,56,6,0,0,31,4,1,0,25,2,0,0,59,1649,1708,59
2020-07-21,47171,47171,70,1,70,1,0,0,14,-2,2,1,56,3,0,0,77,2234,2311,37
2020-07-21,47169,47169,1547,4,1544,4,3,0,83,2,16,0,1458,2,6,0,1604,2868,4472,21
2020-07-21,47167,47167,835,26,824,26,11,0,260,14,40,0,567,12,8,0,924,10204,11128,252
2020-07-21,47165,47165,2571,66,2560,66,11,0,1445,31,256,4,1064,34,62,1,3151,19789,22940,398
2020-07-21,47161,47161,47,0,47,0,0,0,33,0,3,0,14,,0,0,55,1142,1197,19
2020-07-21,47159,47159,259,40,252,40,7,0,127,35,8,0,130,5,2,0,281,2524,2805,177
2020-07-21,47157,47157,16904,202,16870,203,34,-1,4968,-243,1085,23,11684,438,252,7,20291,184797,205088,1882
2020-07-21,47155,47155,1156,44,1104,44,52,0,343,14,42,1,809,30,4,0,1224,12622,13846,254
2020-07-21,47153,47153,64,3,64,3,0,0,22,-1,3,0,42,4,0,0,80,2252,2332,69
2020-07-21,47151,47151,38,2,35,2,3,0,14,1,3,1,24,1,0,0,34,1599,1633,42
2020-07-21,47149,47149,4716,98,4709,98,7,0,2509,-37,150,5,2164,133,43,2,5683,34660,40343,670
2020-07-21,47147,47147,1160,17,1159,17,1,0,492,6,64,3,653,10,15,1,1457,8311,9768,74
2020-07-21,47143,47143,409,8,409,8,0,0,111,5,10,0,298,3,0,0,466,4051,4517,87
2020-07-21,47189,47189,1664,36,1662,36,2,0,850,8,63,1,795,28,19,0,1996,17923,19919,258
2020-07-21,47097,47097,267,13,262,13,5,0,146,11,21,1,116,2,5,0,301,5265,5566,117
2020-07-21,47093,47093,2539,126,2456,128,83,-2,1419,62,125,1,1102,64,18,0,2855,54286,57141,1328
2020-07-21,47041,47041,180,35,180,35,0,0,108,33,5,0,71,2,1,0,204,3150,3354,270
2020-07-21,47039,47039,69,10,43,8,26,2,49,10,2,0,20,,0,0,74,1450,1524,35
2020-07-21,47037,47037,16545,322,16523,320,22,2,5706,-77,590,8,10667,393,172,6,20005,141263,161268,4671
2020-07-21,47035,47035,273,18,272,18,1,0,85,12,20,1,182,6,6,0,358,9597,9955,345
2020-07-21,47033,47033,113,8,100,6,13,2,71,8,4,0,39,,3,0,126,1264,1390,53
2020-07-21,47031,47031,220,15,214,15,6,0,93,14,9,1,127,1,0,0,272,6386,6658,267
2020-07-21,47029,47029,231,14,220,13,11,1,111,9,8,1,119,5,1,0,244,3246,3490,97
2020-07-21,47027,47027,35,1,35,1,0,0,15,-1,0,0,20,2,0,0,39,1063,1102,33
2020-07-21,47025,47025,124,6,121,6,3,0,72,-2,4,1,52,8,0,0,145,3333,3478,182
2020-07-21,47021,47021,375,4,374,4,1,0,216,-1,16,0,155,5,4,0,441,4755,5196,51
2020-07-21,47019,47019,220,15,212,15,8,0,156,12,22,4,62,3,2,0,239,4939,5178,106
2020-07-21,47017,47017,85,5,71,2,14,3,45,4,10,0,38,1,2,0,84,2526,2610,58
2020-07-21,47015,47015,72,1,71,1,1,0,34,1,4,0,38,,0,0,104,1548,1652,90
2020-07-21,47013,47013,102,2,96,1,6,1,42,1,7,1,59,1,1,0,118,4172,4290,144
2020-07-21,47011,47011,1271,32,1251,33,20,-1,461,-3,67,1,802,34,8,1,1483,10276,11759,351
2020-07-21,47009,47009,592,54,572,50,20,4,285,36,29,2,301,19,6,-1,686,10534,11220,459
2020-07-21,47007,47007,643,2,643,2,0,0,17,2,9,0,625,,1,0,661,4153,4814,42
2020-07-21,47005,47005,32,2,26,2,6,0,18,1,3,0,13,1,1,0,33,1336,1369,33
2020-07-21,47003,47003,695,7,694,7,1,0,148,0,26,0,537,7,10,0,826,5172,5998,78
2020-07-21,47001,47001,327,27,314,28,13,-1,154,15,21,1,170,12,3,0,380,10657,11037,383
2020-07-21,47095,47095,702,0,698,0,4,0,12,0,3,0,690,,0,0,869,4035,4904,16
2020-07-21,47043,47043,398,8,398,8,0,0,259,1,22,0,139,7,0,0,511,5630,6141,137
2020-07-21,47045,47045,383,10,367,10,16,0,212,1,29,1,166,8,5,1,421,4182,4603,76
2020-07-21,47023,47023,125,5,120,4,5,1,87,0,4,0,38,5,0,0,132,1282,1414,45
2020-07-21,47049,47049,45,4,45,4,0,0,22,3,2,0,23,1,0,0,49,1635,1684,61
2020-07-21,47047,47047,495,22,491,22,4,0,206,6,41,0,282,16,7,0,603,7819,8422,211
2020-07-21,47089,47089,284,20,273,20,11,0,119,6,14,0,164,14,1,0,308,5756,6064,137
2020-07-21,47087,47087,87,15,87,15,0,0,55,14,2,0,32,1,0,0,97,1234,1331,65
2020-07-21,47085,47085,62,0,61,0,1,0,42,0,2,0,18,,2,0,75,1951,2026,28
2020-07-21,47083,47083,31,1,31,1,0,0,20,1,4,0,11,,0,0,36,921,957,12
2020-07-21,47081,47081,150,7,150,7,0,0,71,4,3,0,79,3,0,0,185,2344,2529,53
2020-07-21,47079,47079,69,6,67,6,2,0,22,6,8,0,47,,0,0,85,3686,3771,63
2020-07-21,47077,47077,206,31,151,25,55,6,146,27,7,0,60,4,0,0,222,2504,2726,139
2020-07-21,47075,47075,203,11,195,10,8,1,118,-1,14,0,81,12,4,0,221,2190,2411,106
2020-07-21,47073,47073,153,8,149,8,4,0,93,7,14,0,58,1,2,0,181,3929,4110,68
2020-07-21,47071,47071,231,28,225,28,6,0,146,20,11,0,78,8,7,0,262,4555,4817,170
2020-07-21,47091,47091,52,0,50,0,2,0,14,0,5,0,38,,0,0,57,2882,2939,15
2020-07-21,47067,47067,37,7,35,7,2,0,32,7,4,0,5,,0,0,43,720,763,25
2020-07-21,47065,47065,4424,83,4415,82,9,1,1722,-27,181,5,2662,110,40,0,4990,44076,49066,1148
2020-07-21,47063,47063,738,78,726,78,12,0,284,51,43,1,448,27,6,0,806,8117,8923,390
2020-07-21,47061,47061,73,1,71,1,2,0,13,1,13,1,58,,2,0,88,1162,1250,23
2020-07-21,47059,47059,238,15,229,15,9,0,128,7,16,0,106,7,4,1,277,5688,5965,133
2020-07-21,47057,47057,92,18,87,18,5,0,44,13,8,0,48,5,0,0,104,2108,2212,112
2020-07-21,47055,47055,213,6,213,6,0,0,146,2,13,0,65,4,2,0,241,3527,3768,104
2020-07-21,47053,47053,327,15,265,9,62,6,207,12,14,1,119,3,1,0,361,4635,4996,148
2020-07-21,47051,47051,166,2,164,2,2,0,75,0,8,0,88,2,3,0,210,4546,4756,99
2020-07-21,47069,47069,577,21,552,20,25,1,243,12,28,0,327,9,7,0,638,7307,7945,153
2020-07-22,47139,47139,79,4,76,3,3,1,32,4,2,0,47,,0,0,86,1449,1535,8
2020-07-22,47127,47127,34,2,34,2,0,0,18,0,0,0,16,2,0,0,41,731,772,4
2020-07-22,47129,47129,46,1,46,1,0,0,11,-1,2,0,34,2,1,0,55,4222,4277,26
2020-07-22,47131,47131,191,0,184,0,7,0,95,-1,15,0,93,1,3,0,218,3421,3639,57
2020-07-22,47137,47137,13,0,13,0,0,0,6,0,0,0,6,,1,0,13,544,557,-1
2020-07-22,47133,47133,100,2,98,0,2,2,26,-1,3,0,73,3,1,0,112,3001,3113,20
2020-07-22,,47PEN,2707,1326,2696,1321,11,5,2267,1252,13,4,438,73,2,1,2876,106226,109102,12400
2020-07-22,47135,47135,53,1,53,1,0,0,15,-2,3,0,38,3,0,0,61,1180,1241,10
2020-07-22,47125,47125,1222,26,1215,26,7,0,777,0,56,4,436,26,9,0,1389,18982,20371,341
2020-07-22,,47OOS,2268,89,2266,89,2,0,1487,44,45,-3,771,45,10,0,2173,135608,137781,3321
2020-07-22,47123,47123,213,0,203,2,10,-2,69,-3,17,0,137,3,7,0,245,3067,3312,21
2020-07-22,47117,47117,173,0,173,0,0,0,68,-6,12,0,103,6,2,0,200,3171,3371,4
2020-07-22,47109,47109,178,0,167,0,11,0,107,-3,12,1,70,3,1,0,194,2402,2596,42
2020-07-22,47107,47107,384,2,379,2,5,0,137,-8,31,0,228,10,19,0,466,6322,6788,35
2020-07-22,47119,47119,712,23,710,23,2,0,328,14,32,1,380,9,4,0,848,8143,8991,97
2020-07-22,47115,47115,135,1,134,1,1,0,55,-6,13,0,76,7,4,0,170,2513,2683,3
2020-07-22,47113,47113,530,8,508,8,22,0,214,1,24,1,313,7,3,0,604,10023,10627,-29
2020-07-22,47111,47111,736,7,734,7,2,0,191,-5,44,3,536,12,9,0,845,3903,4748,33
2020-07-22,47105,47105,443,6,425,6,18,0,151,0,13,1,289,6,3,0,472,5262,5734,28
2020-07-22,47103,47103,152,4,152,4,0,0,84,2,5,0,68,2,0,0,189,3263,3452,34
2020-07-22,47101,47101,22,1,22,1,0,0,13,-1,2,0,9,2,0,0,25,1421,1446,8
2020-07-22,47121,47121,61,1,61,1,0,0,30,1,4,0,31,,0,0,75,1303,1378,3
2020-07-22,47141,47141,1275,8,1270,8,5,0,373,-18,36,5,894,26,8,0,1501,13916,15417,100
2020-07-22,47099,47099,324,3,324,3,0,0,161,-9,19,0,157,12,6,0,396,4587,4983,20
2020-07-22,47145,47145,156,9,142,8,14,1,80,5,10,1,76,4,0,0,178,7504,7682,117
2020-07-22,47187,47187,2648,49,2645,49,3,0,1470,-32,70,2,1159,80,19,1,3094,32213,35307,546
2020-07-22,47185,47185,138,6,137,6,1,0,60,5,9,1,75,1,3,0,167,3611,3778,67
2020-07-22,47183,47183,109,0,104,0,5,0,54,-1,4,0,54,1,1,0,115,3416,3531,11
2020-07-22,47181,47181,159,2,158,2,1,0,67,-7,4,0,92,9,0,0,167,3255,3422,8
2020-07-22,47179,47179,502,12,487,12,15,0,332,7,23,2,170,5,0,0,590,10468,11058,-262
2020-07-22,47177,47177,248,0,248,0,0,0,158,-8,2,0,87,8,3,0,271,5426,5697,114
2020-07-22,47175,47175,15,0,15,0,0,0,9,0,1,0,6,,0,0,16,633,649,-1
2020-07-22,47173,47173,59,3,59,3,0,0,32,1,1,0,27,2,0,0,62,1665,1727,19
2020-07-22,47171,47171,75,5,74,4,1,1,19,5,2,0,56,,0,0,81,2204,2285,-26
2020-07-22,47169,47169,1548,1,1545,1,3,0,84,1,16,0,1458,,6,0,1604,2913,4517,45
2020-07-22,47167,47167,840,5,829,5,11,0,253,-7,40,0,579,12,8,0,933,10319,11252,124
2020-07-22,47165,47165,2670,99,2659,99,11,0,1487,42,257,1,1121,57,62,0,3261,20294,23555,615
2020-07-22,47163,47163,457,13,411,12,46,1,203,-5,34,0,248,18,6,0,480,9938,10418,-591
2020-07-22,47161,47161,48,1,48,1,0,0,34,1,3,0,14,,0,0,57,1165,1222,25
2020-07-22,47159,47159,261,2,254,2,7,0,124,-3,9,1,135,5,2,0,285,2548,2833,28
2020-07-22,47157,47157,16966,62,16932,62,34,0,4607,-361,1105,20,12102,418,257,5,20472,186817,207289,2201
2020-07-22,47155,47155,1174,18,1122,18,52,0,323,-20,43,1,847,38,4,0,1251,12761,14012,166
2020-07-22,47153,47153,68,4,68,4,0,0,25,3,3,0,43,1,0,0,82,2260,2342,10
2020-07-22,47151,47151,39,1,36,1,3,0,15,1,3,0,24,,0,0,37,1617,1654,21
2020-07-22,47149,47149,4828,112,4821,112,7,0,2518,9,152,2,2267,103,43,0,5817,35331,41148,805
2020-07-22,47147,47147,1184,24,1183,24,1,0,499,7,68,4,670,17,15,0,1499,8415,9914,146
2020-07-22,47143,47143,409,0,409,0,0,0,108,-3,10,0,300,2,1,1,469,4068,4537,20
2020-07-22,47097,47097,268,1,263,1,5,0,140,-6,21,0,123,7,5,0,302,5299,5601,35
2020-07-22,47189,47189,1688,24,1686,24,2,0,838,-12,66,3,831,36,19,0,2033,18191,20224,305
2020-07-22,47093,47093,2578,39,2499,43,79,-4,1401,-18,132,7,1156,54,21,3,2912,54786,57698,557
2020-07-22,47041,47041,184,4,184,4,0,0,109,1,7,2,74,3,1,0,208,3214,3422,68
2020-07-22,47039,47039,75,6,49,6,26,0,52,3,3,1,23,3,0,0,80,1489,1569,45
2020-07-22,47037,47037,16695,150,16672,149,23,1,5436,-270,596,6,11086,419,173,1,20239,143275,163514,2246
2020-07-22,47035,47035,276,3,275,3,1,0,88,3,21,1,182,,6,0,359,9690,10049,94
2020-07-22,47033,47033,115,2,102,2,13,0,69,-2,5,1,43,4,3,0,128,1270,1398,8
2020-07-22,47031,47031,221,1,216,2,5,-1,89,-4,9,0,132,5,0,0,276,6445,6721,63
2020-07-22,47029,47029,238,7,225,5,13,2,110,-1,8,0,127,8,1,0,254,3259,3513,23
2020-07-22,47027,47027,39,4,39,4,0,0,18,3,1,1,21,1,0,0,43,1069,1112,10
2020-07-22,47025,47025,127,3,123,2,4,1,72,0,4,0,55,3,0,0,147,3378,3525,47
2020-07-22,47023,47023,126,1,121,1,5,0,83,-4,5,1,43,5,0,0,137,1284,1421,7
2020-07-22,47021,47021,382,7,381,7,1,0,219,3,16,0,159,4,4,0,455,4845,5300,104
2020-07-22,47019,47019,225,5,217,5,8,0,161,5,24,2,62,,2,0,247,4768,5015,-163
2020-07-22,47017,47017,90,5,75,4,15,1,48,3,10,0,40,2,2,0,89,2564,2653,43
2020-07-22,47015,47015,78,6,77,6,1,0,36,2,4,0,42,4,0,0,117,1559,1676,24
2020-07-22,47013,47013,106,4,99,3,7,1,45,3,7,0,60,1,1,0,121,4199,4320,30
2020-07-22,47011,47011,1284,13,1265,14,19,-1,445,-16,72,5,831,29,8,0,1511,10270,11781,22
2020-07-22,47009,47009,663,71,641,69,22,2,335,50,31,2,322,21,6,0,776,10659,11435,215
2020-07-22,47007,47007,643,0,643,0,0,0,16,-1,9,0,626,1,1,0,661,4168,4829,15
2020-07-22,47005,47005,33,1,27,1,6,0,19,1,3,0,13,,1,0,34,1337,1371,2
2020-07-22,47003,47003,696,1,695,1,1,0,142,-6,26,0,544,7,10,0,831,5194,6025,27
2020-07-22,47001,47001,335,8,324,10,11,-2,153,-1,22,1,179,9,3,0,391,10720,11111,74
2020-07-22,47043,47043,402,4,402,4,0,0,257,-2,24,2,145,6,0,0,517,5738,6255,114
2020-07-22,47045,47045,383,0,367,0,16,0,209,-3,29,0,169,3,5,0,423,4181,4604,1
2020-07-22,47095,47095,702,0,698,0,4,0,11,-1,3,0,691,1,0,0,870,4047,4917,13
2020-07-22,47049,47049,46,1,46,1,0,0,22,0,2,0,24,1,0,0,50,1637,1687,3
2020-07-22,47091,47091,52,0,50,0,2,0,14,0,5,0,38,,0,0,57,2828,2885,-54
2020-07-22,47089,47089,289,5,278,5,11,0,117,-2,16,2,171,7,1,0,316,5789,6105,41
2020-07-22,47087,47087,90,3,90,3,0,0,54,-1,3,1,36,4,0,0,101,1247,1348,17
2020-07-22,47085,47085,63,1,62,1,1,0,42,0,2,0,19,1,2,0,76,1999,2075,49
2020-07-22,47083,47083,31,0,31,0,0,0,20,0,4,0,11,,0,0,36,938,974,17
2020-07-22,47047,47047,495,0,490,-1,5,1,198,-8,42,1,289,7,8,1,600,7862,8462,40
2020-07-22,47079,47079,75,6,72,5,3,1,25,3,9,1,49,2,1,1,91,3743,3834,63
2020-07-22,47077,47077,211,5,155,4,56,1,148,2,8,1,63,3,0,0,224,2559,2783,57
2020-07-22,47075,47075,206,3,197,2,9,1,117,-1,14,0,85,4,4,0,227,2229,2456,45
2020-07-22,47073,47073,155,2,151,2,4,0,94,1,14,0,59,1,2,0,184,3842,4026,-84
2020-07-22,47081,47081,154,4,154,4,0,0,70,-1,3,0,84,5,0,0,193,2362,2555,26
2020-07-22,47069,47069,579,2,554,2,25,0,226,-17,28,0,345,18,8,1,644,7322,7966,21
2020-07-22,47067,47067,39,2,36,1,3,1,34,2,4,0,5,,0,0,44,739,783,20
2020-07-22,47065,47065,4523,99,4514,99,9,0,1714,-8,192,11,2769,107,40,0,5098,44222,49320,254
2020-07-22,47063,47063,743,5,732,6,11,-1,259,-25,46,3,478,30,6,0,820,8218,9038,115
2020-07-22,47061,47061,74,1,72,1,2,0,14,1,13,0,58,,2,0,88,1155,1243,-7
2020-07-22,47059,47059,237,-1,228,-1,9,0,126,-2,16,0,107,1,4,0,277,5633,5910,-55
2020-07-22,47057,47057,92,0,87,0,5,0,41,-3,8,0,51,3,0,0,107,2125,2232,20
2020-07-22,47055,47055,223,10,223,10,0,0,146,0,15,2,73,8,4,2,254,3558,3812,44
2020-07-22,47053,47053,330,3,268,3,62,0,206,-1,14,0,123,4,1,0,366,4659,5025,29
2020-07-22,47051,47051,168,2,166,2,2,0,71,-4,8,0,94,6,3,0,216,4574,4790,34
2020-07-22,47071,47071,238,7,232,7,6,0,146,0,11,0,85,7,7,0,271,4611,4882,65
2020-07-23,47127,47127,35,1,35,1,0,0,16,-2,0,0,19,3,0,0,42,749,791,19
2020-07-23,47129,47129,50,4,50,4,0,0,13,2,2,0,36,2,1,0,59,4281,4340,63
2020-07-23,47131,47131,230,39,224,40,6,-1,123,28,15,0,103,10,4,1,259,3563,3822,183
2020-07-23,,47OOS,2345,77,2342,76,3,1,1501,14,52,7,832,61,12,2,2209,137995,140204,2423
2020-07-23,47139,47139,85,6,82,6,3,0,36,4,2,0,49,2,0,0,95,1474,1569,34
2020-07-23,,47PEN,2721,14,2710,14,11,0,2242,-25,17,4,476,38,3,1,2918,107917,110835,1733
2020-07-23,47135,47135,56,3,56,3,0,0,18,3,3,0,38,,0,0,65,1281,1346,105
2020-07-23,47137,47137,16,3,16,3,0,0,9,3,0,0,6,,1,0,16,552,568,11
2020-07-23,47133,47133,102,2,100,2,2,0,26,0,3,0,75,2,1,0,115,3080,3195,82
2020-07-23,47125,47125,1288,66,1281,66,7,0,818,41,58,2,461,25,9,0,1464,19648,21112,741
2020-07-23,47103,47103,165,13,165,13,0,0,95,11,6,1,69,1,1,1,203,3281,3484,32
2020-07-23,47109,47109,195,17,183,16,12,1,119,12,13,1,75,5,1,0,213,2529,2742,146
2020-07-23,47107,47107,393,9,388,9,5,0,133,-4,32,1,240,12,20,1,479,6443,6922,134
2020-07-23,47119,47119,758,46,756,46,2,0,349,21,32,0,405,25,4,0,898,8408,9306,315
2020-07-23,47117,47117,178,5,178,5,0,0,68,0,12,0,108,5,2,0,208,3266,3474,103
2020-07-23,47115,47115,143,8,142,8,1,0,58,3,13,0,81,5,4,0,175,2603,2778,95
2020-07-23,47113,47113,562,32,540,32,22,0,218,4,27,3,336,23,8,5,638,10401,11039,412
2020-07-23,47111,47111,747,11,745,11,2,0,183,-8,45,1,554,18,10,1,862,4005,4867,119
2020-07-23,47105,47105,484,41,466,41,18,0,183,32,13,0,298,9,3,0,513,5475,5988,254
2020-07-23,47141,47141,1313,38,1307,37,6,1,381,8,37,1,923,29,9,1,1551,14342,15893,476
2020-07-23,47123,47123,225,12,215,12,10,0,79,10,18,1,139,2,7,0,261,3189,3450,138
2020-07-23,47143,47143,410,1,410,1,0,0,104,-4,10,0,305,5,1,0,472,4118,4590,53
2020-07-23,47165,47165,2721,51,2709,50,12,1,1484,-3,262,5,1172,51,65,3,3319,20671,23990,435
2020-07-23,47147,47147,1197,13,1196,13,1,0,500,1,71,3,681,11,16,1,1519,8576,10095,181
2020-07-23,47189,47189,1746,58,1744,58,2,0,829,-9,67,1,897,66,20,1,2103,18781,20884,660
2020-07-23,47187,47187,2717,69,2714,69,3,0,1464,-6,71,1,1232,73,21,2,3192,32712,35904,597
2020-07-23,47185,47185,145,7,144,7,1,0,62,2,9,0,80,5,3,0,174,3673,3847,69
2020-07-23,47183,47183,123,14,118,14,5,0,68,14,4,0,54,,1,0,128,3579,3707,176
2020-07-23,47181,47181,169,10,168,10,1,0,75,8,5,1,94,2,0,0,178,3306,3484,62
2020-07-23,47179,47179,523,21,508,21,15,0,352,20,24,1,171,1,0,0,616,11099,11715,657
2020-07-23,47177,47177,262,14,262,14,0,0,164,6,2,0,95,8,3,0,286,5600,5886,189
2020-07-23,47175,47175,19,4,19,4,0,0,13,4,1,0,6,,0,0,20,646,666,17
2020-07-23,47173,47173,61,2,61,2,0,0,33,1,1,0,28,1,0,0,63,1707,1770,43
2020-07-23,47171,47171,77,2,76,2,1,0,20,1,2,0,57,1,0,0,83,2280,2363,78
2020-07-23,47169,47169,1556,8,1553,8,3,0,88,4,16,0,1462,4,6,0,1612,2952,4564,47
2020-07-23,47167,47167,877,37,866,37,11,0,278,25,41,1,591,12,8,0,975,10541,11516,264
2020-07-23,47101,47101,27,5,27,5,0,0,16,3,2,0,11,2,0,0,30,1437,1467,21
2020-07-23,47163,47163,489,32,441,30,48,2,204,1,36,2,279,31,6,0,515,10822,11337,919
2020-07-23,47161,47161,50,2,50,2,0,0,35,1,3,0,15,1,0,0,60,1199,1259,37
2020-07-23,47159,47159,268,7,261,7,7,0,123,-1,9,0,143,8,2,0,295,2655,2950,117
2020-07-23,47157,47157,17278,312,17245,313,33,-1,4545,-62,1126,21,12473,371,260,3,20857,190009,210866,3577
2020-07-23,47155,47155,1269,95,1216,94,53,1,398,75,43,0,867,20,4,0,1349,13239,14588,576
2020-07-23,47153,47153,69,1,69,1,0,0,25,0,3,0,44,1,0,0,86,2300,2386,44
2020-07-23,47151,47151,39,0,36,0,3,0,15,0,3,0,24,,0,0,38,1662,1700,46
2020-07-23,47149,47149,5016,188,5009,188,7,0,2600,82,156,4,2371,104,45,2,6068,36820,42888,1740
2020-07-23,47145,47145,189,33,173,31,16,2,111,31,11,1,78,2,0,0,210,7740,7950,268
2020-07-23,47099,47099,332,8,332,8,0,0,162,1,19,0,164,7,6,0,407,4662,5069,86
2020-07-23,47121,47121,62,1,62,1,0,0,30,0,4,0,32,1,0,0,76,1333,1409,31
2020-07-23,47097,47097,287,19,282,19,5,0,142,2,22,1,139,16,6,1,322,5381,5703,102
2020-07-23,47041,47041,192,8,192,8,0,0,116,7,7,0,75,1,1,0,216,3257,3473,51
2020-07-23,47039,47039,85,10,57,8,28,2,61,9,3,0,24,1,0,0,89,1622,1711,142
2020-07-23,47037,47037,16956,261,16930,258,26,3,5358,-78,607,11,11419,333,179,6,20587,146020,166607,3093
2020-07-23,47035,47035,287,11,286,11,1,0,90,2,22,1,191,9,6,0,374,9893,10267,218
2020-07-23,47033,47033,130,15,117,15,13,0,79,10,6,1,48,5,3,0,143,1308,1451,53
2020-07-23,47031,47031,233,12,227,11,6,1,98,9,9,0,135,3,0,0,290,6586,6876,155
2020-07-23,47029,47029,251,13,238,13,13,0,118,8,8,0,132,5,1,0,269,3399,3668,155
2020-07-23,47027,47027,41,2,41,2,0,0,14,-4,2,1,27,6,0,0,45,1088,1133,21
2020-07-23,47023,47023,132,6,127,6,5,0,89,6,6,1,43,,0,0,141,1347,1488,67
2020-07-23,47021,47021,397,15,396,15,1,0,222,3,16,0,171,12,4,0,470,5017,5487,187
2020-07-23,47019,47019,250,25,241,24,9,1,184,23,24,0,64,2,2,0,274,5164,5438,423
2020-07-23,47017,47017,107,17,89,14,18,3,64,16,10,0,41,1,2,0,107,2697,2804,151
2020-07-23,47015,47015,87,9,86,9,1,0,42,6,4,0,45,3,0,0,122,1632,1754,78
2020-07-23,47013,47013,115,9,108,9,7,0,50,5,7,0,64,4,1,0,130,4301,4431,111
2020-07-23,47011,47011,1330,46,1311,46,19,0,435,-10,73,1,886,55,9,1,1574,10506,12080,299
2020-07-23,47009,47009,709,46,685,44,24,2,356,21,33,2,346,24,7,1,831,11009,11840,405
2020-07-23,47007,47007,646,3,646,3,0,0,19,3,9,0,626,,1,0,663,4183,4846,17
2020-07-23,47005,47005,37,4,31,4,6,0,22,3,3,0,14,1,1,0,38,1411,1449,78
2020-07-23,47003,47003,711,15,710,15,1,0,148,6,26,0,553,9,10,0,852,5322,6174,149
2020-07-23,47001,47001,374,39,363,39,11,0,171,18,22,0,200,21,3,0,437,11118,11555,444
2020-07-23,47095,47095,703,1,699,1,4,0,12,1,3,0,691,,0,0,871,4058,4929,12
2020-07-23,47043,47043,421,19,421,19,0,0,270,13,25,1,151,6,0,0,540,5920,6460,205
2020-07-23,47045,47045,400,17,384,17,16,0,216,7,31,2,179,10,5,0,440,4293,4733,129
2020-07-23,47025,47025,135,8,130,7,5,1,81,9,4,0,54,-1,0,0,153,3499,3652,127
2020-07-23,47049,47049,48,2,48,2,0,0,23,1,3,1,25,1,0,0,52,1678,1730,43
2020-07-23,47047,47047,510,15,505,15,5,0,204,6,42,0,298,9,8,0,624,8065,8689,227
2020-07-23,47091,47091,54,2,52,2,2,0,16,2,5,0,38,,0,0,59,2911,2970,85
2020-07-23,47089,47089,317,28,306,28,11,0,134,17,17,1,182,11,1,0,347,6173,6520,415
2020-07-23,47087,47087,91,1,91,1,0,0,52,-2,3,0,39,3,0,0,102,1288,1390,42
2020-07-23,47085,47085,63,0,62,0,1,0,39,-3,3,1,21,2,3,1,76,2053,2129,54
2020-07-23,47083,47083,34,3,34,3,0,0,21,1,4,0,13,2,0,0,39,947,986,12
2020-07-23,47081,47081,161,7,161,7,0,0,61,-9,4,1,100,16,0,0,202,2425,2627,72
2020-07-23,47079,47079,88,13,85,13,3,0,36,11,9,0,51,2,1,0,105,3883,3988,154
2020-07-23,47077,47077,252,41,192,37,60,4,182,34,8,0,70,7,0,0,267,2748,3015,232
2020-07-23,47075,47075,224,18,215,18,9,0,125,8,14,0,95,10,4,0,244,2291,2535,79
2020-07-23,47073,47073,162,7,158,7,4,0,99,5,16,2,61,2,2,0,197,4002,4199,173
2020-07-23,47093,47093,2703,125,2616,117,87,8,1436,35,137,5,1246,90,21,0,3066,56400,59466,1768
2020-07-23,47069,47069,614,35,590,36,24,-1,249,23,31,3,356,11,9,1,680,7499,8179,213
2020-07-23,47071,47071,260,22,253,21,7,1,158,12,12,1,95,10,7,0,296,4917,5213,331
2020-07-23,47053,47053,346,16,283,15,63,1,213,7,15,1,132,9,1,0,385,4822,5207,182
2020-07-23,47055,47055,234,11,234,11,0,0,156,10,16,1,74,1,4,0,268,3656,3924,112
2020-07-23,47057,47057,97,5,92,5,5,0,39,-2,8,0,58,7,0,0,114,2183,2297,65
2020-07-23,47059,47059,243,6,234,6,9,0,130,4,16,0,109,2,4,0,288,5862,6150,240
2020-07-23,47051,47051,171,3,169,3,2,0,69,-2,8,0,99,5,3,0,222,4802,5024,234
2020-07-23,47063,47063,793,50,782,50,11,0,286,27,49,3,501,23,6,0,876,8530,9406,368
2020-07-23,47065,47065,4604,81,4595,81,9,0,1696,-18,194,2,2867,98,41,1,5183,45601,50784,1464
2020-07-23,47067,47067,43,4,38,2,5,2,38,4,5,1,5,,0,0,46,773,819,36
2020-07-23,47061,47061,77,3,75,3,2,0,16,2,14,1,59,1,2,0,92,1192,1284,41
2020-07-24,47125,47125,1325,37,1318,37,7,0,837,19,61,3,479,18,9,0,1513,20091,21604,492
2020-07-24,47135,47135,57,1,57,1,0,0,17,-1,3,0,40,2,0,0,67,1305,1372,26
2020-07-24,,47PEN,2714,-7,2701,-9,13,2,2212,-30,19,2,499,23,3,0,2922,109764,112686,1851
2020-07-24,47133,47133,102,0,100,0,2,0,26,0,3,0,75,,1,0,115,3101,3216,21
2020-07-24,,47OOS,2423,78,2419,77,4,1,1538,37,54,2,873,41,12,0,2247,139768,142015,1811
2020-07-24,47131,47131,241,11,234,10,7,1,132,9,16,1,105,2,4,0,268,3659,3927,105
2020-07-24,47137,47137,16,0,16,0,0,0,9,0,0,0,6,,1,0,16,552,568,0
2020-07-24,47129,47129,50,0,50,0,0,0,13,0,2,0,36,,1,0,60,4310,4370,30
2020-07-24,47127,47127,35,0,35,0,0,0,16,0,0,0,19,,0,0,42,756,798,7
2020-07-24,47123,47123,239,14,229,14,10,0,92,13,20,2,140,1,7,0,273,3274,3547,97
2020-07-24,47115,47115,148,5,147,5,1,0,62,4,14,1,82,1,4,0,181,2630,2811,33
2020-07-24,47109,47109,206,11,194,11,12,0,122,3,17,4,82,7,2,1,223,2584,2807,65
2020-07-24,47107,47107,402,9,397,9,5,0,133,0,32,0,249,9,20,0,489,6692,7181,259
2020-07-24,47119,47119,792,34,790,34,2,0,373,24,32,0,415,10,4,0,941,8876,9817,511
2020-07-24,47117,47117,188,10,188,10,0,0,77,9,12,0,109,1,2,0,220,3344,3564,90
2020-07-24,47113,47113,577,15,558,18,19,-3,222,4,29,2,346,10,9,1,656,10596,11252,213
2020-07-24,47111,47111,753,6,750,5,3,1,180,-3,46,1,562,8,11,1,870,4040,4910,43
2020-07-24,47105,47105,493,9,475,9,18,0,190,7,13,0,300,2,3,0,525,5577,6102,114
2020-07-24,47103,47103,170,5,170,5,0,0,93,-2,6,0,76,7,1,0,209,3329,3538,54
2020-07-24,47101,47101,25,-2,25,-2,0,0,14,-2,2,0,11,,0,0,28,1480,1508,41
2020-07-24,47139,47139,89,4,86,4,3,0,39,3,4,2,50,1,0,0,97,1504,1601,32
2020-07-24,47121,47121,62,0,62,0,0,0,29,-1,4,0,33,1,0,0,76,1356,1432,23
2020-07-24,47141,47141,1336,23,1330,23,6,0,399,18,38,1,928,5,9,0,1579,14551,16130,237
2020-07-24,47099,47099,342,10,342,10,0,0,164,2,19,0,172,8,6,0,423,4760,5183,114
2020-07-24,47145,47145,196,7,181,8,15,-1,112,1,13,2,84,6,0,0,224,7869,8093,143
2020-07-24,47187,47187,2788,71,2785,71,3,0,1488,24,73,2,1279,47,21,0,3283,33624,36907,1003
2020-07-24,47185,47185,150,5,148,4,2,1,66,4,10,1,81,1,3,0,182,3760,3942,95
2020-07-24,47183,47183,128,5,122,4,6,1,70,2,5,1,57,3,1,0,133,3684,3817,110
2020-07-24,47181,47181,174,5,173,5,1,0,72,-3,5,0,101,7,1,1,184,3326,3510,26
2020-07-24,47179,47179,577,54,558,50,19,4,396,44,32,8,181,10,0,0,673,11370,12043,328
2020-07-24,47177,47177,267,5,265,3,2,2,168,4,3,1,96,1,3,0,292,5660,5952,66
2020-07-24,47175,47175,20,1,20,1,0,0,14,1,1,0,6,,0,0,21,652,673,7
2020-07-24,47173,47173,73,12,73,12,0,0,45,12,1,0,28,,0,0,76,1789,1865,95
2020-07-24,47171,47171,84,7,83,7,1,0,27,7,2,0,57,,0,0,90,2293,2383,20
2020-07-24,47169,47169,1560,4,1557,4,3,0,92,4,16,0,1462,,6,0,1618,2982,4600,36
2020-07-24,47167,47167,899,22,888,22,11,0,287,9,42,1,604,13,8,0,1002,10686,11688,172
2020-07-24,47165,47165,2790,69,2778,69,12,0,1515,31,263,1,1208,36,67,2,3403,21146,24549,559
2020-07-24,47163,47163,526,37,476,35,50,2,214,10,38,2,306,27,6,0,554,11149,11703,366
2020-07-24,47161,47161,54,4,54,4,0,0,35,0,3,0,19,4,0,0,64,1225,1289,30
2020-07-24,47159,47159,274,6,267,6,7,0,126,3,9,0,146,3,2,0,300,2669,2969,19
2020-07-24,47157,47157,17693,415,17656,411,37,4,4672,127,1144,18,12758,285,263,3,21381,193224,214605,3739
2020-07-24,47155,47155,1302,33,1248,32,54,1,417,19,43,0,881,14,4,0,1387,13482,14869,281
2020-07-24,47153,47153,71,2,71,2,0,0,27,2,4,1,44,,0,0,89,2374,2463,77
2020-07-24,47151,47151,43,4,40,4,3,0,19,4,3,0,24,,0,0,43,1717,1760,60
2020-07-24,47149,47149,5127,111,5120,111,7,0,2642,42,157,1,2440,69,45,0,6201,37768,43969,1081
2020-07-24,47147,47147,1225,28,1224,28,1,0,517,17,75,4,692,11,16,0,1555,8756,10311,216
2020-07-24,47143,47143,418,8,418,8,0,0,109,5,10,0,308,3,1,0,481,4234,4715,125
2020-07-24,47189,47189,1777,31,1775,31,2,0,833,4,67,0,924,27,20,0,2145,19141,21286,402
2020-07-24,47097,47097,302,15,297,15,5,0,148,6,22,0,148,9,6,0,339,5424,5763,60
2020-07-24,47093,47093,2844,141,2756,140,88,1,1544,108,140,3,1279,33,21,0,3231,58078,61309,1843
2020-07-24,47041,47041,195,3,195,3,0,0,117,1,9,2,77,2,1,0,219,3322,3541,68
2020-07-24,47039,47039,88,3,60,3,28,0,61,0,3,0,27,3,0,0,92,1661,1753,42
2020-07-24,47037,47037,17180,224,17154,224,26,0,5333,-25,613,6,11668,249,179,0,20904,149493,170397,3790
2020-07-24,47035,47035,287,0,286,0,1,0,90,0,23,1,191,,6,0,377,10072,10449,182
2020-07-24,47033,47033,138,8,124,7,14,1,86,7,6,0,49,1,3,0,152,1329,1481,30
2020-07-24,47031,47031,234,1,228,1,6,0,95,-3,9,0,139,4,0,0,296,6666,6962,86
2020-07-24,47029,47029,258,7,245,7,13,0,117,-1,8,0,140,8,1,0,277,3438,3715,47
2020-07-24,47027,47027,41,0,41,0,0,0,14,0,2,0,27,,0,0,45,1104,1149,16
2020-07-24,47025,47025,143,8,138,8,5,0,85,4,4,0,58,4,0,0,162,3627,3789,137
2020-07-24,47023,47023,133,1,128,1,5,0,88,-1,6,0,45,2,0,0,142,1368,1510,22
2020-07-24,47021,47021,412,15,411,15,1,0,230,8,16,0,178,7,4,0,489,5203,5692,205
2020-07-24,47019,47019,266,16,256,15,10,1,199,15,27,3,64,,3,1,293,5424,5717,279
2020-07-24,47017,47017,109,2,91,2,18,0,65,1,10,0,42,1,2,0,108,2750,2858,54
2020-07-24,47015,47015,87,0,86,0,1,0,42,0,5,1,45,,0,0,121,1656,1777,23
2020-07-24,47013,47013,122,7,114,6,8,1,54,4,8,1,67,3,1,0,137,4374,4511,80
2020-07-24,47011,47011,1359,29,1340,29,19,0,440,5,75,2,910,24,9,0,1610,10723,12333,253
2020-07-24,47009,47009,728,19,704,19,24,0,357,1,35,2,364,18,7,0,854,11335,12189,349
2020-07-24,47007,47007,646,0,646,0,0,0,18,-1,9,0,627,1,1,0,663,4200,4863,17
2020-07-24,47005,47005,38,1,31,0,7,1,23,1,3,0,14,,1,0,39,1419,1458,9
2020-07-24,47003,47003,723,12,722,12,1,0,154,6,26,0,559,6,10,0,866,5419,6285,111
2020-07-24,47001,47001,389,15,378,15,11,0,170,-1,22,0,216,16,3,0,460,11347,11807,252
2020-07-24,47043,47043,447,26,447,26,0,0,293,23,26,1,154,3,0,0,574,6183,6757,297
2020-07-24,47045,47045,416,16,400,16,16,0,227,11,32,1,184,5,5,0,459,4407,4866,133
2020-07-24,47095,47095,704,1,700,1,4,0,11,-1,3,0,693,2,0,0,872,4069,4941,12
2020-07-24,47049,47049,48,0,48,0,0,0,23,0,3,0,25,,0,0,52,1717,1769,39
2020-07-24,47047,47047,512,2,507,2,5,0,206,2,43,1,298,,8,0,627,8181,8808,119
2020-07-24,47091,47091,57,3,55,3,2,0,18,2,5,0,39,1,0,0,62,2935,2997,27
2020-07-24,47089,47089,330,13,319,13,11,0,144,10,18,1,185,3,1,0,364,6274,6638,118
2020-07-24,47087,47087,93,2,93,2,0,0,53,1,4,1,40,1,0,0,104,1300,1404,14
2020-07-24,47085,47085,67,4,66,4,1,0,41,2,3,0,23,2,3,0,79,2124,2203,74
2020-07-24,47083,47083,36,2,36,2,0,0,23,2,4,0,13,,0,0,41,986,1027,41
2020-07-24,47079,47079,91,3,88,3,3,0,38,2,9,0,52,1,1,0,110,3927,4037,49
2020-07-24,47077,47077,273,21,209,17,64,4,195,13,8,0,78,8,0,0,290,2857,3147,132
2020-07-24,47075,47075,229,5,220,5,9,0,130,5,14,0,95,,4,0,249,2334,2583,48
2020-07-24,47073,47073,175,13,171,13,4,0,112,13,17,1,61,,2,0,213,4122,4335,136
2020-07-24,47081,47081,164,3,164,3,0,0,62,1,4,0,102,2,0,0,206,2468,2674,47
2020-07-24,47069,47069,638,24,613,23,25,1,261,12,32,1,367,11,10,1,704,7526,8230,51
2020-07-24,47067,47067,52,9,48,10,4,-1,47,9,6,1,5,,0,0,56,798,854,35
2020-07-24,47065,47065,4720,116,4712,117,8,-1,1695,-1,202,8,2984,117,41,0,5284,46568,51852,1068
2020-07-24,47063,47063,827,34,814,32,13,2,308,22,50,1,513,12,6,0,914,8672,9586,180
2020-07-24,47051,47051,180,9,178,9,2,0,76,7,9,1,101,2,3,0,231,4946,5177,153
2020-07-24,47061,47061,78,1,76,1,2,0,14,-2,14,0,62,3,2,0,93,1222,1315,31
2020-07-24,47059,47059,248,5,237,3,11,2,130,0,18,2,113,4,5,1,293,6020,6313,163
2020-07-24,47057,47057,98,1,93,1,5,0,38,-1,8,0,60,2,0,0,115,2234,2349,52
2020-07-24,47055,47055,242,8,242,8,0,0,153,-3,15,-1,84,10,5,1,276,3743,4019,95
2020-07-24,47053,47053,360,14,294,11,66,3,216,3,15,0,143,11,1,0,402,4900,5302,95
2020-07-24,47071,47071,270,10,258,5,12,5,161,3,12,0,102,7,7,0,307,5009,5316,103
2020-07-25,47127,47127,35,0,35,0,0,0,16,0,0,0,19,,0,0,45,765,810,12
2020-07-25,47129,47129,51,1,51,1,0,0,14,1,2,0,36,,1,0,60,4325,4385,15
2020-07-25,47131,47131,245,4,238,4,7,0,137,5,16,0,104,-1,4,0,270,3673,3943,16
2020-07-25,47137,47137,17,1,17,1,0,0,10,1,0,0,6,,1,0,16,561,577,9
2020-07-25,47133,47133,106,4,104,4,2,0,30,4,4,1,75,,1,0,119,3178,3297,81
2020-07-25,,47PEN,2704,-10,2690,-11,14,1,2173,-39,19,0,527,28,4,1,2794,109795,112589,-97
2020-07-25,47135,47135,58,1,58,1,0,0,18,1,3,0,40,,0,0,68,1315,1383,11
2020-07-25,47125,47125,1350,25,1343,25,7,0,842,5,62,1,499,20,9,0,1526,20153,21679,75
2020-07-25,,47OOS,2365,-58,2361,-58,4,0,1481,-57,51,-3,873,,11,-1,2133,140652,142785,770
2020-07-25,47123,47123,252,13,242,13,10,0,101,9,20,0,144,4,7,0,277,3363,3640,93
2020-07-25,47101,47101,29,4,29,4,0,0,17,3,3,1,11,,1,1,28,1585,1613,105
2020-07-25,47109,47109,216,10,204,10,12,0,129,7,17,0,85,3,2,0,228,2620,2848,41
2020-07-25,47107,47107,413,11,408,11,5,0,144,11,33,1,249,,20,0,492,6819,7311,130
2020-07-25,47119,47119,821,29,819,29,2,0,395,22,33,1,422,7,4,0,949,8921,9870,53
2020-07-25,47117,47117,193,5,193,5,0,0,81,4,12,0,110,1,2,0,220,3443,3663,99
2020-07-25,47115,47115,153,5,152,5,1,0,66,4,14,0,83,1,4,0,185,2637,2822,11
2020-07-25,47113,47113,585,8,563,5,22,3,222,0,31,2,353,7,10,1,656,10633,11289,37
2020-07-25,47111,47111,761,8,757,7,4,1,183,3,48,2,567,5,11,0,877,4061,4938,28
2020-07-25,47105,47105,503,10,485,10,18,0,195,5,14,1,305,5,3,0,529,5607,6136,34
2020-07-25,47103,47103,181,11,181,11,0,0,101,8,6,0,79,3,1,0,214,3398,3612,74
2020-07-25,47139,47139,93,4,90,4,3,0,43,4,4,0,50,,0,0,98,1507,1605,4
2020-07-25,47121,47121,66,4,66,4,0,0,33,4,4,0,33,,0,0,78,1364,1442,10
2020-07-25,47141,47141,1349,13,1343,13,6,0,404,5,39,1,934,6,11,2,1587,14591,16178,48
2020-07-25,47163,47163,539,13,490,14,49,-1,217,3,40,2,316,10,6,0,555,11227,11782,79
2020-07-25,47145,47145,208,12,193,12,15,0,115,3,14,1,92,8,1,1,231,7909,8140,47
2020-07-25,47099,47099,353,11,353,11,0,0,172,8,19,0,175,3,6,0,427,4793,5220,37
2020-07-25,47187,47187,2812,24,2809,24,3,0,1474,-14,76,3,1317,38,21,0,3299,33743,37042,135
2020-07-25,47185,47185,152,2,150,2,2,0,66,0,12,2,83,2,3,0,182,3772,3954,12
2020-07-25,47183,47183,133,5,126,4,7,1,74,4,5,0,58,1,1,0,135,3727,3862,45
2020-07-25,47181,47181,178,4,177,4,1,0,76,4,5,0,101,,1,0,184,3338,3522,12
2020-07-25,47179,47179,626,49,605,47,21,2,442,46,35,3,184,3,0,0,679,11568,12247,204
2020-07-25,47177,47177,282,15,280,15,2,0,177,9,4,1,102,6,3,0,297,5738,6035,83
2020-07-25,47175,47175,21,1,21,1,0,0,15,1,1,0,6,,0,0,21,654,675,2
2020-07-25,47173,47173,76,3,76,3,0,0,48,3,1,0,28,,0,0,75,1829,1904,39
2020-07-25,47171,47171,92,8,91,8,1,0,35,8,2,0,57,,0,0,90,2442,2532,149
2020-07-25,47169,47169,1559,-1,1556,-1,3,0,89,-3,16,0,1464,2,6,0,1617,3007,4624,24
2020-07-25,47167,47167,912,13,901,13,11,0,294,7,46,4,610,6,8,0,1005,10740,11745,57
2020-07-25,47165,47165,2833,43,2821,43,12,0,1528,13,265,2,1238,30,67,0,3423,21317,24740,191
2020-07-25,47161,47161,54,0,54,0,0,0,34,-1,3,0,20,1,0,0,64,1228,1292,3
2020-07-25,47159,47159,278,4,271,4,7,0,129,3,9,0,147,1,2,0,300,2686,2986,17
2020-07-25,47157,47157,17944,251,17907,251,37,0,4752,80,1156,12,12927,169,265,2,21474,194400,215874,1269
2020-07-25,47155,47155,1330,28,1276,28,54,0,435,18,43,0,891,10,4,0,1396,13513,14909,40
2020-07-25,47153,47153,72,1,72,1,0,0,27,0,4,0,45,1,0,0,88,2380,2468,5
2020-07-25,47151,47151,46,3,43,3,3,0,21,2,3,0,25,1,0,0,44,1725,1769,9
2020-07-25,47149,47149,5202,75,5195,75,7,0,2671,29,161,4,2484,44,47,2,6228,38021,44249,280
2020-07-25,47147,47147,1236,11,1235,11,1,0,508,-9,75,0,712,20,16,0,1566,8781,10347,36
2020-07-25,47143,47143,434,16,434,16,0,0,125,16,10,0,308,,1,0,483,4290,4773,58
2020-07-25,47189,47189,1790,13,1788,13,2,0,825,-8,68,1,945,21,20,0,2157,19414,21571,285
2020-07-25,47097,47097,313,11,307,10,6,1,158,10,22,0,149,1,6,0,338,5440,5778,15
2020-07-25,47093,47093,2959,115,2870,114,89,1,1641,97,144,4,1295,16,23,2,3261,58811,62072,763
2020-07-25,47041,47041,198,3,198,3,0,0,120,3,10,1,77,,1,0,221,3384,3605,64
2020-07-25,47039,47039,89,1,60,0,29,1,62,1,3,0,27,,0,0,92,1674,1766,13
2020-07-25,47037,47037,17493,313,17467,313,26,0,5457,124,624,11,11850,182,186,7,21050,150828,171878,1481
2020-07-25,47035,47035,290,3,289,3,1,0,93,3,23,0,191,,6,0,374,10172,10546,97
2020-07-25,47033,47033,141,3,127,3,14,0,87,1,6,0,51,2,3,0,153,1337,1490,9
2020-07-25,47031,47031,261,27,254,26,7,1,121,26,9,0,140,1,0,0,299,6772,7071,109
2020-07-25,47029,47029,265,7,252,7,13,0,120,3,8,0,144,4,1,0,281,3473,3754,39
2020-07-25,47027,47027,41,0,41,0,0,0,14,0,2,0,27,,0,0,45,1134,1179,30
2020-07-25,47025,47025,152,9,146,8,6,1,91,6,4,0,61,3,0,0,164,3654,3818,29
2020-07-25,47021,47021,418,6,417,6,1,0,231,1,17,1,183,5,4,0,492,5232,5724,32
2020-07-25,47019,47019,274,8,264,8,10,0,202,3,28,1,69,5,3,0,294,5582,5876,159
2020-07-25,47017,47017,121,12,99,8,22,4,75,10,10,0,44,2,2,0,108,2770,2878,20
2020-07-25,47015,47015,88,1,87,1,1,0,42,0,5,0,46,1,0,0,124,1739,1863,86
2020-07-25,47013,47013,132,10,123,9,9,1,63,9,8,0,68,1,1,0,141,4422,4563,52
2020-07-25,47011,47011,1390,31,1371,31,19,0,461,21,77,2,920,10,9,0,1616,10762,12378,45
2020-07-25,47009,47009,756,28,731,27,25,1,373,16,36,1,376,12,7,0,869,11444,12313,124
2020-07-25,47007,47007,647,1,647,1,0,0,18,0,9,0,628,1,1,0,661,4206,4867,4
2020-07-25,47005,47005,44,6,37,6,7,0,27,4,3,0,16,2,1,0,40,1424,1464,6
2020-07-25,47003,47003,741,18,739,17,2,1,170,16,27,1,561,2,10,0,872,5451,6323,38
2020-07-25,47001,47001,396,7,385,7,11,0,165,-5,22,0,227,11,4,1,463,11417,11880,73
2020-07-25,47095,47095,706,2,702,2,4,0,13,2,3,0,693,,0,0,873,4078,4951,10
2020-07-25,47043,47043,471,24,471,24,0,0,316,23,26,0,155,1,0,0,580,6203,6783,26
2020-07-25,47045,47045,424,8,408,8,16,0,233,6,33,1,186,2,5,0,461,4454,4915,49
2020-07-25,47023,47023,136,3,130,2,6,1,89,1,7,1,47,2,0,0,145,1370,1515,5
2020-07-25,47049,47049,49,1,49,1,0,0,24,1,4,1,25,,0,0,54,1723,1777,8
2020-07-25,47047,47047,519,7,514,7,5,0,208,2,43,0,303,5,8,0,630,8284,8914,106
2020-07-25,47089,47089,344,14,329,10,15,4,156,12,18,0,186,1,2,1,368,6310,6678,40
2020-07-25,47087,47087,93,0,93,0,0,0,54,1,4,0,39,-1,0,0,104,1310,1414,10
2020-07-25,47085,47085,71,4,70,4,1,0,45,4,3,0,23,,3,0,80,2181,2261,58
2020-07-25,47083,47083,39,3,39,3,0,0,26,3,4,0,13,,0,0,41,984,1025,-2
2020-07-25,47081,47081,167,3,167,3,0,0,62,0,4,0,105,3,0,0,206,2474,2680,6
2020-07-25,47079,47079,95,4,92,4,3,0,40,2,11,2,54,2,1,0,110,3958,4068,31
2020-07-25,47077,47077,286,13,220,11,66,2,192,-3,9,1,94,16,0,0,294,2876,3170,23
2020-07-25,47075,47075,236,7,227,7,9,0,133,3,14,0,99,4,4,0,251,2339,2590,7
2020-07-25,47073,47073,187,12,183,12,4,0,123,11,17,0,62,1,2,0,215,4135,4350,15
2020-07-25,47071,47071,282,12,266,8,16,4,166,5,12,0,109,7,7,0,309,5068,5377,61
2020-07-25,47091,47091,59,2,57,2,2,0,20,2,6,1,39,,0,0,62,2949,3011,14
2020-07-25,47067,47067,56,4,52,4,4,0,50,3,6,0,6,1,0,0,59,806,865,11
2020-07-25,47065,47065,4900,180,4892,180,8,0,1846,151,204,2,3011,27,43,2,5323,47285,52608,756
2020-07-25,47063,47063,852,25,838,24,14,1,320,12,50,0,523,10,9,3,921,8774,9695,109
2020-07-25,47061,47061,78,0,76,0,2,0,14,0,14,0,62,,2,0,93,1226,1319,4
2020-07-25,47059,47059,261,13,250,13,11,0,142,12,18,0,114,1,5,0,303,6063,6366,53
2020-07-25,47057,47057,98,0,93,0,5,0,36,-2,8,0,62,2,0,0,116,2247,2363,14
2020-07-25,47055,47055,256,14,256,14,0,0,166,13,15,0,85,1,5,0,281,3792,4073,54
2020-07-25,47053,47053,379,19,305,11,74,8,231,15,15,0,147,4,1,0,401,5009,5410,108
2020-07-25,47051,47051,188,8,186,8,2,0,83,7,11,2,102,1,3,0,240,4994,5234,57
2020-07-25,47069,47069,647,9,621,8,26,1,261,0,32,0,375,8,11,1,709,7544,8253,23
2020-07-26,47141,47141,1361,12,1355,12,6,0,409,5,40,1,941,7,11,0,1610,14763,16373,195
2020-07-26,47129,47129,55,4,55,4,0,0,18,4,2,0,36,,1,0,66,4373,4439,54
2020-07-26,47131,47131,276,31,269,31,7,0,167,30,17,1,105,1,4,0,305,3782,4087,144
2020-07-26,,47OOS,2625,260,2622,261,3,-1,1669,188,52,1,944,71,12,1,2587,146612,149199,6414
2020-07-26,47139,47139,105,12,102,12,3,0,54,11,4,0,51,1,0,0,113,1565,1678,73
2020-07-26,,47PEN,2847,143,2832,142,15,1,2295,122,22,3,549,22,3,-1,3090,113250,116340,3751
2020-07-26,47135,47135,60,2,60,2,0,0,20,2,3,0,40,,0,0,70,1366,1436,53
2020-07-26,47137,47137,18,1,18,1,0,0,11,1,0,0,6,,1,0,18,574,592,15
2020-07-26,47127,47127,36,1,36,1,0,0,17,1,0,0,19,,0,0,47,790,837,27
2020-07-26,47133,47133,107,1,105,1,2,0,31,1,4,0,75,,1,0,124,3229,3353,56
2020-07-26,47125,47125,1439,89,1432,89,7,0,913,71,62,0,517,18,9,0,1659,21187,22846,1167
2020-07-26,47119,47119,881,60,879,60,2,0,450,55,33,0,427,5,4,0,1045,9707,10752,882
2020-07-26,47121,47121,76,10,76,10,0,0,42,9,4,0,34,1,0,0,93,1460,1553,111
2020-07-26,47109,47109,235,19,218,14,17,5,143,14,18,1,90,5,2,0,259,2720,2979,131
2020-07-26,47107,47107,423,10,418,10,5,0,144,0,33,0,259,10,20,0,519,7123,7642,331
2020-07-26,47117,47117,209,16,209,16,0,0,93,12,12,0,114,4,2,0,244,3672,3916,253
2020-07-26,47115,47115,172,19,171,19,1,0,81,15,15,1,87,4,4,0,216,2820,3036,214
2020-07-26,47113,47113,611,26,589,26,22,0,239,17,31,0,362,9,10,0,698,11114,11812,523
2020-07-26,47111,47111,762,1,758,1,4,0,182,-1,49,1,569,2,11,0,883,4104,4987,49
2020-07-26,47105,47105,515,12,497,12,18,0,204,9,14,0,308,3,3,0,557,5757,6314,178
2020-07-26,47103,47103,186,5,186,5,0,0,103,2,6,0,82,3,1,0,232,3478,3710,98
2020-07-26,47123,47123,257,5,247,5,10,0,105,4,20,0,145,1,7,0,291,3560,3851,211
2020-07-26,47143,47143,444,10,444,10,0,0,132,7,10,0,311,3,1,0,514,4588,5102,329
2020-07-26,47101,47101,33,4,33,4,0,0,21,4,4,1,11,,1,0,36,1724,1760,147
2020-07-26,47147,47147,1278,42,1277,42,1,0,545,37,75,0,717,5,16,0,1623,9092,10715,368
2020-07-26,47189,47189,1840,50,1838,50,2,0,858,33,68,0,962,17,20,0,2229,19969,22198,627
2020-07-26,47187,47187,2896,84,2893,84,3,0,1508,34,76,0,1367,50,21,0,3431,35032,38463,1421
2020-07-26,47185,47185,157,5,155,5,2,0,70,4,12,0,84,1,3,0,191,3820,4011,57
2020-07-26,47183,47183,149,16,141,15,8,1,90,16,6,1,58,,1,0,155,3873,4028,166
2020-07-26,47181,47181,183,5,182,5,1,0,78,2,5,0,104,3,1,0,195,3468,3663,141
2020-07-26,47179,47179,694,68,671,66,23,2,509,67,35,0,185,1,0,0,799,12275,13074,827
2020-07-26,47177,47177,293,11,286,6,7,5,175,-2,4,0,115,13,3,0,321,5877,6198,163
2020-07-26,47175,47175,22,1,22,1,0,0,16,1,1,0,6,,0,0,23,663,686,11
2020-07-26,47173,47173,77,1,77,1,0,0,48,0,1,0,29,1,0,0,81,1873,1954,50
2020-07-26,47171,47171,98,6,97,6,1,0,41,6,2,0,57,,0,0,104,2615,2719,187
2020-07-26,47169,47169,1559,0,1556,0,3,0,90,1,16,0,1463,-1,6,0,1618,3048,4666,42
2020-07-26,47167,47167,931,19,920,19,11,0,308,14,46,0,615,5,8,0,1040,11009,12049,304
2020-07-26,47165,47165,2889,56,2877,56,12,0,1560,32,265,0,1262,24,67,0,3527,22096,25623,883
2020-07-26,47163,47163,585,46,534,44,51,2,252,35,43,3,327,11,6,0,615,11703,12318,536
2020-07-26,47161,47161,58,4,58,4,0,0,36,2,3,0,22,2,0,0,68,1270,1338,46
2020-07-26,47159,47159,285,7,282,11,3,-4,140,11,9,0,143,-4,2,0,315,2739,3054,68
2020-07-26,47157,47157,18331,387,18294,387,37,0,4953,201,1169,13,13111,184,267,2,22209,199403,221612,5738
2020-07-26,47155,47155,1357,27,1303,27,54,0,451,16,44,1,902,11,4,0,1452,13771,15223,314
2020-07-26,47153,47153,79,7,79,7,0,0,33,6,4,0,46,1,0,0,100,2579,2679,211
2020-07-26,47151,47151,50,4,47,4,3,0,25,4,3,0,25,,0,0,50,1763,1813,44
2020-07-26,47149,47149,5389,187,5382,187,7,0,2812,141,162,1,2530,46,47,0,6530,39682,46212,1963
2020-07-26,47145,47145,230,22,213,20,17,2,135,20,14,0,94,2,1,0,270,8162,8432,292
2020-07-26,47099,47099,375,22,375,22,0,0,185,13,19,0,184,9,6,0,461,5013,5474,254
2020-07-26,47097,47097,327,14,321,14,6,0,170,12,23,1,151,2,6,0,367,5547,5914,136
2020-07-26,47095,47095,710,4,705,3,5,1,17,4,3,0,693,,0,0,878,4112,4990,39
2020-07-26,47043,47043,491,20,491,20,0,0,333,17,26,0,158,3,0,0,627,6477,7104,321
2020-07-26,47041,47041,204,6,203,5,1,1,123,3,10,0,80,3,1,0,228,3433,3661,56
2020-07-26,47039,47039,94,5,65,5,29,0,66,4,3,0,28,1,0,0,99,1756,1855,89
2020-07-26,47037,47037,17836,343,17808,341,28,2,5632,175,626,2,12018,168,186,0,21835,156280,178115,6237
2020-07-26,47035,47035,300,10,299,10,1,0,103,10,23,0,191,,6,0,388,10284,10672,126
2020-07-26,47033,47033,150,9,136,9,14,0,88,1,7,1,59,8,3,0,166,1401,1567,77
2020-07-26,47031,47031,291,30,284,30,7,0,148,27,9,0,143,3,0,0,361,7144,7505,434
2020-07-26,47029,47029,289,24,276,24,13,0,143,23,8,0,145,1,1,0,313,3602,3915,161
2020-07-26,47027,47027,41,0,41,0,0,0,14,0,2,0,27,,0,0,45,1145,1190,11
2020-07-26,47025,47025,157,5,151,5,6,0,96,5,4,0,61,,0,0,176,3926,4102,284
2020-07-26,47023,47023,146,10,137,7,9,3,95,6,7,0,51,4,0,0,159,1434,1593,78
2020-07-26,47021,47021,446,28,445,28,1,0,252,21,17,0,190,7,4,0,533,5466,5999,275
2020-07-26,47019,47019,301,27,290,26,11,1,228,26,28,0,70,1,3,0,329,5857,6186,310
2020-07-26,47017,47017,128,7,106,7,22,0,82,7,11,1,44,,2,0,127,2894,3021,143
2020-07-26,47015,47015,90,2,89,2,1,0,41,-1,5,0,49,3,0,0,128,1765,1893,30
2020-07-26,47013,47013,144,12,135,12,9,0,75,12,8,0,68,,1,0,162,4613,4775,212
2020-07-26,47011,47011,1449,59,1430,59,19,0,497,36,78,1,943,23,9,0,1736,11298,13034,656
2020-07-26,47009,47009,784,28,757,26,27,2,394,21,36,0,383,7,7,0,909,11774,12683,370
2020-07-26,47007,47007,648,1,648,1,0,0,19,1,9,0,628,,1,0,665,4268,4933,66
2020-07-26,47005,47005,47,3,40,3,7,0,29,2,3,0,17,1,1,0,49,1482,1531,67
2020-07-26,47003,47003,763,22,761,22,2,0,191,21,27,0,562,1,10,0,913,5697,6610,287
2020-07-26,47045,47045,436,12,420,12,16,0,244,11,33,0,187,1,5,0,488,4601,5089,174
2020-07-26,47047,47047,525,6,519,5,6,1,210,2,43,0,307,4,8,0,644,8435,9079,165
2020-07-26,47001,47001,430,34,418,33,12,1,194,29,22,0,232,5,4,0,506,11721,12227,347
2020-07-26,47051,47051,203,15,201,15,2,0,92,9,12,1,108,6,3,0,268,5293,5561,327
2020-07-26,47049,47049,50,1,50,1,0,0,25,1,4,0,25,,0,0,55,1748,1803,26
2020-07-26,47093,47093,3100,141,3004,134,96,7,1745,104,146,2,1332,37,23,0,3520,60883,64403,2331
2020-07-26,47091,47091,63,4,60,3,3,1,24,4,6,0,39,,0,0,67,2989,3056,45
2020-07-26,47089,47089,363,19,348,19,15,0,173,17,18,0,188,2,2,0,396,6606,7002,324
2020-07-26,47087,47087,97,4,97,4,0,0,57,3,4,0,40,1,0,0,107,1319,1426,12
2020-07-26,47085,47085,73,2,72,2,1,0,47,2,3,0,23,,3,0,89,2319,2408,147
2020-07-26,47081,47081,173,6,173,6,0,0,68,6,4,0,105,,0,0,217,2620,2837,157
2020-07-26,47079,47079,106,11,103,11,3,0,48,8,12,1,57,3,1,0,128,4150,4278,210
2020-07-26,47077,47077,313,27,244,24,69,3,210,18,9,0,103,9,0,0,331,3003,3334,164
2020-07-26,47075,47075,260,24,247,20,13,4,153,20,17,3,103,4,4,0,275,2518,2793,203
2020-07-26,47083,47083,41,2,41,2,0,0,28,2,4,0,13,,0,0,45,1035,1080,55
2020-07-26,47071,47071,299,17,277,11,22,6,174,8,12,0,118,9,7,0,340,5255,5595,218
2020-07-26,47069,47069,670,23,642,21,28,2,280,19,32,0,379,4,11,0,743,7660,8403,150
2020-07-26,47067,47067,64,8,60,8,4,0,58,8,6,0,6,,0,0,72,901,973,108
2020-07-26,47065,47065,5055,155,5047,155,8,0,1968,122,204,0,3044,33,43,0,5707,50111,55818,3210
2020-07-26,47053,47053,409,30,335,30,74,0,258,27,16,1,150,3,1,0,453,5198,5651,241
2020-07-26,47063,47063,883,31,870,32,13,-1,342,22,52,2,531,8,10,1,982,9032,10014,319
2020-07-26,47061,47061,85,7,83,7,2,0,21,7,14,0,62,,2,0,100,1268,1368,49
2020-07-26,47059,47059,284,23,273,23,11,0,165,23,18,0,114,,5,0,340,6381,6721,355
2020-07-26,47057,47057,101,3,96,3,5,0,37,1,8,0,64,2,0,0,119,2309,2428,65
2020-07-26,47055,47055,268,12,268,12,0,0,175,9,16,1,88,3,5,0,314,4025,4339,266
2020-07-26,47073,47073,211,24,207,24,4,0,146,23,19,2,63,1,2,0,253,4276,4529,179
2020-07-27,47127,47127,37,1,37,1,0,0,15,-2,0,0,22,3,0,0,49,804,853,16
2020-07-27,47129,47129,59,4,59,4,0,0,21,3,2,0,37,1,1,0,70,4451,4521,82
2020-07-27,47131,47131,294,18,287,18,7,0,181,14,17,0,109,4,4,0,324,3906,4230,143
2020-07-27,47137,47137,19,1,19,1,0,0,11,0,0,0,7,1,1,0,19,584,603,11
2020-07-27,47133,47133,111,4,109,4,2,0,30,-1,4,0,80,5,1,0,129,3309,3438,85
2020-07-27,,47PEN,2907,60,2890,58,17,2,2258,-37,22,0,646,97,3,0,3191,115116,118307,1967
2020-07-27,47135,47135,60,0,60,0,0,0,18,-2,3,0,42,2,0,0,71,1382,1453,17
2020-07-27,47125,47125,1455,16,1448,16,7,0,900,-13,62,0,546,29,9,0,1684,21363,23047,201
2020-07-27,,47OOS,2631,6,2626,4,5,2,1601,-68,53,1,1017,73,13,1,2636,148251,150887,1688
2020-07-27,47123,47123,271,14,261,14,10,0,113,8,20,0,151,6,7,0,306,3709,4015,164
2020-07-27,47101,47101,34,1,34,1,0,0,22,1,4,0,11,,1,0,37,1758,1795,35
2020-07-27,47109,47109,247,12,228,10,19,2,145,2,18,0,100,10,2,0,272,2818,3090,111
2020-07-27,47107,47107,430,7,425,7,5,0,148,4,33,0,262,3,20,0,533,7306,7839,197
2020-07-27,47119,47119,904,23,902,23,2,0,445,-5,33,0,455,28,4,0,1066,9984,11050,298
2020-07-27,47117,47117,218,9,218,9,0,0,102,9,12,0,114,,2,0,254,3783,4037,121
2020-07-27,47115,47115,175,3,174,3,1,0,81,0,16,1,90,3,4,0,220,2897,3117,81
2020-07-27,47113,47113,636,25,614,25,22,0,246,7,31,0,380,18,10,0,722,11415,12137,325
2020-07-27,47111,47111,770,8,766,8,4,0,170,-12,49,0,588,19,12,1,896,4226,5122,135
2020-07-27,47105,47105,544,29,525,28,19,1,226,22,14,0,315,7,3,0,588,5895,6483,169
2020-07-27,47103,47103,197,11,197,11,0,0,111,8,6,0,85,3,1,0,247,3529,3776,66
2020-07-27,47139,47139,110,5,107,5,3,0,55,1,4,0,55,4,0,0,118,1621,1739,61
2020-07-27,47121,47121,81,5,81,5,0,0,45,3,4,0,36,2,0,0,98,1504,1602,49
2020-07-27,47141,47141,1427,66,1421,66,6,0,419,10,40,0,997,56,11,0,1685,15168,16853,480
2020-07-27,47163,47163,598,13,548,14,50,-1,245,-7,43,0,347,20,6,0,632,11807,12439,121
2020-07-27,47145,47145,249,19,231,18,18,1,145,10,14,0,103,9,1,0,291,8365,8656,224
2020-07-27,47099,47099,388,13,388,13,0,0,174,-11,19,0,208,24,6,0,476,5075,5551,77
2020-07-27,47187,47187,2943,47,2940,47,3,0,1435,-73,77,1,1487,120,21,0,3504,35644,39148,685
2020-07-27,47185,47185,168,11,166,11,2,0,79,9,12,0,86,2,3,0,203,3952,4155,144
2020-07-27,47183,47183,165,16,154,13,11,3,103,13,6,0,60,2,2,1,172,4070,4242,214
2020-07-27,47181,47181,186,3,185,3,1,0,76,-2,5,0,109,5,1,0,199,3530,3729,66
2020-07-27,47179,47179,750,56,725,54,25,2,550,41,36,1,200,15,0,0,859,12598,13457,383
2020-07-27,47177,47177,317,24,310,24,7,0,182,7,4,0,132,17,3,0,348,6273,6621,423
2020-07-27,47175,47175,26,4,26,4,0,0,19,3,1,0,7,1,0,0,27,681,708,22
2020-07-27,47173,47173,84,7,83,6,1,1,53,5,1,0,31,2,0,0,89,1952,2041,87
2020-07-27,47171,47171,108,10,108,11,0,-1,50,9,2,0,58,1,0,0,114,2666,2780,61
2020-07-27,47169,47169,1561,2,1558,2,3,0,86,-4,16,0,1469,6,6,0,1620,3074,4694,28
2020-07-27,47167,47167,966,35,955,35,11,0,326,18,47,1,632,17,8,0,1083,11304,12387,338
2020-07-27,47165,47165,2925,36,2913,36,12,0,1522,-38,268,3,1335,73,68,1,3567,22467,26034,411
2020-07-27,47161,47161,59,1,59,1,0,0,37,1,3,0,22,,0,0,70,1312,1382,44
2020-07-27,47159,47159,294,9,291,9,3,0,135,-5,9,0,157,14,2,0,331,2853,3184,130
2020-07-27,47157,47157,18654,323,18616,322,38,1,4836,-117,1171,2,13554,443,264,-3,22589,202279,224868,3256
2020-07-27,47155,47155,1401,44,1347,44,54,0,472,21,45,1,925,23,4,0,1509,14011,15520,297
2020-07-27,47153,47153,83,4,83,4,0,0,35,2,4,0,48,2,0,0,105,2632,2737,58
2020-07-27,47151,47151,57,7,54,7,3,0,29,4,3,0,28,3,0,0,57,1854,1911,98
2020-07-27,47149,47149,5514,125,5507,125,7,0,2818,6,162,0,2648,118,48,1,6678,40449,47127,915
2020-07-27,47147,47147,1296,18,1295,18,1,0,541,-4,76,1,739,22,16,0,1645,9174,10819,104
2020-07-27,47143,47143,450,6,450,6,0,0,134,2,10,0,315,4,1,0,525,4699,5224,122
2020-07-27,47097,47097,345,18,339,18,6,0,181,11,24,1,158,7,6,0,386,5710,6096,182
2020-07-27,47189,47189,1876,36,1874,36,2,0,844,-14,68,0,1012,50,20,0,2272,20308,22580,382
2020-07-27,47093,47093,3240,140,3137,133,103,7,1761,16,151,5,1453,121,26,3,3666,62378,66044,1641
2020-07-27,47041,47041,255,51,254,51,1,0,165,42,10,0,89,9,1,0,288,3714,4002,341
2020-07-27,47039,47039,105,11,74,9,31,2,72,6,4,1,33,5,0,0,114,1874,1988,133
2020-07-27,47037,47037,18136,300,18105,297,31,3,5466,-166,626,0,12482,464,188,2,22255,158752,181007,2892
2020-07-27,47035,47035,325,25,324,25,1,0,115,12,23,0,204,13,6,0,415,10592,11007,335
2020-07-27,47033,47033,162,12,147,11,15,1,92,4,8,1,67,8,3,0,179,1454,1633,66
2020-07-27,47031,47031,309,18,302,18,7,0,161,13,9,0,148,5,0,0,380,7417,7797,292
2020-07-27,47029,47029,302,13,289,13,13,0,145,2,8,0,156,11,1,0,326,3710,4036,121
2020-07-27,47027,47027,46,5,44,3,2,2,18,4,2,0,28,1,0,0,48,1174,1222,32
2020-07-27,47025,47025,163,6,157,6,6,0,99,3,4,0,64,3,0,0,185,4065,4250,148
2020-07-27,47023,47023,155,9,143,6,12,3,94,-1,7,0,61,10,0,0,168,1486,1654,61
2020-07-27,47021,47021,453,7,452,7,1,0,247,-5,17,0,202,12,4,0,541,5540,6081,82
2020-07-27,47019,47019,318,17,307,17,11,0,240,12,29,1,74,4,4,1,349,6031,6380,194
2020-07-27,47017,47017,139,11,117,11,22,0,89,7,11,0,48,4,2,0,140,2974,3114,93
2020-07-27,47015,47015,98,8,97,8,1,0,46,5,5,0,52,3,0,0,134,1815,1949,56
2020-07-27,47013,47013,148,4,139,4,9,0,76,1,8,0,71,3,1,0,167,4756,4923,148
2020-07-27,47011,47011,1492,43,1472,42,20,1,508,11,80,2,974,31,10,1,1790,11681,13471,437
2020-07-27,47009,47009,850,66,822,65,28,1,434,40,36,0,409,26,7,0,989,12374,13363,680
2020-07-27,47007,47007,649,1,649,1,0,0,19,0,9,0,629,1,1,0,668,4314,4982,49
2020-07-27,47005,47005,50,3,43,3,7,0,32,3,3,0,17,,1,0,52,1545,1597,66
2020-07-27,47003,47003,780,17,776,15,4,2,193,2,28,1,577,15,10,0,937,5824,6761,151
2020-07-27,47001,47001,469,39,457,39,12,0,219,25,22,0,246,14,4,0,548,12109,12657,430
2020-07-27,47043,47043,499,8,499,8,0,0,328,-5,26,0,170,12,1,1,638,6552,7190,86
2020-07-27,47045,47045,446,10,430,10,16,0,239,-5,33,0,202,15,5,0,500,4766,5266,177
2020-07-27,47095,47095,716,6,711,6,5,0,23,6,3,0,693,,0,0,885,4142,5027,37
2020-07-27,47049,47049,56,6,56,6,0,0,29,4,4,0,27,2,0,0,61,1823,1884,81
2020-07-27,47047,47047,541,16,535,16,6,0,211,1,43,0,322,15,8,0,671,8678,9349,270
2020-07-27,47091,47091,70,7,67,7,3,0,31,7,6,0,39,,0,0,74,3022,3096,40
2020-07-27,47089,47089,392,29,377,29,15,0,190,17,18,0,200,12,2,0,431,6815,7246,244
2020-07-27,47087,47087,97,0,97,0,0,0,48,-9,4,0,49,9,0,0,108,1356,1464,38
2020-07-27,47085,47085,77,4,76,4,1,0,51,4,3,0,23,,3,0,93,2388,2481,73
2020-07-27,47083,47083,42,1,42,1,0,0,27,-1,4,0,15,2,0,0,48,1042,1090,10
2020-07-27,47079,47079,115,9,112,9,3,0,56,8,12,0,58,1,1,0,141,4253,4394,116
2020-07-27,47077,47077,320,7,250,6,70,1,203,-7,10,1,117,14,0,0,342,3216,3558,224
2020-07-27,47075,47075,294,34,279,32,15,2,179,26,17,0,111,8,4,0,309,2611,2920,127
2020-07-27,47073,47073,224,13,219,12,5,1,155,9,19,0,67,4,2,0,267,4351,4618,89
2020-07-27,47081,47081,181,8,181,8,0,0,72,4,4,0,109,4,0,0,227,2678,2905,68
2020-07-27,47069,47069,704,34,675,33,29,1,295,15,35,3,398,19,11,0,777,7769,8546,143
2020-07-27,47067,47067,68,4,64,4,4,0,60,2,6,0,8,2,0,0,76,940,1016,43
2020-07-27,47065,47065,5158,103,5148,101,10,2,1911,-57,212,8,3203,159,44,1,5840,51257,57097,1279
2020-07-27,47063,47063,1008,125,995,125,13,0,426,84,52,0,572,41,10,0,1115,9454,10569,555
2020-07-27,47051,47051,213,10,210,9,3,1,96,4,12,0,114,6,3,0,278,5422,5700,139
2020-07-27,47061,47061,87,2,85,2,2,0,23,2,14,0,62,,2,0,103,1281,1384,16
2020-07-27,47059,47059,295,11,284,11,11,0,173,8,18,0,117,3,5,0,357,6547,6904,183
2020-07-27,47057,47057,115,14,110,14,5,0,49,12,8,0,66,2,0,0,135,2400,2535,107
2020-07-27,47055,47055,273,5,273,5,0,0,172,-3,16,0,96,8,5,0,319,4119,4438,99
2020-07-27,47053,47053,438,29,358,23,80,6,273,15,16,0,164,14,1,0,484,5411,5895,244
2020-07-27,47071,47071,336,37,300,23,36,14,191,17,12,0,138,20,7,0,373,5449,5822,227
2020-07-28,47127,47127,36,-1,36,-1,0,0,13,-2,0,0,23,1,0,0,48,806,854,1
2020-07-28,47129,47129,62,3,62,3,0,0,20,-1,2,0,41,4,1,0,72,4487,4559,38
2020-07-28,47131,47131,316,22,309,22,7,0,202,21,17,0,110,1,4,0,351,4058,4409,179
2020-07-28,47137,47137,22,3,22,3,0,0,14,3,0,0,7,,1,0,22,590,612,9
2020-07-28,47133,47133,116,5,114,5,2,0,33,3,4,0,82,2,1,0,133,3342,3475,37
2020-07-28,,47PEN,2925,18,2907,17,18,1,2187,-71,24,2,735,89,3,0,3223,116683,119906,1599
2020-07-28,47135,47135,61,1,60,0,1,1,18,0,4,1,43,1,0,0,72,1418,1490,37
2020-07-28,47125,47125,1482,27,1475,27,7,0,888,-12,64,2,585,39,9,0,1713,21495,23208,161
2020-07-28,,47OOS,2741,110,2725,99,16,11,1667,66,55,2,1063,46,11,-2,2720,151211,153931,3044
2020-07-28,47123,47123,289,18,279,18,10,0,125,12,21,1,155,4,9,2,324,3855,4179,164
2020-07-28,47101,47101,37,3,37,3,0,0,24,2,4,0,12,1,1,0,40,1784,1824,29
2020-07-28,47109,47109,259,12,240,12,19,0,149,4,18,0,108,8,2,0,284,2899,3183,93
2020-07-28,47107,47107,438,8,433,8,5,0,136,-12,34,1,282,20,20,0,542,7376,7918,79
2020-07-28,47119,47119,933,29,931,29,2,0,454,9,34,1,475,20,4,0,1104,10154,11258,208
2020-07-28,47117,47117,221,3,221,3,0,0,102,0,13,1,117,3,2,0,257,3821,4078,41
2020-07-28,47115,47115,184,9,183,9,1,0,84,3,16,0,96,6,4,0,225,2943,3168,51
2020-07-28,47113,47113,677,41,655,41,22,0,268,22,34,3,399,19,10,0,763,11679,12442,305
2020-07-28,47111,47111,789,19,785,19,4,0,162,-8,51,2,614,26,13,1,919,4320,5239,117
2020-07-28,47105,47105,560,16,542,17,18,-1,230,4,15,1,327,12,3,0,605,6069,6674,191
2020-07-28,47103,47103,208,11,208,11,0,0,112,1,8,2,95,10,1,0,258,3551,3809,33
2020-07-28,47139,47139,116,6,113,6,3,0,59,4,4,0,57,2,0,0,125,1641,1766,27
2020-07-28,47121,47121,83,2,83,2,0,0,47,2,4,0,36,,0,0,101,1514,1615,13
2020-07-28,47141,47141,1458,31,1452,31,6,0,424,5,41,1,1021,24,13,2,1722,15373,17095,242
2020-07-28,47163,47163,630,32,578,30,52,2,241,-4,44,1,382,35,7,1,665,12099,12764,325
2020-07-28,47145,47145,273,24,255,24,18,0,158,13,15,1,114,11,1,0,315,8613,8928,272
2020-07-28,47099,47099,404,16,404,16,0,0,169,-5,19,0,229,21,6,0,491,5197,5688,137
2020-07-28,47187,47187,2986,43,2981,41,5,2,1386,-49,78,1,1579,92,21,0,3561,36004,39565,417
2020-07-28,47185,47185,172,4,170,4,2,0,82,3,12,0,87,1,3,0,209,4004,4213,58
2020-07-28,47183,47183,177,12,167,13,10,-1,108,5,6,0,67,7,2,0,188,4214,4402,160
2020-07-28,47181,47181,186,0,185,0,1,0,73,-3,5,0,112,3,1,0,203,3550,3753,24
2020-07-28,47179,47179,786,36,762,37,24,-1,561,11,39,3,223,23,2,2,898,12877,13775,318
2020-07-28,47177,47177,332,15,324,14,8,1,187,5,6,2,142,10,3,0,361,6395,6756,135
2020-07-28,47175,47175,28,2,28,2,0,0,18,-1,1,0,10,3,0,0,29,689,718,10
2020-07-28,47173,47173,93,9,92,9,1,0,60,7,1,0,33,2,0,0,99,2002,2101,60
2020-07-28,47171,47171,110,2,110,2,0,0,51,1,2,0,59,1,0,0,116,2682,2798,18
2020-07-28,47169,47169,1565,4,1562,4,3,0,86,0,16,0,1473,4,6,0,1624,3091,4715,21
2020-07-28,47167,47167,1000,34,989,34,11,0,345,19,47,0,647,15,8,0,1127,11596,12723,336
2020-07-28,47165,47165,2962,37,2950,37,12,0,1477,-45,272,4,1417,82,68,0,3608,22674,26282,248
2020-07-28,47161,47161,60,1,60,1,0,0,37,0,3,0,23,1,0,0,71,1317,1388,6
2020-07-28,47159,47159,310,16,307,16,3,0,141,6,10,1,167,10,2,0,347,2905,3252,68
2020-07-28,47157,47157,19245,591,19208,592,37,-1,4972,136,1184,13,14004,450,269,5,23305,206120,229425,4557
2020-07-28,47155,47155,1497,96,1444,97,53,-1,531,59,48,3,961,36,5,1,1604,14486,16090,570
2020-07-28,47153,47153,86,3,86,3,0,0,34,-1,4,0,52,4,0,0,108,2651,2759,22
2020-07-28,47151,47151,67,10,64,10,3,0,40,11,3,0,27,-1,0,0,69,1922,1991,80
2020-07-28,47149,47149,5579,65,5572,65,7,0,2759,-59,164,2,2772,124,48,0,6765,40939,47704,577
2020-07-28,47147,47147,1315,19,1313,18,2,1,534,-7,78,2,765,26,16,0,1667,9244,10911,92
2020-07-28,47143,47143,452,2,452,2,0,0,129,-5,11,1,322,7,1,0,527,4725,5252,28
2020-07-28,47189,47189,1902,26,1900,26,2,0,818,-26,68,0,1064,52,20,0,2304,20462,22766,186
2020-07-28,47097,47097,364,19,358,19,6,0,184,3,24,0,174,16,6,0,408,5847,6255,159
2020-07-28,47093,47093,3337,97,3233,96,104,1,1771,10,160,9,1539,86,27,1,3781,63261,67042,998
2020-07-28,47041,47041,265,10,264,10,1,0,165,0,10,0,99,10,1,0,298,3788,4086,84
2020-07-28,47039,47039,117,12,85,11,32,1,78,6,4,0,39,6,0,0,125,1948,2073,85
2020-07-28,47037,47037,18377,241,18343,238,34,3,5189,-277,637,11,12994,512,194,6,22586,160765,183351,2344
2020-07-28,47035,47035,337,12,336,12,1,0,120,5,23,0,211,7,6,0,431,10716,11147,140
2020-07-28,47033,47033,172,10,157,10,15,0,98,6,8,0,71,4,3,0,192,1511,1703,70
2020-07-28,47031,47031,318,9,311,9,7,0,161,0,10,1,157,9,0,0,388,7474,7862,65
2020-07-28,47029,47029,325,23,311,22,14,1,159,14,10,2,165,9,1,0,347,3832,4179,143
2020-07-28,47027,47027,48,2,46,2,2,0,19,1,2,0,29,1,0,0,50,1200,1250,28
2020-07-28,47025,47025,169,6,163,6,6,0,100,1,4,0,69,5,0,0,190,4121,4311,61
2020-07-28,47021,47021,459,6,458,6,1,0,239,-8,18,1,216,14,4,0,548,5571,6119,38
2020-07-28,47019,47019,322,4,311,4,11,0,241,1,30,1,77,3,4,0,355,6128,6483,103
2020-07-28,47017,47017,151,12,127,10,24,2,98,9,11,0,51,3,2,0,155,3045,3200,86
2020-07-28,47015,47015,102,4,101,4,1,0,49,3,5,0,53,1,0,0,139,1834,1973,24
2020-07-28,47013,47013,152,4,144,5,8,-1,79,3,8,0,72,1,1,0,174,4854,5028,105
2020-07-28,47011,47011,1525,33,1505,33,20,0,496,-12,82,2,1019,45,10,0,1833,11835,13668,197
2020-07-28,47009,47009,915,65,887,65,28,0,459,25,36,0,449,40,7,0,1071,12765,13836,473
2020-07-28,47007,47007,653,4,653,4,0,0,22,3,9,0,630,1,1,0,672,4333,5005,23
2020-07-28,47005,47005,53,3,47,4,6,-1,34,2,3,0,18,1,1,0,56,1584,1640,43
2020-07-28,47003,47003,785,5,781,5,4,0,185,-8,28,0,590,13,10,0,944,5857,6801,40
2020-07-28,47001,47001,500,31,487,30,13,1,241,22,24,2,255,9,4,0,583,12383,12966,309
2020-07-28,47095,47095,721,5,715,4,6,1,26,3,3,0,695,2,0,0,889,4161,5050,23
2020-07-28,47043,47043,510,11,510,11,0,0,328,0,27,1,181,11,1,0,651,6619,7270,80
2020-07-28,47045,47045,457,11,439,9,18,2,243,4,33,0,209,7,5,0,513,4848,5361,95
2020-07-28,47023,47023,165,10,152,9,13,1,98,4,7,0,67,6,0,0,178,1522,1700,46
2020-07-28,47049,47049,61,5,61,5,0,0,33,4,4,0,28,1,0,0,66,1872,1938,54
2020-07-28,47047,47047,567,26,562,27,5,-1,217,6,44,1,342,20,8,0,711,8901,9612,263
2020-07-28,47089,47089,420,28,405,28,15,0,208,18,18,0,210,10,2,0,466,7016,7482,236
2020-07-28,47087,47087,99,2,99,2,0,0,45,-3,4,0,54,5,0,0,112,1377,1489,25
2020-07-28,47085,47085,83,6,82,6,1,0,55,4,3,0,25,2,3,0,98,2414,2512,31
2020-07-28,47083,47083,42,0,42,0,0,0,27,0,4,0,15,,0,0,48,1047,1095,5
2020-07-28,47081,47081,185,4,185,4,0,0,71,-1,4,0,114,5,0,0,233,2700,2933,28
2020-07-28,47079,47079,121,6,118,6,3,0,62,6,13,1,58,,1,0,148,4364,4512,118
2020-07-28,47077,47077,349,29,278,28,71,1,219,16,10,0,130,13,0,0,374,3344,3718,160
2020-07-28,47075,47075,319,25,306,27,13,-2,192,13,17,0,123,12,4,0,338,2739,3077,157
2020-07-28,47073,47073,242,18,237,18,5,0,169,14,20,1,71,4,2,0,288,4484,4772,154
2020-07-28,47071,47071,344,8,307,7,37,1,181,-10,12,0,156,18,7,0,382,5520,5902,80
2020-07-28,47091,47091,72,2,69,2,3,0,33,2,6,0,39,,0,0,76,3044,3120,24
2020-07-28,47067,47067,69,1,66,2,3,-1,60,0,6,0,9,1,0,0,79,944,1023,7
2020-07-28,47065,47065,5253,95,5243,95,10,0,1839,-72,214,2,3370,167,44,0,5951,52243,58194,1097
2020-07-28,47063,47063,1061,53,1049,54,12,-1,452,26,52,0,599,27,10,0,1171,9915,11086,517
2020-07-28,47061,47061,89,2,87,2,2,0,25,2,14,0,62,,2,0,105,1292,1397,13
2020-07-28,47059,47059,300,5,289,5,11,0,174,1,19,1,121,4,5,0,362,6604,6966,62
2020-07-28,47057,47057,131,16,127,17,4,-1,64,15,8,0,67,1,0,0,152,2476,2628,93
2020-07-28,47055,47055,299,26,299,26,0,0,185,13,17,1,107,11,7,2,352,4263,4615,177
2020-07-28,47053,47053,465,27,384,26,81,1,285,12,16,0,179,15,1,0,511,5635,6146,251
2020-07-28,47051,47051,218,5,215,5,3,0,94,-2,13,1,121,7,3,0,283,5445,5728,28
2020-07-28,47069,47069,726,22,697,22,29,0,298,3,35,0,417,19,11,0,802,7916,8718,172
2020-07-29,47139,47139,123,7,121,8,2,-1,65,6,5,1,58,1,0,0,134,1661,1795,29
2020-07-29,47127,47127,37,1,37,1,0,0,13,0,0,0,24,1,0,0,49,811,860,6
2020-07-29,47129,47129,64,2,64,2,0,0,22,2,2,0,41,,1,0,76,4516,4592,33
2020-07-29,47131,47131,330,14,323,14,7,0,211,9,17,0,115,5,4,0,365,4144,4509,100
2020-07-29,47137,47137,22,0,22,0,0,0,14,0,0,0,7,,1,0,22,598,620,8
2020-07-29,47133,47133,118,2,116,2,2,0,31,-2,4,0,86,4,1,0,135,3420,3555,80
2020-07-29,,47PEN,2931,6,2913,6,18,0,2065,-122,24,0,861,126,5,2,3245,117835,121080,1174
2020-07-29,47135,47135,64,3,63,3,1,0,18,0,4,0,46,3,0,0,75,1437,1512,22
2020-07-29,47125,47125,1524,42,1517,42,7,0,896,8,66,2,618,33,10,1,1757,21743,23500,292
2020-07-29,,47OOS,2688,-53,2660,-65,28,12,1563,-104,56,1,1113,50,12,1,2637,153354,155991,2060
2020-07-29,47123,47123,297,8,287,8,10,0,130,5,22,1,158,3,9,0,332,3883,4215,36
2020-07-29,47117,47117,234,13,234,13,0,0,109,7,13,0,123,6,2,0,271,3897,4168,90
2020-07-29,47109,47109,268,9,247,7,21,2,147,-2,20,2,117,9,4,2,296,2955,3251,68
2020-07-29,47107,47107,442,4,437,4,5,0,133,-3,34,0,289,7,20,0,549,7453,8002,84
2020-07-29,47119,47119,953,20,951,20,2,0,453,-1,34,0,495,20,5,1,1130,10349,11479,221
2020-07-29,47115,47115,183,-1,182,-1,1,0,75,-9,17,1,104,8,4,0,228,2976,3204,36
2020-07-29,47113,47113,700,23,678,23,22,0,273,5,36,2,416,17,11,1,789,11878,12667,225
2020-07-29,47111,47111,794,5,790,5,4,0,153,-9,54,3,628,14,13,0,925,4337,5262,23
2020-07-29,47105,47105,575,15,557,15,18,0,237,7,15,0,335,8,3,0,622,6185,6807,133
2020-07-29,47103,47103,218,10,218,10,0,0,115,3,9,1,102,7,1,0,270,3589,3859,50
2020-07-29,47101,47101,39,2,39,2,0,0,25,1,5,1,13,1,1,0,44,1805,1849,25
2020-07-29,47121,47121,84,1,84,1,0,0,44,-3,5,1,40,4,0,0,104,1527,1631,16
2020-07-29,47141,47141,1465,7,1458,6,7,1,404,-20,43,2,1048,27,13,0,1729,15420,17149,54
2020-07-29,47099,47099,408,4,408,4,0,0,169,0,19,0,233,4,6,0,499,5257,5756,68
2020-07-29,47145,47145,294,21,276,21,18,0,169,11,15,0,124,10,1,0,337,8789,9126,198
2020-07-29,47187,47187,3021,35,3016,35,5,0,1338,-48,82,4,1661,82,22,1,3596,36398,39994,429
2020-07-29,47185,47185,175,3,173,3,2,0,79,-3,12,0,93,6,3,0,212,4052,4264,51
2020-07-29,47183,47183,182,5,172,5,10,0,108,0,6,0,72,5,2,0,193,4287,4480,78
2020-07-29,47181,47181,191,5,190,5,1,0,72,-1,5,0,118,6,1,0,209,3603,3812,59
2020-07-29,47179,47179,840,54,815,53,25,1,609,48,44,5,229,6,2,0,959,13332,14291,516
2020-07-29,47177,47177,339,7,331,7,8,0,167,-20,6,0,169,27,3,0,372,6492,6864,108
2020-07-29,47175,47175,29,1,29,1,0,0,19,1,1,0,10,,0,0,30,698,728,10
2020-07-29,47173,47173,102,9,101,9,1,0,62,2,1,0,40,7,0,0,108,2022,2130,29
2020-07-29,47171,47171,120,10,118,8,2,2,59,8,2,0,61,2,0,0,125,2825,2950,152
2020-07-29,47169,47169,1565,0,1562,0,3,0,80,-6,16,0,1479,6,6,0,1624,3105,4729,14
2020-07-29,47167,47167,1026,26,1015,26,11,0,360,15,49,2,657,10,9,1,1156,11758,12914,191
2020-07-29,47165,47165,3014,52,3002,52,12,0,1456,-21,273,1,1490,73,68,0,3672,22985,26657,375
2020-07-29,47163,47163,650,20,598,20,52,0,224,-17,51,7,419,37,7,0,686,12287,12973,209
2020-07-29,47161,47161,63,3,63,3,0,0,37,0,3,0,26,3,0,0,74,1348,1422,34
2020-07-29,47159,47159,322,12,319,12,3,0,150,9,11,1,170,3,2,0,359,2921,3280,28
2020-07-29,47157,47157,19522,277,19483,275,39,2,4755,-217,1189,5,14494,490,273,4,23669,208465,232134,2709
2020-07-29,47155,47155,1541,44,1488,44,53,0,557,26,50,2,979,18,5,0,1645,14627,16272,182
2020-07-29,47153,47153,88,2,88,2,0,0,33,-1,4,0,55,3,0,0,110,2661,2771,12
2020-07-29,47151,47151,68,1,65,1,3,0,39,-1,3,0,29,2,0,0,71,1942,2013,22
2020-07-29,47149,47149,5682,103,5675,103,7,0,2729,-30,167,3,2904,132,49,1,6897,41604,48501,797
2020-07-29,47147,47147,1344,29,1342,29,2,0,548,14,83,5,780,15,16,0,1695,9315,11010,99
2020-07-29,47143,47143,454,2,454,2,0,0,107,-22,12,1,346,24,1,0,531,4762,5293,41
2020-07-29,47097,47097,371,7,365,7,6,0,178,-6,25,1,187,13,6,0,417,5883,6300,45
2020-07-29,47189,47189,1941,39,1939,39,2,0,815,-3,68,0,1106,42,20,0,2347,20758,23105,339
2020-07-29,47093,47093,3444,107,3337,104,107,3,1774,3,177,17,1643,104,27,0,3909,64151,68060,1018
2020-07-29,47041,47041,269,4,268,4,1,0,159,-6,10,0,109,10,1,0,303,3858,4161,75
2020-07-29,47039,47039,120,3,89,4,31,-1,76,-2,4,0,44,5,0,0,132,2024,2156,83
2020-07-29,47037,47037,18545,168,18509,166,36,2,4929,-260,642,5,13422,428,194,0,22832,162099,184931,1580
2020-07-29,47035,47035,346,9,345,9,1,0,123,3,23,0,217,6,6,0,443,10934,11377,230
2020-07-29,47033,47033,179,7,165,8,14,-1,102,4,9,1,74,3,3,0,199,1536,1735,32
2020-07-29,47031,47031,333,15,323,12,10,3,172,11,10,0,161,4,0,0,407,7631,8038,176
2020-07-29,47029,47029,342,17,327,16,15,1,166,7,11,1,175,10,1,0,364,3903,4267,88
2020-07-29,47027,47027,52,4,50,4,2,0,22,3,2,0,30,1,0,0,53,1210,1263,13
2020-07-29,47025,47025,178,9,169,6,9,3,102,2,5,1,76,7,0,0,195,4185,4380,69
2020-07-29,47023,47023,169,4,156,4,13,0,95,-3,7,0,74,7,0,0,182,1548,1730,30
2020-07-29,47021,47021,466,7,464,6,2,1,232,-7,18,0,230,14,4,0,560,5629,6189,70
2020-07-29,47019,47019,333,11,319,8,14,3,245,4,32,2,84,7,4,0,367,6490,6857,374
2020-07-29,47017,47017,154,3,130,3,24,0,97,-1,12,1,55,4,2,0,160,3089,3249,49
2020-07-29,47015,47015,105,3,104,3,1,0,49,0,5,0,56,3,0,0,142,1842,1984,11
2020-07-29,47013,47013,160,8,152,8,8,0,85,6,8,0,74,2,1,0,182,4887,5069,41
2020-07-29,47011,47011,1555,30,1535,30,20,0,497,1,85,3,1048,29,10,0,1871,11925,13796,128
2020-07-29,47009,47009,957,42,930,43,27,-1,479,20,36,0,471,22,7,0,1119,13036,14155,319
2020-07-29,47007,47007,654,1,654,1,0,0,21,-1,10,1,632,2,1,0,675,4347,5022,17
2020-07-29,47005,47005,55,2,50,3,5,-1,34,0,3,0,20,2,1,0,59,1592,1651,11
2020-07-29,47003,47003,806,21,801,20,5,1,195,10,28,0,601,11,10,0,971,5962,6933,132
2020-07-29,47001,47001,536,36,523,36,13,0,271,30,25,1,260,5,5,1,621,12664,13285,319
2020-07-29,47043,47043,534,24,534,24,0,0,342,14,28,1,191,10,1,0,671,6748,7419,149
2020-07-29,47045,47045,459,2,441,2,18,0,242,-1,33,0,212,3,5,0,517,4905,5422,61
2020-07-29,47095,47095,722,1,716,1,6,0,27,1,3,0,695,,0,0,890,4168,5058,8
2020-07-29,47049,47049,63,2,63,2,0,0,35,2,4,0,28,,0,0,68,1883,1951,13
2020-07-29,47091,47091,81,9,78,9,3,0,42,9,6,0,39,,0,0,85,3105,3190,70
2020-07-29,47089,47089,441,21,425,20,16,1,210,2,20,2,229,19,2,0,482,7130,7612,130
2020-07-29,47087,47087,103,4,103,4,0,0,46,1,6,2,57,3,0,0,119,1379,1498,9
2020-07-29,47085,47085,87,4,86,4,1,0,53,-2,3,0,31,6,3,0,102,2447,2549,37
2020-07-29,47083,47083,48,6,48,6,0,0,32,5,4,0,16,1,0,0,55,1061,1116,21
2020-07-29,47047,47047,574,7,569,7,5,0,212,-5,45,1,354,12,8,0,720,8963,9683,71
2020-07-29,47079,47079,151,30,148,30,3,0,92,30,13,0,59,1,0,-1,180,4441,4621,109
2020-07-29,47077,47077,373,24,298,20,75,4,230,11,11,1,143,13,0,0,402,3457,3859,141
2020-07-29,47075,47075,319,0,306,0,13,0,184,-8,17,0,130,7,5,1,341,2764,3105,28
2020-07-29,47073,47073,254,12,249,12,5,0,174,5,23,3,77,6,3,1,300,4551,4851,79
2020-07-29,47081,47081,198,13,197,12,1,1,80,9,5,1,118,4,0,0,248,2754,3002,69
2020-07-29,47069,47069,732,6,702,5,30,1,290,-8,36,1,431,14,11,0,809,7953,8762,44
2020-07-29,47067,47067,70,1,67,1,3,0,59,-1,7,1,9,,2,2,80,968,1048,25
2020-07-29,47065,47065,5344,91,5334,91,10,0,1797,-42,217,3,3502,132,45,1,6078,53300,59378,1184
2020-07-29,47063,47063,1101,40,1087,38,14,2,464,12,53,1,627,28,10,0,1226,10111,11337,251
2020-07-29,47061,47061,89,0,87,0,2,0,24,-1,14,0,63,1,2,0,106,1295,1401,4
2020-07-29,47059,47059,316,16,306,17,10,-1,184,10,20,1,127,6,5,0,384,6799,7183,217
2020-07-29,47057,47057,140,9,136,9,4,0,73,9,9,1,67,,0,0,160,2526,2686,58
2020-07-29,47055,47055,304,5,304,5,0,0,179,-6,19,2,117,10,8,1,358,4305,4663,48
2020-07-29,47053,47053,474,9,393,9,81,0,279,-6,17,1,194,15,1,0,522,5734,6256,110
2020-07-29,47051,47051,232,14,229,14,3,0,105,11,13,0,124,3,3,0,299,5549,5848,120
2020-07-29,47071,47071,350,6,312,5,38,1,178,-3,12,0,165,9,7,0,390,5618,6008,106
2020-07-30,47127,47127,41,4,41,4,0,0,13,0,0,0,28,4,0,0,53,822,875,15
2020-07-30,47129,47129,65,1,65,1,0,0,22,0,2,0,42,1,1,0,78,4549,4627,35
2020-07-30,47131,47131,352,22,345,22,7,0,218,7,17,0,130,15,4,0,387,4252,4639,130
2020-07-30,,47OOS,2705,17,2674,14,31,3,1552,-11,57,1,1141,28,12,0,2640,155837,158477,2486
2020-07-30,47139,47139,134,11,132,11,2,0,70,5,6,1,63,5,1,1,144,1699,1843,48
2020-07-30,,47PEN,2853,-78,2834,-79,19,1,1914,-151,22,-2,935,74,4,-1,3155,118729,121884,804
2020-07-30,47135,47135,68,4,67,4,1,0,20,2,4,0,48,2,0,0,80,1459,1539,27
2020-07-30,47137,47137,19,-3,19,-3,0,0,10,-4,0,0,8,1,1,0,19,615,634,14
2020-07-30,47133,47133,123,5,121,5,2,0,33,2,4,0,89,3,1,0,141,3494,3635,80
2020-07-30,47125,47125,1568,44,1561,44,7,0,904,8,68,2,653,35,11,1,1806,21971,23777,277
2020-07-30,47103,47103,226,8,226,8,0,0,113,-2,9,0,112,10,1,0,278,3663,3941,82
2020-07-30,47109,47109,283,15,261,14,22,1,157,10,21,1,121,4,5,1,313,3011,3324,73
2020-07-30,47107,47107,452,10,447,10,5,0,136,3,34,0,296,7,20,0,559,7621,8180,178
2020-07-30,47119,47119,971,18,969,18,2,0,454,1,34,0,512,17,5,0,1160,10681,11841,362
2020-07-30,47117,47117,242,8,242,8,0,0,106,-3,13,0,134,11,2,0,282,3945,4227,59
2020-07-30,47115,47115,190,7,189,7,1,0,80,5,18,1,106,2,4,0,238,3086,3324,120
2020-07-30,47113,47113,739,39,717,39,22,0,299,26,41,5,429,13,11,0,830,12150,12980,313
2020-07-30,47111,47111,803,9,800,10,3,-1,146,-7,55,1,644,16,13,0,943,4364,5307,45
2020-07-30,47105,47105,590,15,571,14,19,1,242,5,15,0,345,10,3,0,638,6309,6947,140
2020-07-30,47141,47141,1502,37,1495,37,7,0,409,5,45,2,1080,32,13,0,1780,15796,17576,427
2020-07-30,47123,47123,305,8,295,8,10,0,137,7,24,2,159,1,9,0,342,3999,4341,126
2020-07-30,47143,47143,466,12,466,12,0,0,115,8,12,0,350,4,1,0,544,4905,5449,156
2020-07-30,47165,47165,3044,30,3032,30,12,0,1420,-36,273,0,1556,66,68,0,3706,23247,26953,296
2020-07-30,47147,47147,1374,30,1372,30,2,0,558,10,87,4,800,20,16,0,1738,9409,11147,137
2020-07-30,47189,47189,1973,32,1971,32,2,0,811,-4,70,2,1142,36,20,0,2381,21200,23581,476
2020-07-30,47187,47187,3056,35,3051,35,5,0,1308,-30,83,1,1726,65,22,0,3641,36845,40486,492
2020-07-30,47185,47185,181,6,179,6,2,0,75,-4,12,0,103,10,3,0,221,4115,4336,72
2020-07-30,47183,47183,196,14,186,14,10,0,119,11,7,1,75,3,2,0,208,4433,4641,161
2020-07-30,47181,47181,197,6,196,6,1,0,75,3,5,0,121,3,1,0,216,3644,3860,48
2020-07-30,47179,47179,870,30,845,30,25,0,631,22,44,0,237,8,2,0,992,13767,14759,468
2020-07-30,47177,47177,349,10,341,10,8,0,169,2,6,0,177,8,3,0,384,6617,7001,137
2020-07-30,47175,47175,28,-1,28,-1,0,0,16,-3,1,0,12,2,0,0,31,711,742,14
2020-07-30,47173,47173,105,3,104,3,1,0,64,2,1,0,41,1,0,0,111,2058,2169,39
2020-07-30,47171,47171,122,2,120,2,2,0,61,2,2,0,61,,0,0,130,2903,3033,83
2020-07-30,47169,47169,1567,2,1564,2,3,0,76,-4,16,0,1485,6,6,0,1626,3129,4755,26
2020-07-30,47167,47167,1040,14,1029,14,11,0,368,8,51,2,663,6,9,0,1175,11862,13037,123
2020-07-30,47101,47101,41,2,41,2,0,0,27,2,5,0,13,,1,0,46,1838,1884,35
2020-07-30,47163,47163,684,34,632,34,52,0,233,9,51,0,444,25,7,0,720,12537,13257,284
2020-07-30,47161,47161,63,0,63,0,0,0,34,-3,3,0,29,3,0,0,74,1382,1456,34
2020-07-30,47159,47159,332,10,329,10,3,0,153,3,11,0,177,7,2,0,373,2962,3335,55
2020-07-30,47157,47157,20082,560,20043,560,39,0,4884,129,1199,10,14923,429,275,2,24319,211403,235722,3588
2020-07-30,47155,47155,1572,31,1518,30,54,1,561,4,49,-1,1006,27,5,0,1678,14781,16459,187
2020-07-30,47153,47153,89,1,89,1,0,0,34,1,4,0,55,,0,0,111,2767,2878,107
2020-07-30,47151,47151,80,12,77,12,3,0,46,7,3,0,34,5,0,0,85,1982,2067,54
2020-07-30,47149,47149,5753,71,5746,71,7,0,2696,-33,169,2,3008,104,49,0,6986,42357,49343,842
2020-07-30,47145,47145,302,8,285,9,17,-1,171,2,15,0,130,6,1,0,349,8914,9263,137
2020-07-30,47099,47099,421,13,421,13,0,0,175,6,20,1,240,7,6,0,515,5365,5880,124
2020-07-30,47121,47121,87,3,87,3,0,0,47,3,5,0,40,,0,0,107,1566,1673,42
2020-07-30,47097,47097,389,18,383,18,6,0,189,11,27,2,194,7,6,0,437,5933,6370,70
2020-07-30,47041,47041,289,20,288,20,1,0,163,4,12,2,125,16,1,0,325,3999,4324,163
2020-07-30,47039,47039,133,13,99,10,34,3,81,5,5,1,51,7,1,1,145,2069,2214,58
2020-07-30,47037,47037,18676,131,18638,129,38,2,4662,-267,651,9,13819,397,195,1,23011,164485,187496,2565
2020-07-30,47035,47035,356,10,355,10,1,0,127,4,23,0,223,6,6,0,457,11132,11589,212
2020-07-30,47033,47033,199,20,185,20,14,0,105,3,9,0,91,17,3,0,220,1573,1793,58
2020-07-30,47031,47031,353,20,343,20,10,0,188,16,11,1,165,4,0,0,429,7806,8235,197
2020-07-30,47029,47029,348,6,333,6,15,0,165,-1,11,0,182,7,1,0,370,3950,4320,53
2020-07-30,47027,47027,53,1,51,1,2,0,22,0,2,0,31,1,0,0,55,1241,1296,33
2020-07-30,47023,47023,171,2,158,2,13,0,93,-2,7,0,77,3,1,1,185,1572,1757,27
2020-07-30,47021,47021,494,28,492,28,2,0,251,19,18,0,239,9,4,0,587,5804,6391,202
2020-07-30,47019,47019,354,21,340,21,14,0,262,17,32,0,88,4,4,0,388,6811,7199,342
2020-07-30,47017,47017,181,27,156,26,25,1,119,22,12,0,59,4,3,1,187,3160,3347,98
2020-07-30,47015,47015,107,2,106,2,1,0,43,-6,5,0,64,8,0,0,145,1870,2015,31
2020-07-30,47013,47013,165,5,158,6,7,-1,88,3,8,0,76,2,1,0,191,4969,5160,91
2020-07-30,47011,47011,1593,38,1573,38,20,0,503,6,87,2,1080,32,10,0,1919,12177,14096,300
2020-07-30,47009,47009,972,15,947,17,25,-2,473,-6,37,1,492,21,7,0,1143,13166,14309,154
2020-07-30,47007,47007,656,2,656,2,0,0,21,0,10,0,634,2,1,0,678,4383,5061,39
2020-07-30,47005,47005,70,15,65,15,5,0,47,13,3,0,22,2,1,0,74,1614,1688,37
2020-07-30,47003,47003,808,2,803,2,5,0,189,-6,28,0,609,8,10,0,972,6053,7025,92
2020-07-30,47001,47001,550,14,537,14,13,0,272,1,25,0,273,13,5,0,641,12924,13565,280
2020-07-30,47095,47095,726,4,720,4,6,0,31,4,3,0,695,,0,0,894,4190,5084,26
2020-07-30,47043,47043,550,16,550,16,0,0,345,3,29,1,204,13,1,0,695,6840,7535,116
2020-07-30,47045,47045,487,28,469,28,18,0,261,19,34,1,221,9,5,0,549,4991,5540,118
2020-07-30,47025,47025,195,17,185,16,10,1,114,12,7,2,81,5,0,0,212,4362,4574,194
2020-07-30,47049,47049,66,3,66,3,0,0,34,-1,6,2,32,4,0,0,72,1921,1993,42
2020-07-30,47047,47047,584,10,579,10,5,0,215,3,44,-1,361,7,8,0,732,9075,9807,124
2020-07-30,47091,47091,92,11,89,11,3,0,52,10,6,0,40,1,0,0,96,3191,3287,97
2020-07-30,47089,47089,451,10,435,10,16,0,209,-1,24,4,240,11,2,0,494,7251,7745,133
2020-07-30,47087,47087,103,0,103,0,0,0,43,-3,6,0,60,3,0,0,118,1397,1515,17
2020-07-30,47085,47085,92,5,91,5,1,0,56,3,3,0,33,2,3,0,108,2485,2593,44
2020-07-30,47083,47083,50,2,50,2,0,0,34,2,4,0,16,,0,0,57,1078,1135,19
2020-07-30,47081,47081,203,5,202,5,1,0,75,-5,5,0,128,10,0,0,254,2806,3060,58
2020-07-30,47079,47079,160,9,157,9,3,0,99,7,13,0,61,2,0,0,190,4530,4720,99
2020-07-30,47077,47077,392,19,314,16,78,3,237,7,11,0,155,12,0,0,423,3562,3985,126
2020-07-30,47075,47075,342,23,329,23,13,0,191,7,18,1,146,16,5,0,362,2814,3176,71
2020-07-30,47073,47073,267,13,260,11,7,2,185,11,23,0,79,2,3,0,315,4701,5016,165
2020-07-30,47093,47093,3575,131,3464,127,111,4,1807,33,183,6,1740,97,28,1,4045,65533,69578,1518
2020-07-30,47069,47069,747,15,717,15,30,0,296,6,38,2,440,9,11,0,826,8013,8839,77
2020-07-30,47071,47071,363,13,323,11,40,2,178,0,12,0,178,13,7,0,402,5713,6115,107
2020-07-30,47053,47053,500,26,420,27,80,-1,297,18,17,0,202,8,1,0,554,5908,6462,206
2020-07-30,47055,47055,308,4,308,4,0,0,170,-9,20,1,130,13,8,0,368,4421,4789,126
2020-07-30,47057,47057,147,7,141,5,6,2,77,4,9,0,70,3,0,0,167,2563,2730,44
2020-07-30,47059,47059,324,8,312,6,12,2,191,7,21,1,128,1,5,0,392,6939,7331,148
2020-07-30,47051,47051,242,10,239,10,3,0,106,1,14,1,132,8,4,1,309,5644,5953,105
2020-07-30,47063,47063,1125,24,1111,24,14,0,460,-4,57,4,652,25,13,3,1256,10267,11523,186
2020-07-30,47065,47065,5395,51,5384,50,11,1,1731,-66,228,11,3619,117,45,0,6144,54584,60728,1350
2020-07-30,47067,47067,69,-1,66,-1,3,0,57,-2,7,0,10,1,2,0,80,1015,1095,47
2020-07-30,47061,47061,94,5,92,5,2,0,28,4,14,0,64,1,2,0,112,1315,1427,26
2020-07-31,47125,47125,1646,78,1638,77,8,1,928,24,71,3,707,54,11,0,1896,22525,24421,644
2020-07-31,47135,47135,69,1,68,1,1,0,20,0,4,0,49,1,0,0,81,1484,1565,26
2020-07-31,,47PEN,2887,34,2870,36,17,-2,1875,-39,24,2,1008,73,4,0,3226,120296,123522,1638
2020-07-31,47133,47133,125,2,123,2,2,0,33,0,4,0,91,2,1,0,143,3545,3688,53
2020-07-31,,47OOS,2815,110,2783,109,32,1,1612,60,60,3,1190,49,13,1,2797,158508,161305,2828
2020-07-31,47131,47131,377,25,370,25,7,0,237,19,20,3,136,6,4,0,411,4396,4807,168
2020-07-31,47137,47137,21,2,21,2,0,0,11,1,0,0,9,1,1,0,21,616,637,3
2020-07-31,47129,47129,70,5,70,5,0,0,27,5,2,0,42,,1,0,84,4591,4675,48
2020-07-31,47127,47127,42,1,42,1,0,0,13,0,0,0,29,1,0,0,54,835,889,14
2020-07-31,47123,47123,333,28,323,28,10,0,164,27,25,1,160,1,9,0,371,4147,4518,177
2020-07-31,47115,47115,195,5,194,5,1,0,82,2,21,3,109,3,4,0,246,3153,3399,75
2020-07-31,47109,47109,300,17,278,17,22,0,166,9,21,0,129,8,5,0,330,3139,3469,145
2020-07-31,47107,47107,462,10,457,10,5,0,132,-4,35,1,310,14,20,0,574,7786,8360,180
2020-07-31,47119,47119,1010,39,1008,39,2,0,478,24,34,0,527,15,5,0,1203,11063,12266,425
2020-07-31,47117,47117,258,16,258,16,0,0,119,13,13,0,137,3,2,0,297,4078,4375,148
2020-07-31,47113,47113,769,30,746,29,23,1,313,14,44,3,444,15,12,1,869,12502,13371,391
2020-07-31,47111,47111,820,17,815,15,5,2,151,5,55,0,656,12,13,0,964,4441,5405,98
2020-07-31,47105,47105,606,16,587,16,19,0,251,9,16,1,352,7,3,0,663,6481,7144,197
2020-07-31,47103,47103,234,8,234,8,0,0,116,3,10,1,117,5,1,0,288,3750,4038,97
2020-07-31,47101,47101,47,6,47,6,0,0,32,5,5,0,14,1,1,0,52,1897,1949,65
2020-07-31,47139,47139,140,6,138,6,2,0,76,6,7,1,63,,1,0,150,1734,1884,41
2020-07-31,47121,47121,92,5,92,5,0,0,48,1,5,0,44,4,0,0,112,1610,1722,49
2020-07-31,47141,47141,1518,16,1511,16,7,0,403,-6,46,1,1102,22,13,0,1802,16013,17815,239
2020-07-31,47099,47099,444,23,444,23,0,0,187,12,21,1,251,11,6,0,539,5505,6044,164
2020-07-31,47145,47145,330,28,313,28,17,0,195,24,16,1,134,4,1,0,382,9184,9566,303
2020-07-31,47187,47187,3132,76,3127,76,5,0,1304,-4,83,0,1806,80,22,0,3724,37570,41294,808
2020-07-31,47185,47185,186,5,184,5,2,0,74,-1,12,0,109,6,3,0,227,4184,4411,75
2020-07-31,47183,47183,229,33,218,32,11,1,149,30,8,1,77,2,3,1,244,4602,4846,205
2020-07-31,47181,47181,206,9,205,9,1,0,81,6,6,1,124,3,1,0,225,3698,3923,63
2020-07-31,47179,47179,943,73,916,71,27,2,688,57,44,0,253,16,2,0,1074,14296,15370,611
2020-07-31,47177,47177,375,26,368,27,7,-1,186,17,7,1,185,8,4,1,412,6808,7220,219
2020-07-31,47175,47175,30,2,30,2,0,0,18,2,1,0,12,,0,0,33,722,755,13
2020-07-31,47173,47173,110,5,109,5,1,0,66,2,1,0,44,3,0,0,119,2119,2238,69
2020-07-31,47171,47171,129,7,126,6,3,1,68,7,2,0,61,,0,0,137,2980,3117,84
2020-07-31,47169,47169,1570,3,1567,3,3,0,75,-1,16,0,1489,4,6,0,1633,3155,4788,33
2020-07-31,47167,47167,1065,25,1054,25,11,0,383,15,53,2,673,10,9,0,1201,12097,13298,261
2020-07-31,47165,47165,3106,62,3094,62,12,0,1423,3,277,4,1614,58,69,1,3777,23640,27417,464
2020-07-31,47163,47163,729,45,676,44,53,1,253,20,54,3,468,24,8,1,768,12889,13657,400
2020-07-31,47161,47161,65,2,65,2,0,0,36,2,3,0,29,,0,0,81,1411,1492,36
2020-07-31,47159,47159,340,8,337,8,3,0,149,-4,11,0,188,11,3,1,400,3030,3430,95
2020-07-31,47157,47157,20586,504,20548,505,38,-1,4943,59,1206,7,15364,441,279,4,24984,215282,240266,4544
2020-07-31,47155,47155,1644,72,1589,71,55,1,612,51,52,3,1027,21,5,0,1752,15117,16869,410
2020-07-31,47153,47153,93,4,93,4,0,0,33,-1,4,0,60,5,0,0,116,2797,2913,35
2020-07-31,47151,47151,91,11,88,11,3,0,51,5,3,0,40,6,0,0,95,2029,2124,57
2020-07-31,47149,47149,5899,146,5891,145,8,1,2732,36,174,5,3116,108,51,2,7173,43246,50419,1076
2020-07-31,47147,47147,1409,35,1407,35,2,0,573,15,89,2,820,20,16,0,1778,9595,11373,226
2020-07-31,47143,47143,481,15,481,15,0,0,126,11,12,0,354,4,1,0,559,5044,5603,154
2020-07-31,47189,47189,2001,28,1999,28,2,0,805,-6,73,3,1176,34,20,0,2424,21559,23983,402
2020-07-31,47097,47097,411,22,405,22,6,0,200,11,27,0,205,11,6,0,461,6043,6504,134
2020-07-31,47093,47093,3705,130,3593,129,112,1,1818,11,186,3,1857,117,30,2,4191,67111,71302,1724
2020-07-31,47041,47041,295,6,294,6,1,0,164,1,13,1,130,5,1,0,336,4093,4429,105
2020-07-31,47039,47039,150,17,117,18,33,-1,90,9,5,0,59,8,1,0,166,2213,2379,165
2020-07-31,47037,47037,18978,302,18939,301,39,1,4612,-50,657,6,14168,349,198,3,23441,167651,191092,3596
2020-07-31,47035,47035,365,9,364,9,1,0,129,2,23,0,230,7,6,0,466,11384,11850,261
2020-07-31,47033,47033,216,17,200,15,16,2,120,15,9,0,93,2,3,0,239,1613,1852,59
2020-07-31,47031,47031,370,17,360,17,10,0,198,10,12,1,170,5,2,2,445,8095,8540,305
2020-07-31,47029,47029,369,21,350,17,19,4,173,8,11,0,195,13,1,0,390,4097,4487,167
2020-07-31,47027,47027,58,5,54,3,4,2,26,4,2,0,32,1,0,0,58,1276,1334,38
2020-07-31,47025,47025,206,11,196,11,10,0,117,3,7,0,89,8,0,0,224,4580,4804,230
2020-07-31,47023,47023,181,10,168,10,13,0,94,1,7,0,86,9,1,0,195,1620,1815,58
2020-07-31,47021,47021,516,22,514,22,2,0,259,8,19,1,252,13,5,1,611,5947,6558,167
2020-07-31,47019,47019,390,36,376,36,14,0,294,32,33,1,91,3,5,1,427,7107,7534,335
2020-07-31,47017,47017,191,10,166,10,25,0,126,7,12,0,62,3,3,0,197,3280,3477,130
2020-07-31,47015,47015,110,3,109,3,1,0,46,3,5,0,64,,0,0,148,1908,2056,41
2020-07-31,47013,47013,190,25,183,25,7,0,107,19,8,0,82,6,1,0,215,5081,5296,136
2020-07-31,47011,47011,1651,58,1631,58,20,0,527,24,91,4,1114,34,10,0,1989,12468,14457,361
2020-07-31,47009,47009,1043,71,1018,71,25,0,521,48,38,1,515,23,7,0,1220,13704,14924,615
2020-07-31,47007,47007,659,3,659,3,0,0,23,2,11,1,635,1,1,0,681,4408,5089,28
2020-07-31,47005,47005,80,10,75,10,5,0,56,9,3,0,23,1,1,0,85,1669,1754,66
2020-07-31,47003,47003,823,15,817,14,6,1,200,11,29,1,613,4,10,0,988,6185,7173,148
2020-07-31,47001,47001,571,21,558,21,13,0,272,0,26,1,294,21,5,0,669,13185,13854,289
2020-07-31,47043,47043,575,25,568,18,7,7,358,13,30,1,216,12,1,0,727,7011,7738,203
2020-07-31,47045,47045,515,28,497,28,18,0,280,19,35,1,229,8,6,1,577,5140,5717,177
2020-07-31,47095,47095,736,10,730,10,6,0,41,10,3,0,695,,0,0,903,4223,5126,42
2020-07-31,47049,47049,71,5,71,5,0,0,35,1,7,1,36,4,0,0,76,1957,2033,40
2020-07-31,47047,47047,596,12,591,12,5,0,217,2,43,-1,371,10,8,0,748,9222,9970,163
2020-07-31,47091,47091,116,24,113,24,3,0,77,25,6,0,39,-1,0,0,122,3227,3349,62
2020-07-31,47089,47089,474,23,456,21,18,2,221,12,24,0,251,11,2,0,524,7507,8031,286
2020-07-31,47087,47087,105,2,105,2,0,0,39,-4,6,0,65,5,1,1,119,1414,1533,18
2020-07-31,47085,47085,99,7,94,3,5,4,63,7,3,0,33,,3,0,117,2596,2713,120
2020-07-31,47083,47083,54,4,54,4,0,0,34,0,4,0,20,4,0,0,62,1106,1168,33
2020-07-31,47079,47079,177,17,174,17,3,0,112,13,14,1,65,4,0,0,209,4624,4833,113
2020-07-31,47077,47077,420,28,342,28,78,0,258,21,11,0,162,7,0,0,452,3684,4136,151
2020-07-31,47075,47075,363,21,349,20,14,1,205,14,18,0,153,7,5,0,384,2890,3274,98
2020-07-31,47073,47073,291,24,283,23,8,1,203,18,24,1,84,5,4,1,339,4815,5154,138
2020-07-31,47081,47081,208,5,206,4,2,1,76,1,5,0,132,4,0,0,264,2880,3144,84
2020-07-31,47069,47069,760,13,731,14,29,-1,287,-9,38,0,462,22,11,0,842,8114,8956,117
2020-07-31,47067,47067,71,2,68,2,3,0,56,-1,7,0,14,4,1,-1,82,1030,1112,17
2020-07-31,47065,47065,5483,88,5472,88,11,0,1685,-46,229,1,3751,132,47,2,6259,55688,61947,1219
2020-07-31,47063,47063,1183,58,1169,58,14,0,492,32,60,3,678,26,13,0,1325,10721,12046,523
2020-07-31,47051,47051,258,16,255,16,3,0,119,13,14,0,135,3,4,0,326,5861,6187,234
2020-07-31,47061,47061,97,3,95,3,2,0,28,0,14,0,67,3,2,0,115,1340,1455,28
2020-07-31,47059,47059,344,20,330,18,14,2,206,15,22,1,133,5,5,0,412,7079,7491,160
2020-07-31,47057,47057,162,15,158,17,4,-2,90,13,9,0,72,2,0,0,188,2674,2862,132
2020-07-31,47055,47055,321,13,321,13,0,0,167,-3,20,0,146,16,8,0,383,4536,4919,130
2020-07-31,47053,47053,537,37,453,33,84,4,323,26,19,2,212,10,2,1,596,6199,6795,333
2020-07-31,47071,47071,386,23,345,22,41,1,201,23,12,0,178,,7,0,426,5909,6335,220
2020-08-01,47127,47127,43,1,43,1,0,0,14,1,0,0,29,,0,0,55,854,909,20
2020-08-01,47129,47129,76,6,76,6,0,0,31,4,2,0,44,2,1,0,91,4631,4722,47
2020-08-01,47131,47131,419,42,412,42,7,0,275,38,20,0,140,4,4,0,470,4724,5194,387
2020-08-01,47137,47137,22,1,22,1,0,0,12,1,0,0,9,,1,0,22,625,647,10
2020-08-01,47133,47133,134,9,132,9,2,0,42,9,4,0,91,,1,0,153,3594,3747,59
2020-08-01,,47PEN,2888,1,2861,-9,27,10,1842,-33,26,2,1042,34,4,0,3236,121661,124897,1375
2020-08-01,47135,47135,73,4,71,3,2,1,24,4,4,0,49,,0,0,84,1594,1678,113
2020-08-01,47125,47125,1677,31,1669,31,8,0,946,18,74,3,720,13,11,0,1935,22829,24764,343
2020-08-01,,47OOS,2729,-86,2688,-95,41,9,1502,-110,60,0,1215,25,12,-1,2788,160606,163394,2089
2020-08-01,47123,47123,352,19,339,16,13,3,178,14,26,1,165,5,9,0,391,4275,4666,148
2020-08-01,47101,47101,51,4,51,4,0,0,36,4,5,0,14,,1,0,56,1992,2048,99
2020-08-01,47109,47109,309,9,287,9,22,0,170,4,21,0,134,5,5,0,342,3234,3576,107
2020-08-01,47107,47107,472,10,467,10,5,0,139,7,35,0,313,3,20,0,583,7910,8493,133
2020-08-01,47119,47119,1050,40,1045,37,5,3,513,35,34,0,532,5,5,0,1243,11239,12482,216
2020-08-01,47117,47117,261,3,260,2,1,1,120,1,13,0,139,2,2,0,302,4144,4446,71
2020-08-01,47115,47115,199,4,198,4,1,0,84,2,21,0,111,2,4,0,247,3198,3445,46
2020-08-01,47113,47113,863,94,840,94,23,0,389,76,45,1,462,18,12,0,961,13140,14101,730
2020-08-01,47111,47111,834,14,829,14,5,0,160,9,57,2,661,5,13,0,980,4484,5464,59
2020-08-01,47105,47105,643,37,624,37,19,0,282,31,16,0,358,6,3,0,700,6583,7283,139
2020-08-01,47103,47103,250,16,249,15,1,1,130,14,10,0,119,2,1,0,304,3854,4158,120
2020-08-01,47139,47139,157,17,155,17,2,0,92,16,7,0,64,1,1,0,168,1764,1932,48
2020-08-01,47121,47121,96,4,96,4,0,0,52,4,5,0,44,,0,0,116,1639,1755,33
2020-08-01,47141,47141,1543,25,1536,25,7,0,419,16,47,1,1111,9,13,0,1840,16236,18076,261
2020-08-01,47163,47163,758,29,706,30,52,-1,269,16,57,3,481,13,8,0,801,13135,13936,279
2020-08-01,47145,47145,347,17,330,17,17,0,209,14,16,0,137,3,1,0,404,9323,9727,161
2020-08-01,47099,47099,458,14,455,11,3,3,194,7,22,1,258,7,6,0,553,5574,6127,83
2020-08-01,47187,47187,3193,61,3188,61,5,0,1319,15,83,0,1852,46,22,0,3798,38024,41822,528
2020-08-01,47185,47185,188,2,186,2,2,0,75,1,12,0,110,1,3,0,229,4245,4474,63
2020-08-01,47183,47183,251,22,239,21,12,1,168,19,8,0,80,3,3,0,267,4832,5099,253
2020-08-01,47181,47181,212,6,209,4,3,2,86,5,6,0,125,1,1,0,232,3745,3977,54
2020-08-01,47179,47179,993,50,967,51,26,-1,730,42,46,2,261,8,2,0,1125,14647,15772,402
2020-08-01,47177,47177,393,18,385,17,8,1,197,11,7,0,192,7,4,0,428,7049,7477,257
2020-08-01,47175,47175,32,2,32,2,0,0,18,0,1,0,14,2,0,0,34,731,765,10
2020-08-01,47173,47173,114,4,113,4,1,0,69,3,1,0,45,1,0,0,123,2179,2302,64
2020-08-01,47171,47171,136,7,132,6,4,1,74,6,2,0,62,1,0,0,144,3022,3166,49
2020-08-01,47169,47169,1572,2,1569,2,3,0,73,-2,16,0,1493,4,6,0,1633,3182,4815,27
2020-08-01,47167,47167,1094,29,1083,29,11,0,404,21,54,1,681,8,9,0,1245,12562,13807,509
2020-08-01,47165,47165,3136,30,3123,29,13,1,1414,-9,279,2,1653,39,69,0,3809,23970,27779,362
2020-08-01,47161,47161,67,2,67,2,0,0,37,1,3,0,30,1,0,0,83,1450,1533,41
2020-08-01,47159,47159,360,20,356,19,4,1,165,16,11,0,192,4,3,0,427,3071,3498,68
2020-08-01,47157,47157,21021,435,20982,434,39,1,5028,85,1218,12,15709,345,284,5,25609,221549,247158,6892
2020-08-01,47155,47155,1679,35,1624,35,55,0,638,26,53,1,1036,9,5,0,1801,15300,17101,232
2020-08-01,47153,47153,94,1,94,1,0,0,34,1,4,0,60,,0,0,117,2827,2944,31
2020-08-01,47151,47151,98,7,95,7,3,0,58,7,3,0,40,,0,0,104,2064,2168,44
2020-08-01,47149,47149,5999,100,5990,99,9,1,2767,35,175,1,3181,65,51,0,7291,44039,51330,911
2020-08-01,47147,47147,1417,8,1415,8,2,0,565,-8,89,0,836,16,16,0,1790,9686,11476,103
2020-08-01,47143,47143,491,10,491,10,0,0,135,9,12,0,355,1,1,0,575,5177,5752,149
2020-08-01,47189,47189,2041,40,2039,40,2,0,818,13,74,1,1203,27,20,0,2464,21815,24279,296
2020-08-01,47097,47097,420,9,414,9,6,0,206,6,27,0,208,3,6,0,476,6195,6671,167
2020-08-01,47093,47093,3848,143,3736,143,112,0,1906,88,189,3,1911,54,31,1,4354,68340,72694,1392
2020-08-01,47041,47041,303,8,302,8,1,0,170,6,13,0,132,2,1,0,344,4157,4501,72
2020-08-01,47039,47039,159,9,125,8,34,1,98,8,5,0,60,1,1,0,178,2376,2554,175
2020-08-01,47037,47037,19176,198,19136,197,40,1,4555,-57,666,9,14423,255,198,0,23707,169785,193492,2400
2020-08-01,47035,47035,374,9,373,9,1,0,137,8,23,0,231,1,6,0,477,11527,12004,154
2020-08-01,47033,47033,220,4,204,4,16,0,117,-3,9,0,100,7,3,0,242,1663,1905,53
2020-08-01,47031,47031,395,25,380,20,15,5,219,21,13,1,174,4,2,0,467,8288,8755,215
2020-08-01,47029,47029,385,16,366,16,19,0,185,12,11,0,199,4,1,0,408,4205,4613,126
2020-08-01,47027,47027,61,3,57,3,4,0,29,3,2,0,32,,0,0,62,1312,1374,40
2020-08-01,47025,47025,210,4,200,4,10,0,121,4,7,0,89,,0,0,230,4665,4895,91
2020-08-01,47021,47021,533,17,531,17,2,0,272,13,20,1,256,4,5,0,628,6021,6649,91
2020-08-01,47019,47019,407,17,393,17,14,0,306,12,33,0,96,5,5,0,448,7365,7813,279
2020-08-01,47017,47017,216,25,191,25,25,0,148,22,12,0,65,3,3,0,230,3580,3810,333
2020-08-01,47015,47015,115,5,113,4,2,1,50,4,5,0,65,1,0,0,150,1972,2122,66
2020-08-01,47013,47013,203,13,196,13,7,0,120,13,8,0,82,,1,0,231,5183,5414,118
2020-08-01,47011,47011,1681,30,1662,31,19,-1,551,24,91,0,1120,6,10,0,2031,12715,14746,289
2020-08-01,47009,47009,1089,46,1064,46,25,0,554,33,39,1,528,13,7,0,1277,13929,15206,282
2020-08-01,47007,47007,661,2,661,2,0,0,25,2,11,0,635,,1,0,683,4445,5128,39
2020-08-01,47005,47005,91,11,86,11,5,0,66,10,4,1,24,1,1,0,97,1723,1820,66
2020-08-01,47003,47003,851,28,842,25,9,3,226,26,29,0,615,2,10,0,1015,6283,7298,125
2020-08-01,47001,47001,583,12,570,12,13,0,280,8,26,0,298,4,5,0,685,13416,14101,247
2020-08-01,47095,47095,740,4,734,4,6,0,44,3,3,0,696,1,0,0,909,4258,5167,41
2020-08-01,47043,47043,580,5,570,2,10,3,354,-4,32,2,225,9,1,0,740,7099,7839,101
2020-08-01,47045,47045,534,19,514,17,20,2,294,14,36,1,233,4,7,1,597,5243,5840,123
2020-08-01,47023,47023,190,9,177,9,13,0,97,3,7,0,92,6,1,0,206,1685,1891,76
2020-08-01,47049,47049,73,2,73,2,0,0,37,2,7,0,36,,0,0,78,1976,2054,21
2020-08-01,47047,47047,616,20,610,19,6,1,234,17,43,0,374,3,8,0,776,9593,10369,399
2020-08-01,47089,47089,480,6,461,5,19,1,223,2,24,0,255,4,2,0,534,7586,8120,89
2020-08-01,47087,47087,105,0,105,0,0,0,35,-4,6,0,69,4,1,0,120,1434,1554,21
2020-08-01,47085,47085,100,1,95,1,5,0,64,1,3,0,33,,3,0,117,2651,2768,55
2020-08-01,47083,47083,54,0,54,0,0,0,32,-2,4,0,22,2,0,0,62,1119,1181,13
2020-08-01,47081,47081,218,10,215,9,3,1,85,9,5,0,133,1,0,0,275,2933,3208,64
2020-08-01,47079,47079,205,28,202,28,3,0,139,27,16,2,66,1,0,0,245,4768,5013,180
2020-08-01,47077,47077,423,3,347,5,76,-2,256,-2,11,0,167,5,0,0,472,3820,4292,156
2020-08-01,47075,47075,366,3,353,4,13,-1,206,1,18,0,155,2,5,0,390,3032,3422,148
2020-08-01,47073,47073,304,13,296,13,8,0,214,11,25,1,86,2,4,0,352,4904,5256,102
2020-08-01,47071,47071,394,8,352,7,42,1,206,5,12,0,181,3,7,0,433,5985,6418,83
2020-08-01,47091,47091,141,25,138,25,3,0,101,24,6,0,40,1,0,0,147,3303,3450,101
2020-08-01,47067,47067,72,1,69,1,3,0,57,1,7,0,14,,1,0,83,1056,1139,27
2020-08-01,47065,47065,5549,66,5538,66,11,0,1655,-30,233,4,3847,96,47,0,6344,56781,63125,1178
2020-08-01,47063,47063,1208,25,1191,22,17,3,512,20,60,0,683,5,13,0,1353,10902,12255,209
2020-08-01,47061,47061,98,1,96,1,2,0,29,1,14,0,67,,2,0,116,1361,1477,22
2020-08-01,47059,47059,362,18,348,18,14,0,223,17,23,1,134,1,5,0,432,7244,7676,185
2020-08-01,47057,47057,164,2,160,2,4,0,90,0,9,0,74,2,0,0,194,2714,2908,46
2020-08-01,47055,47055,334,13,332,11,2,2,175,8,20,0,150,4,9,1,399,4621,5020,101
2020-08-01,47053,47053,550,13,468,15,82,-2,330,7,20,1,218,6,2,0,612,6391,7003,208
2020-08-01,47051,47051,271,13,268,13,3,0,123,4,14,0,144,9,4,0,341,5966,6307,120
2020-08-01,47069,47069,787,27,758,27,29,0,314,27,39,1,462,,11,0,873,8264,9137,181
2020-08-02,47141,47141,1547,4,1540,4,7,0,418,-1,47,0,1116,5,13,0,1847,16350,18197,121
2020-08-02,47129,47129,79,3,79,3,0,0,34,3,2,0,44,,1,0,94,4660,4754,32
2020-08-02,47131,47131,427,8,420,8,7,0,282,7,21,1,141,1,4,0,480,4768,5248,54
2020-08-02,,47OOS,2823,94,2779,91,44,3,1576,74,61,1,1235,20,12,0,2894,162618,165512,2118
2020-08-02,47139,47139,166,9,164,9,2,0,101,9,7,0,64,,1,0,178,1799,1977,45
2020-08-02,,47PEN,2924,36,2898,37,26,-1,1861,19,27,1,1059,17,4,0,3287,122642,125929,1032
2020-08-02,47135,47135,74,1,72,1,2,0,25,1,4,0,49,,0,0,85,1610,1695,17
2020-08-02,47137,47137,22,0,22,0,0,0,12,0,0,0,9,,1,0,22,626,648,1
2020-08-02,47127,47127,42,-1,42,-1,0,0,13,-1,0,0,29,,0,0,54,866,920,11
2020-08-02,47133,47133,134,0,132,0,2,0,42,0,4,0,91,,1,0,154,3608,3762,15
2020-08-02,47125,47125,1711,34,1703,34,8,0,970,24,74,0,730,10,11,0,1977,23240,25217,453
2020-08-02,47119,47119,1066,16,1061,16,5,0,521,8,35,1,540,8,5,0,1263,11495,12758,276
2020-08-02,47121,47121,96,0,96,0,0,0,51,-1,5,0,45,1,0,0,116,1658,1774,19
2020-08-02,47109,47109,310,1,287,0,23,1,169,-1,21,0,136,2,5,0,344,3241,3585,9
2020-08-02,47107,47107,479,7,474,7,5,0,143,4,35,0,316,3,20,0,589,8107,8696,203
2020-08-02,47117,47117,263,2,262,2,1,0,122,2,13,0,139,,2,0,304,4317,4621,175
2020-08-02,47115,47115,206,7,205,7,1,0,91,7,21,0,111,,4,0,258,3249,3507,62
2020-08-02,47113,47113,889,26,866,26,23,0,407,18,45,0,470,8,12,0,990,13285,14275,174
2020-08-02,47111,47111,834,0,829,0,5,0,160,0,57,0,661,,13,0,983,4496,5479,15
2020-08-02,47105,47105,649,6,630,6,19,0,281,-1,16,0,365,7,3,0,708,6663,7371,88
2020-08-02,47103,47103,251,1,250,1,1,0,128,-2,10,0,122,3,1,0,309,3932,4241,83
2020-08-02,47123,47123,356,4,342,3,14,1,175,-3,26,0,172,7,9,0,395,4341,4736,70
2020-08-02,47143,47143,497,6,497,6,0,0,141,6,12,0,355,,1,0,587,5303,5890,138
2020-08-02,47101,47101,56,5,56,5,0,0,41,5,5,0,14,,1,0,61,2041,2102,54
2020-08-02,47147,47147,1432,15,1430,15,2,0,564,-1,89,0,852,16,16,0,1811,9766,11577,101
2020-08-02,47189,47189,2064,23,2062,23,2,0,811,-7,74,0,1233,30,20,0,2495,22047,24542,263
2020-08-02,47187,47187,3230,37,3225,37,5,0,1322,3,84,1,1886,34,22,0,3838,38390,42228,406
2020-08-02,47185,47185,191,3,189,3,2,0,78,3,12,0,110,,3,0,233,4276,4509,35
2020-08-02,47183,47183,260,9,247,8,13,1,173,5,8,0,84,4,3,0,278,4940,5218,119
2020-08-02,47181,47181,214,2,210,1,4,1,87,1,6,0,126,1,1,0,233,3784,4017,40
2020-08-02,47179,47179,1038,45,1013,46,25,-1,765,35,47,1,271,10,2,0,1168,15070,16238,466
2020-08-02,47177,47177,400,7,391,6,9,1,204,7,7,0,192,,4,0,435,7089,7524,47
2020-08-02,47175,47175,32,0,32,0,0,0,18,0,1,0,14,,0,0,34,732,766,1
2020-08-02,47173,47173,118,4,117,4,1,0,72,3,1,0,46,1,0,0,129,2215,2344,42
2020-08-02,47171,47171,136,0,132,0,4,0,74,0,2,0,62,,0,0,145,3058,3203,37
2020-08-02,47169,47169,1572,0,1569,0,3,0,72,-1,16,0,1494,1,6,0,1634,3203,4837,22
2020-08-02,47167,47167,1104,10,1093,10,11,0,409,5,54,0,686,5,9,0,1255,12623,13878,71
2020-08-02,47165,47165,3160,24,3147,24,13,0,1409,-5,279,0,1682,29,69,0,3836,24169,28005,226
2020-08-02,47163,47163,780,22,726,20,54,2,274,5,58,1,497,16,9,1,822,13278,14100,164
2020-08-02,47161,47161,70,3,70,3,0,0,40,3,3,0,30,,0,0,88,1484,1572,39
2020-08-02,47159,47159,361,1,357,1,4,0,164,-1,11,0,194,2,3,0,435,3090,3525,27
2020-08-02,47157,47157,21296,275,21257,275,39,0,5144,116,1228,10,15867,158,285,1,25976,224024,250000,2842
2020-08-02,47155,47155,1702,23,1647,23,55,0,649,11,54,1,1048,12,5,0,1824,15376,17200,99
2020-08-02,47153,47153,94,0,94,0,0,0,32,-2,4,0,62,2,0,0,118,2866,2984,40
2020-08-02,47151,47151,101,3,98,3,3,0,61,3,3,0,40,,0,0,109,2114,2223,55
2020-08-02,47149,47149,6042,43,6033,43,9,0,2781,14,175,0,3210,29,51,0,7341,44720,52061,731
2020-08-02,47145,47145,356,9,338,8,18,1,212,3,16,0,143,6,1,0,414,9454,9868,141
2020-08-02,47099,47099,474,16,471,16,3,0,208,14,22,0,260,2,6,0,570,5670,6240,113
2020-08-02,47097,47097,421,1,415,1,6,0,207,1,27,0,208,,6,0,478,6215,6693,22
2020-08-02,47095,47095,744,4,738,4,6,0,48,4,3,0,696,,0,0,913,4269,5182,15
2020-08-02,47043,47043,587,7,576,6,11,1,353,-1,32,0,233,8,1,0,749,7173,7922,83
2020-08-02,47041,47041,304,1,303,1,1,0,171,1,13,0,132,,1,0,345,4213,4558,57
2020-08-02,47039,47039,159,0,125,0,34,0,97,-1,5,0,61,1,1,0,178,2381,2559,5
2020-08-02,47037,47037,19320,144,19279,143,41,1,4569,14,672,6,14552,129,199,1,23894,171547,195441,1949
2020-08-02,47035,47035,375,1,374,1,1,0,135,-2,23,0,234,3,6,0,479,11664,12143,139
2020-08-02,47033,47033,223,3,207,3,16,0,116,-1,9,0,104,4,3,0,246,1681,1927,22
2020-08-02,47031,47031,411,16,394,14,17,2,234,15,13,0,175,1,2,0,483,8506,8989,234
2020-08-02,47029,47029,391,6,372,6,19,0,185,0,12,1,205,6,1,0,414,4251,4665,52
2020-08-02,47027,47027,62,1,58,1,4,0,30,1,2,0,32,,0,0,64,1313,1377,3
2020-08-02,47025,47025,212,2,202,2,10,0,121,0,7,0,91,2,0,0,232,4782,5014,119
2020-08-02,47023,47023,192,2,179,2,13,0,99,2,7,0,92,,1,0,209,1695,1904,13
2020-08-02,47021,47021,544,11,542,11,2,0,280,8,20,0,259,3,5,0,641,6141,6782,133
2020-08-02,47019,47019,424,17,410,17,14,0,323,17,33,0,96,,5,0,466,7507,7973,160
2020-08-02,47017,47017,226,10,200,9,26,1,157,9,12,0,66,1,3,0,239,3613,3852,42
2020-08-02,47015,47015,117,2,114,1,3,1,52,2,5,0,65,,0,0,153,1977,2130,8
2020-08-02,47013,47013,207,4,200,4,7,0,121,1,8,0,85,3,1,0,235,5288,5523,109
2020-08-02,47011,47011,1705,24,1686,24,19,0,559,8,91,0,1136,16,10,0,2059,12919,14978,232
2020-08-02,47009,47009,1098,9,1073,9,25,0,544,-10,39,0,547,19,7,0,1286,14085,15371,165
2020-08-02,47007,47007,668,7,668,7,0,0,32,7,11,0,635,,1,0,691,4481,5172,44
2020-08-02,47005,47005,92,1,87,1,5,0,66,0,4,0,25,1,1,0,98,1737,1835,15
2020-08-02,47003,47003,862,11,852,10,10,1,231,5,30,1,621,6,10,0,1025,6396,7421,123
2020-08-02,47045,47045,542,8,522,8,20,0,299,5,36,0,236,3,7,0,606,5280,5886,46
2020-08-02,47047,47047,617,1,611,1,6,0,233,-1,44,1,376,2,8,0,778,9631,10409,40
2020-08-02,47001,47001,599,16,586,16,13,0,289,9,26,0,305,7,5,0,701,13779,14480,379
2020-08-02,47051,47051,285,14,281,13,4,1,133,10,14,0,148,4,4,0,356,6106,6462,155
2020-08-02,47049,47049,74,1,74,1,0,0,38,1,7,0,36,,0,0,79,1984,2063,9
2020-08-02,47093,47093,3926,78,3803,67,123,11,1945,39,189,0,1947,36,34,3,4426,69513,73939,1245
2020-08-02,47091,47091,160,19,157,19,3,0,120,19,6,0,40,,0,0,166,3377,3543,93
2020-08-02,47089,47089,489,9,466,5,23,4,225,2,24,0,262,7,2,0,539,7654,8193,73
2020-08-02,47087,47087,107,2,107,2,0,0,36,1,6,0,70,1,1,0,121,1439,1560,6
2020-08-02,47085,47085,101,1,96,1,5,0,65,1,3,0,33,,3,0,118,2744,2862,94
2020-08-02,47081,47081,226,8,223,8,3,0,92,7,5,0,134,1,0,0,283,2998,3281,73
2020-08-02,47079,47079,211,6,207,5,4,1,143,4,16,0,68,2,0,0,252,4790,5042,29
2020-08-02,47077,47077,426,3,350,3,76,0,258,2,11,0,168,1,0,0,478,3870,4348,56
2020-08-02,47075,47075,369,3,355,2,14,1,204,-2,18,0,160,5,5,0,394,3071,3465,43
2020-08-02,47083,47083,55,1,55,1,0,0,33,1,4,0,22,,0,0,63,1134,1197,16
2020-08-02,47071,47071,398,4,356,4,42,0,209,3,12,0,182,1,7,0,438,6029,6467,49
2020-08-02,47069,47069,794,7,766,8,28,-1,320,6,39,0,463,1,11,0,882,8297,9179,42
2020-08-02,47067,47067,74,2,71,2,3,0,59,2,7,0,14,,1,0,85,1070,1155,16
2020-08-02,47065,47065,5621,72,5609,71,12,1,1652,-3,235,2,3922,75,47,0,6426,57815,64241,1116
2020-08-02,47053,47053,558,8,475,7,83,1,336,6,20,0,220,2,2,0,620,6441,7061,58
2020-08-02,47063,47063,1217,9,1196,5,21,4,512,0,60,0,692,9,13,0,1359,11031,12390,135
2020-08-02,47061,47061,101,3,99,3,2,0,32,3,14,0,67,,2,0,119,1376,1495,18
2020-08-02,47059,47059,369,7,355,7,14,0,227,4,24,1,137,3,5,0,442,7441,7883,207
2020-08-02,47057,47057,168,4,164,4,4,0,91,1,9,0,77,3,0,0,197,2747,2944,36
2020-08-02,47055,47055,344,10,342,10,2,0,184,9,21,1,151,1,9,0,412,4692,5104,84
2020-08-02,47073,47073,324,20,316,20,8,0,231,17,26,1,89,3,4,0,376,5032,5408,152
2020-08-03,47127,47127,45,3,45,3,0,0,16,3,0,0,29,,0,0,57,869,926,6
2020-08-03,47129,47129,82,3,82,3,0,0,34,0,2,0,47,3,1,0,96,4683,4779,25
2020-08-03,47131,47131,435,8,427,7,8,1,281,-1,21,0,150,9,4,0,484,4849,5333,85
2020-08-03,47137,47137,22,0,22,0,0,0,12,0,0,0,9,,1,0,22,628,650,2
2020-08-03,47133,47133,134,0,132,0,2,0,39,-3,4,0,94,3,1,0,154,3618,3772,10
2020-08-03,,47PEN,2954,30,2928,30,26,0,1770,-91,29,2,1180,121,4,0,3329,123456,126785,856
2020-08-03,47135,47135,74,0,72,0,2,0,25,0,4,0,49,,0,0,86,1613,1699,4
2020-08-03,47125,47125,1734,23,1726,23,8,0,961,-9,74,0,762,32,11,0,2001,23499,25500,283
2020-08-03,,47OOS,2783,-40,2742,-37,41,-3,1447,-129,62,1,1322,87,14,2,2870,163528,166398,886
2020-08-03,47123,47123,366,10,352,10,14,0,180,5,26,0,177,5,9,0,408,4439,4847,111
2020-08-03,47101,47101,56,0,56,0,0,0,38,-3,6,1,17,3,1,0,61,2048,2109,7
2020-08-03,47109,47109,316,6,293,6,23,0,165,-4,21,0,146,10,5,0,353,3351,3704,119
2020-08-03,47107,47107,489,10,484,10,5,0,145,2,35,0,324,8,20,0,600,8169,8769,73
2020-08-03,47119,47119,1081,15,1077,16,4,-1,502,-19,36,1,574,34,5,0,1281,11585,12866,108
2020-08-03,47117,47117,265,2,264,2,1,0,122,0,13,0,141,2,2,0,306,4339,4645,24
2020-08-03,47115,47115,205,-1,204,-1,1,0,85,-6,21,0,116,5,4,0,257,3260,3517,10
2020-08-03,47113,47113,912,23,889,23,23,0,403,-4,46,1,496,26,13,1,1014,13505,14519,244
2020-08-03,47111,47111,832,-2,827,-2,5,0,141,-19,57,0,678,17,13,0,983,4514,5497,18
2020-08-03,47105,47105,653,4,634,4,19,0,272,-9,17,1,378,13,3,0,711,6730,7441,70
2020-08-03,47103,47103,254,3,253,3,1,0,117,-11,10,0,136,14,1,0,312,3959,4271,30
2020-08-03,47139,47139,165,-1,163,-1,2,0,95,-6,7,0,69,5,1,0,178,1801,1979,2
2020-08-03,47121,47121,98,2,98,2,0,0,50,-1,5,0,48,3,0,0,119,1666,1785,11
2020-08-03,47141,47141,1544,-3,1537,-3,7,0,392,-26,47,0,1139,23,13,0,1845,16389,18234,37
2020-08-03,47163,47163,806,26,752,26,54,0,290,16,61,3,507,10,9,0,848,13438,14286,186
2020-08-03,47145,47145,364,8,346,8,18,0,206,-6,16,0,156,13,2,1,423,9539,9962,94
2020-08-03,47099,47099,478,4,476,5,2,-1,202,-6,22,0,270,10,6,0,574,5719,6293,53
2020-08-03,47187,47187,3269,39,3264,39,5,0,1287,-35,84,0,1960,74,22,0,3881,38716,42597,369
2020-08-03,47185,47185,194,3,192,3,2,0,79,1,12,0,112,2,3,0,238,4288,4526,17
2020-08-03,47183,47183,276,16,263,16,13,0,185,12,9,1,88,4,3,0,292,5044,5336,118
2020-08-03,47181,47181,216,2,212,2,4,0,78,-9,7,1,137,11,1,0,236,3804,4040,23
2020-08-03,47179,47179,1066,28,1041,28,25,0,787,22,48,1,277,6,2,0,1202,15218,16420,182
2020-08-03,47177,47177,403,3,394,3,9,0,184,-20,8,1,215,23,4,0,438,7139,7577,53
2020-08-03,47175,47175,33,1,33,1,0,0,19,1,1,0,14,,0,0,35,735,770,4
2020-08-03,47173,47173,120,2,118,1,2,1,73,1,1,0,47,1,0,0,132,2253,2385,41
2020-08-03,47171,47171,138,2,134,2,4,0,76,2,2,0,62,,0,0,147,3067,3214,11
2020-08-03,47169,47169,1572,0,1569,0,3,0,70,-2,16,0,1496,2,6,0,1633,3211,4844,7
2020-08-03,47167,47167,1106,2,1095,2,11,0,400,-9,54,0,697,11,9,0,1263,12684,13947,69
2020-08-03,47165,47165,3178,18,3165,18,13,0,1348,-61,282,3,1760,78,70,1,3867,24318,28185,180
2020-08-03,47161,47161,70,0,70,0,0,0,38,-2,3,0,32,2,0,0,88,1502,1590,18
2020-08-03,47159,47159,363,2,359,2,4,0,160,-4,11,0,200,6,3,0,438,3109,3547,22
2020-08-03,47157,47157,21492,196,21453,196,39,0,4869,-275,1237,9,16335,468,288,3,26217,225798,252015,2015
2020-08-03,47155,47155,1713,11,1658,11,55,0,631,-18,55,1,1077,29,5,0,1834,15437,17271,71
2020-08-03,47153,47153,94,0,94,0,0,0,32,0,4,0,62,,0,0,118,2880,2998,14
2020-08-03,47151,47151,104,3,101,3,3,0,63,2,4,1,41,1,0,0,111,2138,2249,26
2020-08-03,47149,47149,6072,30,6063,30,9,0,2713,-68,178,3,3306,96,53,2,7388,45032,52420,359
2020-08-03,47147,47147,1450,18,1448,18,2,0,566,2,90,1,867,15,17,1,1831,9858,11689,112
2020-08-03,47143,47143,502,5,502,5,0,0,138,-3,12,0,363,8,1,0,593,5344,5937,47
2020-08-03,47097,47097,423,2,417,2,6,0,202,-5,27,0,215,7,6,0,481,6236,6717,24
2020-08-03,47189,47189,2072,8,2070,8,2,0,764,-47,75,1,1287,54,21,1,2504,22165,24669,127
2020-08-03,47093,47093,4032,106,3904,101,128,5,1910,-35,190,1,2086,139,36,2,4522,70420,74942,1003
2020-08-03,47041,47041,305,1,304,1,1,0,160,-11,13,0,144,12,1,0,346,4228,4574,16
2020-08-03,47039,47039,161,2,127,2,34,0,93,-4,6,1,66,5,2,1,182,2490,2672,113
2020-08-03,47037,47037,19400,80,19359,80,41,0,4268,-301,678,6,14930,378,202,3,23992,172376,196368,927
2020-08-03,47035,47035,379,4,378,4,1,0,135,0,23,0,238,4,6,0,482,11716,12198,55
2020-08-03,47033,47033,226,3,210,3,16,0,114,-2,9,0,109,5,3,0,250,1704,1954,27
2020-08-03,47031,47031,417,6,398,4,19,2,223,-11,13,0,192,17,2,0,492,8538,9030,41
2020-08-03,47029,47029,400,9,379,7,21,2,180,-5,12,0,219,14,1,0,423,4304,4727,62
2020-08-03,47027,47027,61,-1,58,0,3,-1,29,-1,2,0,32,,0,0,64,1319,1383,6
2020-08-03,47025,47025,221,9,210,8,11,1,116,-5,7,0,105,14,0,0,240,4887,5127,113
2020-08-03,47023,47023,193,1,180,1,13,0,96,-3,7,0,95,3,2,1,212,1729,1941,37
2020-08-03,47021,47021,548,4,546,4,2,0,273,-7,20,0,270,11,5,0,647,6187,6834,52
2020-08-03,47019,47019,427,3,412,2,15,1,320,-3,33,0,102,6,5,0,468,7550,8018,45
2020-08-03,47017,47017,228,2,202,2,26,0,157,0,13,1,68,2,3,0,242,3663,3905,53
2020-08-03,47015,47015,118,1,115,1,3,0,49,-3,5,0,69,4,0,0,152,1997,2149,19
2020-08-03,47013,47013,213,6,206,6,7,0,120,-1,8,0,92,7,1,0,241,5473,5714,191
2020-08-03,47011,47011,1713,8,1694,8,19,0,533,-26,91,0,1170,34,10,0,2073,12940,15013,35
2020-08-03,47009,47009,1120,22,1095,22,25,0,534,-10,41,2,579,32,7,0,1305,14168,15473,102
2020-08-03,47007,47007,672,4,672,4,0,0,34,2,11,0,637,2,1,0,695,4491,5186,14
2020-08-03,47005,47005,97,5,92,5,5,0,67,1,4,0,29,4,1,0,103,1778,1881,46
2020-08-03,47003,47003,871,9,860,8,11,1,230,-1,30,0,631,10,10,0,1029,6431,7460,39
2020-08-03,47001,47001,607,8,594,8,13,0,267,-22,26,0,335,30,5,0,711,13923,14634,154
2020-08-03,47043,47043,595,8,585,9,10,-1,345,-8,32,0,249,16,1,0,755,7245,8000,78
2020-08-03,47045,47045,555,13,535,13,20,0,305,6,36,0,243,7,7,0,621,5363,5984,98
2020-08-03,47095,47095,749,5,743,5,6,0,52,4,3,0,697,1,0,0,919,4286,5205,23
2020-08-03,47049,47049,74,0,74,0,0,0,35,-3,7,0,39,3,0,0,80,1995,2075,12
2020-08-03,47047,47047,620,3,614,3,6,0,235,2,44,0,377,1,8,0,782,9689,10471,62
2020-08-03,47091,47091,172,12,169,12,3,0,132,12,7,1,40,,0,0,178,3394,3572,29
2020-08-03,47089,47089,496,7,459,-7,37,14,216,-9,24,0,278,16,2,0,544,7693,8237,44
2020-08-03,47087,47087,106,-1,106,-1,0,0,30,-6,7,1,75,5,1,0,124,1439,1563,3
2020-08-03,47085,47085,105,4,99,3,6,1,68,3,3,0,34,1,3,0,122,2790,2912,50
2020-08-03,47083,47083,55,0,55,0,0,0,31,-2,4,0,24,2,0,0,63,1151,1214,17
2020-08-03,47079,47079,216,5,212,5,4,0,146,3,16,0,70,2,0,0,257,4922,5179,137
2020-08-03,47077,47077,431,5,355,5,76,0,251,-7,11,0,180,12,0,0,480,3955,4435,87
2020-08-03,47075,47075,374,5,360,5,14,0,198,-6,18,0,171,11,5,0,399,3106,3505,40
2020-08-03,47073,47073,362,38,354,38,8,0,265,34,27,1,93,4,4,0,413,5065,5478,70
2020-08-03,47081,47081,231,5,229,6,2,-1,86,-6,5,0,145,11,0,0,290,3016,3306,25
2020-08-03,47069,47069,801,7,772,6,29,1,313,-7,39,0,477,14,11,0,890,8334,9224,45
2020-08-03,47067,47067,76,2,72,1,4,1,60,1,7,0,15,1,1,0,87,1076,1163,8
2020-08-03,47065,47065,5661,40,5649,40,12,0,1583,-69,239,4,4031,109,47,0,6472,58205,64677,436
2020-08-03,47063,47063,1229,12,1200,4,29,8,474,-38,60,0,742,50,13,0,1367,11091,12458,68
2020-08-03,47051,47051,286,1,282,1,4,0,127,-6,14,0,155,7,4,0,357,6123,6480,18
2020-08-03,47061,47061,101,0,99,0,2,0,32,0,14,0,67,,2,0,119,1379,1498,3
2020-08-03,47059,47059,371,2,357,2,14,0,227,0,25,1,139,2,5,0,445,7480,7925,42
2020-08-03,47057,47057,169,1,162,-2,7,3,89,-2,9,0,80,3,0,0,198,2765,2963,19
2020-08-03,47055,47055,351,7,349,7,2,0,174,-10,21,0,168,17,9,0,421,4765,5186,82
2020-08-03,47053,47053,567,9,483,8,84,1,330,-6,20,0,235,15,2,0,625,6538,7163,102
2020-08-03,47071,47071,401,3,360,4,41,-1,202,-7,12,0,192,10,7,0,444,6213,6657,190
2020-08-04,47127,47127,44,-1,44,-1,0,0,15,-1,0,0,29,,0,0,56,876,932,6
2020-08-04,47129,47129,91,9,91,9,0,0,41,7,2,0,49,2,1,0,109,4748,4857,78
2020-08-04,47131,47131,453,18,445,18,8,0,281,0,21,0,168,18,4,0,502,4992,5494,161
2020-08-04,47137,47137,25,3,25,3,0,0,14,2,0,0,10,1,1,0,25,635,660,10
2020-08-04,47133,47133,139,5,137,5,2,0,42,3,4,0,96,2,1,0,159,3673,3832,60
2020-08-04,,47PEN,2957,3,2931,3,26,0,1644,-126,32,3,1308,128,5,1,3328,123553,126881,96
2020-08-04,47135,47135,74,0,72,0,2,0,24,-1,4,0,50,1,0,0,85,1632,1717,18
2020-08-04,47125,47125,1752,18,1744,18,8,0,935,-26,79,5,805,43,12,1,2023,23696,25719,219
2020-08-04,,47OOS,2789,6,2751,9,38,-3,1408,-39,63,1,1367,45,14,0,2815,165131,167946,1548
2020-08-04,47123,47123,377,11,363,11,14,0,184,4,27,1,184,7,9,0,421,4542,4963,116
2020-08-04,47101,47101,58,2,58,2,0,0,37,-1,6,0,20,3,1,0,63,2058,2121,12
2020-08-04,47109,47109,324,8,301,8,23,0,165,0,21,0,154,8,5,0,361,3408,3769,65
2020-08-04,47107,47107,493,4,488,4,5,0,134,-11,35,0,339,15,20,0,605,8232,8837,68
2020-08-04,47119,47119,1089,8,1085,8,4,0,500,-2,39,3,582,8,7,2,1291,11664,12955,89
2020-08-04,47117,47117,266,1,265,1,1,0,120,-2,13,0,144,3,2,0,307,4358,4665,20
2020-08-04,47115,47115,209,4,208,4,1,0,83,-2,21,0,122,6,4,0,258,3282,3540,23
2020-08-04,47113,47113,929,17,906,17,23,0,393,-10,46,0,523,27,13,0,1031,13717,14748,229
2020-08-04,47111,47111,841,9,836,9,5,0,140,-1,58,1,688,10,13,0,995,4589,5584,87
2020-08-04,47105,47105,682,29,663,29,19,0,291,19,17,0,388,10,3,0,741,6845,7586,145
2020-08-04,47103,47103,255,1,254,1,1,0,116,-1,10,0,138,2,1,0,315,4001,4316,45
2020-08-04,47139,47139,179,14,177,14,2,0,98,3,9,2,78,9,3,2,192,1815,2007,28
2020-08-04,47121,47121,99,1,99,1,0,0,47,-3,5,0,52,4,0,0,120,1679,1799,14
2020-08-04,47141,47141,1601,57,1593,56,8,1,414,22,50,3,1174,35,13,0,1908,16732,18640,406
2020-08-04,47163,47163,833,27,780,28,53,-1,284,-6,65,4,540,33,9,0,880,13566,14446,160
2020-08-04,47145,47145,392,28,374,28,18,0,220,14,16,0,170,14,2,0,453,9826,10279,317
2020-08-04,47099,47099,491,13,489,13,2,0,208,6,23,1,277,7,6,0,588,5784,6372,79
2020-08-04,47187,47187,3308,39,3302,38,6,1,1250,-37,86,2,2036,76,22,0,3927,39002,42929,332
2020-08-04,47185,47185,205,11,203,11,2,0,83,4,12,0,119,7,3,0,251,4375,4626,100
2020-08-04,47183,47183,310,34,296,33,14,1,214,29,9,0,93,5,3,0,329,5163,5492,156
2020-08-04,47181,47181,219,3,213,1,6,2,79,1,8,1,139,2,1,0,238,3826,4064,24
2020-08-04,47179,47179,1089,23,1064,23,25,0,798,11,50,2,289,12,2,0,1237,15468,16705,285
2020-08-04,47177,47177,429,26,420,26,9,0,200,16,9,1,225,10,4,0,467,7299,7766,189
2020-08-04,47175,47175,33,0,33,0,0,0,18,-1,1,0,15,1,0,0,35,745,780,10
2020-08-04,47173,47173,129,9,127,9,2,0,74,1,1,0,55,8,0,0,142,2291,2433,48
2020-08-04,47171,47171,139,1,135,1,4,0,77,1,2,0,62,,0,0,146,3081,3227,13
2020-08-04,47169,47169,1576,4,1573,4,3,0,73,3,16,0,1497,1,6,0,1639,3221,4860,16
2020-08-04,47167,47167,1123,17,1112,17,11,0,398,-2,55,1,716,19,9,0,1281,12896,14177,230
2020-08-04,47165,47165,3219,41,3206,41,13,0,1331,-17,284,2,1818,58,70,0,3905,24581,28486,301
2020-08-04,47161,47161,70,0,70,0,0,0,36,-2,3,0,34,2,0,0,88,1514,1602,12
2020-08-04,47159,47159,384,21,380,21,4,0,165,5,12,1,216,16,3,0,459,3191,3650,103
2020-08-04,47157,47157,21728,236,21689,236,39,0,4648,-221,1247,10,16787,452,293,5,26490,227662,254152,2137
2020-08-04,47155,47155,1756,43,1701,43,55,0,645,14,55,0,1106,29,5,0,1888,15767,17655,384
2020-08-04,47153,47153,96,2,96,2,0,0,34,2,4,0,62,,0,0,119,2882,3001,3
2020-08-04,47151,47151,105,1,102,1,3,0,60,-3,4,0,45,4,0,0,113,2181,2294,45
2020-08-04,47149,47149,6155,83,6146,83,9,0,2665,-48,180,2,3437,131,53,0,7487,45491,52978,558
2020-08-04,47147,47147,1459,9,1457,9,2,0,552,-14,91,1,888,21,19,2,1843,9883,11726,37
2020-08-04,47143,47143,511,9,510,8,1,1,138,0,12,0,372,9,1,0,604,5356,5960,23
2020-08-04,47189,47189,2102,30,2100,30,2,0,756,-8,77,2,1324,37,22,1,2539,22391,24930,261
2020-08-04,47097,47097,438,15,432,15,6,0,205,3,27,0,227,12,6,0,497,6310,6807,90
2020-08-04,47093,47093,4108,76,3981,77,127,-1,1874,-36,191,1,2197,111,37,1,4633,71080,75713,771
2020-08-04,47041,47041,322,17,321,17,1,0,167,7,14,1,154,10,1,0,365,4305,4670,96
2020-08-04,47039,47039,169,8,135,8,34,0,97,4,6,0,70,4,2,0,191,2563,2754,82
2020-08-04,47037,47037,19563,163,19522,163,41,0,4021,-247,692,14,15337,407,205,3,24201,174158,198359,1991
2020-08-04,47035,47035,385,6,384,6,1,0,131,-4,26,3,248,10,6,0,497,11941,12438,240
2020-08-04,47033,47033,236,10,219,9,17,1,120,6,10,1,112,3,4,1,260,1757,2017,63
2020-08-04,47031,47031,421,4,400,2,21,2,221,-2,13,0,198,6,2,0,500,8575,9075,45
2020-08-04,47029,47029,412,12,392,13,20,-1,184,4,12,0,227,8,1,0,437,4447,4884,157
2020-08-04,47027,47027,64,3,61,3,3,0,30,1,2,0,34,2,0,0,67,1354,1421,38
2020-08-04,47025,47025,235,14,224,14,11,0,123,7,8,1,112,7,0,0,254,4951,5205,78
2020-08-04,47021,47021,548,0,546,0,2,0,268,-5,22,2,274,4,6,1,646,6232,6878,44
2020-08-04,47019,47019,433,6,418,6,15,0,323,3,33,0,105,3,5,0,476,7657,8133,115
2020-08-04,47017,47017,244,16,218,16,26,0,168,11,13,0,73,5,3,0,258,3760,4018,113
2020-08-04,47015,47015,126,8,123,8,3,0,53,4,5,0,73,4,0,0,163,2025,2188,39
2020-08-04,47013,47013,221,8,214,8,7,0,124,4,10,2,96,4,1,0,250,5558,5808,94
2020-08-04,47011,47011,1739,26,1719,25,20,1,518,-15,93,2,1211,41,10,0,2102,13014,15116,103
2020-08-04,47009,47009,1181,61,1155,60,26,1,562,28,43,2,612,33,7,0,1362,14511,15873,400
2020-08-04,47007,47007,674,2,674,2,0,0,35,1,11,0,638,1,1,0,697,4493,5190,4
2020-08-04,47005,47005,108,11,103,11,5,0,75,8,4,0,32,3,1,0,114,1840,1954,73
2020-08-04,47003,47003,877,6,866,6,11,0,224,-6,30,0,642,11,11,1,1040,6450,7490,30
2020-08-04,47001,47001,630,23,617,23,13,0,275,8,31,5,348,13,7,2,736,14161,14897,263
2020-08-04,47095,47095,756,7,750,7,6,0,58,6,3,0,698,1,0,0,926,4320,5246,41
2020-08-04,47043,47043,609,14,593,8,16,6,351,6,32,0,257,8,1,0,772,7266,8038,38
2020-08-04,47045,47045,568,13,546,11,22,2,312,7,36,0,249,6,7,0,633,5423,6056,72
2020-08-04,47023,47023,196,3,183,3,13,0,96,0,7,0,98,3,2,0,217,1757,1974,33
2020-08-04,47049,47049,76,2,76,2,0,0,35,0,7,0,41,2,0,0,82,2039,2121,46
2020-08-04,47047,47047,642,22,636,22,6,0,251,16,44,0,383,6,8,0,805,9781,10586,115
2020-08-04,47089,47089,508,12,469,10,39,2,210,-6,24,0,295,17,3,1,562,7921,8483,246
2020-08-04,47087,47087,108,2,107,1,1,1,27,-3,7,0,80,5,1,0,126,1471,1597,34
2020-08-04,47085,47085,109,4,101,2,8,2,72,4,3,0,34,,3,0,127,2796,2923,11
2020-08-04,47083,47083,54,-1,54,-1,0,0,30,-1,5,1,24,,0,0,62,1153,1215,1
2020-08-04,47081,47081,233,2,230,1,3,1,84,-2,5,0,149,4,0,0,298,3028,3326,20
2020-08-04,47079,47079,225,9,221,9,4,0,143,-3,16,0,82,12,0,0,266,5027,5293,114
2020-08-04,47077,47077,469,38,393,38,76,0,270,19,11,0,199,19,0,0,529,4113,4642,207
2020-08-04,47075,47075,402,28,388,28,14,0,222,24,19,1,175,4,5,0,426,3196,3622,117
2020-08-04,47073,47073,369,7,360,6,9,1,272,7,27,0,93,,4,0,422,5136,5558,80
2020-08-04,47071,47071,409,8,368,8,41,0,197,-5,12,0,205,13,7,0,454,6324,6778,121
2020-08-04,47091,47091,177,5,174,5,3,0,137,5,8,1,40,,0,0,184,3407,3591,19
2020-08-04,47067,47067,76,0,71,-1,5,1,60,0,7,0,15,,1,0,87,1081,1168,5
2020-08-04,47065,47065,5720,59,5708,59,12,0,1506,-77,240,1,4167,136,47,0,6549,59335,65884,1207
2020-08-04,47063,47063,1297,68,1265,65,32,3,493,19,62,2,791,49,13,0,1432,11432,12864,406
2020-08-04,47061,47061,102,1,100,1,2,0,32,0,14,0,68,1,2,0,120,1393,1513,15
2020-08-04,47059,47059,376,5,358,1,18,4,232,5,25,0,139,,5,0,446,7541,7987,62
2020-08-04,47057,47057,179,10,171,9,8,1,95,6,9,0,84,4,0,0,209,2852,3061,98
2020-08-04,47055,47055,354,3,352,3,2,0,169,-5,22,1,175,7,10,1,424,4806,5230,44
2020-08-04,47053,47053,590,23,505,22,85,1,340,10,20,0,248,13,2,0,658,6791,7449,286
2020-08-04,47051,47051,286,0,283,1,3,-1,117,-10,14,0,165,10,4,0,359,6326,6685,205
2020-08-04,47069,47069,830,29,801,29,29,0,324,11,41,2,495,18,11,0,924,8450,9374,150
2020-08-05,47139,47139,181,2,179,2,2,0,86,-12,10,1,92,14,3,0,194,1829,2023,16
2020-08-05,47127,47127,53,9,53,9,0,0,23,8,0,0,30,1,0,0,65,894,959,27
2020-08-05,47129,47129,94,3,94,3,0,0,44,3,2,0,49,,1,0,110,4781,4891,34
2020-08-05,47131,47131,464,11,452,7,12,4,280,-1,21,0,180,12,4,0,514,5026,5540,46
2020-08-05,47137,47137,27,2,27,2,0,0,15,1,0,0,11,1,1,0,27,643,670,10
2020-08-05,47133,47133,141,2,139,2,2,0,43,1,4,0,97,1,1,0,169,3746,3915,83
2020-08-05,,47PEN,2928,-29,2900,-31,28,2,1513,-131,35,3,1410,102,5,0,3299,123901,127200,319
2020-08-05,47135,47135,77,3,75,3,2,0,25,1,4,0,52,2,0,0,87,1655,1742,25
2020-08-05,47125,47125,1781,29,1773,29,8,0,944,9,78,-1,824,19,13,1,2055,23906,25961,242
2020-08-05,,47OOS,2793,4,2755,4,38,0,1342,-66,65,2,1437,70,14,0,2860,167075,169935,1989
2020-08-05,47123,47123,380,3,366,3,14,0,180,-4,30,3,191,7,9,0,425,4636,5061,98
2020-08-05,47117,47117,271,5,270,5,1,0,122,2,13,0,146,2,3,1,315,4426,4741,76
2020-08-05,47109,47109,335,11,302,1,33,10,172,7,21,0,158,4,5,0,375,3437,3812,43
2020-08-05,47107,47107,498,5,493,5,5,0,125,-9,35,0,353,14,20,0,611,8299,8910,73
2020-08-05,47119,47119,1107,18,1103,18,4,0,496,-4,39,0,604,22,7,0,1311,11915,13226,271
2020-08-05,47115,47115,210,1,209,1,1,0,77,-6,21,0,129,7,4,0,260,3340,3600,60
2020-08-05,47113,47113,957,28,935,29,22,-1,385,-8,50,4,558,35,14,1,1063,13843,14906,158
2020-08-05,47111,47111,847,6,842,6,5,0,137,-3,60,2,697,9,13,0,1003,4627,5630,46
2020-08-05,47105,47105,686,4,667,4,19,0,287,-4,17,0,396,8,3,0,752,6950,7702,116
2020-08-05,47103,47103,259,4,258,4,1,0,119,3,10,0,139,1,1,0,322,4039,4361,45
2020-08-05,47101,47101,62,4,62,4,0,0,39,2,6,0,22,2,1,0,68,2100,2168,47
2020-08-05,47121,47121,99,0,99,0,0,0,44,-3,5,0,55,3,0,0,120,1698,1818,19
2020-08-05,47141,47141,1646,45,1637,44,9,1,435,21,51,1,1198,24,13,0,1961,16933,18894,254
2020-08-05,47099,47099,497,6,494,5,3,1,206,-2,23,0,285,8,6,0,594,5895,6489,117
2020-08-05,47145,47145,398,6,379,5,19,1,213,-7,16,0,183,13,2,0,460,9930,10390,111
2020-08-05,47187,47187,3363,55,3356,54,7,1,1238,-12,88,2,2103,67,22,0,3986,39530,43516,587
2020-08-05,47185,47185,232,27,230,27,2,0,104,21,12,0,125,6,3,0,282,4439,4721,95
2020-08-05,47183,47183,329,19,304,8,25,11,227,13,9,0,99,6,3,0,350,5241,5591,99
2020-08-05,47181,47181,222,3,217,4,5,-1,77,-2,8,0,143,4,2,1,243,3872,4115,51
2020-08-05,47179,47179,1114,25,1090,26,24,-1,807,9,52,2,305,16,2,0,1265,15751,17016,311
2020-08-05,47177,47177,454,25,446,26,8,-1,221,21,9,0,229,4,4,0,494,7445,7939,173
2020-08-05,47175,47175,33,0,33,0,0,0,19,1,1,0,14,-1,0,0,35,746,781,1
2020-08-05,47173,47173,133,4,130,3,3,1,73,-1,1,0,60,5,0,0,146,2309,2455,22
2020-08-05,47171,47171,141,2,137,2,4,0,79,2,3,1,62,,0,0,147,3114,3261,34
2020-08-05,47169,47169,1576,0,1573,0,3,0,72,-1,17,1,1498,1,6,0,1639,3223,4862,2
2020-08-05,47167,47167,1137,14,1126,14,11,0,395,-3,55,0,733,17,9,0,1296,12975,14271,94
2020-08-05,47165,47165,3264,45,3251,45,13,0,1327,-4,286,2,1866,48,71,1,3955,24820,28775,289
2020-08-05,47163,47163,859,26,804,24,55,2,275,-9,71,6,573,33,11,2,904,13742,14646,200
2020-08-05,47161,47161,72,2,72,2,0,0,37,1,3,0,35,1,0,0,89,1521,1610,8
2020-08-05,47159,47159,393,9,389,9,4,0,155,-10,12,0,235,19,3,0,466,3207,3673,23
2020-08-05,47157,47157,21924,196,21883,194,41,2,4343,-305,1264,17,17283,496,298,5,26756,229640,256396,2244
2020-08-05,47155,47155,1763,7,1707,6,56,1,612,-33,58,3,1145,39,6,1,1906,15857,17763,108
2020-08-05,47153,47153,96,0,96,0,0,0,30,-4,4,0,66,4,0,0,119,2943,3062,61
2020-08-05,47151,47151,105,0,102,0,3,0,59,-1,5,1,46,1,0,0,113,2219,2332,38
2020-08-05,47149,47149,6254,99,6245,99,9,0,2672,7,185,5,3529,92,53,0,7619,46233,53852,874
2020-08-05,47147,47147,1475,16,1473,16,2,0,542,-10,92,1,914,26,19,0,1860,9987,11847,121
2020-08-05,47143,47143,514,3,513,3,1,0,122,-16,13,1,391,19,1,0,606,5439,6045,85
2020-08-05,47097,47097,445,7,438,6,7,1,202,-3,27,0,236,9,7,1,502,6326,6828,21
2020-08-05,47189,47189,2152,50,2150,50,2,0,781,25,77,0,1348,24,23,1,2596,22655,25251,321
2020-08-05,47093,47093,4186,78,4059,78,127,0,1841,-33,197,6,2307,110,38,1,4728,71943,76671,958
2020-08-05,47041,47041,326,4,325,4,1,0,165,-2,14,0,160,6,1,0,373,4426,4799,129
2020-08-05,47039,47039,174,5,135,0,39,5,102,5,6,0,70,,2,0,192,2582,2774,20
2020-08-05,47037,47037,19812,249,19767,245,45,4,3920,-101,698,6,15684,347,208,3,24538,176693,201231,2872
2020-08-05,47035,47035,397,12,396,12,1,0,134,3,27,1,257,9,6,0,515,12072,12587,149
2020-08-05,47033,47033,246,10,227,8,19,2,120,0,10,0,122,10,4,0,270,1772,2042,25
2020-08-05,47031,47031,448,27,424,24,24,3,239,18,13,0,207,9,2,0,529,8735,9264,189
2020-08-05,47029,47029,421,9,401,9,20,0,179,-5,14,2,240,13,2,1,447,4551,4998,114
2020-08-05,47027,47027,66,2,62,1,4,1,28,-2,2,0,38,4,0,0,70,1375,1445,24
2020-08-05,47025,47025,235,0,224,0,11,0,112,-11,8,0,123,11,0,0,255,5055,5310,105
2020-08-05,47023,47023,201,5,186,3,15,2,100,4,7,0,99,1,2,0,222,1775,1997,23
2020-08-05,47021,47021,554,6,552,6,2,0,265,-3,22,0,283,9,6,0,655,6286,6941,63
2020-08-05,47019,47019,452,19,436,18,16,1,339,16,35,2,108,3,5,0,496,8034,8530,397
2020-08-05,47017,47017,251,7,220,2,31,5,170,2,13,0,78,5,3,0,263,3800,4063,45
2020-08-05,47015,47015,131,5,126,3,5,2,49,-4,5,0,82,9,0,0,168,2031,2199,11
2020-08-05,47013,47013,224,3,217,3,7,0,124,0,10,0,99,3,1,0,255,5620,5875,67
2020-08-05,47011,47011,1771,32,1751,32,20,0,510,-8,100,7,1249,38,12,2,2133,13121,15254,138
2020-08-05,47009,47009,1186,5,1160,5,26,0,509,-53,48,5,669,57,8,1,1373,14636,16009,136
2020-08-05,47007,47007,674,0,674,0,0,0,34,-1,11,0,639,1,1,0,697,4532,5229,39
2020-08-05,47005,47005,111,3,106,3,5,0,78,3,4,0,32,,1,0,116,1862,1978,24
2020-08-05,47003,47003,890,13,878,12,12,1,232,8,30,0,647,5,11,0,1056,6562,7618,128
2020-08-05,47001,47001,637,7,624,7,13,0,257,-18,30,-1,374,26,6,-1,746,14391,15137,240
2020-08-05,47043,47043,630,21,612,19,18,2,355,4,32,0,274,17,1,0,798,7323,8121,83
2020-08-05,47045,47045,579,11,557,11,22,0,316,4,38,2,256,7,7,0,645,5458,6103,47
2020-08-05,47095,47095,758,2,752,2,6,0,58,0,3,0,700,2,0,0,927,4329,5256,10
2020-08-05,47049,47049,76,0,76,0,0,0,35,0,7,0,41,,0,0,82,2048,2130,9
2020-08-05,47091,47091,214,37,210,36,4,1,174,37,9,1,40,,0,0,222,3562,3784,193
2020-08-05,47089,47089,513,5,474,5,39,0,201,-9,24,0,309,14,3,0,567,7995,8562,79
2020-08-05,47087,47087,109,1,107,0,2,1,22,-5,7,0,86,6,1,0,126,1478,1604,7
2020-08-05,47085,47085,113,4,104,3,9,1,74,2,3,0,36,2,3,0,131,2844,2975,52
2020-08-05,47083,47083,54,0,54,0,0,0,29,-1,5,0,25,1,0,0,62,1156,1218,3
2020-08-05,47047,47047,646,4,640,4,6,0,242,-9,44,0,396,13,8,0,810,9842,10652,66
2020-08-05,47079,47079,231,6,227,6,4,0,143,0,17,1,88,6,0,0,273,5067,5340,47
2020-08-05,47077,47077,483,14,402,9,81,5,267,-3,12,1,216,17,0,0,546,4145,4691,49
2020-08-05,47075,47075,414,12,397,9,17,3,229,7,19,0,180,5,5,0,439,3204,3643,21
2020-08-05,47073,47073,391,22,382,22,9,0,291,19,30,3,95,2,5,1,448,5300,5748,190
2020-08-05,47081,47081,240,7,234,4,6,3,88,4,5,0,152,3,0,0,303,3106,3409,83
2020-08-05,47069,47069,843,13,811,10,32,3,326,2,42,1,505,10,12,1,934,8475,9409,35
2020-08-05,47067,47067,76,0,71,0,5,0,57,-3,7,0,18,3,1,0,87,1092,1179,11
2020-08-05,47065,47065,5803,83,5790,82,13,1,1480,-26,243,3,4276,109,47,0,6643,60689,67332,1448
2020-08-05,47063,47063,1311,14,1273,8,38,6,480,-13,63,1,818,27,13,0,1441,11566,13007,143
2020-08-05,47061,47061,104,2,101,1,3,1,30,-2,14,0,72,4,2,0,123,1408,1531,18
2020-08-05,47059,47059,398,22,377,19,21,3,250,18,26,1,142,3,6,1,467,7662,8129,142
2020-08-05,47057,47057,181,2,172,1,9,1,94,-1,9,0,87,3,0,0,211,2886,3097,36
2020-08-05,47055,47055,360,6,358,6,2,0,164,-5,23,1,184,9,12,2,432,4892,5324,94
2020-08-05,47053,47053,615,25,525,20,90,5,347,7,21,1,266,18,2,0,687,6861,7548,99
2020-08-05,47051,47051,296,10,292,9,4,1,122,5,14,0,170,5,4,0,374,6442,6816,131
2020-08-05,47071,47071,426,17,381,13,45,4,202,5,12,0,217,12,7,0,469,6424,6893,115
2020-08-06,47127,47127,55,2,55,2,0,0,25,2,0,0,30,,0,0,67,913,980,21
2020-08-06,47129,47129,98,4,98,4,0,0,45,1,2,0,52,3,1,0,116,4839,4955,64
2020-08-06,47131,47131,490,26,478,26,12,0,288,8,21,0,198,18,4,0,544,5152,5696,156
2020-08-06,,47OOS,2831,38,2785,30,46,8,1325,-17,68,3,1490,53,16,2,2881,169768,172649,2714
2020-08-06,47139,47139,185,4,180,1,5,3,85,-1,10,0,97,5,3,0,200,1848,2048,25
2020-08-06,,47PEN,3036,108,3008,108,28,0,1434,-79,37,2,1594,184,8,3,3419,125148,128567,1367
2020-08-06,47135,47135,77,0,75,0,2,0,24,-1,4,0,53,1,0,0,87,1665,1752,10
2020-08-06,47137,47137,30,3,30,3,0,0,16,1,0,0,13,2,1,0,30,650,680,10
2020-08-06,47133,47133,155,14,153,14,2,0,56,13,5,1,98,1,1,0,182,3818,4000,85
2020-08-06,47125,47125,1815,34,1807,34,8,0,964,20,82,4,838,14,13,0,2093,24139,26232,271
2020-08-06,47103,47103,268,9,267,9,1,0,124,5,11,1,143,4,1,0,334,4148,4482,121
2020-08-06,47109,47109,351,16,312,10,39,6,182,10,21,0,164,6,5,0,388,3487,3875,63
2020-08-06,47107,47107,509,11,504,11,5,0,132,7,36,1,357,4,20,0,624,8472,9096,186
2020-08-06,47119,47119,1159,52,1155,52,4,0,522,26,39,0,630,26,7,0,1374,12141,13515,289
2020-08-06,47117,47117,275,4,274,4,1,0,119,-3,14,1,153,7,3,0,318,4500,4818,77
2020-08-06,47115,47115,213,3,212,3,1,0,77,0,22,1,132,3,4,0,265,3387,3652,52
2020-08-06,47113,47113,984,27,962,27,22,0,369,-16,53,3,600,42,15,1,1094,13987,15081,175
2020-08-06,47111,47111,855,8,850,8,5,0,135,-2,60,0,707,10,13,0,1009,4663,5672,42
2020-08-06,47105,47105,705,19,684,17,21,2,293,6,17,0,409,13,3,0,770,7117,7887,185
2020-08-06,47141,47141,1677,31,1668,31,9,0,436,1,52,1,1225,27,16,3,1989,17153,19142,248
2020-08-06,47123,47123,397,17,383,17,14,0,183,3,31,1,205,14,9,0,445,4711,5156,95
2020-08-06,47143,47143,517,3,516,3,1,0,121,-1,14,1,395,4,1,0,612,5547,6159,114
2020-08-06,47165,47165,3316,52,3303,52,13,0,1326,-1,292,6,1918,52,72,1,4010,25087,29097,322
2020-08-06,47147,47147,1506,31,1504,31,2,0,564,22,93,1,923,9,19,0,1895,10086,11981,134
2020-08-06,47189,47189,2190,38,2188,38,2,0,775,-6,78,1,1392,44,23,0,2639,22835,25474,223
2020-08-06,47187,47187,3405,42,3394,38,11,4,1200,-38,92,4,2180,77,25,3,4046,39943,43989,473
2020-08-06,47185,47185,246,14,244,14,2,0,110,6,12,0,131,6,5,2,300,4512,4812,91
2020-08-06,47183,47183,363,34,334,30,29,4,255,28,11,2,105,6,3,0,388,5301,5689,98
2020-08-06,47181,47181,224,2,219,2,5,0,76,-1,8,0,146,3,2,0,247,3911,4158,43
2020-08-06,47179,47179,1131,17,1105,15,26,2,806,-1,53,1,323,18,2,0,1282,15897,17179,163
2020-08-06,47177,47177,479,25,469,23,10,2,240,19,9,0,235,6,4,0,522,7541,8063,124
2020-08-06,47175,47175,35,2,35,2,0,0,20,1,1,0,15,1,0,0,38,758,796,15
2020-08-06,47173,47173,141,8,138,8,3,0,77,4,1,0,64,4,0,0,155,2357,2512,57
2020-08-06,47171,47171,148,7,144,7,4,0,83,4,3,0,65,3,0,0,156,3165,3321,60
2020-08-06,47169,47169,1578,2,1575,2,3,0,71,-1,17,0,1501,3,6,0,1644,3261,4905,43
2020-08-06,47167,47167,1155,18,1143,17,12,1,398,3,55,0,748,15,9,0,1314,13159,14473,202
2020-08-06,47101,47101,67,5,67,5,0,0,44,5,6,0,22,,1,0,73,2127,2200,32
2020-08-06,47163,47163,895,36,841,37,54,-1,289,14,76,5,594,21,12,1,944,13950,14894,248
2020-08-06,47161,47161,74,2,74,2,0,0,37,0,3,0,37,2,0,0,92,1549,1641,31
2020-08-06,47159,47159,429,36,425,36,4,0,163,8,13,1,262,27,4,1,479,3245,3724,51
2020-08-06,47157,47157,22212,288,22169,286,43,2,4281,-62,1284,20,17631,348,300,2,27102,232295,259397,3001
2020-08-06,47155,47155,1791,28,1734,27,57,1,611,-1,61,3,1174,29,6,0,1939,16073,18012,249
2020-08-06,47153,47153,100,4,100,4,0,0,32,2,4,0,68,2,0,0,123,2976,3099,37
2020-08-06,47151,47151,110,5,107,5,3,0,64,5,6,1,46,,0,0,119,2260,2379,47
2020-08-06,47149,47149,6298,44,6289,44,9,0,2619,-53,187,2,3626,97,53,0,7692,46625,54317,465
2020-08-06,47145,47145,423,25,404,25,19,0,229,16,16,0,192,9,2,0,489,10179,10668,278
2020-08-06,47099,47099,527,30,523,29,4,1,226,20,24,1,295,10,6,0,622,6033,6655,166
2020-08-06,47121,47121,99,0,99,0,0,0,38,-6,5,0,61,6,0,0,120,1720,1840,22
2020-08-06,47097,47097,455,10,446,8,9,2,204,2,27,0,243,7,8,1,511,6365,6876,48
2020-08-06,47041,47041,331,5,330,5,1,0,163,-2,14,0,166,6,2,1,378,4486,4864,65
2020-08-06,47039,47039,188,14,147,12,41,2,105,3,6,0,80,10,3,1,210,2659,2869,95
2020-08-06,47037,47037,20001,189,19956,189,45,0,3867,-53,712,14,15923,239,211,3,24772,178640,203412,2181
2020-08-06,47035,47035,398,1,397,1,1,0,130,-4,27,0,262,5,6,0,520,12264,12784,197
2020-08-06,47033,47033,253,7,234,7,19,0,119,-1,11,1,130,8,4,0,278,1803,2081,39
2020-08-06,47031,47031,482,34,451,27,31,7,267,28,13,0,212,5,3,1,567,8923,9490,226
2020-08-06,47029,47029,439,18,419,18,20,0,184,5,14,0,253,13,2,0,469,4642,5111,113
2020-08-06,47027,47027,71,5,67,5,4,0,31,3,2,0,40,2,0,0,74,1433,1507,62
2020-08-06,47023,47023,206,5,189,3,17,2,100,0,9,2,104,5,2,0,227,1799,2026,29
2020-08-06,47021,47021,569,15,567,15,2,0,274,9,22,0,288,5,7,1,682,6373,7055,114
2020-08-06,47019,47019,473,21,456,20,17,1,351,12,38,3,117,9,5,0,514,8132,8646,116
2020-08-06,47017,47017,272,21,239,19,33,2,187,17,14,1,82,4,3,0,284,3898,4182,119
2020-08-06,47015,47015,136,5,130,4,6,1,53,4,5,0,83,1,0,0,174,2070,2244,45
2020-08-06,47013,47013,229,5,222,5,7,0,120,-4,11,1,108,9,1,0,259,5675,5934,59
2020-08-06,47011,47011,1817,46,1795,44,22,2,542,32,101,1,1263,14,12,0,2184,13297,15481,227
2020-08-06,47009,47009,1222,36,1194,34,28,2,503,-6,48,0,710,41,9,1,1416,14943,16359,350
2020-08-06,47007,47007,686,12,686,12,0,0,45,11,11,0,640,1,1,0,710,4571,5281,52
2020-08-06,47005,47005,126,15,121,15,5,0,92,14,5,1,33,1,1,0,131,1921,2052,74
2020-08-06,47003,47003,901,11,889,11,12,0,239,7,33,3,651,4,11,0,1069,6680,7749,131
2020-08-06,47001,47001,651,14,638,14,13,0,255,-2,30,0,390,16,6,0,768,14621,15389,252
2020-08-06,47095,47095,765,7,759,7,6,0,60,2,3,0,705,5,0,0,935,4353,5288,32
2020-08-06,47043,47043,652,22,627,15,25,7,368,13,32,0,283,9,1,0,814,7555,8369,248
2020-08-06,47045,47045,593,14,571,14,22,0,325,9,39,1,261,5,7,0,661,5528,6189,86
2020-08-06,47025,47025,242,7,230,6,12,1,115,3,8,0,127,4,0,0,266,5258,5524,214
2020-08-06,47049,47049,79,3,79,3,0,0,37,2,7,0,42,1,0,0,86,2077,2163,33
2020-08-06,47047,47047,652,6,645,5,7,1,237,-5,45,1,407,11,8,0,815,9909,10724,72
2020-08-06,47091,47091,225,11,221,11,4,0,183,9,9,0,42,2,0,0,233,3627,3860,76
2020-08-06,47089,47089,525,12,482,8,43,4,201,0,24,0,321,12,3,0,579,8074,8653,91
2020-08-06,47087,47087,112,3,110,3,2,0,24,2,7,0,87,1,1,0,130,1493,1623,19
2020-08-06,47085,47085,118,5,108,4,10,1,77,3,3,0,38,2,3,0,137,2920,3057,82
2020-08-06,47083,47083,56,2,56,2,0,0,29,0,5,0,27,2,0,0,64,1187,1251,33
2020-08-06,47081,47081,248,8,240,6,8,2,96,8,5,0,152,,0,0,314,3168,3482,73
2020-08-06,47079,47079,248,17,243,16,5,1,154,11,17,0,94,6,0,0,291,5180,5471,131
2020-08-06,47077,47077,517,34,427,25,90,9,291,24,12,0,224,8,2,2,585,4190,4775,84
2020-08-06,47075,47075,435,21,417,20,18,1,242,13,19,0,187,7,6,1,461,3285,3746,103
2020-08-06,47073,47073,416,25,408,26,8,-1,308,17,32,2,101,6,7,2,475,5403,5878,130
2020-08-06,47093,47093,4298,112,4172,113,126,-1,1843,2,199,2,2418,111,37,-1,4847,73407,78254,1583
2020-08-06,47069,47069,858,15,826,15,32,0,322,-4,42,0,521,16,15,3,952,8537,9489,80
2020-08-06,47071,47071,444,18,393,12,51,6,206,4,12,0,231,14,7,0,490,6583,7073,180
2020-08-06,47053,47053,644,29,543,18,101,11,358,11,22,1,282,16,4,2,716,7077,7793,245
2020-08-06,47055,47055,369,9,367,9,2,0,163,-1,23,0,193,9,13,1,441,4966,5407,83
2020-08-06,47057,47057,189,8,180,8,9,0,98,4,9,0,91,4,0,0,220,2945,3165,68
2020-08-06,47059,47059,418,20,395,18,23,2,268,18,27,1,143,1,7,1,492,7827,8319,190
2020-08-06,47051,47051,302,6,297,5,5,1,126,4,15,1,172,2,4,0,382,6648,7030,214
2020-08-06,47063,47063,1346,35,1301,28,45,7,489,9,63,0,843,25,14,1,1479,11832,13311,304
2020-08-06,47065,47065,5884,81,5871,81,13,0,1478,-2,246,3,4357,81,49,2,6729,61486,68215,883
2020-08-06,47067,47067,77,1,72,1,5,0,56,-1,7,0,20,2,1,0,88,1123,1211,32
2020-08-06,47061,47061,108,4,105,4,3,0,32,2,15,1,74,2,2,0,127,1434,1561,30
2020-08-07,47125,47125,1883,68,1875,68,8,0,1012,48,84,2,858,20,13,0,2171,24645,26816,584
2020-08-07,47135,47135,77,0,75,0,2,0,23,-1,4,0,54,1,0,0,88,1683,1771,19
2020-08-07,,47PEN,3080,44,3049,41,31,3,1402,-32,39,2,1669,75,9,1,3474,124780,128254,-313
2020-08-07,47133,47133,175,20,173,20,2,0,74,18,5,0,100,2,1,0,199,3887,4086,86
2020-08-07,,47OOS,2842,11,2796,11,46,0,1297,-28,70,2,1529,39,16,0,2904,172128,175032,2383
2020-08-07,47131,47131,519,29,507,29,12,0,301,13,21,0,214,16,4,0,573,5277,5850,154
2020-08-07,47137,47137,31,1,31,1,0,0,15,-1,0,0,15,2,1,0,32,655,687,7
2020-08-07,47129,47129,103,5,103,5,0,0,48,3,2,0,54,2,1,0,121,4894,5015,60
2020-08-07,47127,47127,60,5,58,3,2,2,27,2,0,0,33,3,0,0,72,926,998,18
2020-08-07,47123,47123,407,10,393,10,14,0,178,-5,31,0,220,15,9,0,459,4829,5288,132
2020-08-07,47115,47115,216,3,215,3,1,0,72,-5,22,0,140,8,4,0,271,3429,3700,48
2020-08-07,47109,47109,366,15,325,13,41,2,193,11,21,0,168,4,5,0,407,3667,4074,199
2020-08-07,47107,47107,524,15,519,15,5,0,139,7,37,1,365,8,20,0,636,8627,9263,167
2020-08-07,47119,47119,1178,19,1173,18,5,1,521,-1,39,0,650,20,7,0,1395,12392,13787,272
2020-08-07,47117,47117,283,8,282,8,1,0,122,3,14,0,158,5,3,0,329,4567,4896,78
2020-08-07,47113,47113,1024,40,999,37,25,3,376,7,56,3,631,31,17,2,1136,14360,15496,415
2020-08-07,47111,47111,856,1,851,1,5,0,130,-5,60,0,713,6,13,0,1014,4710,5724,52
2020-08-07,47105,47105,718,13,697,13,21,0,285,-8,19,2,430,21,3,0,786,7271,8057,170
2020-08-07,47103,47103,276,8,275,8,1,0,121,-3,11,0,154,11,1,0,342,4220,4562,80
2020-08-07,47101,47101,71,4,71,4,0,0,47,3,6,0,23,1,1,0,77,2153,2230,30
2020-08-07,47139,47139,195,10,190,10,5,0,87,2,10,0,105,8,3,0,211,1875,2086,38
2020-08-07,47121,47121,101,2,101,2,0,0,39,1,5,0,62,1,0,0,123,1741,1864,24
2020-08-07,47141,47141,1717,40,1703,35,14,5,452,16,53,1,1248,23,17,1,2036,17341,19377,235
2020-08-07,47099,47099,534,7,530,7,4,0,221,-5,24,0,307,12,6,0,635,6101,6736,81
2020-08-07,47145,47145,433,10,412,8,21,2,220,-9,16,0,211,19,2,0,506,10349,10855,187
2020-08-07,47187,47187,3448,43,3437,43,11,0,1203,3,92,0,2220,40,25,0,4092,40490,44582,593
2020-08-07,47185,47185,273,27,270,26,3,1,128,18,12,0,140,9,5,0,325,4597,4922,110
2020-08-07,47183,47183,397,34,368,34,29,0,283,28,11,0,110,5,4,1,423,5498,5921,232
2020-08-07,47181,47181,225,1,220,1,5,0,73,-3,8,0,150,4,2,0,247,3957,4204,46
2020-08-07,47179,47179,1200,69,1171,66,29,3,864,58,53,0,334,11,2,0,1361,16379,17740,561
2020-08-07,47177,47177,498,19,473,4,25,15,246,6,9,0,248,13,4,0,547,7577,8124,61
2020-08-07,47175,47175,35,0,35,0,0,0,20,0,1,0,15,,0,0,38,762,800,4
2020-08-07,47173,47173,150,9,146,8,4,1,80,3,2,1,70,6,0,0,163,2422,2585,73
2020-08-07,47171,47171,156,8,152,8,4,0,91,8,3,0,65,,0,0,164,3222,3386,65
2020-08-07,47169,47169,1582,4,1579,4,3,0,71,0,17,0,1505,4,6,0,1644,3276,4920,15
2020-08-07,47167,47167,1183,28,1168,25,15,3,404,6,56,1,770,22,9,0,1346,13333,14679,206
2020-08-07,47165,47165,3365,49,3352,49,13,0,1318,-8,298,6,1974,56,73,1,4070,25314,29384,287
2020-08-07,47163,47163,933,38,879,38,54,0,320,31,76,0,601,7,12,0,991,14283,15274,380
2020-08-07,47161,47161,73,-1,73,-1,0,0,33,-4,3,0,40,3,0,0,92,1567,1659,18
2020-08-07,47159,47159,446,17,437,12,9,5,174,11,15,2,268,6,4,0,500,3302,3802,78
2020-08-07,47157,47157,22635,423,22587,418,48,5,4388,107,1290,6,17945,314,302,2,27606,236071,263677,4280
2020-08-07,47155,47155,1830,39,1771,37,59,2,620,9,66,5,1203,29,7,1,1983,16348,18331,319
2020-08-07,47153,47153,102,2,102,2,0,0,31,-1,5,1,71,3,0,0,126,2959,3085,-14
2020-08-07,47151,47151,118,8,115,8,3,0,70,6,6,0,48,2,0,0,128,2318,2446,67
2020-08-07,47149,47149,6404,106,6394,105,10,1,2645,26,187,0,3706,80,53,0,7828,47367,55195,878
2020-08-07,47147,47147,1521,15,1519,15,2,0,566,2,95,2,936,13,19,0,1913,10237,12150,169
2020-08-07,47143,47143,522,5,521,5,1,0,119,-2,14,0,402,7,1,0,618,5658,6276,117
2020-08-07,47189,47189,2229,39,2227,39,2,0,783,8,78,0,1423,31,23,0,2686,23076,25762,288
2020-08-07,47097,47097,487,32,478,32,9,0,224,20,28,1,255,12,8,0,545,6443,6988,112
2020-08-07,47093,47093,4407,109,4268,96,139,13,1849,6,206,7,2521,103,37,0,4962,74639,79601,1347
2020-08-07,47041,47041,339,8,337,7,2,1,154,-9,14,0,183,17,2,0,388,4549,4937,73
2020-08-07,47039,47039,198,10,154,7,44,3,113,8,6,0,82,2,3,0,222,2755,2977,108
2020-08-07,47037,47037,20185,184,20139,183,46,1,3791,-76,723,11,16182,259,212,1,25029,181767,206796,3384
2020-08-07,47035,47035,412,14,411,14,1,0,137,7,29,2,269,7,6,0,536,12369,12905,121
2020-08-07,47033,47033,260,7,241,7,19,0,120,1,11,0,136,6,4,0,285,1842,2127,46
2020-08-07,47031,47031,507,25,472,21,35,4,285,18,14,1,219,7,3,0,602,9092,9694,204
2020-08-07,47029,47029,450,11,430,11,20,0,193,9,15,1,255,2,2,0,482,4723,5205,94
2020-08-07,47027,47027,74,3,69,2,5,1,34,3,2,0,40,,0,0,77,1439,1516,9
2020-08-07,47025,47025,255,13,243,13,12,0,124,9,8,0,131,4,0,0,278,5437,5715,191
2020-08-07,47023,47023,211,5,193,4,18,1,99,-1,9,0,110,6,2,0,233,1844,2077,51
2020-08-07,47021,47021,573,4,571,4,2,0,267,-7,22,0,299,11,7,0,689,6463,7152,97
2020-08-07,47019,47019,497,24,480,24,17,0,370,19,38,0,121,4,6,1,545,8367,8912,266
2020-08-07,47017,47017,290,18,254,15,36,3,198,11,14,0,89,7,3,0,304,3990,4294,112
2020-08-07,47015,47015,142,6,133,3,9,3,56,3,5,0,86,3,0,0,180,2095,2275,31
2020-08-07,47013,47013,239,10,232,10,7,0,120,0,11,0,118,10,1,0,272,5769,6041,107
2020-08-07,47011,47011,1874,57,1834,39,40,18,581,39,101,0,1281,18,12,0,2247,13492,15739,258
2020-08-07,47009,47009,1243,21,1214,20,29,1,498,-5,49,1,735,25,10,1,1454,15318,16772,413
2020-08-07,47007,47007,690,4,690,4,0,0,49,4,11,0,640,,1,0,714,4585,5299,18
2020-08-07,47005,47005,139,13,133,12,6,1,102,10,6,1,36,3,1,0,144,2003,2147,95
2020-08-07,47003,47003,908,7,896,7,12,0,239,0,33,0,658,7,11,0,1076,6794,7870,121
2020-08-07,47001,47001,668,17,655,17,13,0,261,6,30,0,401,11,6,0,794,14948,15742,353
2020-08-07,47043,47043,666,14,640,13,26,1,365,-3,33,1,299,16,2,1,834,7661,8495,126
2020-08-07,47045,47045,619,26,597,26,22,0,339,14,40,1,273,12,7,0,690,5691,6381,192
2020-08-07,47095,47095,782,17,776,17,6,0,76,16,3,0,706,1,0,0,953,4404,5357,69
2020-08-07,47049,47049,88,9,87,8,1,1,44,7,8,1,44,2,0,0,96,2117,2213,50
2020-08-07,47047,47047,670,18,663,18,7,0,241,4,46,1,421,14,8,0,839,10039,10878,154
2020-08-07,47091,47091,258,33,254,33,4,0,216,33,9,0,42,,0,0,267,3720,3987,127
2020-08-07,47089,47089,552,27,500,18,52,9,223,22,25,1,326,5,3,0,603,8308,8911,258
2020-08-07,47087,47087,118,6,113,3,5,3,26,2,7,0,91,4,1,0,137,1503,1640,17
2020-08-07,47085,47085,120,2,110,2,10,0,78,1,3,0,39,1,3,0,138,2946,3084,27
2020-08-07,47083,47083,57,1,57,1,0,0,30,1,5,0,27,,0,0,65,1192,1257,6
2020-08-07,47079,47079,266,18,261,18,5,0,171,17,18,1,95,1,0,0,310,5345,5655,184
2020-08-07,47077,47077,547,30,452,25,95,5,316,25,13,1,229,5,2,0,616,4352,4968,193
2020-08-07,47075,47075,457,22,439,22,18,0,261,19,19,0,190,3,6,0,484,3346,3830,84
2020-08-07,47073,47073,435,19,427,19,8,0,325,17,32,0,103,2,7,0,494,5493,5987,109
2020-08-07,47081,47081,253,5,244,4,9,1,101,5,5,0,152,,0,0,320,3238,3558,76
2020-08-07,47069,47069,875,17,843,17,32,0,326,4,42,0,532,11,17,2,974,8638,9612,123
2020-08-07,47067,47067,78,1,72,0,6,1,55,-1,7,0,22,2,1,0,89,1147,1236,25
2020-08-07,47065,47065,5970,86,5957,86,13,0,1453,-25,253,7,4465,108,52,3,6844,63431,70275,2060
2020-08-07,47063,47063,1372,26,1322,21,50,5,485,-4,63,0,873,30,14,0,1507,12083,13590,279
2020-08-07,47051,47051,313,11,306,9,7,2,131,5,15,0,178,6,4,0,392,6707,7099,69
2020-08-07,47061,47061,111,3,108,3,3,0,33,1,15,0,76,2,2,0,130,1445,1575,14
2020-08-07,47059,47059,447,29,415,20,32,9,295,27,28,1,145,2,7,0,520,7961,8481,162
2020-08-07,47057,47057,194,5,185,5,9,0,99,1,9,0,95,4,0,0,227,3022,3249,84
2020-08-07,47055,47055,369,0,367,0,2,0,157,-6,24,1,199,6,13,0,443,5047,5490,83
2020-08-07,47053,47053,670,26,564,21,106,5,372,14,25,3,293,11,5,1,747,7322,8069,276
2020-08-07,47071,47071,453,9,402,9,51,0,205,-1,12,0,240,9,8,1,501,6770,7271,198
2020-08-08,47127,47127,61,1,59,1,2,0,28,1,0,0,33,,0,0,73,946,1019,21
2020-08-08,47129,47129,118,15,114,11,4,4,61,13,2,0,56,2,1,0,133,4944,5077,62
2020-08-08,47131,47131,546,27,536,29,10,-2,327,26,21,0,215,1,4,0,604,5410,6014,164
2020-08-08,47137,47137,31,0,31,0,0,0,15,0,0,0,15,,1,0,32,655,687,0
2020-08-08,47133,47133,180,5,178,5,2,0,78,4,6,1,101,1,1,0,205,3924,4129,43
2020-08-08,,47PEN,3128,48,3097,48,31,0,1387,-15,39,0,1731,62,10,1,3556,123655,127211,-1043
2020-08-08,47135,47135,79,2,77,2,2,0,25,2,4,0,54,,0,0,89,1767,1856,85
2020-08-08,47125,47125,1902,19,1894,19,8,0,1020,8,85,1,869,11,13,0,2196,24825,27021,205
2020-08-08,,47OOS,2860,18,2815,19,45,-1,1307,10,71,1,1539,10,14,-2,2958,174068,177026,1994
2020-08-08,47123,47123,418,11,404,11,14,0,187,9,32,1,222,2,9,0,471,4944,5415,127
2020-08-08,47101,47101,73,2,73,2,0,0,49,2,6,0,23,,1,0,80,2220,2300,70
2020-08-08,47109,47109,371,5,330,5,41,0,195,2,21,0,171,3,5,0,413,3697,4110,36
2020-08-08,47107,47107,531,7,526,7,5,0,142,3,38,1,369,4,20,0,646,8748,9394,131
2020-08-08,47119,47119,1225,47,1219,46,6,1,555,34,40,1,663,13,7,0,1443,12652,14095,308
2020-08-08,47117,47117,290,7,288,6,2,1,128,6,14,0,159,1,3,0,333,4628,4961,65
2020-08-08,47115,47115,222,6,221,6,1,0,75,3,22,0,143,3,4,0,277,3456,3733,33
2020-08-08,47113,47113,1064,40,1039,40,25,0,374,-2,57,1,673,42,17,0,1187,14532,15719,223
2020-08-08,47111,47111,858,2,853,2,5,0,130,0,60,0,715,2,13,0,1016,4756,5772,48
2020-08-08,47105,47105,725,7,704,7,21,0,282,-3,20,1,440,10,3,0,796,7356,8152,95
2020-08-08,47103,47103,280,4,279,4,1,0,124,3,11,0,155,1,1,0,348,4370,4718,156
2020-08-08,47139,47139,204,9,199,9,5,0,95,8,10,0,106,1,3,0,221,1903,2124,38
2020-08-08,47121,47121,104,3,104,3,0,0,41,2,5,0,63,1,0,0,126,1768,1894,30
2020-08-08,47141,47141,1740,23,1726,23,14,0,475,23,55,2,1247,-1,18,1,2066,17668,19734,357
2020-08-08,47163,47163,962,29,903,24,59,5,326,6,80,4,622,21,14,2,1022,15301,16323,1049
2020-08-08,47145,47145,461,28,440,28,21,0,245,25,16,0,214,3,2,0,538,10527,11065,210
2020-08-08,47099,47099,550,16,546,16,4,0,235,14,24,0,309,2,6,0,652,6271,6923,187
2020-08-08,47187,47187,3478,30,3464,27,14,3,1201,-2,97,5,2252,32,25,0,4128,40934,45062,480
2020-08-08,47185,47185,281,8,278,8,3,0,134,6,13,1,142,2,5,0,334,4665,4999,77
2020-08-08,47183,47183,421,24,391,23,30,1,307,24,11,0,110,,4,0,450,5608,6058,137
2020-08-08,47181,47181,225,0,220,0,5,0,73,0,8,0,150,,2,0,247,3981,4228,24
2020-08-08,47179,47179,1225,25,1194,23,31,2,886,22,56,3,337,3,2,0,1388,16638,18026,286
2020-08-08,47177,47177,507,9,481,8,26,1,252,6,9,0,251,3,4,0,558,7738,8296,172
2020-08-08,47175,47175,36,1,36,1,0,0,21,1,1,0,15,,0,0,39,769,808,8
2020-08-08,47173,47173,154,4,150,4,4,0,83,3,2,0,71,1,0,0,169,2480,2649,64
2020-08-08,47171,47171,161,5,157,5,4,0,96,5,3,0,65,,0,0,171,3262,3433,47
2020-08-08,47169,47169,1582,0,1579,0,3,0,71,0,17,0,1505,,6,0,1644,3299,4943,23
2020-08-08,47167,47167,1195,12,1181,13,14,-1,410,6,56,0,776,6,9,0,1366,13466,14832,153
2020-08-08,47165,47165,3404,39,3390,38,14,1,1331,13,300,2,2000,26,73,0,4112,25518,29630,246
2020-08-08,47161,47161,74,1,74,1,0,0,34,1,3,0,40,,0,0,93,1584,1677,18
2020-08-08,47159,47159,445,-1,437,0,8,-1,172,-2,16,1,269,1,4,0,499,3342,3841,39
2020-08-08,47157,47157,22916,281,22863,276,53,5,4446,58,1294,4,18169,224,301,-1,28069,239052,267121,3444
2020-08-08,47155,47155,1850,20,1791,20,59,0,626,6,66,0,1217,14,7,0,2009,16483,18492,161
2020-08-08,47153,47153,105,3,105,3,0,0,34,3,5,0,71,,0,0,129,2977,3106,21
2020-08-08,47151,47151,118,0,115,0,3,0,69,-1,7,1,49,1,0,0,126,2351,2477,31
2020-08-08,47149,47149,6463,59,6452,58,11,1,2657,12,191,4,3752,46,54,1,7898,48117,56015,820
2020-08-08,47147,47147,1535,14,1532,13,3,1,574,8,95,0,942,6,19,0,1929,10313,12242,92
2020-08-08,47143,47143,528,6,527,6,1,0,121,2,14,0,405,3,2,1,629,5758,6387,111
2020-08-08,47189,47189,2262,33,2259,32,3,1,790,7,78,0,1449,26,23,0,2717,23331,26048,286
2020-08-08,47097,47097,489,2,480,2,9,0,226,2,28,0,255,,8,0,549,6519,7068,80
2020-08-08,47093,47093,4513,106,4370,102,143,4,1894,45,209,3,2581,60,38,1,5074,76058,81132,1531
2020-08-08,47041,47041,349,10,347,10,2,0,165,11,14,0,182,-1,2,0,403,4632,5035,98
2020-08-08,47039,47039,198,0,154,0,44,0,114,1,6,0,81,-1,3,0,222,2760,2982,5
2020-08-08,47037,47037,20383,198,20334,195,49,3,3849,58,738,15,16321,139,213,1,25282,185030,210312,3516
2020-08-08,47035,47035,450,38,449,38,1,0,173,36,30,1,271,2,6,0,578,12509,13087,182
2020-08-08,47033,47033,266,6,246,5,20,1,124,4,11,0,138,2,4,0,293,1856,2149,22
2020-08-08,47031,47031,522,15,483,11,39,4,299,14,14,0,220,1,3,0,616,9300,9916,222
2020-08-08,47029,47029,457,7,437,7,20,0,195,2,15,0,260,5,2,0,491,4801,5292,87
2020-08-08,47027,47027,75,1,69,0,6,1,35,1,2,0,40,,0,0,78,1450,1528,12
2020-08-08,47025,47025,266,11,253,10,13,1,130,6,8,0,136,5,0,0,293,5516,5809,94
2020-08-08,47021,47021,578,5,575,4,3,1,268,1,22,0,303,4,7,0,691,6505,7196,44
2020-08-08,47019,47019,512,15,495,15,17,0,384,14,39,1,122,1,6,0,561,8529,9090,178
2020-08-08,47017,47017,296,6,260,6,36,0,203,5,15,1,90,1,3,0,310,4023,4333,39
2020-08-08,47015,47015,143,1,134,1,9,0,57,1,5,0,86,,0,0,186,2146,2332,57
2020-08-08,47013,47013,247,8,240,8,7,0,125,5,11,0,121,3,1,0,282,5852,6134,93
2020-08-08,47011,47011,1903,29,1863,29,40,0,595,14,102,1,1296,15,12,0,2280,13802,16082,343
2020-08-08,47009,47009,1277,34,1248,34,29,0,518,20,51,2,748,13,11,1,1492,15680,17172,400
2020-08-08,47007,47007,695,5,695,5,0,0,53,4,11,0,641,1,1,0,719,4616,5335,36
2020-08-08,47005,47005,148,9,142,9,6,0,110,8,6,0,37,1,1,0,153,2038,2191,44
2020-08-08,47003,47003,918,10,906,10,12,0,246,7,33,0,661,3,11,0,1090,6866,7956,86
2020-08-08,47001,47001,676,8,663,8,13,0,264,3,30,0,406,5,6,0,806,15172,15978,236
2020-08-08,47095,47095,782,0,776,0,6,0,74,-2,3,0,708,2,0,0,953,4425,5378,21
2020-08-08,47043,47043,679,13,649,9,30,4,368,3,34,1,309,10,2,0,849,7730,8579,84
2020-08-08,47045,47045,628,9,606,9,22,0,344,5,40,0,277,4,7,0,701,5810,6511,130
2020-08-08,47023,47023,217,6,197,4,20,2,104,5,9,0,111,1,2,0,241,1866,2107,30
2020-08-08,47049,47049,92,4,91,4,1,0,47,3,8,0,45,1,0,0,99,2145,2244,31
2020-08-08,47047,47047,686,16,679,16,7,0,259,18,46,0,419,-2,8,0,859,10262,11121,243
2020-08-08,47089,47089,559,7,504,4,55,3,221,-2,26,1,335,9,3,0,607,8385,8992,81
2020-08-08,47087,47087,124,6,119,6,5,0,31,5,7,0,92,1,1,0,141,1520,1661,21
2020-08-08,47085,47085,120,0,110,0,10,0,78,0,3,0,39,,3,0,137,2974,3111,27
2020-08-08,47083,47083,57,0,57,0,0,0,30,0,5,0,27,,0,0,67,1205,1272,15
2020-08-08,47081,47081,259,6,249,5,10,1,103,2,5,0,156,4,0,0,327,3307,3634,76
2020-08-08,47079,47079,276,10,271,10,5,0,181,10,19,1,95,,0,0,321,5400,5721,66
2020-08-08,47077,47077,563,16,463,11,100,5,328,12,13,0,233,4,2,0,633,4437,5070,102
2020-08-08,47075,47075,463,6,443,4,20,2,265,4,20,1,192,2,6,0,491,3364,3855,25
2020-08-08,47073,47073,451,16,441,14,10,2,338,13,34,2,106,3,7,0,508,5564,6072,85
2020-08-08,47071,47071,462,9,406,4,56,5,213,8,13,1,241,1,8,0,509,6882,7391,120
2020-08-08,47091,47091,265,7,261,7,4,0,222,6,9,0,43,1,0,0,274,3786,4060,73
2020-08-08,47067,47067,78,0,72,0,6,0,52,-3,7,0,24,2,2,1,89,1173,1262,26
2020-08-08,47065,47065,6062,92,6048,91,14,1,1482,29,256,3,4527,62,53,1,6959,65699,72658,2383
2020-08-08,47063,47063,1383,11,1332,10,51,1,480,-5,63,0,889,16,14,0,1517,12209,13726,136
2020-08-08,47061,47061,113,2,110,2,3,0,33,0,15,0,78,2,2,0,131,1455,1586,11
2020-08-08,47059,47059,467,20,431,16,36,4,313,18,29,1,146,1,8,1,541,8069,8610,129
2020-08-08,47057,47057,196,2,186,1,10,1,98,-1,10,1,98,3,0,0,231,3080,3311,62
2020-08-08,47055,47055,378,9,376,9,2,0,162,5,25,1,203,4,13,0,451,5163,5614,124
2020-08-08,47053,47053,693,23,585,21,108,2,392,20,25,0,296,3,5,0,769,7472,8241,172
2020-08-08,47051,47051,325,12,318,12,7,0,142,11,15,0,179,1,4,0,407,6823,7230,131
2020-08-08,47069,47069,898,23,867,24,31,-1,349,23,42,0,532,,17,0,1004,8750,9754,142
2020-08-09,47141,47141,1767,27,1753,27,14,0,499,24,55,0,1250,3,18,0,2101,17941,20042,308
2020-08-09,47129,47129,122,4,118,4,4,0,65,4,2,0,56,,1,0,138,4985,5123,46
2020-08-09,47131,47131,565,19,555,19,10,0,344,17,21,0,217,2,4,0,629,5614,6243,229
2020-08-09,,47OOS,2924,64,2880,65,44,-1,1344,37,71,0,1566,27,14,0,2998,175869,178867,1841
2020-08-09,47139,47139,206,2,201,2,5,0,80,-15,10,0,123,17,3,0,223,1940,2163,39
2020-08-09,,47PEN,3161,33,3128,31,33,2,1380,-7,38,-1,1771,40,10,0,3605,122250,125855,-1356
2020-08-09,47135,47135,81,2,79,2,2,0,27,2,4,0,54,,0,0,91,1811,1902,46
2020-08-09,47137,47137,35,4,35,4,0,0,19,4,0,0,15,,1,0,36,667,703,16
2020-08-09,47127,47127,63,2,61,2,2,0,30,2,0,0,33,,0,0,75,969,1044,25
2020-08-09,47133,47133,195,15,193,15,2,0,93,15,6,0,101,,1,0,220,3993,4213,84
2020-08-09,47125,47125,1939,37,1930,36,9,1,1048,28,85,0,878,9,13,0,2245,25201,27446,425
2020-08-09,47119,47119,1257,32,1251,32,6,0,575,20,40,0,675,12,7,0,1481,12928,14409,314
2020-08-09,47121,47121,106,2,106,2,0,0,42,1,5,0,64,1,0,0,129,1785,1914,20
2020-08-09,47109,47109,378,7,335,5,43,2,202,7,21,0,171,,5,0,426,3753,4179,69
2020-08-09,47107,47107,547,16,542,16,5,0,157,15,38,0,370,1,20,0,664,8946,9610,216
2020-08-09,47117,47117,301,11,299,11,2,0,139,11,14,0,159,,3,0,347,4717,5064,103
2020-08-09,47115,47115,224,2,223,2,1,0,76,1,22,0,144,1,4,0,279,3466,3745,12
2020-08-09,47113,47113,1102,38,1075,36,27,2,409,35,57,0,676,3,17,0,1224,14885,16109,390
2020-08-09,47111,47111,860,2,855,2,5,0,132,2,60,0,715,,13,0,1021,4801,5822,50
2020-08-09,47105,47105,742,17,721,17,21,0,291,9,20,0,448,8,3,0,816,7489,8305,153
2020-08-09,47103,47103,302,22,301,22,1,0,145,21,11,0,156,1,1,0,373,4532,4905,187
2020-08-09,47123,47123,444,26,430,26,14,0,211,24,32,0,224,2,9,0,500,5184,5684,269
2020-08-09,47143,47143,536,8,535,8,1,0,128,7,14,0,406,1,2,0,641,5826,6467,80
2020-08-09,47101,47101,75,2,75,2,0,0,51,2,6,0,23,,1,0,82,2329,2411,111
2020-08-09,47147,47147,1558,23,1555,23,3,0,594,20,98,3,945,3,19,0,1959,10444,12403,161
2020-08-09,47189,47189,2290,28,2288,29,2,-1,802,12,78,0,1465,16,23,0,2752,23662,26414,366
2020-08-09,47187,47187,3551,73,3536,72,15,1,1250,49,97,0,2276,24,25,0,4222,41502,45724,662
2020-08-09,47185,47185,293,12,289,11,4,1,144,10,13,0,144,2,5,0,345,4763,5108,109
2020-08-09,47183,47183,451,30,419,28,32,2,336,29,11,0,111,1,4,0,484,5776,6260,202
2020-08-09,47181,47181,226,1,221,1,5,0,74,1,8,0,150,,2,0,248,4022,4270,42
2020-08-09,47179,47179,1252,27,1221,27,31,0,911,25,58,2,339,2,2,0,1419,16951,18370,344
2020-08-09,47177,47177,530,23,503,22,27,1,274,22,9,0,252,1,4,0,579,7896,8475,179
2020-08-09,47175,47175,36,0,36,0,0,0,21,0,1,0,15,,0,0,39,775,814,6
2020-08-09,47173,47173,160,6,156,6,4,0,88,5,2,0,72,1,0,0,175,2541,2716,67
2020-08-09,47171,47171,166,5,162,5,4,0,99,3,3,0,67,2,0,0,178,3321,3499,66
2020-08-09,47169,47169,1583,1,1580,1,3,0,72,1,17,0,1505,,6,0,1645,3317,4962,19
2020-08-09,47167,47167,1208,13,1194,13,14,0,419,9,57,1,779,3,10,1,1385,13769,15154,322
2020-08-09,47165,47165,3433,29,3419,29,14,0,1342,11,300,0,2018,18,73,0,4144,25781,29925,295
2020-08-09,47163,47163,994,32,935,32,59,0,350,24,80,0,630,8,14,0,1059,15940,16999,676
2020-08-09,47161,47161,74,0,74,0,0,0,33,-1,3,0,41,1,0,0,94,1609,1703,26
2020-08-09,47159,47159,452,7,444,7,8,0,178,6,16,0,270,1,4,0,508,3384,3892,51
2020-08-09,47157,47157,23238,322,23185,322,53,0,4633,187,1310,16,18301,132,304,3,28380,242017,270397,3276
2020-08-09,47155,47155,1886,36,1827,36,59,0,657,31,66,0,1222,5,7,0,2056,16845,18901,409
2020-08-09,47153,47153,105,0,105,0,0,0,34,0,5,0,71,,0,0,130,2992,3122,16
2020-08-09,47151,47151,119,1,116,1,3,0,69,0,7,0,50,1,0,0,128,2402,2530,53
2020-08-09,47149,47149,6553,90,6542,90,11,0,2715,58,191,0,3784,32,54,0,8015,48909,56924,909
2020-08-09,47145,47145,475,14,454,14,21,0,258,13,16,0,215,1,2,0,557,10708,11265,200
2020-08-09,47099,47099,562,12,558,12,4,0,245,10,24,0,311,2,6,0,666,6378,7044,121
2020-08-09,47097,47097,508,19,499,19,9,0,245,19,28,0,255,,8,0,568,6674,7242,174
2020-08-09,47095,47095,787,5,781,5,6,0,79,5,4,1,708,,0,0,958,4458,5416,38
2020-08-09,47043,47043,691,12,660,11,31,1,378,10,34,0,311,2,2,0,872,7863,8735,156
2020-08-09,47041,47041,360,11,358,11,2,0,176,11,14,0,182,,2,0,414,4708,5122,87
2020-08-09,47039,47039,213,15,166,12,47,3,129,15,6,0,81,,3,0,242,2874,3116,134
2020-08-09,47037,47037,20620,237,20570,236,50,1,3997,148,742,4,16410,89,213,0,25570,189313,214883,4571
2020-08-09,47035,47035,457,7,456,7,1,0,180,7,30,0,271,,6,0,587,12786,13373,286
2020-08-09,47033,47033,269,3,248,2,21,1,126,2,11,0,138,,5,1,295,1894,2189,40
2020-08-09,47031,47031,545,23,506,23,39,0,321,22,15,1,221,1,3,0,641,9541,10182,266
2020-08-09,47029,47029,475,18,455,18,20,0,213,18,15,0,260,,2,0,514,4894,5408,116
2020-08-09,47027,47027,76,1,70,1,6,0,36,1,2,0,40,,0,0,79,1462,1541,13
2020-08-09,47025,47025,272,6,258,5,14,1,133,3,9,1,139,3,0,0,301,5624,5925,116
2020-08-09,47023,47023,221,4,201,4,20,0,106,2,9,0,113,2,2,0,245,1907,2152,45
2020-08-09,47021,47021,595,17,592,17,3,0,281,13,22,0,307,4,7,0,714,6637,7351,155
2020-08-09,47019,47019,522,10,505,10,17,0,393,9,41,2,123,1,6,0,574,8670,9244,154
2020-08-09,47017,47017,314,18,277,17,37,1,218,15,16,1,93,3,3,0,332,4173,4505,172
2020-08-09,47015,47015,147,4,138,4,9,0,61,4,5,0,86,,0,0,186,2194,2380,48
2020-08-09,47013,47013,248,1,241,1,7,0,119,-6,11,0,128,7,1,0,285,6033,6318,184
2020-08-09,47011,47011,1943,40,1903,40,40,0,625,30,105,3,1306,10,12,0,2328,14126,16454,372
2020-08-09,47009,47009,1303,26,1274,26,29,0,528,10,51,0,764,16,11,0,1527,16109,17636,464
2020-08-09,47007,47007,705,10,702,7,3,3,63,10,12,1,641,,1,0,725,4655,5380,45
2020-08-09,47005,47005,155,7,149,7,6,0,114,4,6,0,40,3,1,0,161,2128,2289,98
2020-08-09,47003,47003,928,10,912,6,16,4,250,4,34,1,667,6,11,0,1102,7013,8115,159
2020-08-09,47045,47045,650,22,627,21,23,1,361,17,40,0,281,4,8,1,725,5931,6656,145
2020-08-09,47047,47047,698,12,691,12,7,0,268,9,46,0,422,3,8,0,880,10356,11236,115
2020-08-09,47001,47001,684,8,670,7,14,1,269,5,30,0,409,3,6,0,813,15356,16169,191
2020-08-09,47051,47051,330,5,323,5,7,0,147,5,15,0,179,,4,0,411,6986,7397,167
2020-08-09,47049,47049,93,1,92,1,1,0,48,1,8,0,45,,0,0,101,2200,2301,57
2020-08-09,47093,47093,4600,87,4454,84,146,3,1950,56,210,1,2611,30,39,1,5182,77216,82398,1266
2020-08-09,47091,47091,280,15,276,15,4,0,237,15,9,0,43,,0,0,289,3887,4176,116
2020-08-09,47089,47089,568,9,513,9,55,0,226,5,26,0,338,3,4,1,616,8539,9155,163
2020-08-09,47087,47087,127,3,122,3,5,0,34,3,7,0,92,,1,0,145,1546,1691,30
2020-08-09,47085,47085,124,4,114,4,10,0,81,3,3,0,40,1,3,0,143,3087,3230,119
2020-08-09,47081,47081,268,9,255,6,13,3,112,9,5,0,156,,0,0,338,3393,3731,97
2020-08-09,47079,47079,288,12,283,12,5,0,193,12,19,0,95,,0,0,337,5583,5920,199
2020-08-09,47077,47077,593,30,491,28,102,2,354,26,14,1,237,4,2,0,687,4608,5295,225
2020-08-09,47075,47075,500,37,480,37,20,0,302,37,20,0,192,,6,0,529,3573,4102,247
2020-08-09,47083,47083,59,2,59,2,0,0,32,2,5,0,27,,0,0,69,1231,1300,28
2020-08-09,47071,47071,471,9,414,8,57,1,222,9,13,0,241,,8,0,518,7049,7567,176
2020-08-09,47069,47069,917,19,885,18,32,1,365,16,43,1,535,3,17,0,1028,8828,9856,102
2020-08-09,47067,47067,80,2,74,2,6,0,54,2,7,0,24,,2,0,91,1190,1281,19
2020-08-09,47065,47065,6132,70,6119,71,13,-1,1488,6,256,0,4591,64,53,0,7045,68761,75806,3148
2020-08-09,47053,47053,717,24,607,22,110,2,413,21,26,1,299,3,5,0,796,7684,8480,239
2020-08-09,47063,47063,1396,13,1345,13,51,0,490,10,63,0,892,3,14,0,1534,12397,13931,205
2020-08-09,47061,47061,114,1,111,1,3,0,34,1,15,0,78,,2,0,132,1481,1613,27
2020-08-09,47059,47059,492,25,457,26,35,-1,338,25,30,1,146,,8,0,569,8190,8759,149
2020-08-09,47057,47057,197,1,187,1,10,0,96,-2,10,0,101,3,0,0,233,3128,3361,50
2020-08-09,47055,47055,381,3,379,3,2,0,165,3,26,1,203,,13,0,458,5242,5700,86
2020-08-09,47073,47073,472,21,462,21,10,0,357,19,34,0,108,2,7,0,531,5625,6156,84
2020-08-10,47127,47127,61,-2,59,-2,2,0,28,-2,0,0,33,,0,0,73,974,1047,3
2020-08-10,47129,47129,126,4,122,4,4,0,68,3,2,0,57,1,1,0,142,4998,5140,17
2020-08-10,47131,47131,579,14,568,13,11,1,333,-11,21,0,242,25,4,0,650,5681,6331,88
2020-08-10,47137,47137,37,2,37,2,0,0,20,1,0,0,16,1,1,0,38,667,705,2
2020-08-10,47133,47133,198,3,196,3,2,0,94,1,6,0,103,2,1,0,224,4010,4234,21
2020-08-10,,47PEN,3142,-19,3109,-19,33,0,1266,-114,34,-4,1872,101,4,-6,3590,120582,124172,-1683
2020-08-10,47135,47135,81,0,79,0,2,0,26,-1,4,0,55,1,0,0,91,1818,1909,7
2020-08-10,47125,47125,1952,13,1943,13,9,0,1034,-14,85,0,905,27,13,0,2259,25389,27648,202
2020-08-10,,47OOS,2947,23,2902,22,45,1,1310,-34,72,1,1623,57,14,0,3028,176801,179829,962
2020-08-10,47123,47123,452,8,439,9,13,-1,203,-8,33,1,240,16,9,0,511,5322,5833,149
2020-08-10,47101,47101,74,-1,74,-1,0,0,48,-3,6,0,25,2,1,0,82,2343,2425,14
2020-08-10,47109,47109,381,3,338,3,43,0,189,-13,21,0,187,16,5,0,432,3797,4229,50
2020-08-10,47107,47107,553,6,548,6,5,0,155,-2,38,0,378,8,20,0,672,9028,9700,90
2020-08-10,47119,47119,1272,15,1266,15,6,0,565,-10,40,0,700,25,7,0,1498,13000,14498,89
2020-08-10,47117,47117,304,3,302,3,2,0,137,-2,14,0,163,4,4,1,351,4753,5104,40
2020-08-10,47115,47115,227,3,226,3,1,0,75,-1,22,0,148,4,4,0,282,3473,3755,10
2020-08-10,47113,47113,1160,58,1133,58,27,0,438,29,58,1,704,28,18,1,1284,15124,16408,299
2020-08-10,47111,47111,860,0,855,0,5,0,120,-12,60,0,727,12,13,0,1020,4824,5844,22
2020-08-10,47105,47105,749,7,728,7,21,0,269,-22,20,0,477,29,3,0,828,7545,8373,68
2020-08-10,47103,47103,309,7,308,7,1,0,144,-1,11,0,164,8,1,0,381,4552,4933,28
2020-08-10,47139,47139,207,1,202,1,5,0,74,-6,10,0,130,7,3,0,224,1952,2176,13
2020-08-10,47121,47121,106,0,106,0,0,0,42,0,5,0,64,,0,0,129,1785,1914,0
2020-08-10,47141,47141,1785,18,1771,18,14,0,482,-17,55,0,1285,35,18,0,2121,18069,20190,148
2020-08-10,47163,47163,1037,43,978,43,59,0,365,15,80,0,658,28,14,0,1106,16161,17267,268
2020-08-10,47145,47145,485,10,464,10,21,0,249,-9,16,0,234,19,2,0,569,10753,11322,57
2020-08-10,47099,47099,575,13,571,13,4,0,253,8,24,0,316,5,6,0,679,6443,7122,78
2020-08-10,47187,47187,3577,26,3562,26,15,0,1232,-18,97,0,2320,44,25,0,4255,41850,46105,381
2020-08-10,47185,47185,294,1,290,1,4,0,137,-7,13,0,152,8,5,0,346,4787,5133,25
2020-08-10,47183,47183,463,12,432,13,31,-1,337,1,11,0,122,11,4,0,499,5870,6369,109
2020-08-10,47181,47181,228,2,223,2,5,0,75,1,8,0,151,1,2,0,251,4050,4301,31
2020-08-10,47179,47179,1277,25,1244,23,33,2,918,7,59,1,357,18,2,0,1447,17169,18616,246
2020-08-10,47177,47177,533,3,507,4,26,-1,256,-18,9,0,273,21,4,0,584,7949,8533,58
2020-08-10,47175,47175,36,0,36,0,0,0,17,-4,1,0,19,4,0,0,39,780,819,5
2020-08-10,47173,47173,162,2,158,2,4,0,84,-4,2,0,78,6,0,0,177,2585,2762,46
2020-08-10,47171,47171,169,3,165,3,4,0,101,2,3,0,68,1,0,0,181,3332,3513,14
2020-08-10,47169,47169,1583,0,1580,0,3,0,69,-3,17,0,1508,3,6,0,1647,3334,4981,19
2020-08-10,47167,47167,1211,3,1199,5,12,-2,412,-7,57,0,789,10,10,0,1393,13877,15270,116
2020-08-10,47165,47165,3449,16,3436,17,13,-1,1298,-44,298,-2,2079,61,72,-1,4167,25874,30041,116
2020-08-10,47161,47161,78,4,78,4,0,0,36,3,3,0,42,1,0,0,98,1641,1739,36
2020-08-10,47159,47159,455,3,447,3,8,0,170,-8,16,0,281,11,4,0,513,3400,3913,21
2020-08-10,47157,47157,23485,247,23422,237,63,10,4474,-159,1324,14,18703,402,308,4,28730,245025,273755,3358
2020-08-10,47155,47155,1894,8,1835,8,59,0,609,-48,67,1,1278,56,7,0,2067,16911,18978,77
2020-08-10,47153,47153,106,1,106,1,0,0,35,1,5,0,71,,0,0,131,2989,3120,-2
2020-08-10,47151,47151,122,3,119,3,3,0,68,-1,7,0,54,4,0,0,133,2451,2584,54
2020-08-10,47149,47149,6589,36,6578,36,11,0,2632,-83,192,1,3902,118,55,1,8063,49309,57372,448
2020-08-10,47147,47147,1567,9,1564,9,3,0,586,-8,99,1,961,16,20,1,1970,10478,12448,45
2020-08-10,47143,47143,538,2,537,2,1,0,116,-12,14,0,420,14,2,0,643,5852,6495,28
2020-08-10,47097,47097,514,6,505,6,9,0,248,3,29,1,258,3,8,0,574,6694,7268,26
2020-08-10,47189,47189,2321,31,2319,31,2,0,802,0,78,0,1496,31,23,0,2788,23826,26614,200
2020-08-10,47093,47093,4685,85,4535,81,150,4,1917,-33,211,1,2728,117,40,1,5282,78097,83379,981
2020-08-10,47041,47041,365,5,363,5,2,0,157,-19,14,0,206,24,2,0,422,4759,5181,59
2020-08-10,47039,47039,216,3,169,3,47,0,131,2,6,0,82,1,3,0,246,2967,3213,97
2020-08-10,47037,47037,20722,102,20672,102,50,0,3878,-119,744,2,16627,217,217,4,25695,191518,217213,2330
2020-08-10,47035,47035,458,1,457,1,1,0,171,-9,30,0,281,10,6,0,586,12852,13438,65
2020-08-10,47033,47033,269,0,248,0,21,0,120,-6,11,0,144,6,5,0,295,1910,2205,16
2020-08-10,47031,47031,548,3,512,6,36,-3,302,-19,15,0,243,22,3,0,649,9609,10258,76
2020-08-10,47029,47029,478,3,457,2,21,1,208,-5,16,1,267,7,3,1,518,4924,5442,34
2020-08-10,47027,47027,78,2,72,2,6,0,35,-1,2,0,43,3,0,0,81,1468,1549,8
2020-08-10,47025,47025,276,4,262,4,14,0,127,-6,9,0,149,10,0,0,305,5682,5987,62
2020-08-10,47023,47023,223,2,203,2,20,0,105,-1,9,0,116,3,2,0,246,1934,2180,28
2020-08-10,47021,47021,599,4,595,3,4,1,278,-3,22,0,314,7,7,0,721,6646,7367,16
2020-08-10,47019,47019,524,2,507,2,17,0,386,-7,43,2,132,9,6,0,579,8706,9285,41
2020-08-10,47017,47017,325,11,288,11,37,0,221,3,16,0,101,8,3,0,342,4239,4581,76
2020-08-10,47015,47015,151,4,142,4,9,0,62,1,5,0,89,3,0,0,190,2207,2397,17
2020-08-10,47013,47013,254,6,245,4,9,2,120,1,11,0,133,5,1,0,291,6177,6468,150
2020-08-10,47011,47011,1956,13,1916,13,40,0,610,-15,105,0,1333,27,13,1,2344,14231,16575,121
2020-08-10,47009,47009,1314,11,1286,12,28,-1,510,-18,52,1,793,29,11,0,1542,16226,17768,132
2020-08-10,47007,47007,708,3,705,3,3,0,63,0,12,0,644,3,1,0,728,4663,5391,11
2020-08-10,47005,47005,159,4,153,4,6,0,117,3,6,0,41,1,1,0,165,2176,2341,52
2020-08-10,47003,47003,928,0,912,0,16,0,235,-15,34,0,682,15,11,0,1102,7077,8179,64
2020-08-10,47001,47001,693,9,679,9,14,0,265,-4,30,0,422,13,6,0,823,15486,16309,140
2020-08-10,47043,47043,698,7,666,6,32,1,366,-12,34,0,330,19,2,0,876,7927,8803,68
2020-08-10,47045,47045,663,13,640,13,23,0,363,2,40,0,292,11,8,0,739,5982,6721,65
2020-08-10,47095,47095,792,5,786,5,6,0,80,1,4,0,712,4,0,0,965,4484,5449,33
2020-08-10,47049,47049,96,3,96,4,0,-1,46,-2,8,0,50,5,0,0,104,2211,2315,14
2020-08-10,47047,47047,702,4,695,4,7,0,263,-5,46,0,431,9,8,0,884,10449,11333,97
2020-08-10,47091,47091,285,5,281,5,4,0,242,5,10,1,43,,0,0,294,3897,4191,15
2020-08-10,47089,47089,584,16,525,12,59,4,227,1,26,0,353,15,4,0,632,8609,9241,86
2020-08-10,47087,47087,129,2,124,2,5,0,34,0,7,0,94,2,1,0,147,1557,1704,13
2020-08-10,47085,47085,128,4,118,4,10,0,84,3,3,0,41,1,3,0,147,3123,3270,40
2020-08-10,47083,47083,59,0,59,0,0,0,31,-1,5,0,28,1,0,0,69,1244,1313,13
2020-08-10,47079,47079,290,2,285,2,5,0,191,-2,19,0,99,4,0,0,339,5648,5987,67
2020-08-10,47077,47077,604,11,503,12,101,-1,349,-5,15,1,252,15,3,1,707,4707,5414,119
2020-08-10,47075,47075,510,10,491,11,19,-1,299,-3,20,0,205,13,6,0,539,3594,4133,31
2020-08-10,47073,47073,483,11,473,11,10,0,350,-7,38,4,126,18,7,0,544,5704,6248,92
2020-08-10,47081,47081,273,5,260,5,13,0,114,2,5,0,159,3,0,0,345,3412,3757,26
2020-08-10,47069,47069,930,13,899,14,31,-1,358,-7,43,0,555,20,17,0,1047,8876,9923,67
2020-08-10,47067,47067,81,1,75,1,6,0,55,1,7,0,24,,2,0,92,1192,1284,3
2020-08-10,47065,47065,6220,88,6204,85,16,3,1466,-22,259,3,4701,110,53,0,7132,70883,78015,2209
2020-08-10,47063,47063,1405,9,1353,8,52,1,472,-18,63,0,919,27,14,0,1544,12515,14059,128
2020-08-10,47051,47051,332,2,325,2,7,0,140,-7,15,0,188,9,4,0,412,7007,7419,22
2020-08-10,47061,47061,114,0,111,0,3,0,29,-5,15,0,83,5,2,0,132,1485,1617,4
2020-08-10,47059,47059,504,12,469,12,35,0,345,7,31,1,151,5,8,0,580,8271,8851,92
2020-08-10,47057,47057,200,3,190,3,10,0,98,2,10,0,102,1,0,0,236,3155,3391,30
2020-08-10,47055,47055,385,4,383,4,2,0,159,-6,26,0,213,10,13,0,463,5314,5777,77
2020-08-10,47053,47053,726,9,617,10,109,-1,410,-3,27,1,310,11,6,1,806,7784,8590,110
2020-08-10,47071,47071,482,11,425,11,57,0,223,1,14,1,251,10,8,0,529,7213,7742,175
2020-08-11,47127,47127,60,-1,59,0,1,-1,26,-2,0,0,34,1,0,0,73,975,1048,1
2020-08-11,47129,47129,127,1,122,0,5,1,64,-4,2,0,62,5,1,0,142,5033,5175,35
2020-08-11,47131,47131,588,9,577,9,11,0,322,-11,22,1,262,20,4,0,659,5714,6373,42
2020-08-11,47137,47137,39,2,39,2,0,0,20,0,0,0,18,2,1,0,40,666,706,1
2020-08-11,47133,47133,209,11,207,11,2,0,102,8,7,1,106,3,1,0,237,4012,4249,15
2020-08-11,,47PEN,3117,-25,3083,-26,34,1,1182,-84,33,-1,1932,60,3,-1,3551,119151,122702,-1470
2020-08-11,47135,47135,81,0,79,0,2,0,23,-3,4,0,58,3,0,0,92,1820,1912,3
2020-08-11,47125,47125,1986,34,1959,16,27,18,1045,11,87,2,927,22,14,1,2301,25461,27762,114
2020-08-11,,47OOS,2952,5,2908,6,44,-1,1256,-54,77,5,1680,57,16,2,2997,179247,182244,2415
2020-08-11,47123,47123,451,-1,438,-1,13,0,191,-12,35,2,251,11,9,0,510,5361,5871,38
2020-08-11,47101,47101,74,0,74,0,0,0,45,-3,6,0,28,3,1,0,82,2356,2438,13
2020-08-11,47109,47109,388,7,343,5,45,2,190,1,22,1,192,5,6,1,439,3803,4242,13
2020-08-11,47107,47107,559,6,554,6,5,0,153,-2,38,0,386,8,20,0,681,9063,9744,44
2020-08-11,47119,47119,1284,12,1277,11,7,1,552,-13,41,1,725,25,7,0,1510,13074,14584,86
2020-08-11,47117,47117,305,1,304,2,1,-1,130,-7,15,1,171,8,4,0,353,4873,5226,122
2020-08-11,47115,47115,228,1,227,1,1,0,69,-6,22,0,154,6,5,1,283,3472,3755,0
2020-08-11,47113,47113,1189,29,1159,26,30,3,412,-26,64,6,757,53,20,2,1310,15221,16531,123
2020-08-11,47111,47111,867,7,859,4,8,3,119,-1,60,0,735,8,13,0,1030,4830,5860,16
2020-08-11,47105,47105,754,5,732,4,22,1,249,-20,20,0,502,25,3,0,834,7619,8453,80
2020-08-11,47103,47103,315,6,314,6,1,0,139,-5,11,0,175,11,1,0,388,4563,4951,18
2020-08-11,47139,47139,213,6,208,6,5,0,71,-3,10,0,139,9,3,0,231,1961,2192,16
2020-08-11,47121,47121,108,2,108,2,0,0,39,-3,5,0,69,5,0,0,132,1787,1919,5
2020-08-11,47141,47141,1800,15,1786,15,14,0,471,-11,60,5,1311,26,18,0,2140,18105,20245,55
2020-08-11,47163,47163,1048,11,988,10,60,1,333,-32,85,5,700,42,15,1,1120,16468,17588,321
2020-08-11,47145,47145,488,3,467,3,21,0,235,-14,17,1,251,17,2,0,577,10838,11415,93
2020-08-11,47099,47099,584,9,578,7,6,2,255,2,25,1,322,6,7,1,689,6524,7213,91
2020-08-11,47187,47187,3607,30,3592,30,15,0,1228,-4,98,1,2354,34,25,0,4285,42082,46367,262
2020-08-11,47185,47185,294,0,290,0,4,0,130,-7,17,4,159,7,5,0,346,4795,5141,8
2020-08-11,47183,47183,482,19,448,16,34,3,348,11,11,0,130,8,4,0,515,5952,6467,98
2020-08-11,47181,47181,229,1,224,1,5,0,72,-3,9,1,155,4,2,0,252,4062,4314,13
2020-08-11,47179,47179,1291,14,1254,10,37,4,913,-5,61,2,376,19,2,0,1465,17290,18755,139
2020-08-11,47177,47177,540,7,513,6,27,1,251,-5,9,0,285,12,4,0,592,7966,8558,25
2020-08-11,47175,47175,36,0,36,0,0,0,16,-1,1,0,20,1,0,0,39,782,821,2
2020-08-11,47173,47173,162,0,158,0,4,0,78,-6,2,0,84,6,0,0,180,2594,2774,12
2020-08-11,47171,47171,168,-1,164,-1,4,0,98,-3,3,0,70,2,0,0,179,3339,3518,5
2020-08-11,47169,47169,1583,0,1580,0,3,0,64,-5,17,0,1513,5,6,0,1650,3341,4991,10
2020-08-11,47167,47167,1217,6,1202,3,15,3,408,-4,57,0,799,10,10,0,1399,13942,15341,71
2020-08-11,47165,47165,3473,24,3460,24,13,0,1281,-17,302,4,2119,40,73,1,4197,25979,30176,135
2020-08-11,47161,47161,79,1,79,1,0,0,37,1,3,0,42,,0,0,100,1650,1750,11
2020-08-11,47159,47159,458,3,450,3,8,0,154,-16,17,1,300,19,4,0,516,3407,3923,10
2020-08-11,47157,47157,23625,140,23543,121,82,19,4228,-246,1357,33,19083,380,314,6,28894,246651,275545,1790
2020-08-11,47155,47155,1902,8,1843,8,59,0,578,-31,68,1,1315,37,9,2,2077,17003,19080,102
2020-08-11,47153,47153,113,7,112,6,1,1,35,0,6,1,77,6,1,1,137,2973,3110,-10
2020-08-11,47151,47151,124,2,121,2,3,0,66,-2,7,0,57,3,1,1,134,2466,2600,16
2020-08-11,47149,47149,6629,40,6618,40,11,0,2548,-84,193,1,4026,124,55,0,8105,49655,57760,388
2020-08-11,47147,47147,1578,11,1574,10,4,1,582,-4,101,2,976,15,20,0,1979,10508,12487,39
2020-08-11,47143,47143,544,6,543,6,1,0,110,-6,14,0,432,12,2,0,651,5877,6528,33
2020-08-11,47189,47189,2339,18,2336,17,3,1,786,-16,78,0,1530,34,23,0,2806,23954,26760,146
2020-08-11,47097,47097,522,8,509,4,13,4,244,-4,29,0,269,11,9,1,584,6706,7290,22
2020-08-11,47093,47093,4750,65,4597,62,153,3,1855,-62,211,0,2855,127,40,0,5344,78640,83984,605
2020-08-11,47041,47041,366,1,364,1,2,0,146,-11,14,0,218,12,2,0,422,4764,5186,5
2020-08-11,47039,47039,215,-1,169,0,46,-1,126,-5,6,0,86,4,3,0,245,2984,3229,16
2020-08-11,47037,47037,20865,143,20811,139,54,4,3800,-78,764,20,16846,219,219,2,25882,194284,220166,2953
2020-08-11,47035,47035,463,5,462,5,1,0,152,-19,30,0,305,24,6,0,593,12907,13500,62
2020-08-11,47033,47033,274,5,253,5,21,0,117,-3,13,2,152,8,5,0,302,1915,2217,12
2020-08-11,47031,47031,558,10,518,6,40,4,298,-4,15,0,257,14,3,0,660,9640,10300,42
2020-08-11,47029,47029,482,4,460,3,22,1,197,-11,16,0,281,14,4,1,522,4948,5470,28
2020-08-11,47027,47027,79,1,73,1,6,0,31,-4,2,0,48,5,0,0,82,1468,1550,1
2020-08-11,47025,47025,277,1,263,1,14,0,122,-5,9,0,155,6,0,0,308,5716,6024,37
2020-08-11,47021,47021,601,2,596,1,5,1,273,-5,23,1,320,6,8,1,723,6657,7380,13
2020-08-11,47019,47019,532,8,515,8,17,0,388,2,44,1,138,6,6,0,588,8750,9338,53
2020-08-11,47017,47017,330,5,292,4,38,1,223,2,16,0,104,3,3,0,346,4276,4622,41
2020-08-11,47015,47015,154,3,145,3,9,0,61,-1,5,0,93,4,0,0,197,2202,2399,2
2020-08-11,47013,47013,254,0,246,1,8,-1,116,-4,11,0,137,4,1,0,293,6213,6506,38
2020-08-11,47011,47011,1991,35,1948,32,43,3,583,-27,107,2,1393,60,15,2,2385,14343,16728,153
2020-08-11,47009,47009,1324,10,1296,10,28,0,476,-34,52,0,836,43,12,1,1554,16330,17884,116
2020-08-11,47007,47007,716,8,713,8,3,0,66,3,12,0,648,4,2,1,738,4753,5491,100
2020-08-11,47005,47005,158,-1,152,-1,6,0,112,-5,6,0,45,4,1,0,166,2188,2354,13
2020-08-11,47003,47003,930,2,913,1,17,1,226,-9,36,2,693,11,11,0,1105,7108,8213,34
2020-08-11,47001,47001,698,5,684,5,14,0,244,-21,30,0,448,26,6,0,831,15649,16480,171
2020-08-11,47095,47095,794,2,788,2,6,0,80,0,4,0,714,2,0,0,968,4503,5471,22
2020-08-11,47043,47043,705,7,668,2,37,5,363,-3,36,2,340,10,2,0,884,7991,8875,72
2020-08-11,47045,47045,668,5,644,4,24,1,360,-3,40,0,300,8,8,0,746,6014,6760,39
2020-08-11,47023,47023,225,2,205,2,20,0,105,0,9,0,118,2,2,0,248,1941,2189,9
2020-08-11,47049,47049,96,0,96,0,0,0,45,-1,8,0,51,1,0,0,104,2222,2326,11
2020-08-11,47047,47047,704,2,697,2,7,0,259,-4,46,0,437,6,8,0,886,10483,11369,36
2020-08-11,47089,47089,587,3,530,5,57,-2,215,-12,27,1,368,15,4,0,639,8654,9293,52
2020-08-11,47087,47087,130,1,125,1,5,0,32,-2,7,0,97,3,1,0,148,1560,1708,4
2020-08-11,47085,47085,129,1,119,1,10,0,81,-3,3,0,45,4,3,0,147,3136,3283,13
2020-08-11,47083,47083,61,2,60,1,1,1,30,-1,5,0,31,3,0,0,71,1251,1322,9
2020-08-11,47081,47081,272,-1,259,-1,13,0,113,-1,6,1,159,,0,0,347,3414,3761,4
2020-08-11,47079,47079,299,9,293,8,6,1,193,2,19,0,106,7,0,0,350,5707,6057,70
2020-08-11,47077,47077,613,9,510,7,103,2,347,-2,17,2,263,11,3,0,716,4728,5444,30
2020-08-11,47075,47075,510,0,491,0,19,0,288,-11,21,1,215,10,7,1,542,3601,4143,10
2020-08-11,47073,47073,485,2,475,2,10,0,347,-3,40,2,129,3,9,2,549,5778,6327,79
2020-08-11,47071,47071,479,-3,422,-3,57,0,215,-8,14,0,256,5,8,0,534,7236,7770,28
2020-08-11,47091,47091,288,3,284,3,4,0,244,2,10,0,44,1,0,0,298,3929,4227,36
2020-08-11,47067,47067,81,0,75,0,6,0,55,0,7,0,24,,2,0,92,1198,1290,6
2020-08-11,47065,47065,6315,95,6299,95,16,0,1445,-21,261,2,4815,114,55,2,7243,72564,79807,1792
2020-08-11,47063,47063,1420,15,1368,15,52,0,457,-15,65,2,947,28,16,2,1558,12580,14138,79
2020-08-11,47061,47061,118,4,115,4,3,0,32,3,15,0,84,1,2,0,138,1488,1626,9
2020-08-11,47059,47059,504,0,470,1,34,-1,339,-6,31,0,156,5,9,1,581,8334,8915,64
2020-08-11,47057,47057,204,4,193,3,11,1,94,-4,10,0,110,8,0,0,241,3185,3426,35
2020-08-11,47055,47055,387,2,385,2,2,0,147,-12,26,0,227,14,13,0,465,5339,5804,27
2020-08-11,47053,47053,735,9,626,9,109,0,402,-8,28,1,326,16,7,1,818,7824,8642,52
2020-08-11,47051,47051,338,6,331,6,7,0,126,-14,15,0,208,20,4,0,420,7049,7469,50
2020-08-11,47069,47069,942,12,910,11,32,1,357,-1,44,1,567,12,18,1,1064,8894,9958,35
2020-08-12,47139,47139,213,0,208,0,5,0,66,-5,10,0,143,4,4,1,232,1983,2215,23
2020-08-12,47127,47127,64,4,63,4,1,0,29,3,0,0,35,1,0,0,78,987,1065,17
2020-08-12,47129,47129,130,3,124,2,6,1,65,1,2,0,64,2,1,0,145,5057,5202,27
2020-08-12,47131,47131,598,10,586,9,12,1,319,-3,23,1,275,13,4,0,671,5738,6409,36
2020-08-12,47137,47137,40,1,40,1,0,0,20,0,0,0,19,1,1,0,41,672,713,7
2020-08-12,47133,47133,221,12,218,11,3,1,109,7,8,1,111,5,1,0,249,4134,4383,134
2020-08-12,,47PEN,3124,7,3091,8,33,-1,1163,-19,35,2,1958,26,3,0,3565,118999,122564,-138
2020-08-12,47135,47135,83,2,79,0,4,2,24,1,4,0,59,1,0,0,94,1837,1931,19
2020-08-12,47125,47125,2015,29,1987,28,28,1,1042,-3,87,0,959,32,14,0,2331,25677,28008,246
2020-08-12,,47OOS,2904,-48,2862,-46,42,-2,1170,-86,80,3,1716,36,18,2,2982,181161,184143,1899
2020-08-12,47123,47123,458,7,445,7,13,0,188,-3,36,1,261,10,9,0,520,5433,5953,82
2020-08-12,47117,47117,310,5,309,5,1,0,128,-2,15,0,178,7,4,0,356,4903,5259,33
2020-08-12,47109,47109,397,9,346,3,51,6,188,-2,22,0,203,11,6,0,449,3840,4289,47
2020-08-12,47107,47107,567,8,562,8,5,0,154,1,38,0,393,7,20,0,687,9159,9846,102
2020-08-12,47119,47119,1299,15,1292,15,7,0,543,-9,43,2,748,23,8,1,1521,13260,14781,197
2020-08-12,47115,47115,230,2,229,2,1,0,64,-5,22,0,161,7,5,0,285,3515,3800,45
2020-08-12,47113,47113,1222,33,1193,34,29,-1,398,-14,67,3,803,46,21,1,1358,15337,16695,164
2020-08-12,47111,47111,870,3,862,3,8,0,114,-5,60,0,743,8,13,0,1034,4879,5913,53
2020-08-12,47105,47105,774,20,751,19,23,1,256,7,20,0,515,13,3,0,852,7688,8540,87
2020-08-12,47103,47103,320,5,318,4,2,1,142,3,11,0,177,2,1,0,393,4653,5046,95
2020-08-12,47101,47101,76,2,76,2,0,0,46,1,6,0,29,1,1,0,84,2389,2473,35
2020-08-12,47121,47121,109,1,109,1,0,0,36,-3,5,0,73,4,0,0,133,1810,1943,24
2020-08-12,47141,47141,1840,40,1822,36,18,4,471,0,60,0,1351,40,18,0,2182,18296,20478,233
2020-08-12,47099,47099,593,9,587,9,6,0,255,0,25,0,331,9,7,0,698,6637,7335,122
2020-08-12,47145,47145,496,8,475,8,21,0,226,-9,17,0,268,17,2,0,587,10943,11530,115
2020-08-12,47187,47187,3656,49,3640,48,16,1,1233,5,99,1,2397,43,26,1,4345,42424,46769,402
2020-08-12,47185,47185,310,16,306,16,4,0,141,11,17,0,164,5,5,0,363,4863,5226,85
2020-08-12,47183,47183,503,21,467,19,36,2,354,6,13,2,145,15,4,0,538,6014,6552,85
2020-08-12,47181,47181,230,1,225,1,5,0,71,-1,9,0,157,2,2,0,253,4104,4357,43
2020-08-12,47179,47179,1352,61,1314,60,38,1,954,41,62,1,396,20,2,0,1537,17686,19223,468
2020-08-12,47177,47177,545,5,517,4,28,1,251,0,10,1,290,5,4,0,603,8016,8619,61
2020-08-12,47175,47175,37,1,37,1,0,0,12,-4,1,0,25,5,0,0,40,789,829,8
2020-08-12,47173,47173,165,3,161,3,4,0,79,1,2,0,86,2,0,0,183,2615,2798,24
2020-08-12,47171,47171,175,7,171,7,4,0,102,4,4,1,73,3,0,0,187,3502,3689,171
2020-08-12,47169,47169,1583,0,1580,0,3,0,64,0,17,0,1513,,6,0,1648,3372,5020,29
2020-08-12,47167,47167,1217,0,1201,-1,16,1,385,-23,59,2,822,23,10,0,1403,14030,15433,92
2020-08-12,47165,47165,3501,28,3486,26,15,2,1277,-4,303,1,2151,32,73,0,4227,26188,30415,239
2020-08-12,47163,47163,1075,27,1014,26,61,1,321,-12,88,3,739,39,15,0,1150,16674,17824,236
2020-08-12,47161,47161,79,0,79,0,0,0,37,0,3,0,42,,0,0,100,1673,1773,23
2020-08-12,47159,47159,461,3,453,3,8,0,150,-4,18,1,307,7,4,0,519,3449,3968,45
2020-08-12,47157,47157,23785,160,23709,166,76,-6,4060,-168,1370,13,19410,327,315,1,29135,248667,277802,2257
2020-08-12,47155,47155,1916,14,1856,13,60,1,549,-29,72,4,1358,43,9,0,2096,17155,19251,171
2020-08-12,47153,47153,113,0,112,0,1,0,32,-3,6,0,80,3,1,0,137,3042,3179,69
2020-08-12,47151,47151,124,0,121,0,3,0,63,-3,9,2,59,2,2,1,135,2480,2615,15
2020-08-12,47149,47149,6719,90,6706,88,13,2,2531,-17,195,2,4132,106,56,1,8218,50291,58509,749
2020-08-12,47147,47147,1587,9,1582,8,5,1,570,-12,101,0,997,21,20,0,1990,10634,12624,137
2020-08-12,47143,47143,547,3,547,4,0,-1,102,-8,14,0,443,11,2,0,655,5937,6592,64
2020-08-12,47097,47097,523,1,510,1,13,0,231,-13,29,0,283,14,9,0,587,6726,7313,23
2020-08-12,47189,47189,2374,35,2370,34,4,1,799,13,78,0,1552,22,23,0,2845,24252,27097,337
2020-08-12,47093,47093,4852,102,4696,99,156,3,1825,-30,216,5,2987,132,40,0,5446,79532,84978,994
2020-08-12,47041,47041,369,3,366,2,3,1,135,-11,14,0,233,15,1,-1,431,4835,5266,80
2020-08-12,47039,47039,218,3,172,3,46,0,121,-5,6,0,94,8,3,0,248,3002,3250,21
2020-08-12,47037,47037,21044,179,20984,173,60,6,3774,-26,775,11,17049,203,221,2,26107,196867,222974,2808
2020-08-12,47035,47035,483,20,482,20,1,0,162,10,30,0,315,10,6,0,615,13008,13623,123
2020-08-12,47033,47033,277,3,255,2,22,1,108,-9,13,0,164,12,5,0,306,1935,2241,24
2020-08-12,47031,47031,573,15,532,14,41,1,302,4,17,2,268,11,3,0,674,9846,10520,220
2020-08-12,47029,47029,485,3,463,3,22,0,179,-18,19,3,301,20,5,1,526,4987,5513,43
2020-08-12,47027,47027,83,4,77,4,6,0,34,3,2,0,49,1,0,0,85,1475,1560,10
2020-08-12,47025,47025,281,4,266,3,15,1,115,-7,11,2,166,11,0,0,312,5749,6061,37
2020-08-12,47023,47023,230,5,209,4,21,1,100,-5,9,0,128,10,2,0,253,1951,2204,15
2020-08-12,47021,47021,607,6,602,6,5,0,277,4,23,0,321,1,9,1,728,6735,7463,83
2020-08-12,47019,47019,564,32,546,31,18,1,417,29,45,1,141,3,6,0,623,9257,9880,542
2020-08-12,47017,47017,341,11,298,6,43,5,227,4,16,0,109,5,5,2,359,4340,4699,77
2020-08-12,47015,47015,157,3,148,3,9,0,60,-1,5,0,97,4,0,0,200,2217,2417,18
2020-08-12,47013,47013,257,3,248,2,9,1,113,-3,11,0,143,6,1,0,293,6286,6579,73
2020-08-12,47011,47011,2013,22,1966,18,47,4,573,-10,111,4,1425,32,15,0,2411,14463,16874,146
2020-08-12,47009,47009,1333,9,1305,9,28,0,456,-20,56,4,862,26,15,3,1566,16460,18026,142
2020-08-12,47007,47007,717,1,714,1,3,0,66,0,13,1,649,1,2,0,739,4793,5532,41
2020-08-12,47005,47005,161,3,154,2,7,1,112,0,6,0,48,3,1,0,169,2214,2383,29
2020-08-12,47003,47003,940,10,923,10,17,0,227,1,36,0,702,9,11,0,1117,7270,8387,174
2020-08-12,47001,47001,711,13,697,13,14,0,237,-7,30,0,468,20,6,0,845,15799,16644,164
2020-08-12,47043,47043,718,13,675,7,43,6,360,-3,36,0,355,15,3,1,895,8126,9021,146
2020-08-12,47045,47045,679,11,652,8,27,3,363,3,40,0,308,8,8,0,757,6071,6828,68
2020-08-12,47095,47095,796,2,790,2,6,0,79,-1,4,0,717,3,0,0,971,4524,5495,24
2020-08-12,47049,47049,98,2,98,2,0,0,45,0,8,0,53,2,0,0,106,2231,2337,11
2020-08-12,47091,47091,307,19,303,19,4,0,262,18,10,0,45,1,0,0,319,4010,4329,102
2020-08-12,47089,47089,596,9,532,2,64,7,205,-10,28,1,387,19,4,0,641,8711,9352,59
2020-08-12,47087,47087,131,1,126,1,5,0,30,-2,7,0,100,3,1,0,149,1568,1717,9
2020-08-12,47085,47085,131,2,120,1,11,1,78,-3,3,0,50,5,3,0,151,3203,3354,71
2020-08-12,47083,47083,62,1,61,1,1,0,28,-2,5,0,34,3,0,0,73,1267,1340,18
2020-08-12,47047,47047,718,14,711,14,7,0,257,-2,48,2,453,16,8,0,903,10590,11493,124
2020-08-12,47079,47079,303,4,297,4,6,0,184,-9,19,0,119,13,0,0,357,5789,6146,89
2020-08-12,47077,47077,626,13,518,8,108,5,339,-8,17,0,285,22,2,-1,730,4795,5525,81
2020-08-12,47075,47075,522,12,502,11,20,1,287,-1,21,0,228,13,7,0,554,3624,4178,35
2020-08-12,47073,47073,500,15,491,16,9,-1,358,11,40,0,132,3,10,1,568,5870,6438,111
2020-08-12,47081,47081,276,4,261,2,15,2,116,3,6,0,160,1,0,0,351,3453,3804,43
2020-08-12,47069,47069,968,26,928,18,40,8,363,6,44,0,587,20,18,0,1089,8946,10035,77
2020-08-12,47067,47067,82,1,76,1,6,0,55,0,7,0,25,1,2,0,92,1206,1298,8
2020-08-12,47065,47065,6408,93,6389,90,19,3,1453,8,263,2,4900,85,55,0,7356,74244,81600,1793
2020-08-12,47063,47063,1425,5,1369,1,56,4,400,-57,66,1,1010,63,15,-1,1562,12615,14177,39
2020-08-12,47061,47061,122,4,119,4,3,0,33,1,15,0,87,3,2,0,141,1494,1635,9
2020-08-12,47059,47059,524,20,490,20,34,0,354,15,32,1,161,5,9,0,610,8547,9157,242
2020-08-12,47057,47057,206,2,195,2,11,0,83,-11,11,1,123,13,0,0,242,3200,3442,16
2020-08-12,47055,47055,391,4,389,4,2,0,140,-7,26,0,238,11,13,0,470,5380,5850,46
2020-08-12,47053,47053,749,14,636,10,113,4,396,-6,30,2,345,19,8,1,841,7858,8699,57
2020-08-12,47051,47051,343,5,337,6,6,-1,124,-2,15,0,215,7,4,0,424,7099,7523,54
2020-08-12,47071,47071,486,7,425,3,61,4,218,3,14,0,260,4,8,0,541,7311,7852,82
2020-08-13,47127,47127,68,4,67,4,1,0,33,4,0,0,35,,0,0,84,998,1082,17
2020-08-13,47129,47129,133,3,127,3,6,0,67,2,3,1,65,1,1,0,148,5116,5264,62
2020-08-13,47131,47131,619,21,607,21,12,0,325,6,24,1,290,15,4,0,695,5886,6581,172
2020-08-13,,47OOS,3024,120,2983,121,41,-1,1231,61,81,1,1774,58,19,1,3079,184355,187434,3291
2020-08-13,47139,47139,224,11,219,11,5,0,71,5,11,1,148,5,5,1,243,2037,2280,65
2020-08-13,,47PEN,3151,27,3114,23,37,4,1147,-16,36,1,2001,43,3,0,3600,118929,122529,-35
2020-08-13,47135,47135,84,1,80,1,4,0,25,1,4,0,59,,0,0,95,1911,2006,75
2020-08-13,47137,47137,40,0,40,0,0,0,20,0,0,0,19,,1,0,41,693,734,21
2020-08-13,47133,47133,235,14,232,14,3,0,118,9,8,0,116,5,1,0,263,4188,4451,68
2020-08-13,47125,47125,2041,26,2014,27,27,-1,1049,7,90,3,977,18,15,1,2364,25977,28341,333
2020-08-13,47103,47103,325,5,322,4,3,1,142,0,11,0,182,5,1,0,399,4693,5092,46
2020-08-13,47109,47109,400,3,347,1,53,2,182,-6,22,0,212,9,6,0,455,3983,4438,149
2020-08-13,47107,47107,583,16,578,16,5,0,160,6,38,0,403,10,20,0,708,9303,10011,165
2020-08-13,47119,47119,1329,30,1322,30,7,0,549,6,44,1,771,23,9,1,1560,13648,15208,427
2020-08-13,47117,47117,325,15,325,16,0,-1,140,12,15,0,181,3,4,0,372,5015,5387,128
2020-08-13,47115,47115,239,9,237,8,2,1,68,4,22,0,166,5,5,0,295,3634,3929,129
2020-08-13,47113,47113,1244,22,1212,19,32,3,390,-8,70,3,831,28,23,2,1377,15470,16847,152
2020-08-13,47111,47111,873,3,865,3,8,0,109,-5,60,0,751,8,13,0,1037,4943,5980,67
2020-08-13,47105,47105,779,5,756,5,23,0,245,-11,21,1,531,16,3,0,859,7816,8675,135
2020-08-13,47141,47141,1878,38,1859,37,19,1,481,10,62,2,1377,26,20,2,2225,18558,20783,305
2020-08-13,47123,47123,469,11,456,11,13,0,189,1,36,0,270,9,10,1,534,5526,6060,107
2020-08-13,47143,47143,566,19,566,19,0,0,116,14,14,0,448,5,2,0,681,6075,6756,164
2020-08-13,47165,47165,3538,37,3523,37,15,0,1275,-2,303,0,2190,39,73,0,4273,26648,30921,506
2020-08-13,47147,47147,1596,9,1590,8,6,1,561,-9,103,2,1014,17,21,1,1998,10740,12738,114
2020-08-13,47189,47189,2411,37,2407,37,4,0,793,-6,79,1,1595,43,23,0,2895,24668,27563,466
2020-08-13,47187,47187,3702,46,3682,42,20,4,1237,4,99,0,2440,43,25,-1,4406,42920,47326,557
2020-08-13,47185,47185,315,5,310,4,5,1,142,1,17,0,168,4,5,0,367,4904,5271,45
2020-08-13,47183,47183,529,26,492,25,37,1,360,6,15,2,164,19,5,1,566,6125,6691,139
2020-08-13,47181,47181,231,1,226,1,5,0,70,-1,9,0,159,2,2,0,255,4148,4403,46
2020-08-13,47179,47179,1382,30,1344,30,38,0,964,10,63,1,416,20,2,0,1574,18118,19692,469
2020-08-13,47177,47177,567,22,538,21,29,1,265,14,10,0,298,8,4,0,622,8252,8874,255
2020-08-13,47175,47175,39,2,39,2,0,0,14,2,1,0,25,,0,0,42,797,839,10
2020-08-13,47173,47173,166,1,162,1,4,0,75,-4,4,2,91,5,0,0,184,2664,2848,50
2020-08-13,47171,47171,180,5,176,5,4,0,103,1,4,0,77,4,0,0,192,3559,3751,62
2020-08-13,47169,47169,1583,0,1580,0,3,0,63,-1,17,0,1514,1,6,0,1652,3397,5049,29
2020-08-13,47167,47167,1233,16,1213,12,20,4,388,3,64,5,833,11,12,2,1425,14241,15666,233
2020-08-13,47101,47101,80,4,80,4,0,0,49,3,7,1,30,1,1,0,88,2460,2548,75
2020-08-13,47163,47163,1106,31,1039,25,67,6,326,5,92,4,765,26,15,0,1182,16971,18153,329
2020-08-13,47161,47161,79,0,79,0,0,0,37,0,3,0,42,,0,0,100,1702,1802,29
2020-08-13,47159,47159,467,6,459,6,8,0,136,-14,19,1,327,20,4,0,529,3502,4031,63
2020-08-13,47157,47157,23943,158,23861,152,82,6,3917,-143,1384,14,19707,297,319,4,29346,251248,280594,2792
2020-08-13,47155,47155,1947,31,1887,31,60,0,545,-4,74,2,1393,35,9,0,2141,17352,19493,242
2020-08-13,47153,47153,115,2,114,2,1,0,31,-1,6,0,83,3,1,0,139,3083,3222,43
2020-08-13,47151,47151,130,6,127,6,3,0,64,1,9,0,64,5,2,0,142,2508,2650,35
2020-08-13,47149,47149,6834,115,6820,114,14,1,2555,24,197,2,4224,92,55,-1,8369,51370,59739,1230
2020-08-13,47145,47145,510,14,488,13,22,1,226,0,17,0,282,14,2,0,605,11103,11708,178
2020-08-13,47099,47099,613,20,608,21,5,-1,268,13,25,0,338,7,7,0,722,6758,7480,145
2020-08-13,47121,47121,113,4,113,4,0,0,34,-2,5,0,79,6,0,0,136,1839,1975,32
2020-08-13,47097,47097,535,12,520,10,15,2,231,0,29,0,295,12,9,0,597,6773,7370,57
2020-08-13,47041,47041,379,10,376,10,3,0,137,2,14,0,241,8,1,0,444,4908,5352,86
2020-08-13,47039,47039,226,8,178,6,48,2,124,3,6,0,99,5,3,0,256,3053,3309,59
2020-08-13,47037,47037,21280,236,21213,229,67,7,3765,-9,781,6,17294,245,221,0,26439,200682,227121,4147
2020-08-13,47035,47035,502,19,501,19,1,0,176,14,30,0,319,4,7,1,635,13248,13883,260
2020-08-13,47033,47033,285,8,263,8,22,0,109,1,13,0,171,7,5,0,315,1943,2258,17
2020-08-13,47031,47031,584,11,544,12,40,-1,300,-2,17,0,281,13,3,0,696,10060,10756,236
2020-08-13,47029,47029,514,29,491,28,23,1,202,23,19,0,307,6,5,0,554,5066,5620,107
2020-08-13,47027,47027,84,1,78,1,6,0,34,0,2,0,50,1,0,0,87,1494,1581,21
2020-08-13,47023,47023,240,10,219,10,21,0,102,2,9,0,136,8,2,0,262,1983,2245,41
2020-08-13,47021,47021,622,15,617,15,5,0,279,2,23,0,334,13,9,0,751,6893,7644,181
2020-08-13,47019,47019,593,29,573,27,20,2,443,26,46,1,144,3,6,0,654,9374,10028,148
2020-08-13,47017,47017,352,11,308,10,44,1,234,7,17,1,112,3,6,1,369,4398,4767,68
2020-08-13,47015,47015,159,2,151,3,8,-1,58,-2,5,0,101,4,0,0,203,2239,2442,25
2020-08-13,47013,47013,261,4,253,5,8,-1,106,-7,12,1,154,11,1,0,301,6403,6704,125
2020-08-13,47011,47011,2066,53,2019,53,47,0,591,18,111,0,1460,35,15,0,2479,14839,17318,444
2020-08-13,47009,47009,1373,40,1345,40,28,0,453,-3,59,3,905,43,15,0,1613,16712,18325,299
2020-08-13,47007,47007,727,10,724,10,3,0,75,9,13,0,650,1,2,0,750,4847,5597,65
2020-08-13,47005,47005,173,12,166,12,7,0,123,11,7,1,49,1,1,0,180,2253,2433,50
2020-08-13,47003,47003,955,15,936,13,19,2,233,6,37,1,711,9,11,0,1128,7373,8501,114
2020-08-13,47001,47001,722,11,708,11,14,0,231,-6,31,1,484,16,7,1,859,16063,16922,278
2020-08-13,47095,47095,798,2,792,2,6,0,80,1,4,0,718,1,0,0,975,4597,5572,77
2020-08-13,47043,47043,743,25,696,21,47,4,375,15,36,0,365,10,3,0,936,8398,9334,313
2020-08-13,47045,47045,696,17,669,17,27,0,371,8,41,1,316,8,9,1,776,6191,6967,139
2020-08-13,47025,47025,296,15,281,15,15,0,119,4,12,1,177,11,0,0,326,6032,6358,297
2020-08-13,47049,47049,104,6,104,6,0,0,46,1,8,0,58,5,0,0,112,2291,2403,66
2020-08-13,47047,47047,725,7,718,7,7,0,256,-1,50,2,461,8,8,0,911,10689,11600,107
2020-08-13,47091,47091,318,11,314,11,4,0,271,9,10,0,47,2,0,0,335,4059,4394,65
2020-08-13,47089,47089,616,20,554,22,62,-2,212,7,29,1,400,13,4,0,661,8842,9503,151
2020-08-13,47087,47087,137,6,132,6,5,0,36,6,7,0,100,,1,0,155,1594,1749,32
2020-08-13,47085,47085,131,0,119,-1,12,1,77,-1,3,0,51,1,3,0,151,3245,3396,42
2020-08-13,47083,47083,63,1,62,1,1,0,29,1,5,0,34,,0,0,74,1276,1350,10
2020-08-13,47081,47081,290,14,275,14,15,0,126,10,6,0,163,3,1,1,365,3599,3964,160
2020-08-13,47079,47079,307,4,301,4,6,0,167,-17,19,0,139,20,1,1,362,5875,6237,91
2020-08-13,47077,47077,636,10,526,8,110,2,332,-7,19,2,302,17,2,0,744,4826,5570,45
2020-08-13,47075,47075,547,25,527,25,20,0,298,11,21,0,242,14,7,0,580,3702,4282,104
2020-08-13,47073,47073,520,20,511,20,9,0,371,13,41,1,139,7,10,0,588,5983,6571,133
2020-08-13,47093,47093,4946,94,4780,84,166,10,1828,3,218,2,3077,90,41,1,5557,80534,86091,1113
2020-08-13,47069,47069,975,7,935,7,40,0,353,-10,44,0,604,17,18,0,1100,8963,10063,28
2020-08-13,47071,47071,493,7,429,4,64,3,219,1,14,0,266,6,8,0,550,7357,7907,55
2020-08-13,47053,47053,765,16,652,16,113,0,390,-6,35,5,366,21,9,1,857,8034,8891,192
2020-08-13,47055,47055,402,11,400,11,2,0,144,4,27,1,245,7,13,0,484,5513,5997,147
2020-08-13,47057,47057,212,6,201,6,11,0,81,-2,11,0,131,8,0,0,252,3249,3501,59
2020-08-13,47059,47059,552,28,518,28,34,0,378,24,33,1,165,4,9,0,648,8677,9325,168
2020-08-13,47051,47051,359,16,351,14,8,2,136,12,17,2,219,4,4,0,444,7331,7775,252
2020-08-13,47063,47063,1456,31,1397,28,59,3,384,-16,68,2,1057,47,15,0,1595,12816,14411,234
2020-08-13,47065,47065,6547,139,6526,137,21,2,1517,64,267,4,4974,74,56,1,7514,76847,84361,2761
2020-08-13,47067,47067,83,1,77,1,6,0,56,1,8,1,25,,2,0,93,1250,1343,45
2020-08-13,47061,47061,124,2,121,2,3,0,34,1,16,1,88,1,2,0,144,1516,1660,25
2020-08-14,47125,47125,2085,44,2056,42,29,2,1071,22,91,1,999,22,15,0,2409,26280,28689,348
2020-08-14,47135,47135,86,2,80,0,6,2,26,1,4,0,60,1,0,0,94,1959,2053,47
2020-08-14,,47PEN,3122,-29,3081,-33,41,4,1085,-62,38,2,2034,33,3,0,3562,118136,121698,-831
2020-08-14,47133,47133,250,15,247,15,3,0,129,11,8,0,120,4,1,0,279,4253,4532,81
2020-08-14,,47OOS,2993,-31,2952,-31,41,0,1168,-63,84,3,1805,31,20,1,3004,186808,189812,2378
2020-08-14,47131,47131,639,20,627,20,12,0,325,0,24,0,310,20,4,0,716,5992,6708,127
2020-08-14,47137,47137,40,0,40,0,0,0,17,-3,0,0,22,3,1,0,42,704,746,12
2020-08-14,47129,47129,135,2,130,3,5,-1,64,-3,3,0,70,5,1,0,152,5156,5308,44
2020-08-14,47127,47127,74,6,72,5,2,1,39,6,0,0,35,,0,0,89,1003,1092,10
2020-08-14,47123,47123,479,10,466,10,13,0,191,2,37,1,278,8,10,0,545,5700,6245,185
2020-08-14,47115,47115,240,1,238,1,2,0,59,-9,22,0,176,10,5,0,297,3620,3917,-12
2020-08-14,47109,47109,410,10,354,7,56,3,185,3,23,1,219,7,6,0,466,4045,4511,73
2020-08-14,47107,47107,591,8,586,8,5,0,153,-7,38,0,418,15,20,0,712,9563,10275,264
2020-08-14,47119,47119,1367,38,1360,38,7,0,577,28,45,1,781,10,9,0,1599,13865,15464,256
2020-08-14,47117,47117,336,11,336,11,0,0,148,8,15,0,184,3,4,0,386,5085,5471,84
2020-08-14,47113,47113,1282,38,1253,41,29,-3,400,10,70,0,859,28,23,0,1426,15720,17146,299
2020-08-14,47111,47111,874,1,867,2,7,-1,96,-13,60,0,765,14,13,0,1047,4986,6033,53
2020-08-14,47105,47105,788,9,765,9,23,0,244,-1,21,0,541,10,3,0,870,7997,8867,192
2020-08-14,47103,47103,335,10,331,9,4,1,146,4,11,0,188,6,1,0,408,4710,5118,26
2020-08-14,47101,47101,81,1,81,1,0,0,48,-1,7,0,32,2,1,0,89,2471,2560,12
2020-08-14,47139,47139,237,13,232,13,5,0,68,-3,11,0,164,16,5,0,258,2049,2307,27
2020-08-14,47121,47121,115,2,115,2,0,0,29,-5,5,0,86,7,0,0,139,1854,1993,18
2020-08-14,47141,47141,1932,54,1914,55,18,-1,510,29,62,0,1402,25,20,0,2289,19015,21304,521
2020-08-14,47099,47099,619,6,614,6,5,0,267,-1,25,0,345,7,7,0,732,6800,7532,52
2020-08-14,47145,47145,516,6,493,5,23,1,222,-4,18,1,292,10,2,0,611,11280,11891,183
2020-08-14,47187,47187,3741,39,3722,40,19,-1,1180,-57,99,0,2536,96,25,0,4460,43334,47794,468
2020-08-14,47185,47185,327,12,322,12,5,0,152,10,17,0,170,2,5,0,382,4965,5347,76
2020-08-14,47183,47183,557,28,514,22,43,6,373,13,15,0,179,15,5,0,595,6258,6853,162
2020-08-14,47181,47181,232,1,227,1,5,0,67,-3,9,0,163,4,2,0,257,4171,4428,25
2020-08-14,47179,47179,1391,9,1353,9,38,0,950,-14,64,1,439,23,2,0,1589,18297,19886,194
2020-08-14,47177,47177,587,20,558,20,29,0,267,2,10,0,316,18,4,0,648,8358,9006,132
2020-08-14,47175,47175,43,4,43,4,0,0,18,4,1,0,25,,0,0,46,806,852,13
2020-08-14,47173,47173,170,4,165,3,5,1,66,-9,4,0,104,13,0,0,188,2734,2922,74
2020-08-14,47171,47171,180,0,177,1,3,-1,103,0,4,0,77,,0,0,194,3568,3762,11
2020-08-14,47169,47169,1583,0,1580,0,3,0,54,-9,17,0,1523,9,6,0,1651,3432,5083,34
2020-08-14,47167,47167,1247,14,1227,14,20,0,381,-7,64,0,854,21,12,0,1445,14389,15834,168
2020-08-14,47165,47165,3581,43,3566,43,15,0,1138,-137,304,1,2369,179,74,1,4335,27080,31415,494
2020-08-14,47163,47163,1136,30,1070,31,66,-1,338,12,94,2,782,17,16,1,1215,17217,18432,279
2020-08-14,47161,47161,81,2,81,2,0,0,39,2,3,0,42,,0,0,104,1716,1820,18
2020-08-14,47159,47159,476,9,468,9,8,0,136,0,19,0,336,9,4,0,562,3575,4137,106
2020-08-14,47157,47157,24251,308,24159,298,92,10,3944,27,1394,10,19986,279,321,2,29754,254672,284426,3832
2020-08-14,47155,47155,1989,42,1928,41,61,1,557,12,74,0,1423,30,9,0,2193,17617,19810,317
2020-08-14,47153,47153,117,2,116,2,1,0,32,1,6,0,84,1,1,0,141,3077,3218,-4
2020-08-14,47151,47151,134,4,131,4,3,0,65,1,10,1,67,3,2,0,146,2540,2686,36
2020-08-14,47149,47149,6938,104,6922,102,16,2,2504,-51,202,5,4377,153,57,2,8494,51999,60493,754
2020-08-14,47147,47147,1616,20,1611,21,5,-1,544,-17,104,1,1051,37,21,0,2025,10895,12920,182
2020-08-14,47143,47143,574,8,574,8,0,0,116,0,16,2,456,8,2,0,686,6121,6807,51
2020-08-14,47189,47189,2434,23,2429,22,5,1,780,-13,80,1,1631,36,23,0,2929,24892,27821,258
2020-08-14,47097,47097,552,17,535,15,17,2,232,1,29,0,311,16,9,0,620,6861,7481,111
2020-08-14,47093,47093,5051,105,4886,106,165,-1,1837,9,222,4,3173,96,41,0,5694,82504,88198,2107
2020-08-14,47041,47041,384,5,380,4,4,1,132,-5,14,0,250,9,2,1,453,5000,5453,101
2020-08-14,47039,47039,234,8,184,6,50,2,128,4,6,0,103,4,3,0,265,3088,3353,44
2020-08-14,47037,47037,21528,248,21466,253,62,-5,3709,-56,795,14,17598,304,221,0,26735,203893,230628,3507
2020-08-14,47035,47035,530,28,529,28,1,0,192,16,30,0,331,12,7,0,670,13557,14227,344
2020-08-14,47033,47033,294,9,272,9,22,0,113,4,13,0,175,4,6,1,322,1961,2283,25
2020-08-14,47031,47031,594,10,554,10,40,0,299,-1,17,0,292,11,3,0,707,10239,10946,190
2020-08-14,47029,47029,525,11,500,9,25,2,204,2,21,2,316,9,5,0,564,5183,5747,127
2020-08-14,47027,47027,86,2,80,2,6,0,33,-1,2,0,53,3,0,0,89,1557,1646,65
2020-08-14,47025,47025,301,5,284,3,17,2,115,-4,13,1,186,9,0,0,335,6155,6490,132
2020-08-14,47023,47023,251,11,228,9,23,2,110,8,9,0,139,3,2,0,274,2007,2281,36
2020-08-14,47021,47021,624,2,618,1,6,1,273,-6,23,0,342,8,9,0,755,6921,7676,32
2020-08-14,47019,47019,602,9,582,9,20,0,449,6,49,3,147,3,6,0,663,9412,10075,47
2020-08-14,47017,47017,379,27,329,21,50,6,252,18,17,0,121,9,6,0,397,4482,4879,112
2020-08-14,47015,47015,160,1,152,1,8,0,53,-5,5,0,107,6,0,0,206,2273,2479,37
2020-08-14,47013,47013,264,3,256,3,8,0,103,-3,12,0,160,6,1,0,304,6480,6784,80
2020-08-14,47011,47011,2102,36,2053,34,49,2,588,-3,111,0,1499,39,15,0,2519,14933,17452,134
2020-08-14,47009,47009,1414,41,1385,40,29,1,464,11,61,2,935,30,15,0,1662,17103,18765,440
2020-08-14,47007,47007,734,7,730,6,4,1,79,4,13,0,653,3,2,0,757,4900,5657,60
2020-08-14,47005,47005,179,6,172,6,7,0,122,-1,7,0,56,7,1,0,187,2285,2472,39
2020-08-14,47003,47003,962,7,938,2,24,5,233,0,38,1,718,7,11,0,1142,7431,8573,72
2020-08-14,47001,47001,743,21,729,21,14,0,236,5,30,-1,500,16,7,0,884,16338,17222,300
2020-08-14,47043,47043,757,14,712,16,45,-2,377,2,37,1,376,11,4,1,948,8499,9447,113
2020-08-14,47045,47045,715,19,683,14,32,5,380,9,41,0,326,10,9,0,788,6259,7047,80
2020-08-14,47095,47095,800,2,794,2,6,0,79,-1,4,0,721,3,0,0,978,4629,5607,35
2020-08-14,47049,47049,106,2,106,2,0,0,46,0,8,0,60,2,0,0,114,2327,2441,38
2020-08-14,47047,47047,744,19,736,18,8,1,266,10,50,0,470,9,8,0,933,10906,11839,239
2020-08-14,47091,47091,319,1,315,1,4,0,272,1,11,1,47,,0,0,337,4065,4402,8
2020-08-14,47089,47089,639,23,574,20,65,3,218,6,30,1,417,17,4,0,680,9068,9748,245
2020-08-14,47087,47087,145,8,140,8,5,0,42,6,8,1,102,2,1,0,162,1636,1798,49
2020-08-14,47085,47085,135,4,123,4,12,0,78,1,3,0,54,3,3,0,154,3285,3439,43
2020-08-14,47083,47083,63,0,62,0,1,0,29,0,6,1,34,,0,0,75,1285,1360,10
2020-08-14,47079,47079,316,9,308,7,8,2,168,1,19,0,147,8,1,0,373,5980,6353,116
2020-08-14,47077,47077,661,25,544,18,117,7,335,3,19,0,324,22,2,0,777,4955,5732,162
2020-08-14,47075,47075,581,34,559,32,22,2,319,21,22,1,255,13,7,0,614,3816,4430,148
2020-08-14,47073,47073,534,14,525,14,9,0,378,7,41,0,146,7,10,0,605,6045,6650,79
2020-08-14,47081,47081,292,2,277,2,15,0,125,-1,6,0,166,3,1,0,369,3633,4002,38
2020-08-14,47069,47069,1027,52,987,52,40,0,379,26,43,-1,630,26,18,0,1158,9120,10278,215
2020-08-14,47067,47067,84,1,78,1,6,0,57,1,8,0,25,,2,0,94,1257,1351,8
2020-08-14,47065,47065,6605,58,6587,61,18,-3,1469,-48,271,4,5078,104,58,2,7591,78303,85894,1533
2020-08-14,47063,47063,1476,20,1420,23,56,-3,381,-3,69,1,1080,23,15,0,1620,13035,14655,244
2020-08-14,47051,47051,363,4,355,4,8,0,132,-4,18,1,227,8,4,0,449,7413,7862,87
2020-08-14,47061,47061,126,2,123,2,3,0,31,-3,16,0,93,5,2,0,148,1525,1673,13
2020-08-14,47059,47059,561,9,528,10,33,-1,385,7,35,2,167,2,9,0,660,8743,9403,78
2020-08-14,47057,47057,217,5,206,5,11,0,82,1,13,2,134,3,1,1,258,3315,3573,72
2020-08-14,47055,47055,402,0,400,0,2,0,137,-7,27,0,252,7,13,0,483,5550,6033,36
2020-08-14,47053,47053,787,22,664,12,123,10,396,6,37,2,382,16,9,0,879,8184,9063,172
2020-08-14,47071,47071,499,6,434,5,65,1,221,2,14,0,270,4,8,0,555,7474,8029,122
2020-08-15,47127,47127,72,-2,70,-2,2,0,36,-3,0,0,36,1,0,0,89,1006,1095,3
2020-08-15,47129,47129,140,5,135,5,5,0,66,2,3,0,73,3,1,0,156,5191,5347,39
2020-08-15,47131,47131,653,14,641,14,12,0,333,8,25,1,316,6,4,0,730,6052,6782,74
2020-08-15,47137,47137,40,0,40,0,0,0,17,0,0,0,22,,1,0,42,710,752,6
2020-08-15,47133,47133,270,20,266,19,4,1,149,20,8,0,120,,1,0,297,4302,4599,67
2020-08-15,,47PEN,3066,-56,3022,-59,44,3,1043,-42,41,3,2020,-14,3,0,3478,118852,122330,632
2020-08-15,47135,47135,87,1,81,1,6,0,26,0,4,0,61,1,0,0,95,1974,2069,16
2020-08-15,47125,47125,2118,33,2088,32,30,1,1073,2,92,1,1029,30,16,1,2443,26667,29110,421
2020-08-15,,47OOS,2988,-5,2946,-6,42,1,1166,-2,84,0,1802,-3,20,0,3002,188528,191530,1718
2020-08-15,47123,47123,497,18,484,18,13,0,200,9,38,1,287,9,10,0,566,5808,6374,129
2020-08-15,47101,47101,84,3,84,3,0,0,51,3,7,0,32,,1,0,92,2491,2583,23
2020-08-15,47109,47109,415,5,358,4,57,1,188,3,25,2,221,2,6,0,470,4087,4557,46
2020-08-15,47107,47107,596,5,590,4,6,1,155,2,38,0,421,3,20,0,717,9661,10378,103
2020-08-15,47119,47119,1382,15,1374,14,8,1,583,6,48,3,790,9,9,0,1615,13983,15598,134
2020-08-15,47117,47117,340,4,340,4,0,0,152,4,15,0,184,,4,0,389,5219,5608,137
2020-08-15,47115,47115,243,3,241,3,2,0,59,0,23,1,179,3,5,0,300,3651,3951,34
2020-08-15,47113,47113,1302,20,1270,17,32,3,391,-9,72,2,886,27,25,2,1446,15902,17348,202
2020-08-15,47111,47111,866,-8,858,-9,8,1,98,2,61,1,755,-10,13,0,1049,5013,6062,29
2020-08-15,47105,47105,799,11,775,10,24,1,254,10,21,0,542,1,3,0,883,8103,8986,119
2020-08-15,47103,47103,338,3,334,3,4,0,146,0,11,0,191,3,1,0,411,4734,5145,27
2020-08-15,47139,47139,244,7,239,7,5,0,66,-2,11,0,170,6,8,3,266,2071,2337,30
2020-08-15,47121,47121,115,0,115,0,0,0,27,-2,5,0,88,2,0,0,141,1861,2002,9
2020-08-15,47141,47141,1936,4,1916,2,20,2,529,19,64,2,1387,-15,20,0,2313,19258,21571,267
2020-08-15,47163,47163,1171,35,1103,33,68,2,347,9,96,2,808,26,16,0,1259,17727,18986,554
2020-08-15,47145,47145,524,8,501,8,23,0,227,5,18,0,295,3,2,0,622,11437,12059,168
2020-08-15,47099,47099,623,4,617,3,6,1,268,1,25,0,348,3,7,0,736,6834,7570,38
2020-08-15,47187,47187,3812,71,3793,71,19,0,1223,43,99,0,2563,27,26,1,4533,43887,48420,626
2020-08-15,47185,47185,335,8,330,8,5,0,159,7,17,0,171,1,5,0,396,5019,5415,68
2020-08-15,47183,47183,585,28,540,26,45,2,398,25,15,0,182,3,5,0,630,6358,6988,135
2020-08-15,47181,47181,233,1,227,0,6,1,67,0,9,0,164,1,2,0,256,4181,4437,9
2020-08-15,47179,47179,1405,14,1365,12,40,2,958,8,64,0,445,6,2,0,1603,18471,20074,188
2020-08-15,47177,47177,590,3,561,3,29,0,269,2,10,0,316,,5,1,653,8454,9107,101
2020-08-15,47175,47175,44,1,44,1,0,0,17,-1,2,1,27,2,0,0,47,821,868,16
2020-08-15,47173,47173,177,7,172,7,5,0,73,7,4,0,104,,0,0,196,2778,2974,52
2020-08-15,47171,47171,179,-1,176,-1,3,0,102,-1,4,0,77,,0,0,193,3574,3767,5
2020-08-15,47169,47169,1584,1,1581,1,3,0,54,0,17,0,1524,1,6,0,1653,3454,5107,24
2020-08-15,47167,47167,1253,6,1234,7,19,-1,381,0,65,1,860,6,12,0,1450,14493,15943,109
2020-08-15,47165,47165,3622,41,3607,41,15,0,1152,14,305,1,2395,26,75,1,4370,27363,31733,318
2020-08-15,47161,47161,82,1,82,1,0,0,39,0,3,0,43,1,0,0,106,1731,1837,17
2020-08-15,47159,47159,480,4,471,3,9,1,129,-7,19,0,347,11,4,0,570,3634,4204,67
2020-08-15,47157,47157,24440,189,24344,185,96,4,3958,14,1410,16,20159,173,323,2,29937,256742,286679,2253
2020-08-15,47155,47155,2021,32,1961,33,60,-1,583,26,75,1,1429,6,9,0,2229,17770,19999,189
2020-08-15,47153,47153,118,1,117,1,1,0,32,0,6,0,85,1,1,0,142,3105,3247,29
2020-08-15,47151,47151,137,3,134,3,3,0,66,1,11,1,69,2,2,0,148,2571,2719,33
2020-08-15,47149,47149,6999,61,6983,61,16,0,2537,33,206,4,4403,26,59,2,8564,52566,61130,637
2020-08-15,47147,47147,1630,14,1625,14,5,0,550,6,105,1,1059,8,21,0,2044,10972,13016,96
2020-08-15,47143,47143,576,2,576,2,0,0,115,-1,16,0,459,3,2,0,689,6146,6835,28
2020-08-15,47189,47189,2457,23,2452,23,5,0,783,3,80,0,1651,20,23,0,2955,25129,28084,263
2020-08-15,47097,47097,564,12,539,4,25,8,237,5,31,2,318,7,9,0,626,6923,7549,68
2020-08-15,47093,47093,5123,72,4952,66,171,6,1862,25,225,3,3219,46,42,1,5771,83431,89202,1004
2020-08-15,47041,47041,389,5,385,5,4,0,139,7,14,0,248,-2,2,0,462,5044,5506,53
2020-08-15,47039,47039,239,5,188,4,51,1,131,3,6,0,105,2,3,0,270,3197,3467,114
2020-08-15,47037,47037,21677,149,21610,144,67,5,3740,31,807,12,17717,119,220,-1,26873,205465,232338,1710
2020-08-15,47035,47035,561,31,560,31,1,0,225,33,32,2,329,-2,7,0,706,13673,14379,152
2020-08-15,47033,47033,297,3,274,2,23,1,114,1,13,0,176,1,7,1,325,1975,2300,17
2020-08-15,47031,47031,595,1,554,0,41,1,297,-2,17,0,294,2,4,1,709,10337,11046,100
2020-08-15,47029,47029,535,10,507,7,28,3,210,6,21,0,320,4,5,0,573,5231,5804,57
2020-08-15,47027,47027,87,1,80,0,7,1,34,1,2,0,53,,0,0,90,1573,1663,17
2020-08-15,47025,47025,305,4,288,4,17,0,118,3,13,0,187,1,0,0,340,6209,6549,59
2020-08-15,47021,47021,631,7,625,7,6,0,276,3,24,1,346,4,9,0,767,7012,7779,103
2020-08-15,47019,47019,608,6,588,6,20,0,452,3,50,1,150,3,6,0,669,9465,10134,59
2020-08-15,47017,47017,384,5,332,3,52,2,252,0,17,0,126,5,6,0,400,4555,4955,76
2020-08-15,47015,47015,163,3,154,2,9,1,55,2,5,0,108,1,0,0,209,2294,2503,24
2020-08-15,47013,47013,267,3,259,3,8,0,100,-3,12,0,166,6,1,0,308,6543,6851,67
2020-08-15,47011,47011,2126,24,2074,21,52,3,583,-5,115,4,1527,28,16,1,2543,15223,17766,314
2020-08-15,47009,47009,1465,51,1435,50,30,1,495,31,63,2,955,20,15,0,1716,17363,19079,314
2020-08-15,47007,47007,746,12,742,12,4,0,91,12,13,0,653,,2,0,769,4946,5715,58
2020-08-15,47005,47005,180,1,173,1,7,0,121,-1,7,0,57,1,2,1,186,2308,2494,22
2020-08-15,47003,47003,964,2,941,3,23,-1,234,1,39,1,718,,12,1,1139,7491,8630,57
2020-08-15,47001,47001,754,11,739,10,15,1,240,4,31,1,508,8,6,-1,901,16607,17508,286
2020-08-15,47095,47095,799,-1,793,-1,6,0,75,-4,4,0,723,2,1,1,977,4650,5627,20
2020-08-15,47043,47043,766,9,720,8,46,1,383,6,37,0,379,3,4,0,961,8587,9548,101
2020-08-15,47045,47045,728,13,691,8,37,5,388,8,41,0,331,5,9,0,795,6392,7187,140
2020-08-15,47023,47023,268,17,240,12,28,5,128,18,9,0,138,-1,2,0,293,2033,2326,45
2020-08-15,47049,47049,119,13,119,13,0,0,58,12,9,1,61,1,0,0,128,2351,2479,38
2020-08-15,47047,47047,749,5,740,4,9,1,270,4,51,1,471,1,8,0,938,10970,11908,69
2020-08-15,47089,47089,647,8,577,3,70,5,222,4,30,0,421,4,4,0,684,9152,9836,88
2020-08-15,47087,47087,144,-1,139,-1,5,0,42,0,8,0,101,-1,1,0,163,1648,1811,13
2020-08-15,47085,47085,139,4,127,4,12,0,81,3,3,0,55,1,3,0,157,3358,3515,76
2020-08-15,47083,47083,65,2,64,2,1,0,31,2,6,0,34,,0,0,76,1315,1391,31
2020-08-15,47081,47081,297,5,282,5,15,0,128,3,6,0,168,2,1,0,374,3653,4027,25
2020-08-15,47079,47079,324,8,314,6,10,2,174,6,21,2,149,2,1,0,382,6074,6456,103
2020-08-15,47077,47077,678,17,559,15,119,2,329,-6,20,1,346,22,3,1,811,5035,5846,114
2020-08-15,47075,47075,594,13,570,11,24,2,331,12,23,1,256,1,7,0,627,3889,4516,86
2020-08-15,47073,47073,540,6,531,6,9,0,380,2,44,3,150,4,10,0,610,6104,6714,64
2020-08-15,47071,47071,505,6,439,5,66,1,225,4,14,0,272,2,8,0,562,7525,8087,58
2020-08-15,47091,47091,321,2,317,2,4,0,273,1,12,1,48,1,0,0,339,4069,4408,6
2020-08-15,47067,47067,84,0,77,-1,7,1,57,0,8,0,25,,2,0,95,1259,1354,3
2020-08-15,47065,47065,6644,39,6624,37,20,2,1473,4,272,1,5113,35,58,0,7630,79065,86695,801
2020-08-15,47063,47063,1487,11,1430,10,57,1,387,6,69,0,1085,5,15,0,1628,13148,14776,121
2020-08-15,47061,47061,128,2,125,2,3,0,33,2,16,0,93,,2,0,149,1548,1697,24
2020-08-15,47059,47059,563,2,529,1,34,1,387,2,36,1,167,,9,0,661,8822,9483,80
2020-08-15,47057,47057,218,1,206,0,12,1,81,-1,13,0,136,2,1,0,259,3345,3604,31
2020-08-15,47055,47055,407,5,405,5,2,0,141,4,28,1,253,1,13,0,488,5615,6103,70
2020-08-15,47053,47053,806,19,679,15,127,4,411,15,38,1,386,4,9,0,900,8273,9173,110
2020-08-15,47051,47051,366,3,358,3,8,0,130,-2,18,0,232,5,4,0,457,7549,8006,144
2020-08-15,47069,47069,1033,6,992,5,41,1,383,4,43,0,632,2,18,0,1166,9252,10418,140
2020-08-16,47141,47141,1931,-5,1911,-5,20,0,528,-1,64,0,1383,-4,20,0,2317,19442,21759,188
2020-08-16,47129,47129,141,1,136,1,5,0,66,0,3,0,74,1,1,0,156,5215,5371,24
2020-08-16,47131,47131,665,12,653,12,12,0,339,6,26,1,322,6,4,0,742,6142,6884,102
2020-08-16,,47OOS,3088,100,3044,98,44,2,1282,116,86,2,1784,-18,22,2,3118,191868,194986,3456
2020-08-16,47139,47139,268,24,262,23,6,1,90,24,11,0,170,,8,0,299,2153,2452,115
2020-08-16,,47PEN,3182,116,3136,114,46,2,1149,106,41,0,2029,9,4,1,3635,120625,124260,1930
2020-08-16,47135,47135,90,3,84,3,6,0,29,3,4,0,61,,0,0,98,2014,2112,43
2020-08-16,47137,47137,38,-2,38,-2,0,0,17,0,0,0,20,-2,1,0,42,710,752,0
2020-08-16,47127,47127,75,3,73,3,2,0,39,3,0,0,36,,0,0,93,1041,1134,39
2020-08-16,47133,47133,272,2,268,2,4,0,151,2,8,0,120,,1,0,299,4328,4627,28
2020-08-16,47125,47125,2150,32,2108,20,42,12,1097,24,92,0,1037,8,16,0,2466,26910,29376,266
2020-08-16,47119,47119,1433,51,1424,50,9,1,629,46,51,3,794,4,10,1,1694,14427,16121,523
2020-08-16,47121,47121,121,6,121,6,0,0,32,5,5,0,89,1,0,0,148,1902,2050,48
2020-08-16,47109,47109,419,4,359,1,60,3,186,-2,25,0,227,6,6,0,475,4111,4586,29
2020-08-16,47107,47107,609,13,603,13,6,0,166,11,38,0,423,2,20,0,734,9861,10595,217
2020-08-16,47117,47117,369,29,367,27,2,2,180,28,15,0,185,1,4,0,426,5448,5874,266
2020-08-16,47115,47115,256,13,254,13,2,0,72,13,23,0,179,,5,0,317,3773,4090,139
2020-08-16,47113,47113,1330,28,1297,27,33,1,417,26,73,1,887,1,26,1,1475,16131,17606,258
2020-08-16,47111,47111,864,-2,856,-2,8,0,98,0,61,0,753,-2,13,0,1051,5047,6098,36
2020-08-16,47105,47105,809,10,785,10,24,0,261,7,21,0,545,3,3,0,894,8168,9062,76
2020-08-16,47103,47103,344,6,340,6,4,0,148,2,11,0,195,4,1,0,423,4838,5261,116
2020-08-16,47123,47123,511,14,498,14,13,0,210,10,38,0,291,4,10,0,582,5928,6510,136
2020-08-16,47143,47143,581,5,581,5,0,0,118,3,16,0,461,2,2,0,702,6516,7218,383
2020-08-16,47101,47101,88,4,88,4,0,0,54,3,7,0,33,1,1,0,100,2613,2713,130
2020-08-16,47147,47147,1638,8,1633,8,5,0,546,-4,105,0,1071,12,21,0,2046,11046,13092,76
2020-08-16,47189,47189,2484,27,2479,27,5,0,803,20,80,0,1657,6,24,1,2993,25545,28538,454
2020-08-16,47187,47187,3861,49,3842,49,19,0,1254,31,100,1,2581,18,26,0,4580,44310,48890,470
2020-08-16,47185,47185,336,1,331,1,5,0,159,0,17,0,171,,6,1,399,5034,5433,18
2020-08-16,47183,47183,603,18,558,18,45,0,414,16,15,0,184,2,5,0,650,6514,7164,176
2020-08-16,47181,47181,236,3,230,3,6,0,69,2,9,0,165,1,2,0,260,4219,4479,42
2020-08-16,47179,47179,1455,50,1414,49,41,1,1007,49,64,0,446,1,2,0,1673,18925,20598,524
2020-08-16,47177,47177,592,2,563,2,29,0,274,5,10,0,312,-4,6,1,662,8532,9194,87
2020-08-16,47175,47175,45,1,45,1,0,0,18,1,2,0,27,,0,0,48,824,872,4
2020-08-16,47173,47173,177,0,172,0,5,0,73,0,4,0,104,,0,0,196,2818,3014,40
2020-08-16,47171,47171,184,5,181,5,3,0,107,5,4,0,77,,0,0,202,3651,3853,86
2020-08-16,47169,47169,1585,1,1582,1,3,0,54,0,17,0,1525,1,6,0,1655,3485,5140,33
2020-08-16,47167,47167,1256,3,1236,2,20,1,376,-5,65,0,868,8,12,0,1452,14651,16103,160
2020-08-16,47165,47165,3636,14,3621,14,15,0,1147,-5,306,1,2414,19,75,0,4397,27708,32105,372
2020-08-16,47163,47163,1197,26,1130,27,67,-1,365,18,97,1,816,8,16,0,1296,17955,19251,265
2020-08-16,47161,47161,82,0,82,0,0,0,38,-1,3,0,44,1,0,0,106,1754,1860,23
2020-08-16,47159,47159,479,-1,470,-1,9,0,127,-2,19,0,348,1,4,0,572,3666,4238,34
2020-08-16,47157,47157,24692,252,24591,247,101,5,4091,133,1418,8,20274,115,327,4,30289,259793,290082,3403
2020-08-16,47155,47155,2038,17,1978,17,60,0,589,6,75,0,1440,11,9,0,2248,17908,20156,157
2020-08-16,47153,47153,122,4,121,4,1,0,35,3,6,0,86,1,1,0,147,3220,3367,120
2020-08-16,47151,47151,142,5,139,5,3,0,71,5,11,0,69,,2,0,154,2612,2766,47
2020-08-16,47149,47149,7080,81,7063,80,17,1,2589,52,207,1,4432,29,59,0,8670,53253,61923,793
2020-08-16,47145,47145,533,9,510,9,23,0,236,9,18,0,295,,2,0,633,11554,12187,128
2020-08-16,47099,47099,639,16,633,16,6,0,279,11,25,0,353,5,7,0,763,7035,7798,228
2020-08-16,47097,47097,565,1,540,1,25,0,235,-2,31,0,321,3,9,0,626,6977,7603,54
2020-08-16,47095,47095,801,2,795,2,6,0,77,2,4,0,723,,1,0,980,4660,5640,13
2020-08-16,47043,47043,777,11,727,7,50,4,386,3,37,0,387,8,4,0,976,8753,9729,181
2020-08-16,47041,47041,387,-2,383,-2,4,0,138,-1,14,0,247,-1,2,0,464,5067,5531,25
2020-08-16,47039,47039,239,0,188,0,51,0,127,-4,6,0,109,4,3,0,273,3242,3515,48
2020-08-16,47037,47037,21893,216,21820,210,73,6,3887,147,809,2,17779,62,227,7,27192,207975,235167,2829
2020-08-16,47035,47035,567,6,566,6,1,0,229,4,32,0,331,2,7,0,717,13811,14528,149
2020-08-16,47033,47033,303,6,279,5,24,1,119,5,14,1,177,1,7,0,333,1999,2332,32
2020-08-16,47031,47031,608,13,567,13,41,0,308,11,17,0,296,2,4,0,735,10610,11345,299
2020-08-16,47029,47029,547,12,518,11,29,1,217,7,21,0,325,5,5,0,586,5280,5866,62
2020-08-16,47027,47027,89,2,82,2,7,0,36,2,2,0,53,,0,0,93,1622,1715,52
2020-08-16,47025,47025,306,1,289,1,17,0,118,0,14,1,187,,1,1,343,6312,6655,106
2020-08-16,47023,47023,274,6,245,5,29,1,131,3,9,0,141,3,2,0,298,2050,2348,22
2020-08-16,47021,47021,637,6,629,4,8,2,280,4,24,0,348,2,9,0,772,7100,7872,93
2020-08-16,47019,47019,634,26,614,26,20,0,477,25,50,0,151,1,6,0,703,9793,10496,362
2020-08-16,47017,47017,394,10,336,4,58,6,252,0,17,0,136,10,6,0,409,4597,5006,51
2020-08-16,47015,47015,163,0,154,0,9,0,55,0,5,0,108,,0,0,205,2363,2568,65
2020-08-16,47013,47013,271,4,263,4,8,0,99,-1,12,0,171,5,1,0,315,6726,7041,190
2020-08-16,47011,47011,2166,40,2115,41,51,-1,610,27,118,3,1540,13,16,0,2602,15660,18262,496
2020-08-16,47009,47009,1477,12,1446,11,31,1,491,-4,64,1,971,16,15,0,1731,17537,19268,189
2020-08-16,47007,47007,749,3,745,3,4,0,94,3,13,0,653,,2,0,774,5045,5819,104
2020-08-16,47005,47005,183,3,176,3,7,0,124,3,7,0,57,,2,0,189,2325,2514,20
2020-08-16,47003,47003,984,20,960,19,24,1,252,18,39,0,720,2,12,0,1169,7722,8891,261
2020-08-16,47045,47045,737,9,700,9,37,0,388,0,41,0,340,9,9,0,803,6497,7300,113
2020-08-16,47047,47047,755,6,744,4,11,2,272,2,51,0,475,4,8,0,946,11080,12026,118
2020-08-16,47001,47001,759,5,744,5,15,0,242,2,32,1,511,3,6,0,909,16789,17698,190
2020-08-16,47051,47051,380,14,371,13,9,1,143,13,19,1,233,1,4,0,480,7784,8264,258
2020-08-16,47049,47049,122,3,122,3,0,0,61,3,9,0,61,,0,0,132,2366,2498,19
2020-08-16,47093,47093,5231,108,5057,105,174,3,1934,72,226,1,3255,36,42,0,5888,84397,90285,1083
2020-08-16,47091,47091,349,28,345,28,4,0,299,26,12,0,50,2,0,0,385,4199,4584,176
2020-08-16,47089,47089,650,3,577,0,73,3,224,2,31,1,422,1,4,0,688,9213,9901,65
2020-08-16,47087,47087,149,5,144,5,5,0,47,5,8,0,101,,1,0,168,1655,1823,12
2020-08-16,47085,47085,140,1,128,1,12,0,81,0,3,0,56,1,3,0,157,3396,3553,38
2020-08-16,47081,47081,305,8,288,6,17,2,136,8,6,0,168,,1,0,384,3746,4130,103
2020-08-16,47079,47079,328,4,318,4,10,0,177,3,21,0,150,1,1,0,388,6119,6507,51
2020-08-16,47077,47077,684,6,560,1,124,5,326,-3,20,0,355,9,3,0,818,5140,5958,112
2020-08-16,47075,47075,608,14,582,12,26,2,338,7,23,0,263,7,7,0,643,3982,4625,109
2020-08-16,47083,47083,66,1,65,1,1,0,32,1,6,0,34,,0,0,78,1326,1404,13
2020-08-16,47071,47071,510,5,444,5,66,0,227,2,14,0,275,3,8,0,569,7552,8121,34
2020-08-16,47069,47069,1056,23,1009,17,47,6,400,17,44,1,638,6,18,0,1188,9302,10490,72
2020-08-16,47067,47067,84,0,77,0,7,0,57,0,8,0,25,,2,0,94,1292,1386,32
2020-08-16,47065,47065,6801,157,6781,157,20,0,1575,102,274,2,5167,54,59,1,7858,80752,88610,1915
2020-08-16,47053,47053,819,13,684,5,135,8,417,6,38,0,393,7,9,0,915,8333,9248,75
2020-08-16,47063,47063,1494,7,1436,6,58,1,387,0,69,0,1092,7,15,0,1641,13265,14906,130
2020-08-16,47061,47061,130,2,127,2,3,0,35,2,16,0,93,,2,0,151,1602,1753,56
2020-08-16,47059,47059,605,42,571,42,34,0,428,41,36,0,168,1,9,0,733,9081,9814,331
2020-08-16,47057,47057,219,1,207,1,12,0,80,-1,13,0,138,2,1,0,258,3372,3630,26
2020-08-16,47055,47055,415,8,413,8,2,0,149,8,28,0,253,,13,0,501,5748,6249,146
2020-08-16,47073,47073,572,32,562,31,10,1,411,31,44,0,151,1,10,0,665,6276,6941,227
2020-08-17,47127,47127,77,2,75,2,2,0,40,1,0,0,37,1,0,0,98,1051,1149,15
2020-08-17,47129,47129,145,4,140,4,5,0,66,0,3,0,78,4,1,0,162,5239,5401,30
2020-08-17,47131,47131,681,16,669,16,12,0,341,2,26,0,336,14,4,0,760,6235,6995,111
2020-08-17,47137,47137,38,0,38,0,0,0,17,0,0,0,20,,1,0,42,714,756,4
2020-08-17,47133,47133,280,8,276,8,4,0,151,0,8,0,128,8,1,0,307,4390,4697,70
2020-08-17,,47PEN,3172,-10,3126,-10,46,0,1064,-85,41,0,2103,74,5,1,3622,121371,124993,733
2020-08-17,47135,47135,91,1,85,1,6,0,26,-3,4,0,65,4,0,0,99,2021,2120,8
2020-08-17,47125,47125,2169,19,2126,18,43,1,1074,-23,94,2,1079,42,16,0,2489,27218,29707,331
2020-08-17,,47OOS,3016,-72,2974,-70,42,-2,1159,-123,86,0,1836,52,21,-1,3042,192557,195599,613
2020-08-17,47123,47123,524,13,511,13,13,0,201,-9,38,0,313,22,10,0,598,6070,6668,158
2020-08-17,47101,47101,89,1,89,1,0,0,53,-1,7,0,35,2,1,0,101,2638,2739,26
2020-08-17,47109,47109,430,11,369,10,61,1,180,-6,25,0,244,17,6,0,485,4168,4653,67
2020-08-17,47107,47107,617,8,611,8,6,0,161,-5,39,1,436,13,20,0,746,9921,10667,72
2020-08-17,47119,47119,1445,12,1436,12,9,0,607,-22,50,-1,828,34,10,0,1711,14511,16222,101
2020-08-17,47117,47117,372,3,369,2,3,1,167,-13,15,0,201,16,4,0,430,5483,5913,39
2020-08-17,47115,47115,258,2,256,2,2,0,67,-5,23,0,186,7,5,0,319,3790,4109,19
2020-08-17,47113,47113,1373,43,1340,43,33,0,447,30,75,2,900,13,26,0,1514,16432,17946,340
2020-08-17,47111,47111,871,7,863,7,8,0,98,0,61,0,760,7,13,0,1059,5084,6143,45
2020-08-17,47105,47105,815,6,791,6,24,0,245,-16,21,0,567,22,3,0,902,8255,9157,95
2020-08-17,47103,47103,349,5,345,5,4,0,147,-1,11,0,201,6,1,0,430,4865,5295,34
2020-08-17,47139,47139,270,2,264,2,6,0,85,-5,12,1,177,7,8,0,300,2162,2462,10
2020-08-17,47121,47121,121,0,121,0,0,0,29,-3,5,0,91,2,1,1,149,1909,2058,8
2020-08-17,47141,47141,1959,28,1939,28,20,0,523,-5,65,1,1416,33,20,0,2349,19711,22060,301
2020-08-17,47163,47163,1202,5,1134,4,68,1,340,-25,101,4,844,28,18,2,1303,18089,19392,141
2020-08-17,47145,47145,542,9,518,8,24,1,231,-5,18,0,309,14,2,0,642,11626,12268,81
2020-08-17,47099,47099,646,7,639,6,7,1,275,-4,25,0,364,11,7,0,771,7089,7860,62
2020-08-17,47187,47187,3893,32,3873,31,20,1,1244,-10,100,0,2623,42,26,0,4622,44726,49348,458
2020-08-17,47185,47185,345,9,340,9,5,0,159,0,17,0,180,9,6,0,411,5103,5514,81
2020-08-17,47183,47183,625,22,580,22,45,0,424,10,16,1,196,12,5,0,673,6695,7368,204
2020-08-17,47181,47181,239,3,233,3,6,0,69,0,9,0,168,3,2,0,263,4246,4509,30
2020-08-17,47179,47179,1466,11,1424,10,42,1,1006,-1,64,0,458,12,2,0,1686,19065,20751,153
2020-08-17,47177,47177,626,34,597,34,29,0,285,11,10,0,335,23,6,0,694,8749,9443,249
2020-08-17,47175,47175,45,0,45,0,0,0,17,-1,2,0,28,1,0,0,48,838,886,14
2020-08-17,47173,47173,179,2,174,2,5,0,73,0,4,0,106,2,0,0,197,2845,3042,28
2020-08-17,47171,47171,184,0,181,0,3,0,107,0,5,1,77,,0,0,202,3661,3863,10
2020-08-17,47169,47169,1587,2,1584,2,3,0,54,0,17,0,1527,2,6,0,1654,3494,5148,8
2020-08-17,47167,47167,1268,12,1248,12,20,0,360,-16,65,0,896,28,12,0,1465,14721,16186,83
2020-08-17,47165,47165,3649,13,3634,13,15,0,1116,-31,309,3,2457,43,76,1,4415,27896,32311,206
2020-08-17,47161,47161,84,2,84,2,0,0,37,-1,3,0,47,3,0,0,108,1820,1928,68
2020-08-17,47159,47159,483,4,474,4,9,0,119,-8,19,0,360,12,4,0,576,3701,4277,39
2020-08-17,47157,47157,24798,106,24698,107,100,-1,3891,-200,1426,8,20573,299,334,7,30444,260947,291391,1309
2020-08-17,47155,47155,2055,17,1995,17,60,0,557,-32,75,0,1488,48,10,1,2270,18010,20280,124
2020-08-17,47153,47153,124,2,123,2,1,0,33,-2,6,0,90,4,1,0,149,3258,3407,40
2020-08-17,47151,47151,144,2,141,2,3,0,70,-1,11,0,72,3,2,0,155,2648,2803,37
2020-08-17,47149,47149,7137,57,7119,56,18,1,2545,-44,208,1,4533,101,59,0,8748,53804,62552,629
2020-08-17,47147,47147,1647,9,1642,9,5,0,542,-4,105,0,1084,13,21,0,2063,11140,13203,111
2020-08-17,47143,47143,583,2,583,2,0,0,114,-4,16,0,467,6,2,0,704,6563,7267,49
2020-08-17,47097,47097,569,4,544,4,25,0,221,-14,31,0,339,18,9,0,632,7032,7664,61
2020-08-17,47189,47189,2501,17,2496,17,5,0,777,-26,80,0,1699,42,25,1,3014,25731,28745,207
2020-08-17,47093,47093,5297,66,5115,58,182,8,1870,-64,226,0,3384,129,43,1,5960,84995,90955,670
2020-08-17,47041,47041,390,3,386,3,4,0,123,-15,14,0,265,18,2,0,468,5183,5651,120
2020-08-17,47039,47039,244,5,193,5,51,0,123,-4,6,0,118,9,3,0,279,3314,3593,78
2020-08-17,47037,47037,22005,112,21923,103,82,9,3805,-82,810,1,17970,191,230,3,27327,209102,236429,1262
2020-08-17,47035,47035,592,25,591,25,1,0,246,17,32,0,339,8,7,0,741,14074,14815,287
2020-08-17,47033,47033,308,5,284,5,24,0,111,-8,14,0,190,13,7,0,339,2024,2363,31
2020-08-17,47031,47031,617,9,576,9,41,0,302,-6,17,0,311,15,4,0,744,10682,11426,81
2020-08-17,47029,47029,557,10,529,11,28,-1,214,-3,21,0,338,13,5,0,599,5331,5930,64
2020-08-17,47027,47027,91,2,84,2,7,0,35,-1,2,0,56,3,0,0,95,1641,1736,21
2020-08-17,47025,47025,313,7,295,6,18,1,117,-1,14,0,195,8,1,0,350,6440,6790,135
2020-08-17,47023,47023,278,4,249,4,29,0,120,-11,9,0,156,15,2,0,302,2091,2393,45
2020-08-17,47021,47021,648,11,641,12,7,-1,269,-11,24,0,370,22,9,0,784,7190,7974,102
2020-08-17,47019,47019,643,9,622,8,21,1,481,4,50,0,156,5,6,0,712,9825,10537,41
2020-08-17,47017,47017,401,7,343,7,58,0,241,-11,17,0,154,18,6,0,418,4719,5137,131
2020-08-17,47015,47015,166,3,157,3,9,0,55,0,5,0,111,3,0,0,209,2381,2590,22
2020-08-17,47013,47013,275,4,267,4,8,0,96,-3,13,1,177,6,2,1,319,6762,7081,40
2020-08-17,47011,47011,2175,9,2124,9,51,0,568,-42,119,1,1591,51,16,0,2616,15726,18342,80
2020-08-17,47009,47009,1507,30,1477,31,30,-1,478,-13,64,0,1014,43,15,0,1769,17730,19499,231
2020-08-17,47007,47007,751,2,747,2,4,0,92,-2,13,0,657,4,2,0,774,5070,5844,25
2020-08-17,47005,47005,187,4,180,4,7,0,117,-7,7,0,68,11,2,0,195,2369,2564,50
2020-08-17,47003,47003,987,3,964,4,23,-1,234,-18,39,0,741,21,12,0,1174,7752,8926,35
2020-08-17,47001,47001,772,13,757,13,15,0,242,0,32,0,524,13,6,0,922,16940,17862,164
2020-08-17,47043,47043,784,7,733,6,51,1,378,-8,37,0,402,15,4,0,984,8806,9790,61
2020-08-17,47045,47045,747,10,709,9,38,1,379,-9,41,0,359,19,9,0,814,6574,7388,88
2020-08-17,47095,47095,804,3,798,3,6,0,74,-3,4,0,729,6,1,0,984,4693,5677,37
2020-08-17,47049,47049,124,2,124,2,0,0,61,0,9,0,63,2,0,0,135,2400,2535,37
2020-08-17,47047,47047,759,4,748,4,11,0,259,-13,51,0,492,17,8,0,953,11140,12093,67
2020-08-17,47091,47091,349,0,345,0,4,0,296,-3,12,0,52,2,1,1,385,4205,4590,6
2020-08-17,47089,47089,651,1,579,2,72,-1,202,-22,31,0,445,23,4,0,689,9281,9970,69
2020-08-17,47087,47087,153,4,148,4,5,0,50,3,8,0,102,1,1,0,172,1676,1848,25
2020-08-17,47085,47085,140,0,129,1,11,-1,74,-7,3,0,63,7,3,0,159,3417,3576,23
2020-08-17,47083,47083,67,1,66,1,1,0,30,-2,7,1,37,3,0,0,79,1341,1420,16
2020-08-17,47079,47079,336,8,326,8,10,0,168,-9,21,0,167,17,1,0,396,6233,6629,122
2020-08-17,47077,47077,695,11,571,11,124,0,327,1,20,0,365,10,3,0,843,5285,6128,170
2020-08-17,47075,47075,619,11,593,11,26,0,331,-7,23,0,281,18,7,0,656,4055,4711,86
2020-08-17,47073,47073,579,7,569,7,10,0,417,6,44,0,152,1,10,0,678,6303,6981,40
2020-08-17,47081,47081,305,0,289,1,16,-1,127,-9,6,0,177,9,1,0,386,3758,4144,14
2020-08-17,47069,47069,1082,26,1035,26,47,0,410,10,44,0,654,16,18,0,1219,9398,10617,127
2020-08-17,47067,47067,84,0,77,0,7,0,57,0,8,0,25,,2,0,94,1299,1393,7
2020-08-17,47065,47065,6862,61,6840,59,22,2,1540,-35,277,3,5262,95,60,1,7934,81339,89273,663
2020-08-17,47063,47063,1507,13,1449,13,58,0,372,-15,70,1,1120,28,15,0,1655,13400,15055,149
2020-08-17,47051,47051,383,3,374,3,9,0,136,-7,20,1,243,10,4,0,484,7873,8357,93
2020-08-17,47061,47061,130,0,127,0,3,0,32,-3,16,0,96,3,2,0,152,1613,1765,12
2020-08-17,47059,47059,609,4,575,4,34,0,428,0,36,0,172,4,9,0,739,9112,9851,37
2020-08-17,47057,47057,223,4,211,4,12,0,72,-8,14,1,150,12,1,0,266,3415,3681,51
2020-08-17,47055,47055,416,1,414,1,2,0,146,-3,28,0,256,3,14,1,503,5816,6319,70
2020-08-17,47053,47053,832,13,697,13,135,0,407,-10,38,0,416,23,9,0,926,8422,9348,100
2020-08-17,47071,47071,517,7,451,7,66,0,219,-8,14,0,290,15,8,0,578,7692,8270,149
2020-08-18,47127,47127,77,0,75,0,2,0,39,-1,1,1,38,1,0,0,96,1169,1265,116
2020-08-18,47129,47129,148,3,142,2,6,1,67,1,3,0,80,2,1,0,165,5328,5493,92
2020-08-18,47131,47131,687,6,675,6,12,0,313,-28,26,0,370,34,4,0,768,6261,7029,34
2020-08-18,47137,47137,39,1,39,1,0,0,18,1,0,0,20,,1,0,43,719,762,6
2020-08-18,47133,47133,288,8,284,8,4,0,155,4,9,1,132,4,1,0,315,4398,4713,16
2020-08-18,,47PEN,3157,-15,3112,-14,45,-1,1017,-47,38,-3,2136,33,4,-1,3608,122383,125991,998
2020-08-18,47135,47135,92,1,85,0,7,1,26,0,5,1,66,1,0,0,100,2044,2144,24
2020-08-18,47125,47125,2182,13,2138,12,44,1,1057,-17,95,1,1107,28,18,2,2506,27369,29875,168
2020-08-18,,47OOS,2982,-34,2941,-33,41,-1,1069,-90,87,1,1891,55,22,1,2940,194559,197499,1900
2020-08-18,47123,47123,526,2,512,1,14,1,192,-9,39,1,324,11,10,0,600,6090,6690,22
2020-08-18,47101,47101,92,3,92,3,0,0,51,-2,7,0,40,5,1,0,105,2662,2767,28
2020-08-18,47109,47109,437,7,369,0,68,7,179,-1,25,0,251,7,7,1,499,4214,4713,60
2020-08-18,47107,47107,627,10,621,10,6,0,147,-14,40,1,460,24,20,0,755,10064,10819,152
2020-08-18,47119,47119,1449,4,1440,4,9,0,588,-19,49,-1,850,22,11,1,1719,14901,16620,398
2020-08-18,47117,47117,373,1,370,1,3,0,164,-3,15,0,205,4,4,0,434,5526,5960,47
2020-08-18,47115,47115,262,4,259,3,3,1,66,-1,23,0,191,5,5,0,323,3806,4129,20
2020-08-18,47113,47113,1414,41,1379,39,35,2,453,6,78,3,934,34,27,1,1560,16799,18359,413
2020-08-18,47111,47111,869,-2,861,-2,8,0,88,-10,62,1,768,8,13,0,1061,5103,6164,21
2020-08-18,47105,47105,819,4,795,4,24,0,241,-4,22,1,575,8,3,0,906,8298,9204,47
2020-08-18,47103,47103,351,2,347,2,4,0,141,-6,12,1,209,8,1,0,438,5065,5503,208
2020-08-18,47139,47139,281,11,273,9,8,2,89,4,14,2,183,6,9,1,318,2264,2582,120
2020-08-18,47121,47121,121,0,121,0,0,0,29,0,5,0,91,,1,0,148,1927,2075,17
2020-08-18,47141,47141,1959,0,1939,0,20,0,512,-11,69,4,1426,10,21,1,2362,19754,22116,56
2020-08-18,47163,47163,1212,10,1143,9,69,1,314,-26,106,5,879,35,19,1,1312,18478,19790,398
2020-08-18,47145,47145,545,3,520,2,25,1,219,-12,18,0,324,15,2,0,643,11770,12413,145
2020-08-18,47099,47099,655,9,649,10,6,-1,271,-4,26,1,376,12,8,1,779,7120,7899,39
2020-08-18,47187,47187,3932,39,3912,39,20,0,1214,-30,102,2,2691,68,27,1,4677,45343,50020,672
2020-08-18,47185,47185,349,4,344,4,5,0,158,-1,17,0,185,5,6,0,416,5314,5730,216
2020-08-18,47183,47183,637,12,593,13,44,-1,397,-27,16,0,233,37,7,2,687,6725,7412,44
2020-08-18,47181,47181,238,-1,232,-1,6,0,65,-4,9,0,171,3,2,0,262,4264,4526,17
2020-08-18,47179,47179,1476,10,1432,8,44,2,937,-69,64,0,536,78,3,1,1701,19203,20904,153
2020-08-18,47177,47177,629,3,600,3,29,0,268,-17,10,0,355,20,6,0,698,8795,9493,50
2020-08-18,47175,47175,46,1,46,1,0,0,16,-1,3,1,30,2,0,0,49,854,903,17
2020-08-18,47173,47173,184,5,177,3,7,2,72,-1,4,0,112,6,0,0,201,2861,3062,20
2020-08-18,47171,47171,184,0,181,0,3,0,107,0,5,0,77,,0,0,202,3668,3870,7
2020-08-18,47169,47169,1587,0,1584,0,3,0,52,-2,19,2,1529,2,6,0,1657,3503,5160,12
2020-08-18,47167,47167,1274,6,1249,1,25,5,349,-11,65,0,913,17,12,0,1473,14754,16227,41
2020-08-18,47165,47165,3665,16,3650,16,15,0,1038,-78,310,1,2550,93,77,1,4437,28501,32938,627
2020-08-18,47161,47161,85,1,85,1,0,0,35,-2,3,0,50,3,0,0,109,1830,1939,11
2020-08-18,47159,47159,480,-3,471,-3,9,0,109,-10,20,1,367,7,4,0,582,3718,4300,23
2020-08-18,47157,47157,24905,107,24799,101,106,6,3688,-203,1454,28,20877,304,340,6,30576,263578,294154,2763
2020-08-18,47155,47155,2060,5,1999,4,61,1,537,-20,75,0,1513,25,10,0,2282,18121,20403,123
2020-08-18,47153,47153,128,4,127,4,1,0,36,3,7,1,91,1,1,0,153,3276,3429,22
2020-08-18,47151,47151,143,-1,140,-1,3,0,65,-5,11,0,76,4,2,0,156,2684,2840,37
2020-08-18,47149,47149,7179,42,7160,41,19,1,2469,-76,210,2,4649,116,61,2,8798,54303,63101,549
2020-08-18,47147,47147,1650,3,1645,3,5,0,524,-18,105,0,1104,20,22,1,2072,11333,13405,202
2020-08-18,47143,47143,589,6,589,6,0,0,110,-4,15,-1,477,10,2,0,710,6596,7306,39
2020-08-18,47189,47189,2526,25,2520,24,6,1,753,-24,80,0,1747,48,26,1,3040,25925,28965,220
2020-08-18,47097,47097,572,3,546,2,26,1,218,-3,31,0,345,6,9,0,638,7101,7739,75
2020-08-18,47093,47093,5349,52,5165,50,184,2,1824,-46,229,3,3482,98,43,0,6012,85476,91488,533
2020-08-18,47041,47041,394,4,390,4,4,0,122,-1,15,1,270,5,2,0,475,5216,5691,40
2020-08-18,47039,47039,247,3,193,0,54,3,118,-5,6,0,126,8,3,0,284,3323,3607,14
2020-08-18,47037,47037,22190,185,22103,180,87,5,3800,-5,817,7,18159,189,231,1,27585,213151,240736,4307
2020-08-18,47035,47035,598,6,597,6,1,0,248,2,35,3,343,4,7,0,750,14251,15001,186
2020-08-18,47033,47033,313,5,287,3,26,2,106,-5,14,0,199,9,8,1,345,2028,2373,10
2020-08-18,47031,47031,630,13,585,9,45,4,305,3,20,3,321,10,4,0,764,10899,11663,237
2020-08-18,47029,47029,560,3,532,3,28,0,202,-12,21,0,353,15,5,0,604,5394,5998,68
2020-08-18,47027,47027,92,1,85,1,7,0,33,-2,2,0,59,3,0,0,97,1670,1767,31
2020-08-18,47025,47025,315,2,297,2,18,0,113,-4,14,0,201,6,1,0,352,6477,6829,39
2020-08-18,47021,47021,656,8,649,8,7,0,249,-20,24,0,398,28,9,0,792,7231,8023,49
2020-08-18,47019,47019,648,5,624,2,24,3,480,-1,50,0,159,3,9,3,716,9905,10621,84
2020-08-18,47017,47017,411,10,350,7,61,3,246,5,19,2,159,5,6,0,431,5076,5507,370
2020-08-18,47015,47015,165,-1,156,-1,9,0,52,-3,5,0,113,2,0,0,212,2389,2601,11
2020-08-18,47013,47013,279,4,269,2,10,2,89,-7,14,1,188,11,2,0,323,6795,7118,37
2020-08-18,47011,47011,2192,17,2138,14,54,3,544,-24,120,1,1632,41,16,0,2636,16110,18746,404
2020-08-18,47009,47009,1542,35,1510,33,32,2,480,2,66,2,1047,33,15,0,1805,17813,19618,119
2020-08-18,47007,47007,752,1,748,1,4,0,91,-1,14,1,659,2,2,0,775,5147,5922,78
2020-08-18,47005,47005,190,3,183,3,7,0,112,-5,7,0,76,8,2,0,197,2475,2672,108
2020-08-18,47003,47003,989,2,963,-1,26,3,229,-5,39,0,748,7,12,0,1180,7917,9097,171
2020-08-18,47001,47001,778,6,763,6,15,0,241,-1,32,0,531,7,6,0,931,17007,17938,76
2020-08-18,47095,47095,805,1,799,1,6,0,70,-4,4,0,734,5,1,0,984,4706,5690,13
2020-08-18,47043,47043,794,10,738,5,56,5,374,-4,38,1,416,14,4,0,995,8899,9894,104
2020-08-18,47045,47045,751,4,711,2,40,2,368,-11,43,2,374,15,9,0,822,6599,7421,33
2020-08-18,47023,47023,290,12,260,11,30,1,118,-2,9,0,170,14,2,0,320,2394,2714,321
2020-08-18,47049,47049,127,3,127,3,0,0,59,-2,9,0,68,5,0,0,138,2413,2551,16
2020-08-18,47047,47047,766,7,754,6,12,1,258,-1,51,0,498,6,10,2,962,11198,12160,67
2020-08-18,47089,47089,652,1,579,0,73,1,194,-8,33,2,454,9,4,0,694,9769,10463,493
2020-08-18,47087,47087,156,3,151,3,5,0,51,1,8,0,104,2,1,0,176,1679,1855,7
2020-08-18,47085,47085,145,5,133,4,12,1,77,3,4,1,65,2,3,0,164,3452,3616,40
2020-08-18,47083,47083,67,0,66,0,1,0,26,-4,7,0,41,4,0,0,77,1352,1429,9
2020-08-18,47081,47081,309,4,293,4,16,0,128,1,6,0,180,3,1,0,391,3897,4288,144
2020-08-18,47079,47079,344,8,334,8,10,0,167,-1,23,2,174,7,3,2,405,6278,6683,54
2020-08-18,47077,47077,716,21,582,11,134,10,332,5,21,1,380,15,4,1,865,5302,6167,39
2020-08-18,47075,47075,625,6,597,4,28,2,321,-10,23,0,296,15,8,1,662,4063,4725,14
2020-08-18,47073,47073,585,6,574,5,11,1,416,-1,45,1,159,7,10,0,683,6382,7065,84
2020-08-18,47071,47071,525,8,458,7,67,1,209,-10,14,0,308,18,8,0,586,7873,8459,189
2020-08-18,47091,47091,353,4,349,4,4,0,297,1,12,0,55,3,1,0,390,4212,4602,12
2020-08-18,47067,47067,84,0,77,0,7,0,57,0,8,0,25,,2,0,95,1329,1424,31
2020-08-18,47065,47065,6995,133,6919,79,76,54,1554,14,280,3,5380,118,61,1,8032,82965,90997,1724
2020-08-18,47063,47063,1512,5,1454,5,58,0,352,-20,71,1,1144,24,16,1,1663,14059,15722,667
2020-08-18,47061,47061,133,3,130,3,3,0,35,3,16,0,96,,2,0,155,1617,1772,7
2020-08-18,47059,47059,627,18,593,18,34,0,436,8,39,3,182,10,9,0,756,9321,10077,226
2020-08-18,47057,47057,228,5,216,5,12,0,74,2,15,1,153,3,1,0,273,3544,3817,136
2020-08-18,47055,47055,416,0,414,0,2,0,141,-5,28,0,261,5,14,0,503,5839,6342,23
2020-08-18,47053,47053,846,14,706,9,140,5,403,-4,38,0,433,17,10,1,939,8453,9392,44
2020-08-18,47051,47051,384,1,375,1,9,0,123,-13,20,0,257,14,4,0,487,7993,8480,123
2020-08-18,47069,47069,1091,9,1043,8,48,1,410,0,44,0,662,8,19,1,1230,9424,10654,37
2020-08-19,47139,47139,288,7,280,7,8,0,88,-1,15,1,190,7,10,1,325,2317,2642,60
2020-08-19,47127,47127,80,3,78,3,2,0,41,2,1,0,39,1,0,0,99,1184,1283,18
2020-08-19,47129,47129,162,14,156,14,6,0,75,8,3,0,86,6,1,0,178,5545,5723,230
2020-08-19,47131,47131,700,13,688,13,12,0,311,-2,26,0,385,15,4,0,783,6351,7134,105
2020-08-19,47137,47137,41,2,41,2,0,0,20,2,0,0,20,,1,0,44,729,773,11
2020-08-19,47133,47133,307,19,304,20,3,-1,161,6,10,1,145,13,1,0,335,4520,4855,142
2020-08-19,,47PEN,3182,25,3133,21,49,4,1000,-17,37,-1,2178,42,4,0,3633,124277,127910,1919
2020-08-19,47135,47135,93,1,86,1,7,0,27,1,5,0,66,,0,0,101,2070,2171,27
2020-08-19,47125,47125,2212,30,2168,30,44,0,1055,-2,96,1,1136,29,21,3,2540,27897,30437,562
2020-08-19,,47OOS,2990,8,2951,10,39,-2,1054,-15,82,-5,1916,25,20,-2,2982,197094,200076,2577
2020-08-19,47123,47123,547,21,533,21,14,0,194,2,41,2,343,19,10,0,627,6254,6881,191
2020-08-19,47117,47117,400,27,396,26,4,1,185,21,15,0,211,6,4,0,459,5709,6168,208
2020-08-19,47109,47109,445,8,375,6,70,2,181,2,25,0,257,6,7,0,505,4291,4796,83
2020-08-19,47107,47107,651,24,644,23,7,1,161,14,40,0,470,10,20,0,783,10353,11136,317
2020-08-19,47119,47119,1470,21,1463,23,7,-2,593,5,52,3,866,16,11,0,1745,15362,17107,487
2020-08-19,47115,47115,276,14,273,14,3,0,73,7,24,1,198,7,5,0,338,3880,4218,89
2020-08-19,47113,47113,1458,44,1423,44,35,0,453,0,80,2,977,43,28,1,1623,17353,18976,617
2020-08-19,47111,47111,876,7,867,6,9,1,86,-2,64,2,776,8,14,1,1070,5159,6229,65
2020-08-19,47105,47105,823,4,799,4,24,0,224,-17,22,0,596,21,3,0,910,8444,9354,150
2020-08-19,47103,47103,362,11,357,10,5,1,142,1,12,0,219,10,1,0,454,5191,5645,142
2020-08-19,47101,47101,93,1,93,1,0,0,50,-1,7,0,42,2,1,0,106,2713,2819,52
2020-08-19,47121,47121,124,3,124,3,0,0,28,-1,5,0,95,4,1,0,152,1953,2105,30
2020-08-19,47141,47141,2008,49,1988,49,20,0,531,19,69,0,1455,29,22,1,2424,20086,22510,394
2020-08-19,47099,47099,671,16,665,16,6,0,277,6,27,1,386,10,8,0,800,7258,8058,159
2020-08-19,47145,47145,559,14,533,13,26,1,212,-7,18,0,345,21,2,0,658,11916,12574,161
2020-08-19,47187,47187,3979,47,3959,47,20,0,1204,-10,101,-1,2749,58,26,-1,4730,46145,50875,855
2020-08-19,47185,47185,364,15,359,15,5,0,167,9,18,1,191,6,6,0,434,5493,5927,197
2020-08-19,47183,47183,658,21,614,21,44,0,380,-17,16,0,271,38,7,0,713,6871,7584,172
2020-08-19,47181,47181,244,6,238,6,6,0,68,3,9,0,174,3,2,0,268,4293,4561,35
2020-08-19,47179,47179,1513,37,1467,35,46,2,792,-145,66,2,717,181,4,1,1742,19630,21372,468
2020-08-19,47177,47177,641,12,612,12,29,0,259,-9,10,0,376,21,6,0,711,8884,9595,102
2020-08-19,47175,47175,46,0,46,0,0,0,16,0,3,0,30,,0,0,49,880,929,26
2020-08-19,47173,47173,185,1,178,1,7,0,66,-6,4,0,119,7,0,0,204,2892,3096,34
2020-08-19,47171,47171,191,7,188,7,3,0,114,7,5,0,77,,0,0,211,3839,4050,180
2020-08-19,47169,47169,1586,-1,1583,-1,3,0,52,0,19,0,1528,-1,6,0,1660,3534,5194,34
2020-08-19,47167,47167,1295,21,1270,21,25,0,347,-2,65,0,936,23,12,0,1503,14958,16461,234
2020-08-19,47165,47165,3730,65,3713,63,17,2,1067,29,311,1,2585,35,78,1,4504,29274,33778,840
2020-08-19,47163,47163,1221,9,1148,5,73,4,265,-49,110,4,936,57,20,1,1326,18834,20160,370
2020-08-19,47161,47161,89,4,88,3,1,1,35,0,3,0,54,4,0,0,112,1860,1972,33
2020-08-19,47159,47159,489,9,479,8,10,1,109,0,22,2,375,8,5,1,602,3768,4370,70
2020-08-19,47157,47157,25096,191,24987,188,109,3,3574,-114,1478,24,21181,304,341,1,30893,267375,298268,4114
2020-08-19,47155,47155,2096,36,2033,34,63,2,535,-2,76,1,1551,38,10,0,2323,18448,20771,368
2020-08-19,47153,47153,132,4,131,4,1,0,37,1,7,0,94,3,1,0,158,3362,3520,91
2020-08-19,47151,47151,145,2,142,2,3,0,59,-6,11,0,84,8,2,0,158,2730,2888,48
2020-08-19,47149,47149,7223,44,7202,42,21,2,2398,-71,210,0,4764,115,61,0,8867,55142,64009,908
2020-08-19,47147,47147,1678,28,1673,28,5,0,535,11,106,1,1120,16,23,1,2099,11602,13701,296
2020-08-19,47143,47143,596,7,596,7,0,0,107,-3,15,0,487,10,2,0,719,6716,7435,129
2020-08-19,47097,47097,578,6,550,4,28,2,211,-7,33,2,357,12,10,1,642,7130,7772,33
2020-08-19,47189,47189,2563,37,2557,37,6,0,764,11,80,0,1773,26,26,0,3087,26300,29387,422
2020-08-19,47093,47093,5466,117,5280,115,186,2,1822,-2,229,0,3599,117,45,2,6151,86741,92892,1404
2020-08-19,47041,47041,398,4,394,4,4,0,119,-3,15,0,275,5,4,2,481,5277,5758,67
2020-08-19,47039,47039,250,3,196,3,54,0,114,-4,6,0,133,7,3,0,285,3373,3658,51
2020-08-19,47037,47037,22326,136,22237,134,89,2,3741,-59,826,9,18350,191,235,4,27758,217200,244958,4222
2020-08-19,47035,47035,627,29,626,29,1,0,262,14,36,1,358,15,7,0,780,14702,15482,481
2020-08-19,47033,47033,320,7,293,6,27,1,106,0,14,0,206,7,8,0,353,2072,2425,52
2020-08-19,47031,47031,650,20,600,15,50,5,318,13,20,0,327,6,5,1,788,11111,11899,236
2020-08-19,47029,47029,578,18,549,17,29,1,209,7,23,2,363,10,6,1,620,5501,6121,123
2020-08-19,47027,47027,94,2,87,2,7,0,32,-1,2,0,62,3,0,0,100,1736,1836,69
2020-08-19,47025,47025,323,8,304,7,19,1,119,6,14,0,203,2,1,0,360,6543,6903,74
2020-08-19,47023,47023,295,5,265,5,30,0,121,3,9,0,172,2,2,0,328,2533,2861,147
2020-08-19,47021,47021,670,14,662,13,8,1,261,12,24,0,400,2,9,0,810,7340,8150,127
2020-08-19,47019,47019,679,31,654,30,25,1,505,25,53,3,165,6,9,0,751,10308,11059,438
2020-08-19,47017,47017,426,15,365,15,61,0,252,6,19,0,168,9,6,0,449,5400,5849,342
2020-08-19,47015,47015,172,7,163,7,9,0,52,0,5,0,120,7,0,0,225,2420,2645,44
2020-08-19,47013,47013,284,5,273,4,11,1,91,2,14,0,191,3,2,0,326,6915,7241,123
2020-08-19,47011,47011,2232,40,2178,40,54,0,543,-1,120,0,1673,41,16,0,2689,16422,19111,365
2020-08-19,47009,47009,1584,42,1553,43,31,-1,485,5,68,2,1084,37,15,0,1856,18168,20024,406
2020-08-19,47007,47007,758,6,754,6,4,0,91,0,14,0,664,5,3,1,781,5247,6028,106
2020-08-19,47005,47005,197,7,189,6,8,1,108,-4,9,2,87,11,2,0,204,2614,2818,146
2020-08-19,47003,47003,1006,17,975,12,31,5,230,1,41,2,763,15,13,1,1196,8107,9303,206
2020-08-19,47001,47001,799,21,784,21,15,0,241,0,34,2,552,21,6,0,954,17277,18231,293
2020-08-19,47043,47043,807,13,755,17,52,-4,378,4,39,1,424,8,5,1,1014,9138,10152,258
2020-08-19,47045,47045,772,21,729,18,43,3,369,1,43,0,394,20,9,0,844,6679,7523,102
2020-08-19,47095,47095,807,2,801,2,6,0,68,-2,4,0,738,4,1,0,987,4752,5739,49
2020-08-19,47049,47049,135,8,135,8,0,0,64,5,9,0,71,3,0,0,148,2467,2615,64
2020-08-19,47091,47091,362,9,358,9,4,0,301,4,12,0,60,5,1,0,399,4287,4686,84
2020-08-19,47089,47089,667,15,592,13,75,2,195,1,33,0,468,14,4,0,709,10125,10834,371
2020-08-19,47087,47087,170,14,164,13,6,1,63,12,9,1,106,2,1,0,189,1714,1903,48
2020-08-19,47085,47085,146,1,134,1,12,0,73,-4,4,0,70,5,3,0,166,3495,3661,45
2020-08-19,47083,47083,68,1,67,1,1,0,27,1,7,0,41,,0,0,80,1355,1435,6
2020-08-19,47047,47047,787,21,775,21,12,0,269,11,54,3,508,10,10,0,983,11344,12327,167
2020-08-19,47079,47079,357,13,348,14,9,-1,168,1,23,0,186,12,3,0,420,6417,6837,154
2020-08-19,47077,47077,732,16,598,16,134,0,329,-3,24,3,399,19,4,0,887,5408,6295,128
2020-08-19,47075,47075,648,23,619,22,29,1,333,12,24,1,306,10,9,1,687,4127,4814,89
2020-08-19,47073,47073,606,21,594,20,12,1,434,18,45,0,162,3,10,0,705,6591,7296,231
2020-08-19,47081,47081,319,10,303,10,16,0,130,2,6,0,188,8,1,0,399,4076,4475,187
2020-08-19,47069,47069,1108,17,1060,17,48,0,410,0,45,1,679,17,19,0,1252,9726,10978,324
2020-08-19,47067,47067,84,0,77,0,7,0,57,0,10,2,25,,2,0,95,1343,1438,14
2020-08-19,47065,47065,7145,150,7026,107,119,43,1581,27,287,7,5503,123,61,0,8180,84590,92770,1773
2020-08-19,47063,47063,1530,18,1471,17,59,1,343,-9,71,0,1171,27,16,0,1683,14500,16183,461
2020-08-19,47061,47061,136,3,133,3,3,0,34,-1,16,0,100,4,2,0,159,1639,1798,26
2020-08-19,47059,47059,653,26,619,26,34,0,459,23,39,0,185,3,9,0,789,9624,10413,336
2020-08-19,47057,47057,234,6,222,6,12,0,76,2,15,0,157,4,1,0,285,3611,3896,79
2020-08-19,47055,47055,420,4,418,4,2,0,140,-1,28,0,266,5,14,0,507,5945,6452,110
2020-08-19,47053,47053,877,31,734,28,143,3,409,6,38,0,457,24,11,1,978,8796,9774,382
2020-08-19,47051,47051,391,7,382,7,9,0,127,4,20,0,260,3,4,0,497,8461,8958,478
2020-08-19,47071,47071,549,24,477,19,72,5,221,12,15,1,320,12,8,0,612,7986,8598,139
2020-08-20,47127,47127,81,1,78,0,3,1,40,-1,1,0,41,2,0,0,100,1201,1301,18
2020-08-20,47129,47129,167,5,161,5,6,0,72,-3,3,0,94,8,1,0,184,5648,5832,109
2020-08-20,47131,47131,716,16,703,15,13,1,312,1,26,0,399,14,5,1,799,6420,7219,85
2020-08-20,,47OOS,2915,-75,2876,-75,39,0,949,-105,83,1,1946,30,20,0,2901,199789,202690,2614
2020-08-20,47139,47139,294,6,287,7,7,-1,91,3,15,0,193,3,10,0,332,2351,2683,41
2020-08-20,,47PEN,3187,5,3121,-12,66,17,963,-37,40,3,2220,42,4,0,3644,125103,128747,837
2020-08-20,47135,47135,93,0,86,0,7,0,26,-1,5,0,67,1,0,0,101,2086,2187,16
2020-08-20,47137,47137,41,0,41,0,0,0,20,0,0,0,20,,1,0,44,734,778,5
2020-08-20,47133,47133,316,9,311,7,5,2,166,5,10,0,149,4,1,0,347,4615,4962,107
2020-08-20,47125,47125,2240,28,2196,28,44,0,1060,5,98,2,1158,22,22,1,2572,28275,30847,410
2020-08-20,47103,47103,369,7,364,7,5,0,146,4,13,1,222,3,1,0,462,5214,5676,31
2020-08-20,47109,47109,454,9,380,5,74,4,185,4,26,1,262,5,7,0,516,4427,4943,147
2020-08-20,47107,47107,661,10,654,10,7,0,166,5,40,0,475,5,20,0,794,10456,11250,114
2020-08-20,47119,47119,1492,22,1485,22,7,0,582,-11,53,1,899,33,11,0,1775,15696,17471,364
2020-08-20,47117,47117,405,5,401,5,4,0,189,4,15,0,212,1,4,0,468,5765,6233,65
2020-08-20,47115,47115,278,2,275,2,3,0,69,-4,24,0,204,6,5,0,341,3934,4275,57
2020-08-20,47113,47113,1487,29,1449,26,38,3,386,-67,81,1,1073,96,28,0,1649,17642,19291,315
2020-08-20,47111,47111,875,-1,867,0,8,-1,78,-8,63,-1,783,7,14,0,1071,5233,6304,75
2020-08-20,47105,47105,828,5,804,5,24,0,213,-11,22,0,612,16,3,0,920,8534,9454,100
2020-08-20,47141,47141,2062,54,2036,48,26,6,556,25,70,1,1484,29,22,0,2484,20377,22861,351
2020-08-20,47123,47123,562,15,548,15,14,0,194,0,43,2,358,15,10,0,643,6356,6999,118
2020-08-20,47143,47143,602,6,602,6,0,0,106,-1,15,0,494,7,2,0,727,6845,7572,137
2020-08-20,47165,47165,3781,51,3764,51,17,0,1067,0,313,2,2634,49,80,2,4563,29682,34245,467
2020-08-20,47147,47147,1694,16,1688,15,6,1,539,4,107,1,1132,12,23,0,2118,11770,13888,187
2020-08-20,47189,47189,2581,18,2574,17,7,1,762,-2,83,3,1792,19,27,1,3107,26555,29662,275
2020-08-20,47187,47187,4014,35,3992,33,22,2,1192,-12,100,-1,2796,47,26,0,4767,46706,51473,598
2020-08-20,47185,47185,384,20,377,18,7,2,177,10,18,0,201,10,6,0,456,5558,6014,87
2020-08-20,47183,47183,671,13,625,11,46,2,369,-11,17,1,295,24,7,0,726,6992,7718,134
2020-08-20,47181,47181,246,2,240,2,6,0,64,-4,9,0,180,6,2,0,270,4311,4581,20
2020-08-20,47179,47179,1524,11,1478,11,46,0,787,-5,69,3,733,16,4,0,1754,19812,21566,194
2020-08-20,47177,47177,669,28,639,27,30,1,273,14,10,0,390,14,6,0,745,8970,9715,120
2020-08-20,47175,47175,49,3,49,3,0,0,18,2,3,0,31,1,0,0,52,896,948,19
2020-08-20,47173,47173,196,11,189,11,7,0,74,8,4,0,122,3,0,0,217,2929,3146,50
2020-08-20,47171,47171,195,4,190,2,5,2,118,4,5,0,77,,0,0,214,3877,4091,41
2020-08-20,47169,47169,1589,3,1586,3,3,0,51,-1,19,0,1532,4,6,0,1660,3565,5225,31
2020-08-20,47167,47167,1295,0,1272,2,23,-2,331,-16,67,2,951,15,13,1,1511,15066,16577,116
2020-08-20,47101,47101,98,5,98,5,0,0,51,1,8,1,46,4,1,0,111,2755,2866,47
2020-08-20,47163,47163,1228,7,1152,4,76,3,241,-24,113,3,966,30,21,1,1333,18913,20246,86
2020-08-20,47161,47161,89,0,89,1,0,-1,35,0,6,3,54,,0,0,112,1884,1996,24
2020-08-20,47159,47159,492,3,482,3,10,0,93,-16,22,0,392,17,7,2,605,3808,4413,43
2020-08-20,47157,47157,25210,114,25098,111,112,3,3384,-190,1501,23,21480,299,346,5,31051,269450,300501,2233
2020-08-20,47155,47155,2108,12,2044,11,64,1,521,-14,76,0,1576,25,11,1,2337,18626,20963,192
2020-08-20,47153,47153,132,0,131,0,1,0,36,-1,7,0,95,1,1,0,158,3412,3570,50
2020-08-20,47151,47151,151,6,148,6,3,0,64,5,11,0,85,1,2,0,164,2757,2921,33
2020-08-20,47149,47149,7300,77,7279,77,21,0,2383,-15,210,0,4856,92,61,0,8968,56085,65053,1044
2020-08-20,47145,47145,567,8,541,8,26,0,207,-5,18,0,358,13,2,0,677,12146,12823,249
2020-08-20,47099,47099,678,7,672,7,6,0,269,-8,27,0,401,15,8,0,809,7349,8158,100
2020-08-20,47121,47121,130,6,130,6,0,0,32,4,5,0,97,2,1,0,157,1987,2144,39
2020-08-20,47097,47097,598,20,568,18,30,2,223,12,33,0,364,7,11,1,663,7216,7879,107
2020-08-20,47041,47041,405,7,399,5,6,2,121,2,15,0,280,5,4,0,492,5370,5862,104
2020-08-20,47039,47039,252,2,196,0,56,2,113,-1,6,0,136,3,3,0,287,3391,3678,20
2020-08-20,47037,47037,22461,135,22371,134,90,1,3679,-62,837,11,18540,190,242,7,27968,219771,247739,2781
2020-08-20,47035,47035,658,31,656,30,2,1,287,25,36,0,364,6,7,0,813,15096,15909,427
2020-08-20,47033,47033,340,20,313,20,27,0,105,-1,14,0,224,18,11,3,371,2094,2465,40
2020-08-20,47031,47031,660,10,609,9,51,1,310,-8,20,0,345,18,5,0,800,11413,12213,314
2020-08-20,47029,47029,583,5,553,4,30,1,199,-10,23,0,378,15,6,0,627,5585,6212,91
2020-08-20,47027,47027,95,1,89,2,6,-1,30,-2,3,1,65,3,0,0,101,1772,1873,37
2020-08-20,47023,47023,306,11,276,11,30,0,125,4,10,1,178,6,3,1,340,2657,2997,136
2020-08-20,47021,47021,672,2,664,2,8,0,255,-6,24,0,408,8,9,0,813,7463,8276,126
2020-08-20,47019,47019,688,9,663,9,25,0,507,2,55,2,172,7,9,0,765,10387,11152,93
2020-08-20,47017,47017,449,23,387,22,62,1,268,16,21,2,175,7,6,0,473,5461,5934,85
2020-08-20,47015,47015,175,3,166,3,9,0,50,-2,5,0,125,5,0,0,228,2432,2660,15
2020-08-20,47013,47013,288,4,276,3,12,1,90,-1,14,0,196,5,2,0,330,7027,7357,116
2020-08-20,47011,47011,2247,15,2191,13,56,2,539,-4,123,3,1692,19,16,0,2705,16604,19309,198
2020-08-20,47009,47009,1648,64,1617,64,31,0,523,38,69,1,1110,26,15,0,1928,18330,20258,234
2020-08-20,47007,47007,759,1,755,1,4,0,90,-1,14,0,666,2,3,0,783,5282,6065,37
2020-08-20,47005,47005,205,8,197,8,8,0,112,4,9,0,90,3,3,1,213,2666,2879,61
2020-08-20,47003,47003,1016,10,984,9,32,1,227,-3,42,1,776,13,13,0,1209,8263,9472,169
2020-08-20,47001,47001,808,9,793,9,15,0,239,-2,34,0,563,11,6,0,965,17547,18512,281
2020-08-20,47095,47095,809,2,803,2,6,0,66,-2,4,0,742,4,1,0,989,4795,5784,45
2020-08-20,47043,47043,813,6,760,5,53,1,370,-8,40,1,438,14,5,0,1022,9423,10445,293
2020-08-20,47045,47045,794,22,748,19,46,3,370,1,43,0,415,21,9,0,866,6880,7746,223
2020-08-20,47025,47025,328,5,309,5,19,0,121,2,15,1,205,2,2,1,367,6748,7115,212
2020-08-20,47049,47049,137,2,137,2,0,0,63,-1,9,0,74,3,0,0,153,2498,2651,36
2020-08-20,47047,47047,797,10,785,10,12,0,260,-9,54,0,527,19,10,0,998,11438,12436,109
2020-08-20,47091,47091,366,4,362,4,4,0,299,-2,12,0,66,6,1,0,403,4324,4727,41
2020-08-20,47089,47089,671,4,597,5,74,-1,190,-5,34,1,477,9,4,0,716,10347,11063,229
2020-08-20,47087,47087,174,4,167,3,7,1,66,3,9,0,107,1,1,0,193,1738,1931,28
2020-08-20,47085,47085,147,1,134,0,13,1,72,-1,4,0,72,2,3,0,169,3561,3730,69
2020-08-20,47083,47083,70,2,69,2,1,0,29,2,7,0,41,,0,0,81,1374,1455,20
2020-08-20,47081,47081,323,4,308,5,15,-1,130,0,6,0,192,4,1,0,408,4264,4672,197
2020-08-20,47079,47079,368,11,359,11,9,0,165,-3,24,1,199,13,4,1,433,6521,6954,117
2020-08-20,47077,47077,750,18,612,14,138,4,338,9,25,1,408,9,4,0,910,5467,6377,82
2020-08-20,47075,47075,655,7,626,7,29,0,319,-14,24,0,327,21,9,0,694,4162,4856,42
2020-08-20,47073,47073,613,7,600,6,13,1,436,2,45,0,167,5,10,0,715,6670,7385,89
2020-08-20,47093,47093,5520,54,5329,49,191,5,1747,-75,233,4,3725,126,48,3,6224,87624,93848,956
2020-08-20,47069,47069,1133,25,1084,24,49,1,417,7,45,0,694,15,22,3,1285,9880,11165,187
2020-08-20,47071,47071,563,14,487,10,76,4,229,8,15,0,326,6,8,0,629,8139,8768,170
2020-08-20,47053,47053,912,35,754,20,158,15,420,11,38,0,481,24,11,0,1016,8922,9938,164
2020-08-20,47055,47055,424,4,421,3,3,1,137,-3,28,0,273,7,14,0,511,6044,6555,103
2020-08-20,47057,47057,242,8,230,8,12,0,80,4,15,0,161,4,1,0,292,3669,3961,65
2020-08-20,47059,47059,669,16,633,14,36,2,470,11,39,0,190,5,9,0,805,9744,10549,136
2020-08-20,47051,47051,400,9,391,9,9,0,128,1,22,2,268,8,4,0,508,8617,9125,167
2020-08-20,47063,47063,1539,9,1480,9,59,0,320,-23,71,0,1203,32,16,0,1693,14681,16374,191
2020-08-20,47065,47065,7223,78,7100,74,123,4,1582,1,288,1,5580,77,61,0,8257,85455,93712,942
2020-08-20,47067,47067,87,3,80,3,7,0,60,3,10,0,25,,2,0,99,1370,1469,31
2020-08-20,47061,47061,139,3,136,3,3,0,37,3,16,0,100,,2,0,161,1673,1834,36
2020-08-21,47125,47125,2277,37,2233,37,44,0,1068,8,98,0,1186,28,23,1,2619,28686,31305,458
2020-08-21,47135,47135,95,2,87,1,8,1,27,1,5,0,68,1,0,0,104,2144,2248,61
2020-08-21,,47PEN,3250,63,3181,60,69,3,997,34,43,3,2247,27,6,2,3724,126689,130413,1666
2020-08-21,47133,47133,331,15,322,11,9,4,177,11,11,1,153,4,1,0,365,4659,5024,62
2020-08-21,,47OOS,2912,-3,2872,-4,40,1,923,-26,81,-2,1968,22,21,1,2933,202685,205618,2928
2020-08-21,47131,47131,730,14,715,12,15,2,309,-3,28,2,416,17,5,0,813,6505,7318,99
2020-08-21,47137,47137,43,2,42,1,1,1,19,-1,0,0,23,3,1,0,46,734,780,2
2020-08-21,47129,47129,170,3,163,2,7,1,67,-5,3,0,102,8,1,0,187,5763,5950,118
2020-08-21,47127,47127,83,2,80,2,3,0,41,1,1,0,42,1,0,0,103,1246,1349,48
2020-08-21,47123,47123,580,18,565,17,15,1,204,10,43,0,366,8,10,0,665,6617,7282,283
2020-08-21,47115,47115,285,7,282,7,3,0,73,4,24,0,207,3,5,0,349,3984,4333,58
2020-08-21,47109,47109,473,19,395,15,78,4,195,10,26,0,271,9,7,0,539,4483,5022,79
2020-08-21,47107,47107,684,23,676,22,8,1,187,21,40,0,477,2,20,0,819,10713,11532,282
2020-08-21,47119,47119,1519,27,1512,27,7,0,598,16,53,0,910,11,11,0,1805,16180,17985,514
2020-08-21,47117,47117,416,11,412,11,4,0,197,8,15,0,215,3,4,0,479,5869,6348,115
2020-08-21,47113,47113,1513,26,1475,26,38,0,384,-2,83,2,1099,26,30,2,1689,17968,19657,366
2020-08-21,47111,47111,876,1,868,1,8,0,77,-1,63,0,785,2,14,0,1072,5268,6340,36
2020-08-21,47105,47105,834,6,810,6,24,0,207,-6,22,0,624,12,3,0,926,8666,9592,138
2020-08-21,47103,47103,373,4,368,4,5,0,145,-1,13,0,227,5,1,0,467,5298,5765,89
2020-08-21,47101,47101,107,9,107,9,0,0,55,4,8,0,51,5,1,0,120,2820,2940,74
2020-08-21,47139,47139,296,2,289,2,7,0,89,-2,15,0,197,4,10,0,334,2365,2699,16
2020-08-21,47121,47121,131,1,131,1,0,0,31,-1,6,1,98,1,2,1,158,2008,2166,22
2020-08-21,47141,47141,2087,25,2052,16,35,9,549,-7,72,2,1515,31,23,1,2519,20580,23099,238
2020-08-21,47099,47099,690,12,684,12,6,0,271,2,27,0,411,10,8,0,825,7433,8258,100
2020-08-21,47145,47145,573,6,546,5,27,1,201,-6,18,0,370,12,2,0,685,12308,12993,170
2020-08-21,47187,47187,4055,41,4033,41,22,0,1167,-25,100,0,2861,65,27,1,4815,47131,51946,473
2020-08-21,47185,47185,400,16,387,10,13,6,188,11,18,0,205,4,7,1,476,5805,6281,267
2020-08-21,47183,47183,686,15,636,11,50,4,358,-11,18,1,321,26,7,0,745,7118,7863,145
2020-08-21,47181,47181,252,6,246,6,6,0,68,4,9,0,182,2,2,0,276,4337,4613,32
2020-08-21,47179,47179,1541,17,1496,18,45,-1,796,9,70,1,739,6,6,2,1776,20034,21810,244
2020-08-21,47177,47177,696,27,655,16,41,11,276,3,10,0,414,24,6,0,775,9164,9939,224
2020-08-21,47175,47175,49,0,49,0,0,0,18,0,3,0,31,,0,0,52,913,965,17
2020-08-21,47173,47173,199,3,191,2,8,1,72,-2,4,0,127,5,0,0,220,2995,3215,69
2020-08-21,47171,47171,201,6,196,6,5,0,122,4,7,2,78,1,1,1,220,3918,4138,47
2020-08-21,47169,47169,1591,2,1588,2,3,0,41,-10,19,0,1544,12,6,0,1662,3612,5274,49
2020-08-21,47167,47167,1301,6,1278,6,23,0,329,-2,67,0,959,8,13,0,1519,15205,16724,147
2020-08-21,47165,47165,3808,27,3791,27,17,0,1030,-37,316,3,2697,63,81,1,4593,30170,34763,518
2020-08-21,47163,47163,1273,45,1196,44,77,1,265,24,114,1,986,20,22,1,1387,19240,20627,381
2020-08-21,47161,47161,89,0,89,0,0,0,34,-1,6,0,55,1,0,0,113,1916,2029,33
2020-08-21,47159,47159,494,2,484,2,10,0,93,0,23,1,393,1,8,1,610,3917,4527,114
2020-08-21,47157,47157,25427,217,25296,198,131,19,3371,-13,1539,38,21696,216,360,14,31321,272670,303991,3490
2020-08-21,47155,47155,2126,18,2062,18,64,0,522,1,76,0,1593,17,11,0,2358,18795,21153,190
2020-08-21,47153,47153,136,4,135,4,1,0,40,4,7,0,95,,1,0,162,3434,3596,26
2020-08-21,47151,47151,151,0,148,0,3,0,64,0,11,0,85,,2,0,164,2788,2952,31
2020-08-21,47149,47149,7363,63,7343,64,20,-1,2327,-56,212,2,4971,115,65,4,9049,56946,65995,942
2020-08-21,47147,47147,1708,14,1702,14,6,0,524,-15,109,2,1159,27,25,2,2137,11910,14047,159
2020-08-21,47143,47143,606,4,606,4,0,0,101,-5,16,1,503,9,2,0,733,6969,7702,130
2020-08-21,47189,47189,2604,23,2595,21,9,2,760,-2,83,0,1816,24,28,1,3142,27054,30196,534
2020-08-21,47097,47097,607,9,577,9,30,0,219,-4,33,0,376,12,12,1,677,7287,7964,85
2020-08-21,47093,47093,5607,87,5415,86,192,1,1729,-18,235,2,3829,104,49,1,6317,89129,95446,1598
2020-08-21,47041,47041,409,4,403,4,6,0,118,-3,15,0,286,6,5,1,501,5444,5945,83
2020-08-21,47039,47039,260,8,202,6,58,2,116,3,6,0,140,4,4,1,297,3445,3742,64
2020-08-21,47037,47037,22617,156,22525,154,92,2,3639,-40,846,9,18733,193,245,3,28199,222740,250939,3200
2020-08-21,47035,47035,669,11,666,10,3,1,297,10,37,1,365,1,7,0,826,15265,16091,182
2020-08-21,47033,47033,345,5,315,2,30,3,107,2,14,0,226,2,12,1,376,2121,2497,32
2020-08-21,47031,47031,670,10,619,10,51,0,306,-4,20,0,359,14,5,0,815,11607,12422,209
2020-08-21,47029,47029,588,5,556,3,32,2,193,-6,24,1,389,11,6,0,630,5663,6293,81
2020-08-21,47027,47027,96,1,90,1,6,0,26,-4,3,0,70,5,0,0,102,1782,1884,11
2020-08-21,47025,47025,334,6,315,6,19,0,116,-5,15,0,216,11,2,0,376,6886,7262,147
2020-08-21,47023,47023,319,13,283,7,36,6,134,9,11,1,181,3,4,1,353,2908,3261,264
2020-08-21,47021,47021,678,6,670,6,8,0,249,-6,25,1,420,12,9,0,821,7551,8372,96
2020-08-21,47019,47019,694,6,669,6,25,0,505,-2,57,2,175,3,14,5,773,10466,11239,87
2020-08-21,47017,47017,463,14,397,10,66,4,266,-2,25,4,191,16,6,0,489,5779,6268,334
2020-08-21,47015,47015,178,3,169,3,9,0,52,2,5,0,126,1,0,0,227,2516,2743,83
2020-08-21,47013,47013,292,4,279,3,13,1,88,-2,14,0,202,6,2,0,334,7105,7439,82
2020-08-21,47011,47011,2276,29,2218,27,58,2,537,-2,126,3,1723,31,16,0,2739,16834,19573,264
2020-08-21,47009,47009,1677,29,1644,27,33,2,527,4,72,3,1135,25,15,0,1964,18658,20622,364
2020-08-21,47007,47007,760,1,756,1,4,0,83,-7,14,0,674,8,3,0,785,5309,6094,29
2020-08-21,47005,47005,212,7,204,7,8,0,109,-3,10,1,100,10,3,0,220,2765,2985,106
2020-08-21,47003,47003,1023,7,991,7,32,0,219,-8,43,1,791,15,13,0,1218,8496,9714,242
2020-08-21,47001,47001,816,8,801,8,15,0,220,-19,33,-1,589,26,7,1,974,17768,18742,230
2020-08-21,47043,47043,832,19,779,19,53,0,379,9,40,0,446,8,7,2,1042,9531,10573,128
2020-08-21,47045,47045,809,15,763,15,46,0,380,10,43,0,420,5,9,0,882,6989,7871,125
2020-08-21,47095,47095,812,3,806,3,6,0,65,-1,4,0,746,4,1,0,993,4857,5850,66
2020-08-21,47049,47049,140,3,139,2,1,1,67,4,9,0,73,-1,0,0,160,2546,2706,55
2020-08-21,47047,47047,803,6,790,5,13,1,255,-5,54,0,538,11,10,0,1009,11639,12648,212
2020-08-21,47091,47091,372,6,368,6,4,0,299,0,12,0,72,6,1,0,410,4369,4779,52
2020-08-21,47089,47089,682,11,604,7,78,4,193,3,34,0,484,7,5,1,726,10655,11381,318
2020-08-21,47087,47087,187,13,179,12,8,1,75,9,9,0,111,4,1,0,206,1751,1957,26
2020-08-21,47085,47085,150,3,137,3,13,0,71,-1,4,0,76,4,3,0,169,3585,3754,24
2020-08-21,47083,47083,72,2,70,1,2,1,30,1,7,0,42,1,0,0,83,1386,1469,14
2020-08-21,47079,47079,373,5,364,5,9,0,167,2,24,0,202,3,4,0,443,6607,7050,96
2020-08-21,47077,47077,767,17,621,9,146,8,343,5,26,1,419,11,5,1,930,5542,6472,95
2020-08-21,47075,47075,663,8,634,8,29,0,320,1,24,0,333,6,10,1,702,4210,4912,56
2020-08-21,47073,47073,622,9,609,9,13,0,442,6,46,1,168,1,12,2,724,6761,7485,100
2020-08-21,47081,47081,327,4,313,5,14,-1,125,-5,6,0,201,9,1,0,417,4408,4825,153
2020-08-21,47069,47069,1155,22,1105,21,50,1,426,9,45,0,707,13,22,0,1311,10002,11313,148
2020-08-21,47067,47067,88,1,81,1,7,0,61,1,10,0,25,,2,0,100,1385,1485,16
2020-08-21,47065,47065,7312,89,7189,89,123,0,1562,-20,293,5,5689,109,61,0,8404,86914,95318,1606
2020-08-21,47063,47063,1559,20,1498,18,61,2,324,4,71,0,1218,15,17,1,1713,15159,16872,498
2020-08-21,47051,47051,412,12,402,11,10,1,133,5,23,1,275,7,4,0,521,8868,9389,264
2020-08-21,47061,47061,139,0,136,0,3,0,35,-2,16,0,102,2,2,0,162,1690,1852,18
2020-08-21,47059,47059,685,16,645,12,40,4,462,-8,39,0,213,23,10,1,821,9980,10801,252
2020-08-21,47057,47057,244,2,232,2,12,0,76,-4,15,0,167,6,1,0,296,3791,4087,126
2020-08-21,47055,47055,427,3,423,2,4,1,131,-6,28,0,282,9,14,0,514,6113,6627,72
2020-08-21,47053,47053,959,47,794,40,165,7,438,18,39,1,510,29,11,0,1063,9152,10215,277
2020-08-21,47071,47071,579,16,501,14,78,2,238,9,16,1,333,7,8,0,645,8174,8819,51
2020-08-22,47127,47127,82,-1,79,-1,3,0,41,0,1,0,41,-1,0,0,101,1268,1369,20
2020-08-22,47129,47129,176,6,168,5,8,1,72,5,4,1,103,1,1,0,194,5922,6116,166
2020-08-22,47131,47131,735,5,719,4,16,1,313,4,28,0,417,1,5,0,815,6578,7393,75
2020-08-22,47137,47137,45,2,43,1,2,1,22,3,0,0,22,-1,1,0,48,743,791,11
2020-08-22,47133,47133,347,16,333,11,14,5,192,15,11,0,154,1,1,0,381,4694,5075,51
2020-08-22,,47PEN,3225,-25,3160,-21,65,-4,960,-37,47,4,2259,12,6,0,3702,127672,131374,961
2020-08-22,47135,47135,96,1,87,0,9,1,28,1,5,0,68,,0,0,105,2189,2294,46
2020-08-22,47125,47125,2294,17,2248,15,46,2,1074,6,98,0,1196,10,24,1,2643,29100,31743,438
2020-08-22,,47OOS,2830,-82,2789,-83,41,1,847,-76,84,3,1962,-6,21,0,2866,205124,207990,2372
2020-08-22,47123,47123,591,11,576,11,15,0,212,8,43,0,369,3,10,0,677,6724,7401,119
2020-08-22,47101,47101,117,10,117,10,0,0,65,10,8,0,51,,1,0,130,2869,2999,59
2020-08-22,47109,47109,482,9,402,7,80,2,203,8,26,0,272,1,7,0,549,4561,5110,88
2020-08-22,47107,47107,695,11,686,10,9,1,194,7,41,1,481,4,20,0,831,10908,11739,207
2020-08-22,47119,47119,1540,21,1532,20,8,1,613,15,53,0,916,6,11,0,1829,16693,18522,537
2020-08-22,47117,47117,443,27,439,27,4,0,223,26,15,0,216,1,4,0,504,6101,6605,257
2020-08-22,47115,47115,289,4,285,3,4,1,76,3,24,0,208,1,5,0,356,4013,4369,36
2020-08-22,47113,47113,1533,20,1491,16,42,4,387,3,84,1,1115,16,31,1,1708,18427,20135,478
2020-08-22,47111,47111,879,3,871,3,8,0,79,2,64,1,786,1,14,0,1075,5289,6364,24
2020-08-22,47105,47105,862,28,838,28,24,0,231,24,23,1,628,4,3,0,954,8809,9763,171
2020-08-22,47103,47103,379,6,373,5,6,1,150,5,13,0,228,1,1,0,474,5378,5852,87
2020-08-22,47139,47139,298,2,291,2,7,0,89,0,15,0,199,2,10,0,340,2402,2742,43
2020-08-22,47121,47121,134,3,134,3,0,0,33,2,6,0,99,1,2,0,162,2095,2257,91
2020-08-22,47141,47141,2121,34,2084,32,37,2,581,32,73,1,1517,2,23,0,2566,20780,23346,247
2020-08-22,47163,47163,1437,164,1359,163,78,1,417,152,118,4,998,12,22,0,1554,19564,21118,491
2020-08-22,47145,47145,581,8,554,8,27,0,208,7,18,0,371,1,2,0,696,12514,13210,217
2020-08-22,47099,47099,694,4,688,4,6,0,267,-4,27,0,419,8,8,0,830,7526,8356,98
2020-08-22,47187,47187,4096,41,4075,42,21,-1,1185,18,100,0,2884,23,27,0,4875,48076,52951,1005
2020-08-22,47185,47185,413,13,400,13,13,0,200,12,19,1,206,1,7,0,494,6008,6502,221
2020-08-22,47183,47183,703,17,651,15,52,2,371,13,18,0,325,4,7,0,764,7178,7942,79
2020-08-22,47181,47181,253,1,247,1,6,0,69,1,9,0,182,,2,0,277,4359,4636,23
2020-08-22,47179,47179,1555,14,1507,11,48,3,800,4,70,0,749,10,6,0,1796,20253,22049,239
2020-08-22,47177,47177,704,8,658,3,46,5,279,3,11,1,418,4,7,1,791,9208,9999,60
2020-08-22,47175,47175,51,2,50,1,1,1,20,2,3,0,31,,0,0,54,935,989,24
2020-08-22,47173,47173,201,2,192,1,9,1,72,0,4,0,129,2,0,0,222,3011,3233,18
2020-08-22,47171,47171,207,6,203,7,4,-1,127,5,8,1,79,1,1,0,231,3956,4187,49
2020-08-22,47169,47169,1592,1,1589,1,3,0,42,1,20,1,1544,,6,0,1666,3636,5302,28
2020-08-22,47167,47167,1309,8,1282,4,27,4,336,7,67,0,960,1,13,0,1533,15289,16822,98
2020-08-22,47165,47165,3846,38,3829,38,17,0,1037,7,315,-1,2727,30,82,1,4634,31040,35674,911
2020-08-22,47161,47161,89,0,89,0,0,0,34,0,6,0,55,,0,0,113,1932,2045,16
2020-08-22,47159,47159,498,4,487,3,11,1,96,3,23,0,394,1,8,0,619,3987,4606,79
2020-08-22,47157,47157,25527,100,25384,88,143,12,3317,-54,1557,18,21846,150,364,4,31448,274903,306351,2360
2020-08-22,47155,47155,2140,14,2076,14,64,0,523,1,77,1,1606,13,11,0,2379,18960,21339,186
2020-08-22,47153,47153,135,-1,134,-1,1,0,38,-2,7,0,96,1,1,0,162,3462,3624,28
2020-08-22,47151,47151,153,2,150,2,3,0,63,-1,11,0,88,3,2,0,167,2890,3057,105
2020-08-22,47149,47149,7404,41,7386,43,18,-2,2334,7,214,2,5006,35,64,-1,9108,57614,66722,727
2020-08-22,47147,47147,1732,24,1726,24,6,0,537,13,112,3,1170,11,25,0,2166,12287,14453,406
2020-08-22,47143,47143,612,6,612,6,0,0,104,3,16,0,506,3,2,0,738,7161,7899,197
2020-08-22,47189,47189,2627,23,2618,23,9,0,768,8,83,0,1830,14,29,1,3167,27275,30442,246
2020-08-22,47097,47097,621,14,589,12,32,2,230,11,33,0,379,3,12,0,689,7340,8029,65
2020-08-22,47093,47093,5682,75,5490,75,192,0,1773,44,238,3,3860,31,49,0,6409,89662,96071,625
2020-08-22,47041,47041,412,3,405,2,7,1,121,3,15,0,286,,5,0,508,5472,5980,35
2020-08-22,47039,47039,267,7,209,7,58,0,121,5,6,0,142,2,4,0,303,3481,3784,42
2020-08-22,47037,47037,22656,39,22561,36,95,3,3528,-111,850,4,18883,150,245,0,28273,226446,254719,3780
2020-08-22,47035,47035,688,19,684,18,4,1,314,17,37,0,367,2,7,0,848,15756,16604,513
2020-08-22,47033,47033,349,4,319,4,30,0,111,4,14,0,226,,12,0,379,2145,2524,27
2020-08-22,47031,47031,675,5,623,4,52,1,305,-1,21,1,365,6,5,0,821,11825,12646,224
2020-08-22,47029,47029,591,3,559,3,32,0,192,-1,24,0,393,4,6,0,633,5718,6351,58
2020-08-22,47027,47027,99,3,93,3,6,0,28,2,3,0,71,1,0,0,105,1793,1898,14
2020-08-22,47025,47025,338,4,317,2,21,2,115,-1,15,0,221,5,2,0,378,6922,7300,38
2020-08-22,47021,47021,688,10,680,10,8,0,254,5,26,1,424,4,10,1,832,7623,8455,83
2020-08-22,47019,47019,711,17,685,16,26,1,514,9,58,1,183,8,14,0,790,10570,11360,121
2020-08-22,47017,47017,482,19,416,19,66,0,281,15,25,0,195,4,6,0,513,6113,6626,358
2020-08-22,47015,47015,180,2,170,1,10,1,51,-1,5,0,129,3,0,0,234,2541,2775,32
2020-08-22,47013,47013,295,3,281,2,14,1,91,3,14,0,202,,2,0,336,7181,7517,78
2020-08-22,47011,47011,2306,30,2247,29,59,1,553,16,127,1,1737,14,16,0,2773,17046,19819,246
2020-08-22,47009,47009,1715,38,1682,38,33,0,557,30,73,1,1143,8,15,0,2004,18833,20837,215
2020-08-22,47007,47007,763,3,759,3,4,0,85,2,14,0,675,1,3,0,788,5333,6121,27
2020-08-22,47005,47005,214,2,204,0,10,2,111,2,10,0,100,,3,0,225,2952,3177,192
2020-08-22,47003,47003,1037,14,1004,13,33,1,230,11,44,1,793,2,14,1,1235,8743,9978,264
2020-08-22,47001,47001,828,12,813,12,15,0,226,6,34,1,594,5,8,1,988,17917,18905,163
2020-08-22,47095,47095,815,3,809,3,6,0,67,2,4,0,747,1,1,0,996,4878,5874,24
2020-08-22,47043,47043,832,0,779,0,53,0,370,-9,40,0,455,9,7,0,1048,9656,10704,131
2020-08-22,47045,47045,829,20,782,19,47,1,394,14,43,0,426,6,9,0,907,7050,7957,86
2020-08-22,47023,47023,325,6,289,6,36,0,139,5,12,1,182,1,4,0,360,3283,3643,382
2020-08-22,47049,47049,142,2,140,1,2,1,68,1,9,0,74,1,0,0,163,2592,2755,49
2020-08-22,47047,47047,806,3,793,3,13,0,257,2,54,0,539,1,10,0,1018,11714,12732,84
2020-08-22,47089,47089,688,6,611,7,77,-1,197,4,35,1,486,2,5,0,730,11251,11981,600
2020-08-22,47087,47087,188,1,180,1,8,0,75,0,10,1,112,1,1,0,207,1761,1968,11
2020-08-22,47085,47085,150,0,137,0,13,0,71,0,4,0,76,,3,0,173,3623,3796,42
2020-08-22,47083,47083,71,-1,70,0,1,-1,29,-1,7,0,42,,0,0,82,1401,1483,14
2020-08-22,47081,47081,328,1,314,1,14,0,122,-3,6,0,205,4,1,0,419,4563,4982,157
2020-08-22,47079,47079,391,18,382,18,9,0,181,14,25,1,206,4,4,0,462,6679,7141,91
2020-08-22,47077,47077,778,11,631,10,147,1,349,6,27,1,423,4,6,1,943,5605,6548,76
2020-08-22,47075,47075,686,23,656,22,30,1,338,18,25,1,338,5,10,0,723,4247,4970,58
2020-08-22,47073,47073,629,7,616,7,13,0,441,-1,46,0,176,8,12,0,733,6904,7637,152
2020-08-22,47071,47071,592,13,511,10,81,3,251,13,16,0,333,,8,0,658,8326,8984,165
2020-08-22,47091,47091,384,12,380,12,4,0,310,11,12,0,73,1,1,0,422,4423,4845,66
2020-08-22,47067,47067,88,0,81,0,7,0,61,0,10,0,25,,2,0,100,1406,1506,21
2020-08-22,47065,47065,7373,61,7249,60,124,1,1581,19,298,5,5731,42,61,0,8476,87445,95921,603
2020-08-22,47063,47063,1564,5,1503,5,61,0,329,5,71,0,1217,-1,18,1,1719,15646,17365,493
2020-08-22,47061,47061,139,0,136,0,3,0,35,0,16,0,102,,2,0,163,1713,1876,24
2020-08-22,47059,47059,712,27,670,25,42,2,491,29,42,3,211,-2,10,0,851,10256,11107,306
2020-08-22,47057,47057,244,0,232,0,12,0,76,0,15,0,167,,1,0,295,3927,4222,135
2020-08-22,47055,47055,427,0,424,1,3,-1,129,-2,28,0,284,2,14,0,517,6186,6703,76
2020-08-22,47053,47053,969,10,806,12,163,-2,441,3,39,0,516,6,12,1,1080,9362,10442,227
2020-08-22,47051,47051,417,5,406,4,11,1,135,2,23,0,278,3,4,0,528,9005,9533,144
2020-08-22,47069,47069,1167,12,1116,11,51,1,437,11,46,1,708,1,22,0,1325,10528,11853,540
2020-08-23,47141,47141,2145,24,2106,22,39,2,596,15,74,1,1526,9,23,0,2594,21072,23666,320
2020-08-23,47129,47129,182,6,173,5,9,1,78,6,4,0,103,,1,0,201,6045,6246,130
2020-08-23,47131,47131,754,19,738,19,16,0,330,17,28,0,419,2,5,0,838,6865,7703,310
2020-08-23,,47OOS,2937,107,2896,107,41,0,937,90,84,0,1979,17,21,0,2963,208417,211380,3390
2020-08-23,47139,47139,302,4,295,4,7,0,91,2,15,0,201,2,10,0,342,2497,2839,97
2020-08-23,,47PEN,3294,69,3229,69,65,0,1025,65,48,1,2264,5,5,-1,3779,129828,133607,2233
2020-08-23,47135,47135,97,1,88,1,9,0,29,1,5,0,68,,0,0,107,2217,2324,30
2020-08-23,47137,47137,46,1,44,1,2,0,23,1,0,0,22,,1,0,49,749,798,7
2020-08-23,47127,47127,84,2,81,2,3,0,42,1,1,0,42,1,0,0,105,1295,1400,31
2020-08-23,47133,47133,357,10,343,10,14,0,200,8,11,0,156,2,1,0,391,4761,5152,77
2020-08-23,47125,47125,2313,19,2263,15,50,4,1082,8,98,0,1207,11,24,0,2659,29545,32204,461
2020-08-23,47119,47119,1581,41,1573,41,8,0,643,30,54,1,927,11,11,0,1878,17120,18998,476
2020-08-23,47121,47121,134,0,134,0,0,0,33,0,6,0,99,,2,0,162,2135,2297,40
2020-08-23,47109,47109,487,5,407,5,80,0,207,4,26,0,273,1,7,0,553,4662,5215,105
2020-08-23,47107,47107,714,19,704,18,10,1,211,17,43,2,483,2,20,0,851,11166,12017,278
2020-08-23,47117,47117,467,24,463,24,4,0,247,24,15,0,216,,4,0,530,6246,6776,171
2020-08-23,47115,47115,297,8,293,8,4,0,84,8,24,0,208,,5,0,364,4083,4447,78
2020-08-23,47113,47113,1555,22,1511,20,44,2,408,21,84,0,1116,1,31,0,1729,18923,20652,517
2020-08-23,47111,47111,880,1,872,1,8,0,79,0,64,0,787,1,14,0,1076,5332,6408,44
2020-08-23,47105,47105,874,12,850,12,24,0,242,11,24,1,629,1,3,0,969,8959,9928,165
2020-08-23,47103,47103,385,6,379,6,6,0,154,4,13,0,230,2,1,0,483,5516,5999,147
2020-08-23,47123,47123,601,10,586,10,15,0,222,10,43,0,369,,10,0,691,6936,7627,226
2020-08-23,47143,47143,613,1,613,1,0,0,105,1,16,0,506,,2,0,741,7329,8070,171
2020-08-23,47101,47101,117,0,117,0,0,0,64,-1,9,1,52,1,1,0,130,2966,3096,97
2020-08-23,47147,47147,1748,16,1742,16,6,0,543,6,112,0,1180,10,25,0,2181,12549,14730,277
2020-08-23,47189,47189,2659,32,2650,32,9,0,784,16,84,1,1846,16,29,0,3205,27618,30823,381
2020-08-23,47187,47187,4140,44,4119,44,21,0,1212,27,100,0,2901,17,27,0,4920,48846,53766,815
2020-08-23,47185,47185,430,17,416,16,14,1,214,14,19,0,209,3,7,0,515,6204,6719,217
2020-08-23,47183,47183,735,32,682,31,53,1,401,30,18,0,327,2,7,0,805,7435,8240,298
2020-08-23,47181,47181,259,6,253,6,6,0,75,6,9,0,182,,2,0,283,4408,4691,55
2020-08-23,47179,47179,1592,37,1543,36,49,1,820,20,72,2,766,17,6,0,1841,20648,22489,440
2020-08-23,47177,47177,735,31,689,31,46,0,309,30,11,0,419,1,7,0,820,9412,10232,233
2020-08-23,47175,47175,53,2,52,2,1,0,22,2,3,0,31,,0,0,58,959,1017,28
2020-08-23,47173,47173,205,4,195,3,10,1,73,1,4,0,132,3,0,0,224,3108,3332,99
2020-08-23,47171,47171,212,5,209,6,3,-1,130,3,9,1,81,2,1,0,241,4025,4266,79
2020-08-23,47169,47169,1592,0,1589,0,3,0,41,-1,20,0,1545,1,6,0,1666,3670,5336,34
2020-08-23,47167,47167,1323,14,1296,14,27,0,346,10,67,0,964,4,13,0,1546,15585,17131,309
2020-08-23,47165,47165,3871,25,3853,24,18,1,1046,9,315,0,2743,16,82,0,4662,31666,36328,654
2020-08-23,47163,47163,1471,34,1393,34,78,0,450,33,118,0,999,1,22,0,1588,19859,21447,329
2020-08-23,47161,47161,89,0,89,0,0,0,33,-1,6,0,56,1,0,0,114,2048,2162,117
2020-08-23,47159,47159,503,5,492,5,11,0,101,5,23,0,394,,8,0,627,4018,4645,39
2020-08-23,47157,47157,25858,331,25714,330,144,1,3551,234,1588,31,21938,92,369,5,31859,279740,311599,5248
2020-08-23,47155,47155,2152,12,2088,12,64,0,534,11,78,1,1607,1,11,0,2390,19162,21552,213
2020-08-23,47153,47153,138,3,137,3,1,0,41,3,7,0,96,,1,0,165,3551,3716,92
2020-08-23,47151,47151,153,0,150,0,3,0,62,-1,11,0,89,1,2,0,167,2980,3147,90
2020-08-23,47149,47149,7461,57,7443,57,18,0,2347,13,215,1,5050,44,64,0,9190,58817,68007,1285
2020-08-23,47145,47145,586,5,559,5,27,0,211,3,18,0,373,2,2,0,701,12744,13445,235
2020-08-23,47099,47099,699,5,693,5,6,0,267,0,28,1,424,5,8,0,836,7683,8519,163
2020-08-23,47097,47097,632,11,600,11,32,0,237,7,33,0,383,4,12,0,700,7535,8235,206
2020-08-23,47095,47095,815,0,809,0,6,0,65,-2,4,0,749,2,1,0,997,4939,5936,62
2020-08-23,47043,47043,844,12,789,10,55,2,375,5,40,0,462,7,7,0,1059,9847,10906,202
2020-08-23,47041,47041,416,4,409,4,7,0,122,1,15,0,289,3,5,0,514,5594,6108,128
2020-08-23,47039,47039,270,3,212,3,58,0,123,2,6,0,143,1,4,0,305,3619,3924,140
2020-08-23,47037,47037,22766,110,22667,106,99,4,3559,31,850,0,18962,79,245,0,28426,229972,258398,3679
2020-08-23,47035,47035,706,18,702,18,4,0,328,14,37,0,371,4,7,0,872,16180,17052,448
2020-08-23,47033,47033,355,6,323,4,32,2,117,6,14,0,226,,12,0,387,2190,2577,53
2020-08-23,47031,47031,691,16,640,17,51,-1,321,16,21,0,365,,5,0,841,12115,12956,310
2020-08-23,47029,47029,600,9,568,9,32,0,200,8,24,0,394,1,6,0,642,5817,6459,108
2020-08-23,47027,47027,102,3,96,3,6,0,31,3,3,0,71,,0,0,109,1852,1961,63
2020-08-23,47025,47025,344,6,323,6,21,0,120,5,15,0,222,1,2,0,388,7104,7492,192
2020-08-23,47023,47023,333,8,294,5,39,3,143,4,12,0,186,4,4,0,366,3467,3833,190
2020-08-23,47021,47021,690,2,682,2,8,0,255,1,26,0,425,1,10,0,832,7771,8603,148
2020-08-23,47019,47019,727,16,701,16,26,0,524,10,58,0,189,6,14,0,811,10700,11511,151
2020-08-23,47017,47017,508,26,441,25,67,1,305,24,26,1,197,2,6,0,541,6350,6891,265
2020-08-23,47015,47015,185,5,174,4,11,1,56,5,5,0,129,,0,0,233,2580,2813,38
2020-08-23,47013,47013,299,4,283,2,16,2,91,0,14,0,206,4,2,0,338,7426,7764,247
2020-08-23,47011,47011,2336,30,2277,30,59,0,568,15,127,0,1752,15,16,0,2810,17568,20378,559
2020-08-23,47009,47009,1732,17,1697,15,35,2,562,5,73,0,1155,12,15,0,2021,19153,21174,337
2020-08-23,47007,47007,768,5,765,6,3,-1,89,4,14,0,676,1,3,0,795,5426,6221,100
2020-08-23,47005,47005,223,9,213,9,10,0,120,9,10,0,100,,3,0,234,3054,3288,111
2020-08-23,47003,47003,1051,14,1019,15,32,-1,243,13,44,0,794,1,14,0,1255,9008,10263,285
2020-08-23,47045,47045,852,23,805,23,47,0,411,17,43,0,432,6,9,0,929,7307,8236,279
2020-08-23,47047,47047,814,8,801,8,13,0,261,4,54,0,543,4,10,0,1031,11898,12929,197
2020-08-23,47001,47001,836,8,821,8,15,0,230,4,34,0,598,4,8,0,995,18343,19338,433
2020-08-23,47051,47051,422,5,411,5,11,0,134,-1,23,0,284,6,4,0,534,9434,9968,435
2020-08-23,47049,47049,147,5,144,4,3,1,73,5,9,0,74,,0,0,167,2634,2801,46
2020-08-23,47093,47093,5798,116,5604,114,194,2,1838,65,239,1,3911,51,49,0,6527,91267,97794,1723
2020-08-23,47091,47091,387,3,383,3,4,0,307,-3,12,0,79,6,1,0,425,4459,4884,39
2020-08-23,47089,47089,703,15,626,15,77,0,209,12,35,0,489,3,5,0,746,11641,12387,406
2020-08-23,47087,47087,189,1,181,1,8,0,75,0,10,0,113,1,1,0,209,1782,1991,23
2020-08-23,47085,47085,151,1,138,1,13,0,68,-3,4,0,80,4,3,0,174,3719,3893,97
2020-08-23,47081,47081,330,2,316,2,14,0,124,2,6,0,205,,1,0,420,4727,5147,165
2020-08-23,47079,47079,408,17,399,17,9,0,196,15,25,0,208,2,4,0,479,6882,7361,220
2020-08-23,47077,47077,788,10,640,9,148,1,354,5,28,1,428,5,6,0,972,5810,6782,234
2020-08-23,47075,47075,699,13,668,12,31,1,351,13,25,0,338,,10,0,740,4413,5153,183
2020-08-23,47083,47083,72,1,71,1,1,0,30,1,7,0,42,,0,0,84,1428,1512,29
2020-08-23,47071,47071,615,23,534,23,81,0,274,23,16,0,333,,8,0,683,8566,9249,265
2020-08-23,47069,47069,1174,7,1121,5,53,2,441,4,46,0,711,3,22,0,1334,10718,12052,199
2020-08-23,47067,47067,88,0,81,0,7,0,61,0,10,0,25,,2,0,100,1441,1541,35
2020-08-23,47065,47065,7463,90,7338,89,125,1,1631,50,299,1,5771,40,61,0,8567,88854,97421,1500
2020-08-23,47053,47053,981,12,817,11,164,1,447,6,39,0,522,6,12,0,1096,9545,10641,199
2020-08-23,47063,47063,1576,12,1515,12,61,0,338,9,71,0,1220,3,18,0,1731,16341,18072,707
2020-08-23,47061,47061,142,3,139,3,3,0,37,2,17,1,103,1,2,0,166,1744,1910,34
2020-08-23,47059,47059,721,9,680,10,41,-1,486,-5,42,0,225,14,10,0,861,10482,11343,236
2020-08-23,47057,47057,246,2,233,1,13,1,78,2,15,0,167,,1,0,298,4054,4352,130
2020-08-23,47055,47055,428,1,425,1,3,0,128,-1,28,0,286,2,14,0,517,6304,6821,118
2020-08-23,47073,47073,634,5,621,5,13,0,435,-6,46,0,187,11,12,0,738,7009,7747,110
2020-08-24,47127,47127,84,0,81,0,3,0,39,-3,1,0,45,3,0,0,105,1401,1506,106
2020-08-24,47129,47129,184,2,174,1,10,1,76,-2,4,0,107,4,1,0,203,6060,6263,17
2020-08-24,47131,47131,757,3,742,4,15,-1,309,-21,28,0,443,24,5,0,841,6890,7731,28
2020-08-24,47137,47137,46,0,44,0,2,0,21,-2,0,0,24,2,1,0,49,751,800,2
2020-08-24,47133,47133,360,3,346,3,14,0,193,-7,11,0,166,10,1,0,394,4777,5171,19
2020-08-24,,47PEN,3293,-1,3228,-1,65,0,975,-50,49,1,2312,48,6,1,3776,130493,134269,662
2020-08-24,47135,47135,98,1,88,0,10,1,28,-1,5,0,70,2,0,0,108,2222,2330,6
2020-08-24,47125,47125,2330,17,2279,16,51,1,1064,-18,99,1,1239,32,27,3,2681,29843,32524,320
2020-08-24,,47OOS,2929,-8,2887,-9,42,1,875,-62,84,0,2032,53,22,1,2931,209261,212192,812
2020-08-24,47123,47123,608,7,594,8,14,-1,220,-2,43,0,378,9,10,0,698,6964,7662,35
2020-08-24,47101,47101,117,0,117,0,0,0,60,-4,9,0,56,4,1,0,130,2971,3101,5
2020-08-24,47109,47109,490,3,409,2,81,1,202,-5,26,0,280,7,8,1,559,4679,5238,23
2020-08-24,47107,47107,717,3,707,3,10,0,207,-4,43,0,490,7,20,0,856,11271,12127,110
2020-08-24,47119,47119,1593,12,1584,11,9,1,620,-23,55,1,962,35,11,0,1889,17201,19090,92
2020-08-24,47117,47117,472,5,467,4,5,1,250,3,15,0,218,2,4,0,535,6276,6811,35
2020-08-24,47115,47115,300,3,296,3,4,0,84,0,24,0,211,3,5,0,367,4127,4494,47
2020-08-24,47113,47113,1571,16,1525,14,46,2,410,2,87,3,1130,14,31,0,1750,19018,20768,116
2020-08-24,47111,47111,882,2,874,2,8,0,79,0,64,0,789,2,14,0,1079,5345,6424,16
2020-08-24,47105,47105,879,5,855,5,24,0,227,-15,24,0,649,20,3,0,973,9003,9976,48
2020-08-24,47103,47103,386,1,380,1,6,0,149,-5,13,0,236,6,1,0,485,5574,6059,60
2020-08-24,47139,47139,305,3,298,3,7,0,87,-4,15,0,208,7,10,0,345,2703,3048,209
2020-08-24,47121,47121,134,0,134,0,0,0,33,0,6,0,99,,2,0,161,2153,2314,17
2020-08-24,47141,47141,2149,4,2110,4,39,0,562,-34,73,-1,1564,38,23,0,2605,21144,23749,83
2020-08-24,47163,47163,1474,3,1397,4,77,-1,429,-21,118,0,1023,24,22,0,1595,20273,21868,421
2020-08-24,47145,47145,587,1,561,2,26,-1,182,-29,18,0,403,30,2,0,704,12787,13491,46
2020-08-24,47099,47099,703,4,697,4,6,0,257,-10,28,0,438,14,8,0,841,7710,8551,32
2020-08-24,47187,47187,4157,17,4136,17,21,0,1193,-19,101,1,2937,36,27,0,4932,49173,54105,339
2020-08-24,47185,47185,435,5,421,5,14,0,194,-20,18,-1,234,25,7,0,521,6234,6755,36
2020-08-24,47183,47183,742,7,688,6,54,1,391,-10,18,0,342,15,9,2,813,7475,8288,48
2020-08-24,47181,47181,261,2,255,2,6,0,75,0,10,1,184,2,2,0,287,4416,4703,12
2020-08-24,47179,47179,1597,5,1547,4,50,1,816,-4,75,3,774,8,7,1,1844,20710,22554,65
2020-08-24,47177,47177,741,6,695,6,46,0,284,-25,11,0,450,31,7,0,830,9443,10273,41
2020-08-24,47175,47175,54,1,53,1,1,0,23,1,2,-1,31,,0,0,60,966,1026,9
2020-08-24,47173,47173,208,3,198,3,10,0,68,-5,5,1,139,7,1,1,227,3127,3354,22
2020-08-24,47171,47171,212,0,209,0,3,0,127,-3,9,0,84,3,1,0,241,4030,4271,5
2020-08-24,47169,47169,1592,0,1589,0,3,0,41,0,20,0,1545,,6,0,1666,3676,5342,6
2020-08-24,47167,47167,1337,14,1299,3,38,11,342,-4,67,0,982,18,13,0,1565,15660,17225,94
2020-08-24,47165,47165,3889,18,3870,17,19,1,1033,-13,320,5,2774,31,82,0,4675,31912,36587,259
2020-08-24,47161,47161,89,0,89,0,0,0,32,-1,6,0,57,1,0,0,114,2058,2172,10
2020-08-24,47159,47159,497,-6,486,-6,11,0,86,-15,21,-2,403,9,8,0,627,4033,4660,15
2020-08-24,47157,47157,25976,118,25820,106,156,12,3348,-203,1599,11,22259,321,369,0,32023,281933,313956,2357
2020-08-24,47155,47155,2154,2,2090,2,64,0,508,-26,78,0,1635,28,11,0,2394,19227,21621,69
2020-08-24,47153,47153,138,0,137,0,1,0,40,-1,7,0,97,1,1,0,165,3578,3743,27
2020-08-24,47151,47151,153,0,150,0,3,0,60,-2,11,0,91,2,2,0,165,2991,3156,9
2020-08-24,47149,47149,7486,25,7467,24,19,1,2271,-76,215,0,5151,101,64,0,9216,59160,68376,369
2020-08-24,47147,47147,1751,3,1745,3,6,0,525,-18,113,1,1201,21,25,0,2185,12607,14792,62
2020-08-24,47143,47143,616,3,616,3,0,0,104,-1,16,0,510,4,2,0,745,7402,8147,77
2020-08-24,47097,47097,637,5,605,5,32,0,236,-1,33,0,389,6,12,0,705,7633,8338,103
2020-08-24,47189,47189,2664,5,2655,5,9,0,741,-43,85,1,1893,47,30,1,3210,27761,30971,148
2020-08-24,47093,47093,5855,57,5654,50,201,7,1775,-63,241,2,4031,120,49,0,6579,91801,98380,586
2020-08-24,47041,47041,417,1,410,1,7,0,112,-10,15,0,300,11,5,0,516,5617,6133,25
2020-08-24,47039,47039,272,2,214,2,58,0,117,-6,6,0,151,8,4,0,308,3667,3975,51
2020-08-24,47037,47037,22816,50,22717,50,99,0,3438,-121,853,3,19132,170,246,1,28493,231176,259669,1271
2020-08-24,47035,47035,709,3,705,3,4,0,319,-9,37,0,382,11,8,1,876,16222,17098,46
2020-08-24,47033,47033,359,4,327,4,32,0,110,-7,14,0,237,11,12,0,391,2199,2590,13
2020-08-24,47031,47031,695,4,642,2,53,2,301,-20,21,0,388,23,6,1,846,12174,13020,64
2020-08-24,47029,47029,606,6,572,4,34,2,192,-8,24,0,408,14,6,0,646,5845,6491,32
2020-08-24,47027,47027,103,1,97,1,6,0,29,-2,3,0,74,3,0,0,110,1853,1963,2
2020-08-24,47025,47025,345,1,324,1,21,0,108,-12,15,0,235,13,2,0,390,7141,7531,39
2020-08-24,47023,47023,336,3,295,1,41,2,144,1,12,0,188,2,4,0,370,3483,3853,20
2020-08-24,47021,47021,694,4,686,4,8,0,254,-1,26,0,430,5,10,0,837,7829,8666,63
2020-08-24,47019,47019,736,9,707,6,29,3,531,7,60,2,191,2,14,0,818,10724,11542,31
2020-08-24,47017,47017,516,8,447,6,69,2,298,-7,26,0,212,15,6,0,545,6392,6937,46
2020-08-24,47015,47015,186,1,175,1,11,0,48,-8,5,0,138,9,0,0,233,2588,2821,8
2020-08-24,47013,47013,302,3,285,2,17,1,89,-2,14,0,211,5,2,0,340,7607,7947,183
2020-08-24,47011,47011,2359,23,2299,22,60,1,562,-6,127,0,1781,29,16,0,2836,18108,20944,566
2020-08-24,47009,47009,1744,12,1706,9,38,3,547,-15,74,1,1182,27,15,0,2030,19240,21270,96
2020-08-24,47007,47007,768,0,765,0,3,0,84,-5,14,0,681,5,3,0,794,5442,6236,15
2020-08-24,47005,47005,223,0,214,1,9,-1,109,-11,11,1,111,11,3,0,235,3067,3302,14
2020-08-24,47003,47003,1057,6,1020,1,37,5,240,-3,44,0,803,9,14,0,1262,9104,10366,103
2020-08-24,47001,47001,839,3,824,3,15,0,219,-11,34,0,612,14,8,0,997,18430,19427,89
2020-08-24,47043,47043,851,7,791,2,60,5,367,-8,41,1,476,14,8,1,1069,9964,11033,127
2020-08-24,47045,47045,862,10,815,10,47,0,405,-6,44,1,448,16,9,0,941,7339,8280,44
2020-08-24,47095,47095,820,5,814,5,6,0,60,-5,4,0,759,10,1,0,1002,4955,5957,21
2020-08-24,47049,47049,149,2,146,2,3,0,74,1,9,0,75,1,0,0,170,2646,2816,15
2020-08-24,47047,47047,820,6,807,6,13,0,255,-6,54,0,555,12,10,0,1036,11960,12996,67
2020-08-24,47091,47091,387,0,383,0,4,0,292,-15,12,0,94,15,1,0,425,4463,4888,4
2020-08-24,47089,47089,721,18,642,16,79,2,213,4,36,1,502,13,6,1,767,11682,12449,62
2020-08-24,47087,47087,189,0,181,0,8,0,73,-2,10,0,115,2,1,0,210,1793,2003,12
2020-08-24,47085,47085,155,4,142,4,13,0,66,-2,4,0,86,6,3,0,177,3734,3911,18
2020-08-24,47083,47083,73,1,71,0,2,1,31,1,7,0,42,,0,0,84,1434,1518,6
2020-08-24,47079,47079,410,2,401,2,9,0,184,-12,25,0,222,14,4,0,481,6918,7399,38
2020-08-24,47077,47077,793,5,645,5,148,0,339,-15,28,0,448,20,6,0,977,5836,6813,31
2020-08-24,47075,47075,702,3,671,3,31,0,331,-20,25,0,361,23,10,0,745,4422,5167,14
2020-08-24,47073,47073,637,3,624,3,13,0,434,-1,48,2,191,4,12,0,742,7041,7783,36
2020-08-24,47081,47081,331,1,316,0,15,1,121,-3,6,0,209,4,1,0,420,4761,5181,34
2020-08-24,47069,47069,1179,5,1126,5,53,0,418,-23,46,0,739,28,22,0,1341,10752,12093,41
2020-08-24,47067,47067,88,0,81,0,7,0,61,0,10,0,25,,2,0,100,1444,1544,3
2020-08-24,47065,47065,7496,33,7371,33,125,0,1577,-54,300,1,5854,83,65,4,8603,90920,99523,2102
2020-08-24,47063,47063,1580,4,1516,1,64,3,320,-18,71,0,1242,22,18,0,1732,16378,18110,38
2020-08-24,47051,47051,426,4,415,4,11,0,129,-5,23,0,293,9,4,0,538,9583,10121,153
2020-08-24,47061,47061,142,0,139,0,3,0,34,-3,17,0,106,3,2,0,165,1759,1924,14
2020-08-24,47059,47059,730,9,688,8,42,1,487,1,43,1,233,8,10,0,869,10509,11378,35
2020-08-24,47057,47057,249,3,236,3,13,0,72,-6,16,1,176,9,1,0,301,4194,4495,143
2020-08-24,47055,47055,428,0,425,0,3,0,124,-4,28,0,290,4,14,0,519,6315,6834,13
2020-08-24,47053,47053,995,14,830,13,165,1,440,-7,39,0,542,20,13,1,1115,9588,10703,62
2020-08-24,47071,47071,620,5,536,2,84,3,266,-8,17,1,346,13,8,0,689,8600,9289,40
2020-08-25,47127,47127,85,1,81,0,4,1,37,-2,1,0,48,3,0,0,105,1436,1541,35
2020-08-25,47129,47129,185,1,175,1,10,0,72,-4,4,0,112,5,1,0,204,6150,6354,91
2020-08-25,47131,47131,759,2,744,2,15,0,285,-24,29,1,468,25,6,1,843,6908,7751,20
2020-08-25,47137,47137,50,4,43,-1,7,5,25,4,0,0,24,,1,0,52,754,806,6
2020-08-25,47133,47133,375,15,352,6,23,9,197,4,11,0,177,11,1,0,409,4799,5208,37
2020-08-25,,47PEN,3294,1,3218,-10,76,11,907,-68,48,-1,2382,70,5,-1,3778,131063,134841,572
2020-08-25,47135,47135,98,0,88,0,10,0,28,0,5,0,70,,0,0,108,2227,2335,5
2020-08-25,47125,47125,2345,15,2286,7,59,8,1060,-4,100,1,1257,18,28,1,2683,29948,32631,107
2020-08-25,,47OOS,2916,-13,2872,-15,44,2,830,-45,84,0,2063,31,23,1,2898,211053,213951,1759
2020-08-25,47123,47123,621,13,606,12,15,1,219,-1,44,1,390,12,12,2,712,6992,7704,42
2020-08-25,47101,47101,117,0,117,0,0,0,58,-2,9,0,58,2,1,0,130,2987,3117,16
2020-08-25,47109,47109,493,3,409,0,84,3,198,-4,26,0,287,7,8,0,559,4712,5271,33
2020-08-25,47107,47107,722,5,712,5,10,0,190,-17,44,1,512,22,20,0,859,11330,12189,62
2020-08-25,47119,47119,1599,6,1590,6,9,0,616,-4,55,0,970,8,13,2,1895,17436,19331,241
2020-08-25,47117,47117,474,2,469,2,5,0,247,-3,16,1,223,5,4,0,538,6301,6839,28
2020-08-25,47115,47115,300,0,297,1,3,-1,83,-1,24,0,212,1,5,0,370,4139,4509,15
2020-08-25,47113,47113,1590,19,1537,12,53,7,397,-13,91,4,1159,29,34,3,1771,19139,20910,142
2020-08-25,47111,47111,882,0,874,0,8,0,76,-3,64,0,791,2,15,1,1080,5353,6433,9
2020-08-25,47105,47105,888,9,863,8,25,1,225,-2,24,0,660,11,3,0,983,9067,10050,74
2020-08-25,47103,47103,386,0,380,0,6,0,145,-4,14,1,240,4,1,0,485,5602,6087,28
2020-08-25,47139,47139,306,1,299,1,7,0,83,-4,15,0,213,5,10,0,345,2765,3110,62
2020-08-25,47121,47121,134,0,134,0,0,0,31,-2,6,0,101,2,2,0,161,2160,2321,7
2020-08-25,47141,47141,2171,22,2113,3,58,19,560,-2,74,1,1587,23,24,1,2632,21199,23831,82
2020-08-25,47163,47163,1495,21,1418,21,77,0,422,-7,123,5,1051,28,22,0,1615,20500,22115,247
2020-08-25,47145,47145,587,0,561,0,26,0,168,-14,18,0,417,14,2,0,706,12853,13559,68
2020-08-25,47099,47099,717,14,710,13,7,1,257,0,28,0,451,13,9,1,853,7742,8595,44
2020-08-25,47187,47187,4165,8,4144,8,21,0,1161,-32,101,0,2977,40,27,0,4953,49483,54436,331
2020-08-25,47185,47185,446,11,431,10,15,1,201,7,18,0,238,4,7,0,536,6390,6926,171
2020-08-25,47183,47183,749,7,695,7,54,0,379,-12,20,2,359,17,11,2,820,7490,8310,22
2020-08-25,47181,47181,266,5,259,4,7,1,76,1,10,0,188,4,2,0,292,4420,4712,9
2020-08-25,47179,47179,1601,4,1554,7,47,-3,799,-17,76,1,794,20,8,1,1849,20756,22605,51
2020-08-25,47177,47177,745,4,696,1,49,3,270,-14,12,1,468,18,7,0,833,9470,10303,30
2020-08-25,47175,47175,57,3,53,0,4,3,25,2,2,0,32,1,0,0,63,978,1041,15
2020-08-25,47173,47173,210,2,200,2,10,0,65,-3,5,0,144,5,1,0,230,3144,3374,20
2020-08-25,47171,47171,213,1,210,1,3,0,127,0,10,1,85,1,1,0,242,4030,4272,1
2020-08-25,47169,47169,1592,0,1589,0,3,0,40,-1,20,0,1546,1,6,0,1665,3703,5368,26
2020-08-25,47167,47167,1349,12,1305,6,44,6,345,3,69,2,991,9,13,0,1585,15730,17315,90
2020-08-25,47165,47165,3903,14,3882,12,21,2,988,-45,321,1,2832,58,83,1,4697,32135,36832,245
2020-08-25,47161,47161,91,2,90,1,1,1,33,1,6,0,58,1,0,0,115,2068,2183,11
2020-08-25,47159,47159,501,4,487,1,14,3,86,0,21,0,407,4,8,0,629,4039,4668,8
2020-08-25,47157,47157,26086,110,25924,104,162,6,3142,-206,1618,19,22574,315,370,1,32160,283789,315949,1993
2020-08-25,47155,47155,2157,3,2094,4,63,-1,491,-17,78,0,1655,20,11,0,2399,19369,21768,147
2020-08-25,47153,47153,138,0,137,0,1,0,39,-1,7,0,98,1,1,0,165,3590,3755,12
2020-08-25,47151,47151,154,1,150,0,4,1,53,-7,11,0,99,8,2,0,165,3006,3171,15
2020-08-25,47149,47149,7523,37,7498,31,25,6,2188,-83,217,2,5268,117,67,3,9253,59443,68696,320
2020-08-25,47147,47147,1772,21,1763,18,9,3,509,-16,113,0,1238,37,25,0,2205,12746,14951,159
2020-08-25,47143,47143,618,2,618,2,0,0,98,-6,17,1,518,8,2,0,748,7444,8192,45
2020-08-25,47189,47189,2672,8,2662,7,10,1,719,-22,86,1,1923,30,30,0,3219,27861,31080,109
2020-08-25,47097,47097,669,32,632,27,37,5,246,10,33,0,411,22,12,0,733,7776,8509,171
2020-08-25,47093,47093,5891,36,5687,33,204,3,1724,-51,245,4,4116,85,51,2,6620,92273,98893,513
2020-08-25,47041,47041,424,7,415,5,9,2,111,-1,16,1,308,8,5,0,525,5634,6159,26
2020-08-25,47039,47039,272,0,214,0,58,0,108,-9,6,0,160,9,4,0,310,3677,3987,12
2020-08-25,47037,47037,22907,91,22809,92,98,-1,3209,-229,875,22,19449,317,249,3,28648,233430,262078,2409
2020-08-25,47035,47035,712,3,706,1,6,2,315,-4,37,0,389,7,8,0,877,16247,17124,26
2020-08-25,47033,47033,362,3,329,2,33,1,108,-2,14,0,241,4,13,1,394,2203,2597,7
2020-08-25,47031,47031,700,5,644,2,56,3,288,-13,21,0,406,18,6,0,849,12223,13072,52
2020-08-25,47029,47029,612,6,578,6,34,0,194,2,24,0,412,4,6,0,652,5874,6526,35
2020-08-25,47027,47027,103,0,97,0,6,0,28,-1,3,0,75,1,0,0,110,1866,1976,13
2020-08-25,47025,47025,346,1,324,0,22,1,101,-7,16,1,242,7,3,1,392,7170,7562,31
2020-08-25,47021,47021,692,-2,684,-2,8,0,240,-14,26,0,442,12,10,0,838,7902,8740,74
2020-08-25,47019,47019,743,7,712,5,31,2,533,2,60,0,194,3,16,2,826,10779,11605,63
2020-08-25,47017,47017,525,9,454,7,71,2,300,2,27,1,218,6,7,1,555,6543,7098,161
2020-08-25,47015,47015,186,0,175,0,11,0,46,-2,5,0,140,2,0,0,239,2585,2824,3
2020-08-25,47013,47013,304,2,285,0,19,2,87,-2,14,0,215,4,2,0,342,7642,7984,37
2020-08-25,47011,47011,2370,11,2309,10,61,1,530,-32,127,0,1824,43,16,0,2851,18335,21186,242
2020-08-25,47009,47009,1753,9,1715,9,38,0,530,-17,76,2,1207,25,16,1,2045,19338,21383,113
2020-08-25,47007,47007,768,0,765,0,3,0,75,-9,14,0,690,9,3,0,796,5456,6252,16
2020-08-25,47005,47005,224,1,215,1,9,0,103,-6,11,0,117,6,4,1,236,3145,3381,79
2020-08-25,47003,47003,1064,7,1025,5,39,2,237,-3,44,0,813,10,14,0,1267,9253,10520,154
2020-08-25,47001,47001,841,2,825,1,16,1,208,-11,34,0,625,13,8,0,999,18495,19494,67
2020-08-25,47095,47095,820,0,814,0,6,0,55,-5,4,0,764,5,1,0,1003,4966,5969,12
2020-08-25,47043,47043,861,10,798,7,63,3,368,1,42,1,485,9,8,0,1077,10036,11113,80
2020-08-25,47045,47045,866,4,818,3,48,1,392,-13,46,2,465,17,9,0,942,7357,8299,19
2020-08-25,47023,47023,343,7,302,7,41,0,144,0,12,0,195,7,4,0,385,3592,3977,124
2020-08-25,47049,47049,161,12,148,2,13,10,83,9,9,0,78,3,0,0,182,2658,2840,24
2020-08-25,47047,47047,824,4,811,4,13,0,246,-9,56,2,568,13,10,0,1042,11999,13041,45
2020-08-25,47089,47089,721,0,641,-1,80,1,203,-10,36,0,512,10,6,0,767,11834,12601,152
2020-08-25,47087,47087,193,4,184,3,9,1,78,5,10,0,114,-1,1,0,215,1799,2014,11
2020-08-25,47085,47085,155,0,142,0,13,0,64,-2,4,0,88,2,3,0,177,3756,3933,22
2020-08-25,47083,47083,73,0,71,0,2,0,31,0,7,0,42,,0,0,83,1440,1523,5
2020-08-25,47081,47081,333,2,318,2,15,0,118,-3,7,1,214,5,1,0,422,4815,5237,56
2020-08-25,47079,47079,412,2,403,2,9,0,176,-8,27,2,232,10,4,0,482,6933,7415,16
2020-08-25,47077,47077,796,3,646,1,150,2,319,-20,29,1,471,23,6,0,980,5850,6830,17
2020-08-25,47075,47075,705,3,674,3,31,0,325,-6,25,0,370,9,10,0,747,4429,5176,9
2020-08-25,47073,47073,636,-1,623,-1,13,0,429,-5,49,1,195,4,12,0,743,7091,7834,51
2020-08-25,47071,47071,624,4,535,-1,89,5,263,-3,17,0,352,6,9,1,694,8653,9347,58
2020-08-25,47091,47091,392,5,388,5,4,0,295,3,12,0,96,2,1,0,430,4470,4900,12
2020-08-25,47067,47067,88,0,81,0,7,0,61,0,10,0,25,,2,0,100,1460,1560,16
2020-08-25,47065,47065,7586,90,7461,90,125,0,1570,-7,303,3,5947,93,69,4,8706,92542,101248,1725
2020-08-25,47063,47063,1588,8,1524,8,64,0,308,-12,71,0,1260,18,20,2,1740,16589,18329,219
2020-08-25,47061,47061,142,0,139,0,3,0,32,-2,17,0,108,2,2,0,165,1760,1925,1
2020-08-25,47059,47059,738,8,696,8,42,0,492,5,44,1,235,2,11,1,881,10719,11600,222
2020-08-25,47057,47057,250,1,237,1,13,0,70,-2,15,-1,179,3,1,0,301,4296,4597,102
2020-08-25,47055,47055,430,2,427,2,3,0,122,-2,28,0,294,4,14,0,520,6366,6886,52
2020-08-25,47053,47053,1005,10,836,6,169,4,433,-7,41,2,559,17,13,0,1118,9624,10742,39
2020-08-25,47051,47051,427,1,416,1,11,0,113,-16,23,0,310,17,4,0,540,9601,10141,20
2020-08-25,47069,47069,1183,4,1130,4,53,0,393,-25,48,2,768,29,22,0,1348,10775,12123,30
2020-08-26,47139,47139,314,8,307,8,7,0,80,-3,15,0,224,11,10,0,353,2846,3199,89
2020-08-26,47127,47127,86,1,82,1,4,0,37,0,1,0,49,1,0,0,108,1488,1596,55
2020-08-26,47129,47129,187,2,177,2,10,0,72,0,4,0,114,2,1,0,208,6244,6452,98
2020-08-26,47131,47131,770,11,755,11,15,0,287,2,30,1,477,9,6,0,855,6995,7850,99
2020-08-26,47137,47137,54,4,46,3,8,1,26,1,0,0,27,3,1,0,56,759,815,9
2020-08-26,47133,47133,387,12,361,9,26,3,195,-2,11,0,191,14,1,0,425,4929,5354,146
2020-08-26,,47PEN,3303,9,3224,6,79,3,888,-19,50,2,2411,29,4,-1,3780,132276,136056,1215
2020-08-26,47135,47135,100,2,90,2,10,0,29,1,5,0,71,1,0,0,111,2251,2362,27
2020-08-26,47125,47125,2377,32,2316,30,61,2,1064,4,100,0,1285,28,28,0,2721,30297,33018,387
2020-08-26,,47OOS,2953,37,2907,35,46,2,837,7,89,5,2091,28,25,2,2928,213640,216568,2617
2020-08-26,47123,47123,654,33,637,31,17,2,239,20,45,1,402,12,13,1,745,7119,7864,160
2020-08-26,47117,47117,488,14,484,15,4,-1,253,6,16,0,231,8,4,0,553,6456,7009,170
2020-08-26,47109,47109,503,10,418,9,85,1,198,0,26,0,295,8,10,2,570,4755,5325,54
2020-08-26,47107,47107,742,20,731,19,11,1,202,12,45,1,519,7,21,1,879,11531,12410,221
2020-08-26,47119,47119,1648,49,1638,48,10,1,633,17,55,0,1002,32,13,0,1946,17832,19778,447
2020-08-26,47115,47115,308,8,304,7,4,1,86,3,26,2,216,4,6,1,383,4209,4592,83
2020-08-26,47113,47113,1618,28,1565,28,53,0,393,-4,93,2,1191,32,34,0,1798,19341,21139,229
2020-08-26,47111,47111,885,3,877,3,8,0,77,1,65,1,793,2,15,0,1084,5382,6466,33
2020-08-26,47105,47105,903,15,877,14,26,1,231,6,25,1,669,9,3,0,997,9164,10161,111
2020-08-26,47103,47103,391,5,383,3,8,2,145,0,14,0,245,5,1,0,491,5696,6187,100
2020-08-26,47101,47101,120,3,120,3,0,0,59,1,9,0,60,2,1,0,133,3009,3142,25
2020-08-26,47121,47121,142,8,141,7,1,1,35,4,7,1,105,4,2,0,171,2192,2363,42
2020-08-26,47141,47141,2226,55,2154,41,72,14,578,18,74,0,1622,35,26,2,2696,21439,24135,304
2020-08-26,47099,47099,721,4,714,4,7,0,254,-3,28,0,458,7,9,0,856,7873,8729,134
2020-08-26,47145,47145,597,10,573,12,24,-2,165,-3,20,2,430,13,2,0,722,13057,13779,220
2020-08-26,47187,47187,4210,45,4189,45,21,0,1168,7,101,0,3015,38,27,0,5003,50200,55203,767
2020-08-26,47185,47185,482,36,458,27,24,9,218,17,18,0,257,19,7,0,576,6462,7038,112
2020-08-26,47183,47183,770,21,716,21,54,0,383,4,20,0,376,17,11,0,841,7592,8433,123
2020-08-26,47181,47181,271,5,265,6,6,-1,79,3,10,0,190,2,2,0,299,4451,4750,38
2020-08-26,47179,47179,1641,40,1594,40,47,0,824,25,77,1,809,15,8,0,1891,21239,23130,525
2020-08-26,47177,47177,780,35,729,33,51,2,289,19,12,0,484,16,7,0,874,9593,10467,164
2020-08-26,47175,47175,59,2,55,2,4,0,27,2,3,1,32,,0,0,65,991,1056,15
2020-08-26,47173,47173,211,1,202,2,9,-1,62,-3,5,0,148,4,1,0,231,3179,3410,36
2020-08-26,47171,47171,215,2,212,2,3,0,128,1,10,0,86,1,1,0,246,4171,4417,145
2020-08-26,47169,47169,1592,0,1589,0,3,0,37,-3,20,0,1549,3,6,0,1666,3735,5401,33
2020-08-26,47167,47167,1356,7,1311,6,45,1,340,-5,70,1,1002,11,14,1,1592,15850,17442,127
2020-08-26,47165,47165,3939,36,3917,35,22,1,976,-12,322,1,2880,48,83,0,4734,32547,37281,449
2020-08-26,47163,47163,1523,28,1446,28,77,0,422,0,125,2,1079,28,22,0,1646,20844,22490,375
2020-08-26,47161,47161,91,0,91,1,0,-1,33,0,6,0,58,,0,0,116,2084,2200,17
2020-08-26,47159,47159,506,5,492,5,14,0,79,-7,21,0,419,12,8,0,637,4111,4748,80
2020-08-26,47157,47157,26334,248,26164,240,170,8,3111,-31,1643,25,22849,275,374,4,32467,287069,319536,3587
2020-08-26,47155,47155,2181,24,2118,24,63,0,496,5,78,0,1674,19,11,0,2430,19622,22052,284
2020-08-26,47153,47153,138,0,137,0,1,0,37,-2,7,0,100,2,1,0,165,3616,3781,26
2020-08-26,47151,47151,154,0,150,0,4,0,54,1,11,0,98,-1,2,0,165,3045,3210,39
2020-08-26,47149,47149,7620,97,7590,92,30,5,2210,22,219,2,5343,75,67,0,9375,60356,69731,1035
2020-08-26,47147,47147,1779,7,1770,7,9,0,493,-16,118,5,1261,23,25,0,2213,13017,15230,279
2020-08-26,47143,47143,627,9,627,9,0,0,102,4,17,0,523,5,2,0,757,7575,8332,140
2020-08-26,47097,47097,700,31,636,4,64,27,267,21,36,3,421,10,12,0,739,7846,8585,76
2020-08-26,47189,47189,2712,40,2703,41,9,-1,728,9,87,1,1953,30,31,1,3268,28257,31525,445
2020-08-26,47093,47093,5988,97,5780,93,208,4,1735,11,247,2,4202,86,51,0,6728,93020,99748,855
2020-08-26,47041,47041,427,3,418,3,9,0,110,-1,17,1,312,4,5,0,530,5672,6202,43
2020-08-26,47039,47039,280,8,222,8,58,0,113,5,6,0,163,3,4,0,317,3702,4019,32
2020-08-26,47037,47037,23056,149,22958,149,98,0,3138,-71,883,8,19668,219,250,1,28832,236240,265072,2994
2020-08-26,47035,47035,747,35,739,33,8,2,332,17,38,1,407,18,8,0,915,16484,17399,275
2020-08-26,47033,47033,364,2,331,2,33,0,105,-3,14,0,246,5,13,0,398,2233,2631,34
2020-08-26,47031,47031,725,25,669,25,56,0,278,-10,21,0,441,35,6,0,881,12499,13380,308
2020-08-26,47029,47029,619,7,586,8,33,-1,195,1,24,0,417,5,7,1,662,5966,6628,102
2020-08-26,47027,47027,103,0,97,0,6,0,27,-1,3,0,76,1,0,0,110,1886,1996,20
2020-08-26,47025,47025,345,-1,321,-3,24,2,97,-4,17,1,245,3,3,0,392,7247,7639,77
2020-08-26,47023,47023,351,8,310,8,41,0,149,5,13,1,198,3,4,0,395,3642,4037,60
2020-08-26,47021,47021,697,5,689,5,8,0,240,0,26,0,447,5,10,0,842,7986,8828,88
2020-08-26,47019,47019,770,27,737,25,33,2,551,18,61,1,202,8,17,1,856,11117,11973,368
2020-08-26,47017,47017,530,5,459,5,71,0,296,-4,28,1,227,9,7,0,560,6698,7258,160
2020-08-26,47015,47015,187,1,176,1,11,0,46,0,5,0,141,1,0,0,238,2609,2847,23
2020-08-26,47013,47013,311,7,290,5,21,2,90,3,14,0,219,4,2,0,349,7687,8036,52
2020-08-26,47011,47011,2398,28,2334,25,64,3,532,2,129,2,1850,26,16,0,2885,18757,21642,456
2020-08-26,47009,47009,1770,17,1732,17,38,0,509,-21,76,0,1244,37,17,1,2067,19576,21643,260
2020-08-26,47007,47007,770,2,767,2,3,0,68,-7,14,0,699,9,3,0,799,5486,6285,33
2020-08-26,47005,47005,231,7,222,7,9,0,101,-2,11,0,126,9,4,0,244,3163,3407,26
2020-08-26,47003,47003,1076,12,1038,13,38,-1,243,6,44,0,819,6,14,0,1280,9426,10706,186
2020-08-26,47001,47001,847,6,831,6,16,0,205,-3,33,-1,634,9,8,0,1004,18626,19630,136
2020-08-26,47043,47043,877,16,815,17,62,-1,374,6,42,0,494,9,9,1,1095,10225,11320,207
2020-08-26,47045,47045,887,21,825,7,62,14,403,11,46,0,475,10,9,0,956,7439,8395,96
2020-08-26,47095,47095,820,0,814,0,6,0,53,-2,4,0,766,2,1,0,1003,5003,6006,37
2020-08-26,47049,47049,180,19,163,15,17,4,96,13,10,1,84,6,0,0,202,2714,2916,76
2020-08-26,47091,47091,396,4,392,4,4,0,290,-5,12,0,105,9,1,0,434,4513,4947,47
2020-08-26,47089,47089,738,17,654,13,84,4,209,6,35,-1,523,11,6,0,782,12119,12901,300
2020-08-26,47087,47087,197,4,185,1,12,3,75,-3,10,0,121,7,1,0,219,1821,2040,26
2020-08-26,47085,47085,157,2,144,2,13,0,62,-2,4,0,92,4,3,0,180,3786,3966,33
2020-08-26,47083,47083,79,6,76,5,3,1,35,4,7,0,44,2,0,0,87,1453,1540,17
2020-08-26,47047,47047,851,27,838,27,13,0,263,17,56,0,578,10,10,0,1071,12110,13181,140
2020-08-26,47079,47079,424,12,415,12,9,0,179,3,27,0,241,9,4,0,494,7054,7548,133
2020-08-26,47077,47077,805,9,654,8,151,1,316,-3,29,0,483,12,6,0,993,5915,6908,78
2020-08-26,47075,47075,713,8,682,8,31,0,319,-6,26,1,384,14,10,0,758,4474,5232,56
2020-08-26,47073,47073,643,7,630,7,13,0,435,6,49,0,196,1,12,0,751,7212,7963,129
2020-08-26,47081,47081,356,23,341,23,15,0,138,20,8,1,216,2,2,1,446,4914,5360,123
2020-08-26,47069,47069,1194,11,1141,11,53,0,397,4,49,1,775,7,22,0,1362,10833,12195,72
2020-08-26,47067,47067,89,1,82,1,7,0,62,1,10,0,25,,2,0,101,1472,1573,13
2020-08-26,47065,47065,7689,103,7562,101,127,2,1577,7,307,4,6043,96,69,0,8836,94348,103184,1936
2020-08-26,47063,47063,1609,21,1545,21,64,0,323,15,72,1,1266,6,20,0,1765,16852,18617,288
2020-08-26,47061,47061,143,1,139,0,4,1,33,1,17,0,108,,2,0,166,1799,1965,40
2020-08-26,47059,47059,759,21,715,19,44,2,502,10,46,2,246,11,11,0,906,10896,11802,202
2020-08-26,47057,47057,255,5,242,5,13,0,73,3,15,0,181,2,1,0,307,4329,4636,39
2020-08-26,47055,47055,433,3,430,3,3,0,123,1,28,0,296,2,14,0,525,6424,6949,63
2020-08-26,47053,47053,1013,8,843,7,170,1,418,-15,41,0,582,23,13,0,1129,9752,10881,139
2020-08-26,47051,47051,444,17,433,17,11,0,123,10,23,0,317,7,4,0,558,9982,10540,399
2020-08-26,47071,47071,642,18,552,17,90,1,276,13,17,0,357,5,9,0,711,8749,9460,113
2020-08-27,47127,47127,89,3,85,3,4,0,39,2,1,0,50,1,0,0,111,1511,1622,26
2020-08-27,47129,47129,191,4,181,4,10,0,71,-1,4,0,119,5,1,0,213,6319,6532,80
2020-08-27,47131,47131,782,12,766,11,16,1,283,-4,32,2,492,15,7,1,869,7038,7907,57
2020-08-27,,47OOS,2996,43,2949,42,47,1,858,21,92,3,2112,21,26,1,2962,216779,219741,3173
2020-08-27,47139,47139,318,4,311,4,7,0,84,4,15,0,224,,10,0,360,2873,3233,34
2020-08-27,,47PEN,3296,-7,3210,-14,86,7,874,-14,53,3,2418,7,4,0,3764,133743,137507,1451
2020-08-27,47135,47135,103,3,93,3,10,0,27,-2,5,0,76,5,0,0,114,2270,2384,22
2020-08-27,47137,47137,57,3,47,1,10,2,28,2,0,0,28,1,1,0,59,770,829,14
2020-08-27,47133,47133,405,18,379,18,26,0,200,5,11,0,203,12,2,1,448,5034,5482,128
2020-08-27,47125,47125,2418,41,2357,41,61,0,1075,11,101,1,1315,30,28,0,2764,30756,33520,502
2020-08-27,47103,47103,396,5,388,5,8,0,134,-11,14,0,261,16,1,0,497,5737,6234,47
2020-08-27,47109,47109,517,14,429,11,88,3,208,10,26,0,299,4,10,0,585,4841,5426,101
2020-08-27,47107,47107,765,23,753,22,12,1,218,16,45,0,526,7,21,0,904,11664,12568,158
2020-08-27,47119,47119,1674,26,1664,26,10,0,617,-16,57,2,1043,41,14,1,1970,18119,20089,311
2020-08-27,47117,47117,507,19,503,19,4,0,267,14,16,0,236,5,4,0,574,6566,7140,131
2020-08-27,47115,47115,314,6,310,6,4,0,86,0,26,0,222,6,6,0,389,4266,4655,63
2020-08-27,47113,47113,1675,57,1608,43,67,14,407,14,98,5,1232,41,36,2,1865,19564,21429,290
2020-08-27,47111,47111,896,11,888,11,8,0,87,10,65,0,794,1,15,0,1096,5476,6572,106
2020-08-27,47105,47105,914,11,888,11,26,0,229,-2,26,1,682,13,3,0,1009,9295,10304,143
2020-08-27,47141,47141,2275,49,2198,44,77,5,610,32,76,2,1638,16,27,1,2764,21806,24570,435
2020-08-27,47123,47123,681,27,659,22,22,5,245,6,46,1,422,20,14,1,767,7262,8029,165
2020-08-27,47143,47143,635,8,635,8,0,0,106,4,18,1,526,3,3,1,771,7691,8462,130
2020-08-27,47165,47165,3972,33,3949,32,23,1,965,-11,328,6,2921,41,86,3,4779,32983,37762,481
2020-08-27,47147,47147,1788,9,1778,8,10,1,480,-13,118,0,1282,21,26,1,2216,13114,15330,100
2020-08-27,47189,47189,2739,27,2729,26,10,1,728,0,87,0,1980,27,31,0,3305,28579,31884,359
2020-08-27,47187,47187,4260,50,4237,48,23,2,1159,-9,102,1,3074,59,27,0,5068,50732,55800,597
2020-08-27,47185,47185,497,15,467,9,30,6,223,5,18,0,267,10,7,0,595,6556,7151,113
2020-08-27,47183,47183,785,15,728,12,57,3,376,-7,20,0,398,22,11,0,861,7763,8624,191
2020-08-27,47181,47181,278,7,271,6,7,1,86,7,10,0,190,,2,0,307,4476,4783,33
2020-08-27,47179,47179,1650,9,1604,10,46,-1,822,-2,77,0,819,10,9,1,1909,21455,23364,234
2020-08-27,47177,47177,798,18,744,15,54,3,286,-3,12,0,505,21,7,0,895,9753,10648,181
2020-08-27,47175,47175,64,5,58,3,6,2,29,2,4,1,35,3,0,0,70,1013,1083,27
2020-08-27,47173,47173,217,6,208,6,9,0,64,2,5,0,152,4,1,0,239,3215,3454,44
2020-08-27,47171,47171,216,1,213,1,3,0,128,0,10,0,87,1,1,0,247,4224,4471,54
2020-08-27,47169,47169,1596,4,1593,4,3,0,41,4,21,1,1549,,6,0,1669,3769,5438,37
2020-08-27,47167,47167,1392,36,1341,30,51,6,366,26,71,1,1012,10,14,0,1629,16001,17630,188
2020-08-27,47101,47101,126,6,126,6,0,0,64,5,9,0,61,1,1,0,139,3041,3180,38
2020-08-27,47163,47163,1534,11,1456,10,78,1,408,-14,124,-1,1101,22,25,3,1660,21102,22762,272
2020-08-27,47161,47161,92,1,92,1,0,0,34,1,6,0,58,,0,0,118,2101,2219,19
2020-08-27,47159,47159,509,3,495,3,14,0,81,2,22,1,420,1,8,0,643,4161,4804,56
2020-08-27,47157,47157,26504,170,26329,165,175,5,3044,-67,1657,14,23083,234,377,3,32688,289424,322112,2576
2020-08-27,47155,47155,2200,19,2137,19,63,0,493,-3,78,0,1696,22,11,0,2450,19810,22260,208
2020-08-27,47153,47153,141,3,140,3,1,0,39,2,7,0,101,1,1,0,168,3656,3824,43
2020-08-27,47151,47151,156,2,152,2,4,0,54,0,11,0,100,2,2,0,167,3081,3248,38
2020-08-27,47149,47149,7670,50,7639,49,31,1,2171,-39,219,0,5432,89,67,0,9444,61243,70687,956
2020-08-27,47145,47145,605,8,581,8,24,0,161,-4,20,0,442,12,2,0,731,13207,13938,159
2020-08-27,47099,47099,725,4,717,3,8,1,248,-6,30,2,468,10,9,0,860,7952,8812,83
2020-08-27,47121,47121,151,9,150,9,1,0,42,7,7,0,107,2,2,0,179,2214,2393,30
2020-08-27,47097,47097,712,12,648,12,64,0,275,8,36,0,425,4,12,0,755,7943,8698,113
2020-08-27,47041,47041,435,8,424,6,11,2,108,-2,17,0,322,10,5,0,539,5789,6328,126
2020-08-27,47039,47039,285,5,224,2,61,3,113,0,7,1,168,5,4,0,321,3732,4053,34
2020-08-27,47037,47037,23181,125,23083,125,98,0,3067,-71,890,7,19863,195,251,1,29008,238804,267812,2740
2020-08-27,47035,47035,757,10,747,8,10,2,315,-17,38,0,434,27,8,0,931,16765,17696,297
2020-08-27,47033,47033,378,14,340,9,38,5,117,12,14,0,247,1,14,1,410,2275,2685,54
2020-08-27,47031,47031,742,17,685,16,57,1,281,3,22,1,455,14,6,0,901,12825,13726,346
2020-08-27,47029,47029,622,3,588,2,34,1,189,-6,24,0,426,9,7,0,664,6030,6694,66
2020-08-27,47027,47027,106,3,100,3,6,0,29,2,3,0,77,1,0,0,113,1950,2063,67
2020-08-27,47023,47023,358,7,316,6,42,1,153,4,13,0,201,3,4,0,402,3690,4092,55
2020-08-27,47021,47021,701,4,693,4,8,0,235,-5,26,0,456,9,10,0,850,8134,8984,156
2020-08-27,47019,47019,790,20,754,17,36,3,559,8,61,0,213,11,18,1,876,11220,12096,123
2020-08-27,47017,47017,566,36,486,27,80,9,321,25,28,0,238,11,7,0,600,6791,7391,133
2020-08-27,47015,47015,188,1,177,1,11,0,40,-6,5,0,148,7,0,0,241,2647,2888,41
2020-08-27,47013,47013,316,5,295,5,21,0,91,1,14,0,223,4,2,0,358,7784,8142,106
2020-08-27,47011,47011,2416,18,2352,18,64,0,527,-5,129,0,1873,23,16,0,2908,19003,21911,269
2020-08-27,47009,47009,1940,170,1902,170,38,0,664,155,78,2,1259,15,17,0,2237,20285,22522,879
2020-08-27,47007,47007,772,2,769,2,3,0,64,-4,14,0,705,6,3,0,801,5532,6333,48
2020-08-27,47005,47005,236,5,227,5,9,0,103,2,11,0,129,3,4,0,251,3207,3458,51
2020-08-27,47003,47003,1094,18,1053,15,41,3,259,16,44,0,821,2,14,0,1299,9582,10881,175
2020-08-27,47001,47001,851,4,835,4,16,0,204,-1,34,1,639,5,8,0,1009,18860,19869,239
2020-08-27,47095,47095,822,2,816,2,6,0,50,-3,4,0,771,5,1,0,1005,5035,6040,34
2020-08-27,47043,47043,890,13,825,10,65,3,378,4,43,1,503,9,9,0,1113,10443,11556,236
2020-08-27,47045,47045,917,30,851,26,66,4,417,14,46,0,491,16,9,0,983,7598,8581,186
2020-08-27,47025,47025,349,4,325,4,24,0,95,-2,17,0,251,6,3,0,396,7497,7893,254
2020-08-27,47049,47049,189,9,168,5,21,4,102,6,10,0,87,3,0,0,211,2770,2981,65
2020-08-27,47047,47047,859,8,845,7,14,1,263,0,56,0,586,8,10,0,1081,12179,13260,79
2020-08-27,47091,47091,403,7,399,7,4,0,295,5,12,0,107,2,1,0,441,4541,4982,35
2020-08-27,47089,47089,752,14,665,11,87,3,211,2,35,0,535,12,6,0,796,12218,13014,113
2020-08-27,47087,47087,203,6,189,4,14,2,72,-3,10,0,130,9,1,0,225,1865,2090,50
2020-08-27,47085,47085,163,6,150,6,13,0,67,5,4,0,93,1,3,0,185,3822,4007,41
2020-08-27,47083,47083,81,2,78,2,3,0,37,2,7,0,44,,0,0,91,1476,1567,27
2020-08-27,47081,47081,365,9,350,9,15,0,133,-5,8,0,229,13,3,1,460,4958,5418,58
2020-08-27,47079,47079,430,6,421,6,9,0,169,-10,27,0,257,16,4,0,501,7150,7651,103
2020-08-27,47077,47077,813,8,659,5,154,3,307,-9,29,0,500,17,6,0,1002,5958,6960,52
2020-08-27,47075,47075,718,5,685,3,33,2,309,-10,26,0,399,15,10,0,765,4494,5259,27
2020-08-27,47073,47073,649,6,635,5,14,1,436,1,49,0,201,5,12,0,758,7311,8069,106
2020-08-27,47093,47093,6099,111,5890,110,209,1,1750,15,250,3,4298,96,51,0,6849,94241,101090,1342
2020-08-27,47069,47069,1201,7,1146,5,55,2,392,-5,51,2,787,12,22,0,1369,10881,12250,55
2020-08-27,47071,47071,653,11,562,10,91,1,282,6,18,1,362,5,9,0,722,8867,9589,129
2020-08-27,47053,47053,1045,32,864,21,181,11,437,19,41,0,595,13,13,0,1165,9887,11052,171
2020-08-27,47055,47055,436,3,433,3,3,0,123,0,28,0,299,3,14,0,528,6462,6990,41
2020-08-27,47057,47057,263,8,250,8,13,0,79,6,15,0,183,2,1,0,315,4427,4742,106
2020-08-27,47059,47059,779,20,736,21,43,-1,519,17,50,4,249,3,11,0,932,11038,11970,168
2020-08-27,47051,47051,460,16,449,16,11,0,133,10,24,1,323,6,4,0,563,10424,10987,447
2020-08-27,47063,47063,1625,16,1559,14,66,2,328,5,72,0,1277,11,20,0,1784,16965,18749,132
2020-08-27,47065,47065,7763,74,7634,72,129,2,1551,-26,310,3,6142,99,70,1,8923,95324,104247,1063
2020-08-27,47067,47067,90,1,83,1,7,0,62,0,10,0,26,1,2,0,102,1492,1594,21
2020-08-27,47061,47061,147,4,143,4,4,0,34,1,17,0,111,3,2,0,170,1817,1987,22
2020-08-28,47125,47125,2440,22,2378,21,62,1,1083,8,102,1,1329,14,28,0,2792,31048,33840,320
2020-08-28,47135,47135,104,1,94,1,10,0,27,0,5,0,77,1,0,0,115,2400,2515,131
2020-08-28,,47PEN,3332,36,3250,40,82,-4,869,-5,55,2,2457,39,6,2,3802,135360,139162,1655
2020-08-28,47133,47133,413,8,387,8,26,0,192,-8,11,0,219,16,2,0,456,5103,5559,77
2020-08-28,,47OOS,3001,5,2954,5,47,0,816,-42,92,0,2159,47,26,0,2989,219115,222104,2363
2020-08-28,47131,47131,796,14,780,14,16,0,285,2,33,1,504,12,7,0,884,7132,8016,109
2020-08-28,47137,47137,58,1,48,1,10,0,23,-5,0,0,34,6,1,0,60,774,834,5
2020-08-28,47129,47129,204,13,194,13,10,0,82,11,4,0,121,2,1,0,227,6392,6619,87
2020-08-28,47127,47127,90,1,86,1,4,0,39,0,1,0,51,1,0,0,112,1521,1633,11
2020-08-28,47123,47123,711,30,687,28,24,2,266,21,46,0,431,9,14,0,794,7461,8255,226
2020-08-28,47115,47115,318,4,314,4,4,0,86,0,26,0,226,4,6,0,393,4340,4733,78
2020-08-28,47109,47109,526,9,436,7,90,2,213,5,27,1,302,3,11,1,595,4895,5490,64
2020-08-28,47107,47107,775,10,764,11,11,-1,215,-3,45,0,539,13,21,0,915,11901,12816,248
2020-08-28,47119,47119,1711,37,1702,38,9,-1,619,2,58,1,1078,35,14,0,2010,18546,20556,467
2020-08-28,47117,47117,519,12,515,12,4,0,270,3,16,0,245,9,4,0,585,6667,7252,112
2020-08-28,47113,47113,1720,45,1638,30,82,15,351,-56,100,2,1332,100,37,1,1907,19797,21704,275
2020-08-28,47111,47111,898,2,890,2,8,0,86,-1,65,0,797,3,15,0,1101,5512,6613,41
2020-08-28,47105,47105,934,20,908,20,26,0,238,9,26,0,693,11,3,0,1030,9445,10475,171
2020-08-28,47103,47103,400,4,392,4,8,0,125,-9,14,0,274,13,1,0,503,5810,6313,79
2020-08-28,47101,47101,129,3,129,3,0,0,65,1,9,0,63,2,1,0,141,3067,3208,28
2020-08-28,47139,47139,319,1,312,1,7,0,83,-1,16,1,226,2,10,0,360,2904,3264,31
2020-08-28,47121,47121,159,8,156,6,3,2,48,6,7,0,109,2,2,0,185,2248,2433,40
2020-08-28,47141,47141,2314,39,2235,37,79,2,613,3,76,0,1673,35,28,1,2812,22160,24972,402
2020-08-28,47099,47099,740,15,733,16,7,-1,252,4,30,0,479,11,9,0,877,8031,8908,96
2020-08-28,47145,47145,624,19,600,19,24,0,169,8,20,0,453,11,2,0,752,13359,14111,173
2020-08-28,47187,47187,4295,35,4271,34,24,1,1129,-30,101,-1,3139,65,27,0,5100,51268,56368,568
2020-08-28,47185,47185,536,39,505,38,31,1,254,31,18,0,275,8,7,0,636,6683,7319,168
2020-08-28,47183,47183,807,22,747,19,60,3,373,-3,20,0,423,25,11,0,886,7882,8768,144
2020-08-28,47181,47181,292,14,285,14,7,0,100,14,10,0,189,-1,3,1,320,4526,4846,63
2020-08-28,47179,47179,1671,21,1625,21,46,0,808,-14,78,1,851,32,12,3,1936,21720,23656,292
2020-08-28,47177,47177,824,26,767,23,57,3,297,11,12,0,520,15,7,0,923,9882,10805,157
2020-08-28,47175,47175,69,5,63,5,6,0,32,3,4,0,37,2,0,0,75,1046,1121,38
2020-08-28,47173,47173,220,3,211,3,9,0,62,-2,5,0,157,5,1,0,241,3293,3534,80
2020-08-28,47171,47171,220,4,217,4,3,0,130,2,11,1,89,2,1,0,251,4252,4503,32
2020-08-28,47169,47169,1603,7,1600,7,3,0,48,7,21,0,1549,,6,0,1677,3789,5466,28
2020-08-28,47167,47167,1431,39,1375,34,56,5,399,33,71,0,1017,5,15,1,1669,16233,17902,272
2020-08-28,47165,47165,4007,35,3984,35,23,0,941,-24,328,0,2980,59,86,0,4816,33479,38295,533
2020-08-28,47163,47163,1571,37,1493,37,78,0,424,16,125,1,1122,21,25,0,1704,21423,23127,365
2020-08-28,47161,47161,93,1,93,1,0,0,29,-5,6,0,64,6,0,0,119,2120,2239,20
2020-08-28,47159,47159,513,4,499,4,14,0,83,2,23,1,422,2,8,0,645,4208,4853,49
2020-08-28,47157,47157,26649,145,26471,142,178,3,2982,-62,1680,23,23289,206,378,1,32861,292573,325434,3322
2020-08-28,47155,47155,2211,11,2146,9,65,2,490,-3,79,1,1710,14,11,0,2465,20035,22500,240
2020-08-28,47153,47153,141,0,140,0,1,0,37,-2,7,0,103,2,1,0,168,3683,3851,27
2020-08-28,47151,47151,156,0,152,0,4,0,50,-4,11,0,104,4,2,0,168,3110,3278,30
2020-08-28,47149,47149,7725,55,7691,52,34,3,2093,-78,221,2,5564,132,68,1,9522,62032,71554,867
2020-08-28,47147,47147,1790,2,1780,2,10,0,440,-40,118,0,1324,42,26,0,2220,13247,15467,137
2020-08-28,47143,47143,639,4,639,4,0,0,98,-8,18,0,538,12,3,0,776,7836,8612,150
2020-08-28,47189,47189,2764,25,2754,25,10,0,719,-9,87,0,2014,34,31,0,3335,28887,32222,338
2020-08-28,47097,47097,705,-7,659,11,46,-18,259,-16,36,0,434,9,12,0,770,8091,8861,163
2020-08-28,47093,47093,6170,71,5959,69,211,2,1713,-37,251,1,4406,108,51,0,6933,95816,102749,1659
2020-08-28,47041,47041,443,8,431,7,12,1,109,1,17,0,329,7,5,0,548,5876,6424,96
2020-08-28,47039,47039,291,6,229,5,62,1,116,3,7,0,171,3,4,0,328,3798,4126,73
2020-08-28,47037,47037,23321,140,23222,139,99,1,2976,-91,902,12,20091,228,254,3,29215,241042,270257,2445
2020-08-28,47035,47035,780,23,770,23,10,0,327,12,39,1,445,11,8,0,960,17015,17975,279
2020-08-28,47033,47033,387,9,347,7,40,2,123,6,15,1,250,3,14,0,420,2304,2724,39
2020-08-28,47031,47031,752,10,695,10,57,0,280,-1,22,0,466,11,6,0,913,13058,13971,245
2020-08-28,47029,47029,630,8,597,9,33,-1,184,-5,24,0,439,13,7,0,672,6098,6770,76
2020-08-28,47027,47027,109,3,101,1,8,2,32,3,3,0,77,,0,0,116,1961,2077,14
2020-08-28,47025,47025,354,5,330,5,24,0,95,0,17,0,256,5,3,0,402,7622,8024,131
2020-08-28,47023,47023,370,12,328,12,42,0,156,3,14,1,210,9,4,0,416,3758,4174,82
2020-08-28,47021,47021,701,0,694,1,7,-1,224,-11,26,0,467,11,10,0,850,8195,9045,61
2020-08-28,47019,47019,802,12,765,11,37,1,566,7,62,1,218,5,18,0,891,11313,12204,108
2020-08-28,47017,47017,596,30,511,25,85,5,341,20,29,1,247,9,8,1,630,6892,7522,131
2020-08-28,47015,47015,194,6,183,6,11,0,44,4,5,0,150,2,0,0,245,2717,2962,74
2020-08-28,47013,47013,320,4,297,2,23,2,92,1,15,1,226,3,2,0,361,7921,8282,140
2020-08-28,47011,47011,2439,23,2374,22,65,1,515,-12,129,0,1908,35,16,0,2934,19451,22385,474
2020-08-28,47009,47009,1962,22,1924,22,38,0,661,-3,80,2,1284,25,17,0,2269,20556,22825,303
2020-08-28,47007,47007,773,1,770,1,3,0,57,-7,14,0,713,8,3,0,804,5551,6355,22
2020-08-28,47005,47005,243,7,234,7,9,0,108,5,13,2,130,1,5,1,258,3231,3489,31
2020-08-28,47003,47003,1098,4,1055,2,43,2,259,0,45,1,825,4,14,0,1305,9739,11044,163
2020-08-28,47001,47001,851,0,835,0,16,0,195,-9,34,0,648,9,8,0,1007,19230,20237,368
2020-08-28,47043,47043,906,16,840,15,66,1,382,4,44,1,515,12,9,0,1127,10536,11663,107
2020-08-28,47045,47045,924,7,869,18,55,-11,414,-3,46,0,500,9,10,1,1004,7759,8763,182
2020-08-28,47095,47095,831,9,825,9,6,0,55,5,4,0,775,4,1,0,1014,5058,6072,32
2020-08-28,47049,47049,198,9,175,7,23,2,109,7,11,1,89,2,0,0,222,2869,3091,110
2020-08-28,47047,47047,873,14,858,13,15,1,264,1,56,0,599,13,10,0,1094,12378,13472,212
2020-08-28,47091,47091,405,2,401,2,4,0,294,-1,13,1,110,3,1,0,443,4572,5015,33
2020-08-28,47089,47089,781,29,691,26,90,3,226,15,36,1,549,14,6,0,823,12447,13270,256
2020-08-28,47087,47087,208,5,194,5,14,0,76,4,10,0,131,1,1,0,230,1880,2110,20
2020-08-28,47085,47085,165,2,152,2,13,0,69,2,4,0,93,,3,0,187,3849,4036,29
2020-08-28,47083,47083,87,6,84,6,3,0,42,5,7,0,45,1,0,0,96,1507,1603,36
2020-08-28,47079,47079,440,10,431,10,9,0,176,7,27,0,260,3,4,0,514,7265,7779,128
2020-08-28,47077,47077,832,19,676,17,156,2,312,5,29,0,514,14,6,0,1026,6116,7142,182
2020-08-28,47075,47075,728,10,694,9,34,1,301,-8,26,0,416,17,11,1,781,4599,5380,121
2020-08-28,47073,47073,654,5,641,6,13,-1,438,2,50,1,203,2,13,1,764,7424,8188,119
2020-08-28,47081,47081,365,0,350,0,15,0,126,-7,9,1,236,7,3,0,458,5046,5504,86
2020-08-28,47069,47069,1223,22,1167,21,56,1,400,8,52,1,802,15,21,-1,1396,10987,12383,133
2020-08-28,47067,47067,90,0,83,0,7,0,62,0,10,0,26,,2,0,102,1500,1602,8
2020-08-28,47065,47065,7863,100,7730,96,133,4,1529,-22,311,1,6261,119,73,3,9026,96579,105605,1358
2020-08-28,47063,47063,1634,9,1566,7,68,2,324,-4,72,0,1290,13,20,0,1788,17117,18905,156
2020-08-28,47051,47051,470,10,459,10,11,0,140,7,25,1,326,3,4,0,574,11095,11669,682
2020-08-28,47061,47061,147,0,143,0,4,0,35,1,17,0,110,-1,2,0,171,1836,2007,20
2020-08-28,47059,47059,800,21,758,22,42,-1,530,11,53,3,254,5,16,5,959,11329,12288,318
2020-08-28,47057,47057,267,4,254,4,13,0,80,1,15,0,186,3,1,0,321,4490,4811,69
2020-08-28,47055,47055,438,2,435,2,3,0,120,-3,28,0,304,5,14,0,529,6518,7047,57
2020-08-28,47053,47053,1066,21,877,13,189,8,445,8,41,0,608,13,13,0,1187,10078,11265,213
2020-08-28,47071,47071,667,14,573,11,94,3,287,5,18,0,370,8,10,1,738,9020,9758,169
2020-08-29,47127,47127,92,2,88,2,4,0,38,-1,1,0,54,3,0,0,114,1542,1656,23
2020-08-29,47129,47129,205,1,196,2,9,-1,80,-2,4,0,124,3,1,0,230,6418,6648,29
2020-08-29,47131,47131,809,13,793,13,16,0,292,7,33,0,509,5,8,1,898,7226,8124,108
2020-08-29,47137,47137,59,1,49,1,10,0,24,1,0,0,34,,1,0,61,783,844,10
2020-08-29,47133,47133,427,14,401,14,26,0,203,11,11,0,222,3,2,0,470,5178,5648,89
2020-08-29,,47PEN,3344,12,3260,10,84,2,870,1,55,0,2468,11,6,0,3809,136603,140412,1250
2020-08-29,47135,47135,106,2,94,0,12,2,28,1,5,0,78,1,0,0,117,2420,2537,22
2020-08-29,47125,47125,2452,12,2389,11,63,1,1085,2,103,1,1339,10,28,0,2805,31320,34125,285
2020-08-29,,47OOS,2970,-31,2917,-37,53,6,808,-8,94,2,2137,-22,25,-1,3000,218062,221062,-1042
2020-08-29,47123,47123,726,15,700,13,26,2,275,9,47,1,436,5,15,1,811,7657,8468,213
2020-08-29,47101,47101,131,2,131,2,0,0,66,1,9,0,64,1,1,0,144,3151,3295,87
2020-08-29,47109,47109,541,15,447,11,94,4,227,14,27,0,303,1,11,0,616,4966,5582,92
2020-08-29,47107,47107,788,13,777,13,11,0,223,8,45,0,544,5,21,0,931,12052,12983,167
2020-08-29,47119,47119,1725,14,1716,14,9,0,622,3,58,0,1089,11,14,0,2026,18655,20681,125
2020-08-29,47117,47117,529,10,525,10,4,0,277,7,16,0,248,3,4,0,599,6822,7421,169
2020-08-29,47115,47115,323,5,319,5,4,0,90,4,27,1,227,1,6,0,398,4373,4771,38
2020-08-29,47113,47113,1763,43,1670,32,93,11,362,11,104,4,1360,28,41,4,1953,20049,22002,298
2020-08-29,47111,47111,902,4,894,4,8,0,88,2,66,1,799,2,15,0,1105,5541,6646,33
2020-08-29,47105,47105,939,5,912,4,27,1,240,2,26,0,696,3,3,0,1035,9541,10576,101
2020-08-29,47103,47103,403,3,395,3,8,0,122,-3,15,1,280,6,1,0,506,5977,6483,170
2020-08-29,47139,47139,326,7,319,7,7,0,90,7,17,1,226,,10,0,368,2934,3302,38
2020-08-29,47121,47121,163,4,160,4,3,0,50,2,7,0,111,2,2,0,190,2284,2474,41
2020-08-29,47141,47141,2345,31,2267,32,78,-1,636,23,77,1,1679,6,30,2,2855,22418,25273,301
2020-08-29,47163,47163,1597,26,1514,21,83,5,422,-2,127,2,1150,28,25,0,1730,21737,23467,340
2020-08-29,47145,47145,632,8,608,8,24,0,169,0,20,0,461,8,2,0,763,13432,14195,84
2020-08-29,47099,47099,751,11,743,10,8,1,261,9,30,0,481,2,9,0,888,8084,8972,64
2020-08-29,47187,47187,4328,33,4304,33,24,0,1129,0,102,1,3172,33,27,0,5145,51662,56807,439
2020-08-29,47185,47185,549,13,519,14,30,-1,264,10,19,1,278,3,7,0,659,6759,7418,99
2020-08-29,47183,47183,824,17,762,15,62,2,386,13,20,0,425,2,13,2,901,8028,8929,161
2020-08-29,47181,47181,297,5,287,2,10,3,102,2,10,0,192,3,3,0,326,4558,4884,38
2020-08-29,47179,47179,1700,29,1654,29,46,0,832,24,77,-1,856,5,12,0,1972,22016,23988,332
2020-08-29,47177,47177,830,6,771,4,59,2,300,3,13,1,523,3,7,0,929,9946,10875,70
2020-08-29,47175,47175,70,1,64,1,6,0,33,1,4,0,37,,0,0,77,1064,1141,20
2020-08-29,47173,47173,221,1,212,1,9,0,62,0,5,0,158,1,1,0,242,3340,3582,48
2020-08-29,47171,47171,221,1,218,1,3,0,131,1,11,0,89,,1,0,253,4296,4549,46
2020-08-29,47169,47169,1617,14,1614,14,3,0,62,14,21,0,1549,,6,0,1694,3845,5539,73
2020-08-29,47167,47167,1448,17,1385,10,63,7,414,15,73,2,1019,2,15,0,1694,16402,18096,194
2020-08-29,47165,47165,4051,44,4027,43,24,1,958,17,330,2,3007,27,86,0,4868,33861,38729,434
2020-08-29,47161,47161,95,2,95,2,0,0,30,1,6,0,65,1,0,0,121,2150,2271,32
2020-08-29,47159,47159,515,2,501,2,14,0,84,1,23,0,423,1,8,0,650,4243,4893,40
2020-08-29,47157,47157,26839,190,26657,186,182,4,3041,59,1697,17,23418,129,380,2,33109,295361,328470,3036
2020-08-29,47155,47155,2219,8,2154,8,65,0,494,4,81,2,1713,3,12,1,2479,20160,22639,139
2020-08-29,47153,47153,142,1,141,1,1,0,37,0,7,0,104,1,1,0,169,3750,3919,68
2020-08-29,47151,47151,155,-1,151,-1,4,0,49,-1,11,0,104,,2,0,168,3150,3318,40
2020-08-29,47149,47149,7770,45,7736,45,34,0,2101,8,223,2,5601,37,68,0,9582,62709,72291,737
2020-08-29,47147,47147,1869,79,1858,78,11,1,514,74,118,0,1329,5,26,0,2304,13532,15836,369
2020-08-29,47143,47143,644,5,644,5,0,0,102,4,19,1,539,1,3,0,783,7946,8729,117
2020-08-29,47189,47189,2791,27,2781,27,10,0,730,11,88,1,2030,16,31,0,3363,29219,32582,360
2020-08-29,47097,47097,714,9,664,5,50,4,268,9,36,0,434,,12,0,777,8152,8929,68
2020-08-29,47093,47093,6275,105,6063,104,212,1,1771,58,252,1,4448,42,56,5,7052,96763,103815,1066
2020-08-29,47041,47041,458,15,446,15,12,0,124,15,16,-1,329,,5,0,568,5964,6532,108
2020-08-29,47039,47039,302,11,238,9,64,2,127,11,7,0,171,,4,0,342,3911,4253,127
2020-08-29,47037,47037,23399,78,23294,72,105,6,2927,-49,911,9,20217,126,255,1,29326,244244,273570,3313
2020-08-29,47035,47035,802,22,792,22,10,0,347,20,40,1,447,2,8,0,988,17265,18253,278
2020-08-29,47033,47033,397,10,351,4,46,6,129,6,15,0,254,4,14,0,431,2335,2766,42
2020-08-29,47031,47031,757,5,700,5,57,0,282,2,23,1,469,3,6,0,924,13173,14097,126
2020-08-29,47029,47029,639,9,603,6,36,3,190,6,24,0,442,3,7,0,679,6160,6839,69
2020-08-29,47027,47027,110,1,102,1,8,0,32,0,3,0,78,1,0,0,118,1981,2099,22
2020-08-29,47025,47025,354,0,330,0,24,0,93,-2,17,0,258,2,3,0,403,7739,8142,118
2020-08-29,47021,47021,709,8,702,8,7,0,231,7,26,0,468,1,10,0,860,8329,9189,144
2020-08-29,47019,47019,815,13,778,13,37,0,579,13,62,0,218,,18,0,904,11540,12444,240
2020-08-29,47017,47017,611,15,516,5,95,10,348,7,29,0,255,8,8,0,648,6982,7630,108
2020-08-29,47015,47015,198,4,186,3,12,1,46,2,5,0,152,2,0,0,251,2762,3013,51
2020-08-29,47013,47013,322,2,299,2,23,0,94,2,15,0,226,,2,0,363,7982,8345,63
2020-08-29,47011,47011,2460,21,2397,23,63,-2,517,2,129,0,1927,19,16,0,2963,19591,22554,169
2020-08-29,47009,47009,1992,30,1954,30,38,0,682,21,80,0,1293,9,17,0,2302,20769,23071,246
2020-08-29,47007,47007,775,2,772,2,3,0,58,1,14,0,714,1,3,0,806,5601,6407,52
2020-08-29,47005,47005,250,7,241,7,9,0,113,5,13,0,132,2,5,0,264,3270,3534,45
2020-08-29,47003,47003,1105,7,1062,7,43,0,262,3,47,2,829,4,14,0,1312,9854,11166,122
2020-08-29,47001,47001,857,6,841,6,16,0,193,-2,34,0,656,8,8,0,1013,19368,20381,144
2020-08-29,47095,47095,834,3,828,3,6,0,57,2,4,0,775,,2,1,1018,5110,6128,56
2020-08-29,47043,47043,904,-2,839,-1,65,-1,380,-2,44,0,515,,9,0,1132,10644,11776,113
2020-08-29,47045,47045,947,23,891,22,56,1,434,20,46,0,503,3,10,0,1026,7870,8896,133
2020-08-29,47023,47023,376,6,332,4,44,2,159,3,14,0,212,2,5,1,421,3802,4223,49
2020-08-29,47049,47049,208,10,185,10,23,0,117,8,11,0,91,2,0,0,232,2919,3151,60
2020-08-29,47047,47047,875,2,860,2,15,0,261,-3,56,0,604,5,10,0,1098,12448,13546,74
2020-08-29,47089,47089,785,4,694,3,91,1,223,-3,38,2,556,7,6,0,823,12622,13445,175
2020-08-29,47087,47087,214,6,199,5,15,1,80,4,10,0,133,2,1,0,237,1899,2136,26
2020-08-29,47085,47085,167,2,153,1,14,1,70,1,4,0,94,1,3,0,190,3919,4109,73
2020-08-29,47083,47083,92,5,89,5,3,0,47,5,7,0,45,,0,0,100,1532,1632,29
2020-08-29,47081,47081,371,6,355,5,16,1,130,4,9,0,238,2,3,0,468,5111,5579,75
2020-08-29,47079,47079,452,12,443,12,9,0,187,11,28,1,260,,5,1,528,7384,7912,133
2020-08-29,47077,47077,865,33,705,29,160,4,343,31,29,0,515,1,7,1,1063,6271,7334,192
2020-08-29,47075,47075,737,9,701,7,36,2,306,5,26,0,420,4,11,0,790,4636,5426,46
2020-08-29,47073,47073,665,11,652,11,13,0,448,10,50,0,204,1,13,0,777,7515,8292,104
2020-08-29,47071,47071,685,18,589,16,96,2,303,16,18,0,372,2,10,0,755,9153,9908,150
2020-08-29,47091,47091,407,2,403,2,4,0,296,2,13,0,110,,1,0,445,4609,5054,39
2020-08-29,47067,47067,91,1,84,1,7,0,62,0,10,0,27,1,2,0,103,1528,1631,29
2020-08-29,47065,47065,7939,76,7805,75,134,1,1511,-18,315,4,6355,94,73,0,9124,98688,107812,2207
2020-08-29,47063,47063,1646,12,1576,10,70,2,329,5,73,1,1296,6,21,1,1801,17230,19031,126
2020-08-29,47061,47061,149,2,145,2,4,0,37,2,17,0,110,,2,0,172,1864,2036,29
2020-08-29,47059,47059,816,16,770,12,46,4,543,13,55,2,257,3,16,0,972,11463,12435,147
2020-08-29,47057,47057,270,3,257,3,13,0,83,3,15,0,186,,1,0,324,4531,4855,44
2020-08-29,47055,47055,440,2,437,2,3,0,121,1,28,0,305,1,14,0,531,6579,7110,63
2020-08-29,47053,47053,1087,21,892,15,195,6,460,15,41,0,613,5,14,1,1209,10191,11400,135
2020-08-29,47051,47051,483,13,472,13,11,0,147,7,24,-1,332,6,4,0,587,11212,11799,130
2020-08-29,47069,47069,1231,8,1175,8,56,0,406,6,52,0,804,2,21,0,1413,11176,12589,206
2020-08-30,47141,47141,2362,17,2284,17,78,0,649,13,77,0,1683,4,30,0,2877,22655,25532,259
2020-08-30,47129,47129,207,2,198,2,9,0,82,2,4,0,123,-1,2,1,232,6472,6704,56
2020-08-30,47131,47131,820,11,802,9,18,2,297,5,33,0,515,6,8,0,908,7265,8173,49
2020-08-30,,47OOS,2994,24,2940,23,54,1,814,6,95,1,2155,18,25,0,3021,216790,219811,-1251
2020-08-30,47139,47139,326,0,319,0,7,0,87,-3,17,0,229,3,10,0,368,2938,3306,4
2020-08-30,,47PEN,3360,16,3274,14,86,2,867,-3,55,0,2487,19,6,0,3834,137323,141157,745
2020-08-30,47135,47135,107,1,95,1,12,0,28,0,5,0,79,1,0,0,118,2430,2548,11
2020-08-30,47137,47137,61,2,51,2,10,0,26,2,0,0,34,,1,0,63,789,852,8
2020-08-30,47127,47127,93,1,89,1,4,0,38,0,1,0,55,1,0,0,115,1546,1661,5
2020-08-30,47133,47133,433,6,407,6,26,0,207,4,11,0,224,2,2,0,477,5209,5686,38
2020-08-30,47125,47125,2467,15,2404,15,63,0,1091,6,103,0,1346,7,30,2,2819,31500,34319,194
2020-08-30,47119,47119,1735,10,1726,10,9,0,627,5,59,1,1093,4,15,1,2034,18725,20759,78
2020-08-30,47121,47121,162,-1,160,0,2,-1,46,-4,8,1,114,3,2,0,190,2289,2479,5
2020-08-30,47109,47109,544,3,449,2,95,1,230,3,27,0,303,,11,0,618,4989,5607,25
2020-08-30,47107,47107,791,3,780,3,11,0,207,-16,45,0,561,17,23,2,936,12102,13038,55
2020-08-30,47117,47117,532,3,528,3,4,0,276,-1,17,1,252,4,4,0,601,6845,7446,25
2020-08-30,47115,47115,325,2,321,2,4,0,83,-7,27,0,235,8,7,1,400,4382,4782,11
2020-08-30,47113,47113,1781,18,1676,6,105,12,375,13,104,0,1365,5,41,0,1970,20152,22122,120
2020-08-30,47111,47111,907,5,899,5,8,0,91,3,66,0,801,2,15,0,1112,5569,6681,35
2020-08-30,47105,47105,944,5,916,4,28,1,243,3,26,0,698,2,3,0,1042,9628,10670,94
2020-08-30,47103,47103,409,6,401,6,8,0,128,6,15,0,280,,1,0,512,6014,6526,43
2020-08-30,47123,47123,738,12,712,12,26,0,284,9,47,0,439,3,15,0,827,7799,8626,158
2020-08-30,47143,47143,647,3,647,3,0,0,100,-2,19,0,544,5,3,0,786,7964,8750,21
2020-08-30,47101,47101,132,1,132,1,0,0,67,1,9,0,64,,1,0,145,3156,3301,6
2020-08-30,47147,47147,1885,16,1874,16,11,0,519,5,119,1,1340,11,26,0,2323,13713,16036,200
2020-08-30,47189,47189,2811,20,2801,20,10,0,732,2,88,0,2048,18,31,0,3382,29405,32787,205
2020-08-30,47187,47187,4334,6,4310,6,24,0,1104,-25,102,0,3202,30,28,1,5155,51858,57013,206
2020-08-30,47185,47185,560,11,530,11,30,0,273,9,19,0,280,2,7,0,670,6830,7500,82
2020-08-30,47183,47183,831,7,770,8,61,-1,391,5,20,0,427,2,13,0,910,8087,8997,68
2020-08-30,47181,47181,312,15,302,15,10,0,116,14,10,0,193,1,3,0,342,4570,4912,28
2020-08-30,47179,47179,1718,18,1672,18,46,0,849,17,77,0,856,,13,1,1993,22199,24192,204
2020-08-30,47177,47177,851,21,792,21,59,0,317,17,13,0,527,4,7,0,949,10094,11043,168
2020-08-30,47175,47175,71,1,65,1,6,0,34,1,4,0,37,,0,0,78,1080,1158,17
2020-08-30,47173,47173,222,1,213,1,9,0,62,0,5,0,159,1,1,0,242,3377,3619,37
2020-08-30,47171,47171,221,0,218,0,3,0,131,0,11,0,89,,1,0,253,4301,4554,5
2020-08-30,47169,47169,1618,1,1615,1,3,0,63,1,21,0,1549,,6,0,1693,3859,5552,13
2020-08-30,47167,47167,1455,7,1391,6,64,1,421,7,74,1,1019,,15,0,1704,16489,18193,97
2020-08-30,47165,47165,4065,14,4041,14,24,0,944,-14,330,0,3035,28,86,0,4888,34046,38934,205
2020-08-30,47163,47163,1615,18,1531,17,84,1,430,8,130,3,1160,10,25,0,1750,21825,23575,108
2020-08-30,47161,47161,96,1,95,0,1,1,31,1,6,0,65,,0,0,121,2153,2274,3
2020-08-30,47159,47159,515,0,501,0,14,0,83,-1,23,0,424,1,8,0,649,4256,4905,12
2020-08-30,47157,47157,26976,137,26793,136,183,1,3093,52,1702,5,23498,80,385,5,33250,297124,330374,1904
2020-08-30,47155,47155,2232,13,2167,13,65,0,499,5,81,0,1721,8,12,0,2493,20316,22809,170
2020-08-30,47153,47153,142,0,141,0,1,0,34,-3,7,0,107,3,1,0,169,3778,3947,28
2020-08-30,47151,47151,155,0,151,0,4,0,49,0,11,0,104,,2,0,170,3193,3363,45
2020-08-30,47149,47149,7799,29,7766,30,33,-1,2093,-8,224,1,5636,35,70,2,9618,63077,72695,404
2020-08-30,47145,47145,643,11,619,11,24,0,177,8,20,0,464,3,2,0,776,13583,14359,164
2020-08-30,47099,47099,759,8,751,8,8,0,268,7,30,0,482,1,9,0,896,8134,9030,58
2020-08-30,47097,47097,720,6,669,5,51,1,272,4,36,0,436,2,12,0,784,8173,8957,28
2020-08-30,47095,47095,834,0,828,0,6,0,57,0,4,0,775,,2,0,1018,5118,6136,8
2020-08-30,47043,47043,907,3,842,3,65,0,381,1,44,0,517,2,9,0,1139,10678,11817,41
2020-08-30,47041,47041,469,11,457,11,12,0,133,9,16,0,331,2,5,0,582,6000,6582,50
2020-08-30,47039,47039,302,0,238,0,64,0,127,0,7,0,171,,4,0,342,3928,4270,17
2020-08-30,47037,47037,23430,31,23325,31,105,0,2892,-35,914,3,20280,63,258,3,29359,246179,275538,1968
2020-08-30,47035,47035,812,10,802,10,10,0,355,8,40,0,449,2,8,0,1000,17376,18376,123
2020-08-30,47033,47033,401,4,354,3,47,1,133,4,15,0,254,,14,0,435,2342,2777,11
2020-08-30,47031,47031,760,3,703,3,57,0,283,1,23,0,471,2,6,0,924,13205,14129,32
2020-08-30,47029,47029,641,2,605,2,36,0,191,1,24,0,443,1,7,0,682,6201,6883,44
2020-08-30,47027,47027,111,1,103,1,8,0,32,0,3,0,79,1,0,0,119,1987,2106,7
2020-08-30,47025,47025,363,9,338,8,25,1,102,9,17,0,258,,3,0,414,7818,8232,90
2020-08-30,47023,47023,376,0,332,0,44,0,157,-2,14,0,214,2,5,0,419,3815,4234,11
2020-08-30,47021,47021,710,1,703,1,7,0,231,0,26,0,469,1,10,0,860,8372,9232,43
2020-08-30,47019,47019,818,3,780,2,38,1,581,2,62,0,219,1,18,0,907,11571,12478,34
2020-08-30,47017,47017,624,13,526,10,98,3,357,9,30,1,259,4,8,0,661,7054,7715,85
2020-08-30,47015,47015,198,0,186,0,12,0,45,-1,5,0,153,1,0,0,245,2793,3038,25
2020-08-30,47013,47013,325,3,300,1,25,2,96,2,15,0,227,1,2,0,363,8175,8538,193
2020-08-30,47011,47011,2468,8,2405,8,63,0,485,-32,130,1,1967,40,16,0,2969,19651,22620,66
2020-08-30,47009,47009,2003,11,1965,11,38,0,684,2,80,0,1302,9,17,0,2318,20894,23212,141
2020-08-30,47007,47007,775,0,772,0,3,0,55,-3,14,0,716,2,4,1,806,5606,6412,5
2020-08-30,47005,47005,253,3,244,3,9,0,116,3,13,0,132,,5,0,268,3291,3559,25
2020-08-30,47003,47003,1107,2,1064,2,43,0,262,0,47,0,831,2,14,0,1316,9878,11194,28
2020-08-30,47045,47045,952,5,895,4,57,1,431,-3,46,0,511,8,10,0,1032,7928,8960,64
2020-08-30,47047,47047,882,7,867,7,15,0,266,5,56,0,606,2,10,0,1106,12540,13646,100
2020-08-30,47001,47001,862,5,846,5,16,0,195,2,34,0,659,3,8,0,1019,19509,20528,147
2020-08-30,47051,47051,488,5,477,5,11,0,144,-3,24,0,340,8,4,0,594,11551,12145,346
2020-08-30,47049,47049,218,10,195,10,23,0,127,10,11,0,91,,0,0,242,2951,3193,42
2020-08-30,47093,47093,6336,61,6119,56,217,5,1777,6,252,0,4502,54,57,1,7107,97422,104529,714
2020-08-30,47091,47091,407,0,403,0,4,0,296,0,13,0,110,,1,0,445,4610,5055,1
2020-08-30,47089,47089,805,20,712,18,93,2,241,18,38,0,558,2,6,0,843,12713,13556,111
2020-08-30,47087,47087,217,3,202,3,15,0,83,3,10,0,133,,1,0,241,1917,2158,22
2020-08-30,47085,47085,169,2,155,2,14,0,72,2,4,0,94,,3,0,193,3942,4135,26
2020-08-30,47081,47081,371,0,355,0,16,0,129,-1,9,0,239,1,3,0,467,5120,5587,8
2020-08-30,47079,47079,455,3,446,3,9,0,190,3,29,1,260,,5,0,534,7420,7954,42
2020-08-30,47077,47077,873,8,710,5,163,3,351,8,30,1,515,,7,0,1073,6296,7369,35
2020-08-30,47075,47075,740,3,705,4,35,-1,304,-2,26,0,425,5,11,0,793,4659,5452,26
2020-08-30,47083,47083,93,1,90,1,3,0,48,1,7,0,45,,0,0,103,1575,1678,46
2020-08-30,47071,47071,685,0,589,0,96,0,303,0,18,0,372,,10,0,757,9208,9965,57
2020-08-30,47069,47069,1237,6,1181,6,56,0,409,3,52,0,807,3,21,0,1418,11213,12631,42
2020-08-30,47067,47067,92,1,85,1,7,0,63,1,10,0,27,,2,0,104,1533,1637,6
2020-08-30,47065,47065,7965,26,7829,24,136,2,1465,-46,316,1,6427,72,73,0,9144,100172,109316,1504
2020-08-30,47053,47053,1104,17,906,14,198,3,465,5,41,0,625,12,14,0,1227,10265,11492,92
2020-08-30,47063,47063,1649,3,1576,0,73,3,330,1,73,0,1297,1,22,1,1800,17274,19074,43
2020-08-30,47061,47061,149,0,145,0,4,0,33,-4,17,0,114,4,2,0,173,1869,2042,6
2020-08-30,47059,47059,814,-2,768,-2,46,0,537,-6,55,0,261,4,16,0,970,11492,12462,27
2020-08-30,47057,47057,274,4,261,4,13,0,87,4,15,0,186,,1,0,328,4559,4887,32
2020-08-30,47055,47055,441,1,438,1,3,0,121,0,28,0,306,1,14,0,534,6655,7189,79
2020-08-30,47073,47073,667,2,654,2,13,0,449,1,50,0,205,1,13,0,779,7553,8332,40
2020-08-31,47127,47127,93,0,89,0,4,0,35,-3,1,0,58,3,0,0,115,1548,1663,2
2020-08-31,47129,47129,209,2,200,2,9,0,81,-1,4,0,126,3,2,0,234,6511,6745,41
2020-08-31,47131,47131,829,9,808,6,21,3,289,-8,33,0,532,17,8,0,917,7314,8231,58
2020-08-31,47137,47137,63,2,53,2,10,0,28,2,0,0,34,,1,0,65,799,864,12
2020-08-31,47133,47133,435,2,409,2,26,0,188,-19,11,0,245,21,2,0,478,5256,5734,48
2020-08-31,,47PEN,3368,8,3283,9,85,-1,825,-42,56,1,2536,49,7,1,3848,137950,141798,641
2020-08-31,47135,47135,110,3,98,3,12,0,28,0,5,0,82,3,0,0,121,2441,2562,14
2020-08-31,47125,47125,2475,8,2411,7,64,1,1057,-34,103,0,1388,42,30,0,2825,31667,34492,173
2020-08-31,,47OOS,3010,16,2957,17,53,-1,787,-27,97,2,2196,41,27,2,3024,212853,215877,-3934
2020-08-31,47123,47123,749,11,723,11,26,0,283,-1,47,0,451,12,15,0,839,7842,8681,55
2020-08-31,47101,47101,132,0,132,0,0,0,63,-4,9,0,68,4,1,0,145,3165,3310,9
2020-08-31,47109,47109,549,5,454,5,95,0,227,-3,28,1,311,8,11,0,623,5012,5635,28
2020-08-31,47107,47107,791,0,780,0,11,0,196,-11,46,1,572,11,23,0,938,12146,13084,46
2020-08-31,47119,47119,1749,14,1739,13,10,1,614,-13,59,0,1120,27,15,0,2050,18829,20879,120
2020-08-31,47117,47117,533,1,529,1,4,0,260,-16,17,0,269,17,4,0,602,6865,7467,21
2020-08-31,47115,47115,325,0,321,0,4,0,76,-7,27,0,242,7,7,0,400,4387,4787,5
2020-08-31,47113,47113,1804,23,1690,14,114,9,384,9,105,1,1380,15,40,-1,1997,20300,22297,175
2020-08-31,47111,47111,906,-1,898,-1,8,0,89,-2,66,0,802,1,15,0,1112,5596,6708,27
2020-08-31,47105,47105,952,8,924,8,28,0,237,-6,26,0,712,14,3,0,1049,9723,10772,102
2020-08-31,47103,47103,412,3,404,3,8,0,124,-4,15,0,287,7,1,0,516,6031,6547,21
2020-08-31,47139,47139,327,1,320,1,7,0,81,-6,17,0,236,7,10,0,368,2948,3316,10
2020-08-31,47121,47121,162,0,160,0,2,0,45,-1,8,0,115,1,2,0,191,2293,2484,5
2020-08-31,47141,47141,2368,6,2289,5,79,1,604,-45,77,0,1734,51,30,0,2886,22695,25581,49
2020-08-31,47163,47163,1640,25,1555,24,85,1,436,6,129,-1,1179,19,25,0,1779,21984,23763,188
2020-08-31,47145,47145,651,8,624,5,27,3,173,-4,20,0,476,12,2,0,785,13655,14440,81
2020-08-31,47099,47099,762,3,754,3,8,0,251,-17,30,0,502,20,9,0,899,8170,9069,39
2020-08-31,47187,47187,4369,35,4345,35,24,0,1085,-19,102,0,3256,54,28,0,5187,52105,57292,279
2020-08-31,47185,47185,564,4,534,4,30,0,263,-10,20,1,294,14,7,0,675,6859,7534,34
2020-08-31,47183,47183,842,11,782,12,60,-1,373,-18,20,0,456,29,13,0,923,8133,9056,59
2020-08-31,47181,47181,1279,967,1269,967,10,0,1082,966,10,0,194,1,3,0,1311,4810,6121,1209
2020-08-31,47179,47179,1741,23,1691,19,50,4,861,12,80,3,867,11,13,0,2008,22294,24302,110
2020-08-31,47177,47177,853,2,792,0,61,2,292,-25,13,0,554,27,7,0,951,10119,11070,27
2020-08-31,47175,47175,71,0,65,0,6,0,31,-3,4,0,40,3,0,0,79,1084,1163,5
2020-08-31,47173,47173,225,3,216,3,9,0,64,2,5,0,160,1,1,0,245,3395,3640,21
2020-08-31,47171,47171,225,4,222,4,3,0,135,4,12,1,89,,1,0,257,4308,4565,11
2020-08-31,47169,47169,1618,0,1615,0,3,0,63,0,21,0,1549,,6,0,1692,3863,5555,3
2020-08-31,47167,47167,1462,7,1398,7,64,0,403,-18,74,0,1044,25,15,0,1712,16588,18300,107
2020-08-31,47165,47165,4094,29,4070,29,24,0,937,-7,331,1,3071,36,86,0,4909,34261,39170,236
2020-08-31,47161,47161,96,0,95,0,1,0,30,-1,6,0,66,1,0,0,122,2170,2292,18
2020-08-31,47159,47159,516,1,502,1,14,0,80,-3,23,0,428,4,8,0,649,4277,4926,21
2020-08-31,47157,47157,27120,144,26938,145,182,-1,2968,-125,1708,6,23765,267,387,2,33430,299167,332597,2223
2020-08-31,47155,47155,2236,4,2170,3,66,1,471,-28,81,0,1753,32,12,0,2497,20426,22923,114
2020-08-31,47153,47153,142,0,141,0,1,0,28,-6,7,0,113,6,1,0,169,3784,3953,6
2020-08-31,47151,47151,155,0,151,0,4,0,48,-1,11,0,105,1,2,0,170,3260,3430,67
2020-08-31,47149,47149,7825,26,7792,26,33,0,2010,-83,227,3,5745,109,70,0,9639,63533,73172,477
2020-08-31,47147,47147,1886,1,1876,2,10,-1,503,-16,119,0,1357,17,26,0,2327,13780,16107,71
2020-08-31,47143,47143,652,5,651,4,1,1,88,-12,20,1,560,16,4,1,791,7984,8775,25
2020-08-31,47097,47097,725,5,674,5,51,0,236,-36,36,0,477,41,12,0,790,8215,9005,48
2020-08-31,47189,47189,2828,17,2817,16,11,1,713,-19,89,1,2084,36,31,0,3400,29547,32947,160
2020-08-31,47093,47093,6429,93,6213,94,216,-1,1761,-16,254,2,4611,109,57,0,7206,97976,105182,653
2020-08-31,47041,47041,469,0,457,0,12,0,126,-7,16,0,338,7,5,0,581,6028,6609,27
2020-08-31,47039,47039,303,1,239,1,64,0,121,-6,7,0,178,7,4,0,342,3940,4282,12
2020-08-31,47037,47037,23474,44,23369,44,105,0,2743,-149,915,1,20472,192,259,1,29417,249647,279064,3526
2020-08-31,47035,47035,826,14,816,14,10,0,338,-17,40,0,480,31,8,0,1016,17435,18451,75
2020-08-31,47033,47033,403,2,355,1,48,1,132,-1,15,0,257,3,14,0,438,2352,2790,13
2020-08-31,47031,47031,764,4,707,4,57,0,276,-7,23,0,482,11,6,0,929,13269,14198,69
2020-08-31,47029,47029,642,1,606,1,36,0,172,-19,25,1,463,20,7,0,684,6242,6926,43
2020-08-31,47027,47027,112,1,104,1,8,0,29,-3,3,0,83,4,0,0,120,1998,2118,12
2020-08-31,47025,47025,366,3,340,2,26,1,91,-11,17,0,272,14,3,0,416,7970,8386,154
2020-08-31,47023,47023,377,1,333,1,44,0,144,-13,14,0,228,14,5,0,422,3844,4266,32
2020-08-31,47021,47021,710,0,703,0,7,0,219,-12,26,0,481,12,10,0,859,8427,9286,54
2020-08-31,47019,47019,829,11,790,10,39,1,585,4,64,2,226,7,18,0,916,11609,12525,47
2020-08-31,47017,47017,637,13,535,9,102,4,362,5,31,1,267,8,8,0,673,7091,7764,49
2020-08-31,47015,47015,200,2,188,2,12,0,43,-2,5,0,157,4,0,0,248,2817,3065,27
2020-08-31,47013,47013,328,3,303,3,25,0,90,-6,15,0,236,9,2,0,367,8277,8644,106
2020-08-31,47011,47011,2473,5,2411,6,62,-1,440,-45,133,3,2017,50,16,0,2974,19686,22660,40
2020-08-31,47009,47009,2010,7,1972,7,38,0,656,-28,82,2,1337,35,17,0,2325,20979,23304,92
2020-08-31,47007,47007,775,0,772,0,3,0,42,-13,14,0,729,13,4,0,806,5612,6418,6
2020-08-31,47005,47005,257,4,248,4,9,0,110,-6,13,0,142,10,5,0,273,3320,3593,34
2020-08-31,47003,47003,1114,7,1070,6,44,1,254,-8,47,0,846,15,14,0,1324,9925,11249,55
2020-08-31,47001,47001,874,12,857,11,17,1,194,-1,34,0,672,13,8,0,1030,19623,20653,125
2020-08-31,47043,47043,913,6,848,6,65,0,374,-7,44,0,530,13,9,0,1147,10737,11884,67
2020-08-31,47045,47045,964,12,907,12,57,0,429,-2,47,1,525,14,10,0,1045,7957,9002,42
2020-08-31,47095,47095,837,3,831,3,6,0,59,2,4,0,776,1,2,0,1021,5144,6165,29
2020-08-31,47049,47049,223,5,200,5,23,0,128,1,11,0,95,4,0,0,247,2971,3218,25
2020-08-31,47047,47047,886,4,871,4,15,0,261,-5,56,0,615,9,10,0,1109,12613,13722,76
2020-08-31,47091,47091,407,0,403,0,4,0,291,-5,13,0,115,5,1,0,445,4615,5060,5
2020-08-31,47089,47089,815,10,717,5,98,5,234,-7,38,0,575,17,6,0,847,12767,13614,58
2020-08-31,47087,47087,217,0,202,0,15,0,79,-4,10,0,137,4,1,0,241,1923,2164,6
2020-08-31,47085,47085,168,-1,154,-1,14,0,70,-2,4,0,95,1,3,0,191,3959,4150,15
2020-08-31,47083,47083,93,0,90,0,3,0,47,-1,7,0,46,1,0,0,102,1579,1681,3
2020-08-31,47079,47079,460,5,451,5,9,0,187,-3,29,0,268,8,5,0,539,7445,7984,30
2020-08-31,47077,47077,878,5,715,5,163,0,340,-11,30,0,531,16,7,0,1079,6324,7403,34
2020-08-31,47075,47075,744,4,709,4,35,0,272,-32,26,0,461,36,11,0,798,4682,5480,28
2020-08-31,47073,47073,669,2,656,2,13,0,446,-3,50,0,210,5,13,0,782,7582,8364,32
2020-08-31,47081,47081,376,5,360,5,16,0,124,-5,10,1,249,10,3,0,471,5133,5604,17
2020-08-31,47069,47069,1238,1,1182,1,56,0,389,-20,52,0,828,21,21,0,1423,11250,12673,42
2020-08-31,47067,47067,92,0,85,0,7,0,63,0,10,0,27,,2,0,104,1536,1640,3
2020-08-31,47065,47065,7998,33,7862,33,136,0,1384,-81,317,1,6540,113,74,1,9181,102441,111622,2306
2020-08-31,47063,47063,1659,10,1587,11,72,-1,325,-5,73,0,1312,15,22,0,1812,17379,19191,117
2020-08-31,47051,47051,492,4,481,4,11,0,140,-4,24,0,348,8,4,0,597,11721,12318,173
2020-08-31,47061,47061,149,0,145,0,4,0,26,-7,17,0,121,7,2,0,173,1877,2050,8
2020-08-31,47059,47059,820,6,774,6,46,0,526,-11,55,0,278,17,16,0,976,11532,12508,46
2020-08-31,47057,47057,278,4,264,3,14,1,87,0,15,0,190,4,1,0,330,4576,4906,19
2020-08-31,47055,47055,442,1,439,1,3,0,114,-7,28,0,314,8,14,0,536,6670,7206,17
2020-08-31,47053,47053,1115,11,916,10,199,1,460,-5,42,1,641,16,14,0,1239,10319,11558,66
2020-08-31,47071,47071,700,15,603,14,97,1,307,4,18,0,383,11,10,0,771,9264,10035,70
2020-09-01,47127,47127,94,1,90,1,4,0,36,1,1,0,58,,0,0,116,1561,1677,14
2020-09-01,47129,47129,214,5,201,1,13,4,83,2,4,0,129,3,2,0,236,6527,6763,18
2020-09-01,47131,47131,830,1,808,0,22,1,277,-12,34,1,545,13,8,0,919,7331,8250,19
2020-09-01,47137,47137,67,4,56,3,11,1,32,4,0,0,34,,1,0,70,803,873,9
2020-09-01,47133,47133,439,4,412,3,27,1,182,-6,11,0,255,10,2,0,482,5273,5755,21
2020-09-01,,47PEN,3348,-20,3257,-26,91,6,798,-27,55,-1,2543,7,7,0,3824,138646,142470,672
2020-09-01,47135,47135,112,2,100,2,12,0,30,2,5,0,82,,0,0,122,2455,2577,15
2020-09-01,47125,47125,2494,19,2427,16,67,3,1046,-11,103,0,1418,30,30,0,2850,31884,34734,242
2020-09-01,,47OOS,3055,45,2998,41,57,4,809,22,98,1,2218,22,28,1,3082,212003,215085,-792
2020-09-01,47123,47123,759,10,730,7,29,3,280,-3,48,1,464,13,15,0,846,7893,8739,58
2020-09-01,47101,47101,133,1,133,1,0,0,63,0,9,0,69,1,1,0,146,3201,3347,37
2020-09-01,47109,47109,555,6,460,6,95,0,222,-5,30,2,321,10,12,1,628,5032,5660,25
2020-09-01,47107,47107,803,12,791,11,12,1,200,4,46,0,580,8,23,0,951,12260,13211,127
2020-09-01,47119,47119,1778,29,1768,29,10,0,632,18,60,1,1131,11,15,0,2079,19072,21151,272
2020-09-01,47117,47117,549,16,545,16,4,0,271,11,17,0,274,5,4,0,622,6944,7566,99
2020-09-01,47115,47115,328,3,324,3,4,0,70,-6,27,0,251,9,7,0,403,4441,4844,57
2020-09-01,47113,47113,1839,35,1715,25,124,10,377,-7,114,9,1418,38,44,4,2036,20461,22497,200
2020-09-01,47111,47111,907,1,899,1,8,0,90,1,66,0,802,,15,0,1113,5609,6722,14
2020-09-01,47105,47105,963,11,935,11,28,0,241,4,27,1,719,7,3,0,1063,9791,10854,82
2020-09-01,47103,47103,411,-1,403,-1,8,0,120,-4,15,0,290,3,1,0,515,6064,6579,32
2020-09-01,47139,47139,331,4,323,3,8,1,83,2,17,0,238,2,10,0,374,2980,3354,38
2020-09-01,47121,47121,163,1,161,1,2,0,45,0,8,0,116,1,2,0,192,2326,2518,34
2020-09-01,47141,47141,2387,19,2306,17,81,2,589,-15,77,0,1768,34,30,0,2905,22779,25684,103
2020-09-01,47163,47163,1663,23,1579,24,84,-1,435,-1,134,5,1203,24,25,0,1805,22082,23887,124
2020-09-01,47145,47145,659,8,628,4,31,4,175,2,20,0,482,6,2,0,792,13710,14502,62
2020-09-01,47099,47099,768,6,760,6,8,0,249,-2,30,0,510,8,9,0,907,8236,9143,74
2020-09-01,47187,47187,4422,53,4395,50,27,3,1058,-27,104,2,3334,78,30,2,5240,52453,57693,401
2020-09-01,47185,47185,566,2,535,1,31,1,250,-13,22,2,309,15,7,0,679,6894,7573,39
2020-09-01,47183,47183,854,12,792,10,62,2,349,-24,20,0,492,36,13,0,934,8177,9111,55
2020-09-01,47181,47181,1439,160,1429,160,10,0,1238,156,12,2,198,4,3,0,1487,4857,6344,223
2020-09-01,47179,47179,1771,30,1720,29,51,1,879,18,84,4,879,12,13,0,2050,22509,24559,257
2020-09-01,47177,47177,860,7,798,6,62,1,290,-2,13,0,563,9,7,0,958,10195,11153,83
2020-09-01,47175,47175,80,9,73,8,7,1,39,8,4,0,41,1,0,0,88,1094,1182,19
2020-09-01,47173,47173,227,2,218,2,9,0,61,-3,5,0,165,5,1,0,248,3405,3653,13
2020-09-01,47171,47171,228,3,225,3,3,0,137,2,12,0,90,1,1,0,261,4321,4582,17
2020-09-01,47169,47169,1618,0,1615,0,3,0,60,-3,21,0,1552,3,6,0,1690,3880,5570,15
2020-09-01,47167,47167,1470,8,1402,4,68,4,380,-23,74,0,1075,31,15,0,1721,16643,18364,64
2020-09-01,47165,47165,4117,23,4093,23,24,0,892,-45,335,4,3138,67,87,1,4934,34438,39372,202
2020-09-01,47161,47161,99,3,98,3,1,0,33,3,6,0,66,,0,0,124,2182,2306,14
2020-09-01,47159,47159,516,0,502,0,14,0,75,-5,23,0,433,5,8,0,649,4290,4939,13
2020-09-01,47157,47157,27173,53,26987,49,186,4,2797,-171,1721,13,23989,224,387,0,33510,300317,333827,1230
2020-09-01,47155,47155,2246,10,2180,10,66,0,457,-14,81,0,1777,24,12,0,2509,20540,23049,126
2020-09-01,47153,47153,144,2,143,2,1,0,29,1,7,0,114,1,1,0,171,3828,3999,46
2020-09-01,47151,47151,156,1,152,1,4,0,48,0,12,1,106,1,2,0,171,3270,3441,11
2020-09-01,47149,47149,7868,43,7834,42,34,1,1888,-122,231,4,5910,165,70,0,9706,64101,73807,635
2020-09-01,47147,47147,1892,6,1882,6,10,0,482,-21,121,2,1384,27,26,0,2332,13834,16166,59
2020-09-01,47143,47143,661,9,660,9,1,0,90,2,20,0,566,6,5,1,802,8100,8902,127
2020-09-01,47189,47189,2870,42,2859,42,11,0,715,2,89,0,2124,40,31,0,3446,29778,33224,277
2020-09-01,47097,47097,722,-3,675,1,47,-4,224,-12,36,0,486,9,12,0,791,8231,9022,17
2020-09-01,47093,47093,6516,87,6293,80,223,7,1760,-1,257,3,4697,86,59,2,7292,98582,105874,692
2020-09-01,47041,47041,474,5,460,3,14,2,125,-1,17,1,343,5,6,1,588,6080,6668,59
2020-09-01,47039,47039,305,2,240,1,65,1,118,-3,7,0,183,5,4,0,342,3959,4301,19
2020-09-01,47037,47037,23622,148,23518,149,104,-1,2579,-164,925,10,20784,312,259,0,29643,253677,283320,4256
2020-09-01,47035,47035,831,5,819,3,12,2,334,-4,40,0,489,9,8,0,1024,17477,18501,50
2020-09-01,47033,47033,408,5,359,4,49,1,129,-3,15,0,265,8,14,0,442,2371,2813,23
2020-09-01,47031,47031,772,8,712,5,60,3,272,-4,23,0,494,12,6,0,937,13383,14320,122
2020-09-01,47029,47029,644,2,610,4,34,-2,161,-11,27,2,476,13,7,0,686,6272,6958,32
2020-09-01,47027,47027,116,4,108,4,8,0,29,0,4,1,85,2,2,2,124,2041,2165,47
2020-09-01,47025,47025,368,2,342,2,26,0,87,-4,17,0,278,6,3,0,413,8002,8415,29
2020-09-01,47021,47021,716,6,709,6,7,0,216,-3,27,1,490,9,10,0,866,8496,9362,76
2020-09-01,47019,47019,845,16,805,15,40,1,597,12,66,2,230,4,18,0,933,11681,12614,89
2020-09-01,47017,47017,643,6,541,6,102,0,355,-7,32,1,280,13,8,0,681,7123,7804,40
2020-09-01,47015,47015,202,2,190,2,12,0,45,2,5,0,157,,0,0,250,2829,3079,14
2020-09-01,47013,47013,328,0,303,0,25,0,86,-4,16,1,239,3,3,1,368,8301,8669,25
2020-09-01,47011,47011,2501,28,2438,27,63,1,427,-13,134,1,2058,41,16,0,3007,19970,22977,317
2020-09-01,47009,47009,2021,11,1983,11,38,0,626,-30,85,3,1378,41,17,0,2339,21103,23442,138
2020-09-01,47007,47007,777,2,774,2,3,0,38,-4,14,0,735,6,4,0,807,5685,6492,74
2020-09-01,47005,47005,260,3,250,2,10,1,105,-5,14,1,149,7,6,1,275,3330,3605,12
2020-09-01,47003,47003,1127,13,1084,14,43,-1,255,1,47,0,858,12,14,0,1343,10039,11382,133
2020-09-01,47001,47001,879,5,862,5,17,0,189,-5,34,0,682,10,8,0,1035,19690,20725,72
2020-09-01,47095,47095,840,3,834,3,6,0,63,4,4,0,775,-1,2,0,1024,5148,6172,7
2020-09-01,47043,47043,920,7,849,1,71,6,370,-4,47,3,541,11,9,0,1151,10949,12100,216
2020-09-01,47045,47045,975,11,916,9,59,2,423,-6,48,1,542,17,10,0,1060,7987,9047,45
2020-09-01,47023,47023,383,6,337,4,46,2,141,-3,15,1,236,8,6,1,428,3856,4284,18
2020-09-01,47049,47049,230,7,203,3,27,4,131,3,11,0,99,4,0,0,255,2982,3237,19
2020-09-01,47047,47047,888,2,871,0,17,2,238,-23,56,0,640,25,10,0,1112,12654,13766,44
2020-09-01,47089,47089,817,2,719,2,98,0,229,-5,39,1,582,7,6,0,850,12816,13666,52
2020-09-01,47087,47087,220,3,205,3,15,0,79,0,10,0,140,3,1,0,244,1926,2170,6
2020-09-01,47085,47085,172,4,155,1,17,3,69,-1,4,0,100,5,3,0,195,3992,4187,37
2020-09-01,47083,47083,96,3,93,3,3,0,49,2,7,0,47,1,0,0,105,1597,1702,21
2020-09-01,47081,47081,379,3,360,0,19,3,121,-3,10,0,254,5,4,1,473,5178,5651,47
2020-09-01,47079,47079,463,3,454,3,9,0,181,-6,30,1,276,8,6,1,544,7459,8003,19
2020-09-01,47077,47077,883,5,718,3,165,2,325,-15,30,0,550,19,8,1,1086,6363,7449,46
2020-09-01,47075,47075,747,3,712,3,35,0,253,-19,27,1,483,22,11,0,801,4691,5492,12
2020-09-01,47073,47073,673,4,660,4,13,0,442,-4,50,0,218,8,13,0,786,7625,8411,47
2020-09-01,47071,47071,713,13,604,1,109,12,306,-1,18,0,397,14,10,0,781,9304,10085,50
2020-09-01,47091,47091,416,9,412,9,4,0,294,3,13,0,121,6,1,0,454,4628,5082,22
2020-09-01,47067,47067,92,0,85,0,7,0,62,-1,10,0,28,1,2,0,104,1541,1645,5
2020-09-01,47065,47065,8136,138,7999,137,137,1,1393,9,320,3,6667,127,76,2,9332,105684,115016,3394
2020-09-01,47063,47063,1665,6,1594,7,71,-1,315,-10,74,1,1328,16,22,0,1820,17430,19250,59
2020-09-01,47061,47061,152,3,148,3,4,0,27,1,18,1,122,1,3,1,177,1890,2067,17
2020-09-01,47059,47059,844,24,794,20,50,4,544,18,58,3,284,6,16,0,1002,11620,12622,114
2020-09-01,47057,47057,278,0,264,0,14,0,84,-3,15,0,193,3,1,0,332,4597,4929,23
2020-09-01,47055,47055,448,6,445,6,3,0,118,4,29,1,316,2,14,0,545,6771,7316,110
2020-09-01,47053,47053,1138,23,930,14,208,9,458,-2,43,1,664,23,16,2,1260,10402,11662,104
2020-09-01,47051,47051,517,25,505,24,12,1,156,16,24,0,357,9,4,0,626,11859,12485,167
2020-09-01,47069,47069,1241,3,1185,3,56,0,353,-36,53,1,866,38,22,1,1429,11258,12687,14
2020-09-02,47139,47139,335,4,327,4,8,0,84,1,18,1,241,3,10,0,378,3022,3400,46
2020-09-02,47127,47127,97,3,92,2,5,1,36,0,1,0,60,2,1,1,118,1580,1698,21
2020-09-02,47129,47129,220,6,207,6,13,0,87,4,4,0,131,2,2,0,243,6572,6815,52
2020-09-02,47131,47131,837,7,815,7,22,0,264,-13,34,0,565,20,8,0,926,7366,8292,42
2020-09-02,47137,47137,68,1,56,0,12,1,32,0,0,0,35,1,1,0,72,812,884,11
2020-09-02,47133,47133,450,11,422,10,28,1,180,-2,13,2,268,13,2,0,495,5400,5895,140
2020-09-02,,47PEN,3320,-28,3224,-33,96,5,761,-37,56,1,2552,9,7,0,3801,139541,143342,872
2020-09-02,47135,47135,113,1,101,1,12,0,31,1,5,0,82,,0,0,124,2469,2593,16
2020-09-02,47125,47125,2504,10,2436,9,68,1,1038,-8,103,0,1436,18,30,0,2860,32107,34967,233
2020-09-02,,47OOS,3010,-45,2954,-44,56,-1,763,-46,100,2,2218,,29,1,3103,213682,216785,1700
2020-09-02,47123,47123,784,25,750,20,34,5,298,18,50,2,471,7,15,0,868,7980,8848,109
2020-09-02,47117,47117,568,19,564,19,4,0,281,10,17,0,283,9,4,0,641,7048,7689,123
2020-09-02,47109,47109,583,28,486,26,97,2,241,19,30,0,330,9,12,0,659,5089,5748,88
2020-09-02,47107,47107,817,14,803,12,14,2,209,9,46,0,585,5,23,0,967,12377,13344,133
2020-09-02,47119,47119,1807,29,1797,29,10,0,636,4,62,2,1156,25,15,0,2114,19340,21454,303
2020-09-02,47115,47115,342,14,338,14,4,0,78,8,28,1,257,6,7,0,418,4495,4913,69
2020-09-02,47113,47113,1882,43,1738,23,144,20,375,-2,114,0,1463,45,44,0,2077,20602,22679,182
2020-09-02,47111,47111,915,8,907,8,8,0,94,4,68,2,806,4,15,0,1122,5687,6809,87
2020-09-02,47105,47105,973,10,944,9,29,1,245,4,28,1,725,6,3,0,1071,9908,10979,125
2020-09-02,47103,47103,424,13,416,13,8,0,128,8,15,0,295,5,1,0,530,6161,6691,112
2020-09-02,47101,47101,134,1,134,1,0,0,58,-5,9,0,75,6,1,0,150,3235,3385,38
2020-09-02,47121,47121,167,4,165,4,2,0,45,0,8,0,120,4,2,0,196,2360,2556,38
2020-09-02,47141,47141,2429,42,2345,39,84,3,597,8,77,0,1802,34,30,0,2952,23044,25996,312
2020-09-02,47099,47099,776,8,768,8,8,0,246,-3,32,2,521,11,9,0,915,8336,9251,108
2020-09-02,47145,47145,671,12,640,12,31,0,185,10,20,0,484,2,2,0,806,13812,14618,116
2020-09-02,47187,47187,4465,43,4438,43,27,0,1044,-14,106,2,3391,57,30,0,5295,53010,58305,612
2020-09-02,47185,47185,586,20,553,18,33,2,264,14,22,0,315,6,7,0,701,6971,7672,99
2020-09-02,47183,47183,868,14,805,13,63,1,353,4,22,2,502,10,13,0,952,8236,9188,77
2020-09-02,47181,47181,1450,11,1440,11,10,0,1246,8,13,1,201,3,3,0,1503,4892,6395,51
2020-09-02,47179,47179,1812,41,1763,43,49,-2,906,27,85,1,893,14,13,0,2108,22770,24878,319
2020-09-02,47177,47177,879,19,815,17,64,2,293,3,13,0,579,16,7,0,978,10348,11326,173
2020-09-02,47175,47175,90,10,83,10,7,0,49,10,4,0,41,,0,0,97,1133,1230,48
2020-09-02,47173,47173,229,2,220,2,9,0,56,-5,5,0,172,7,1,0,250,3424,3674,21
2020-09-02,47171,47171,232,4,229,4,3,0,139,2,12,0,92,2,1,0,265,4454,4719,137
2020-09-02,47169,47169,1619,1,1616,1,3,0,60,0,21,0,1553,1,6,0,1692,3922,5614,44
2020-09-02,47167,47167,1481,11,1409,7,72,4,375,-5,75,1,1091,16,15,0,1732,16764,18496,132
2020-09-02,47165,47165,4136,19,4113,20,23,-1,873,-19,336,1,3176,38,87,0,4958,34813,39771,399
2020-09-02,47163,47163,1730,67,1644,65,86,2,453,18,135,1,1251,48,26,1,1876,22199,24075,188
2020-09-02,47161,47161,98,-1,97,-1,1,0,32,-1,7,1,66,,0,0,125,2199,2324,18
2020-09-02,47159,47159,525,9,510,8,15,1,82,7,24,1,435,2,8,0,661,4335,4996,57
2020-09-02,47157,47157,27264,91,27073,86,191,5,2628,-169,1727,6,24247,258,389,2,33629,302643,336272,2445
2020-09-02,47155,47155,2278,32,2212,32,66,0,465,8,80,-1,1801,24,12,0,2543,20914,23457,408
2020-09-02,47153,47153,149,5,148,5,1,0,30,1,7,0,118,4,1,0,176,3861,4037,38
2020-09-02,47151,47151,160,4,154,2,6,2,49,1,12,0,109,3,2,0,174,3290,3464,23
2020-09-02,47149,47149,7930,62,7896,62,34,0,1844,-44,233,2,6016,106,70,0,9784,64757,74541,734
2020-09-02,47147,47147,1908,16,1898,16,10,0,478,-4,124,3,1404,20,26,0,2354,13941,16295,129
2020-09-02,47143,47143,672,11,671,11,1,0,100,10,20,0,567,1,5,0,815,8176,8991,89
2020-09-02,47097,47097,728,6,679,4,49,2,223,-1,37,1,493,7,12,0,799,8307,9106,84
2020-09-02,47189,47189,2900,30,2889,30,11,0,721,6,90,1,2148,24,31,0,3478,30088,33566,342
2020-09-02,47093,47093,6629,113,6400,107,229,6,1754,-6,259,2,4814,117,61,2,7415,99066,106481,607
2020-09-02,47041,47041,482,8,468,8,14,0,130,5,17,0,346,3,6,0,596,6168,6764,96
2020-09-02,47039,47039,317,12,248,8,69,4,122,4,7,0,191,8,4,0,355,3992,4347,46
2020-09-02,47037,47037,23703,81,23596,78,107,3,2471,-108,937,12,20972,188,260,1,29761,256593,286354,3034
2020-09-02,47035,47035,856,25,843,24,13,1,337,3,40,0,511,22,8,0,1053,17599,18652,151
2020-09-02,47033,47033,416,8,365,6,51,2,135,6,15,0,267,2,14,0,451,2394,2845,32
2020-09-02,47031,47031,785,13,723,11,62,2,271,-1,23,0,508,14,6,0,952,13472,14424,104
2020-09-02,47029,47029,652,8,612,2,40,6,162,1,27,0,483,7,7,0,694,6346,7040,82
2020-09-02,47027,47027,118,2,109,1,9,1,27,-2,4,0,89,4,2,0,126,2102,2228,63
2020-09-02,47025,47025,372,4,345,3,27,1,87,0,17,0,282,4,3,0,413,8038,8451,36
2020-09-02,47023,47023,394,11,348,11,46,0,138,-3,15,0,250,14,6,0,439,3880,4319,35
2020-09-02,47021,47021,724,8,717,8,7,0,219,3,27,0,495,5,10,0,878,8583,9461,99
2020-09-02,47019,47019,866,21,824,19,42,2,607,10,65,-1,240,10,19,1,956,11925,12881,267
2020-09-02,47017,47017,666,23,557,16,109,7,363,8,33,1,294,14,9,1,702,7163,7865,61
2020-09-02,47015,47015,206,4,194,4,12,0,46,1,5,0,160,3,0,0,255,2901,3156,77
2020-09-02,47013,47013,333,5,309,6,24,-1,88,2,16,0,242,3,3,0,374,8342,8716,47
2020-09-02,47011,47011,2524,23,2461,23,63,0,424,-3,135,1,2084,26,16,0,3034,20171,23205,228
2020-09-02,47009,47009,2032,11,1994,11,38,0,601,-25,88,3,1414,36,17,0,2358,21306,23664,222
2020-09-02,47007,47007,782,5,778,4,4,1,36,-2,14,0,742,7,4,0,813,5809,6622,130
2020-09-02,47005,47005,261,1,251,1,10,0,103,-2,14,0,152,3,6,0,277,3345,3622,17
2020-09-02,47003,47003,1137,10,1094,10,43,0,253,-2,47,0,870,12,14,0,1353,10129,11482,100
2020-09-02,47001,47001,888,9,870,8,18,1,180,-9,34,0,700,18,8,0,1043,19786,20829,104
2020-09-02,47043,47043,932,12,857,8,75,4,364,-6,47,0,559,18,9,0,1160,11098,12258,158
2020-09-02,47045,47045,988,13,926,10,62,3,420,-3,51,3,558,16,10,0,1072,8058,9130,83
2020-09-02,47095,47095,848,8,841,7,7,1,69,6,5,1,777,2,2,0,1035,5172,6207,35
2020-09-02,47049,47049,247,17,217,14,30,3,144,13,11,0,103,4,0,0,274,3011,3285,48
2020-09-02,47091,47091,427,11,420,8,7,3,294,0,14,1,132,11,1,0,464,4683,5147,65
2020-09-02,47089,47089,830,13,732,13,98,0,231,2,40,1,592,10,7,1,866,12929,13795,129
2020-09-02,47087,47087,221,1,206,1,15,0,73,-6,11,1,146,6,2,1,246,1956,2202,32
2020-09-02,47085,47085,171,-1,156,1,15,-2,66,-3,4,0,102,2,3,0,197,4026,4223,36
2020-09-02,47083,47083,103,7,100,7,3,0,55,6,7,0,48,1,0,0,113,1641,1754,52
2020-09-02,47047,47047,909,21,892,21,17,0,243,5,57,1,656,16,10,0,1144,12743,13887,121
2020-09-02,47079,47079,474,11,464,10,10,1,183,2,30,0,284,8,7,1,555,7522,8077,74
2020-09-02,47077,47077,901,18,734,16,167,2,332,7,31,1,561,11,8,0,1108,6432,7540,91
2020-09-02,47075,47075,752,5,717,5,35,0,240,-13,28,1,501,18,11,0,807,4729,5536,44
2020-09-02,47073,47073,679,6,666,6,13,0,438,-4,51,1,228,10,13,0,792,7686,8478,67
2020-09-02,47081,47081,394,15,375,15,19,0,127,6,10,0,263,9,4,0,495,5239,5734,83
2020-09-02,47069,47069,1256,15,1200,15,56,0,342,-11,54,1,892,26,22,0,1450,11307,12757,70
2020-09-02,47067,47067,92,0,85,0,7,0,62,0,10,0,28,,2,0,104,1549,1653,8
2020-09-02,47065,47065,8217,81,8074,75,143,6,1366,-27,326,6,6774,107,77,1,9417,106576,115993,977
2020-09-02,47063,47063,1668,3,1596,2,72,1,300,-15,75,1,1346,18,22,0,1823,17542,19365,115
2020-09-02,47061,47061,152,0,148,0,4,0,27,0,19,1,122,,3,0,177,1906,2083,16
2020-09-02,47059,47059,857,13,808,14,49,-1,539,-5,59,1,301,17,17,1,1024,11719,12743,121
2020-09-02,47057,47057,282,4,267,3,15,1,85,1,15,0,196,3,1,0,335,4727,5062,133
2020-09-02,47055,47055,448,0,445,0,3,0,115,-3,31,2,318,2,15,1,546,6837,7383,67
2020-09-02,47053,47053,1160,22,944,14,216,8,460,2,44,1,684,20,16,0,1281,10525,11806,144
2020-09-02,47051,47051,534,17,522,17,12,0,166,10,25,1,364,7,4,0,645,11950,12595,110
2020-09-02,47071,47071,731,18,616,12,115,6,309,3,19,1,412,15,10,0,801,9373,10174,89
2020-09-03,47127,47127,115,18,110,18,5,0,15,-21,1,0,,,1,0,140,1604,1744,46
2020-09-03,47129,47129,248,28,234,27,14,1,44,-43,4,0,,,2,0,276,6624,6900,85
2020-09-03,47131,47131,883,46,861,46,22,0,121,-143,34,0,,,8,0,973,7451,8424,132
2020-09-03,,47OOS,2518,-492,2462,-492,56,0,540,-223,82,-18,,,24,-5,2535,215507,218042,1257
2020-09-03,47139,47139,344,9,337,10,7,-1,34,-50,19,1,,,10,0,393,3036,3429,29
2020-09-03,,47PEN,3718,398,3624,400,94,-2,464,-297,69,13,,,10,3,4261,140890,145151,1809
2020-09-03,47135,47135,114,1,103,2,11,-1,16,-15,5,0,,,0,0,126,2500,2626,33
2020-09-03,47137,47137,72,4,60,4,12,0,23,-9,0,0,,,1,0,78,823,901,17
2020-09-03,47133,47133,505,55,472,50,33,5,111,-69,13,0,,,2,0,558,5480,6038,143
2020-09-03,47125,47125,2536,32,2467,31,69,1,195,-843,106,3,,,30,0,2900,32360,35260,293
2020-09-03,47103,47103,432,8,424,8,8,0,42,-86,16,1,,,1,0,535,6209,6744,53
2020-09-03,47109,47109,582,-1,488,2,94,-3,106,-135,30,0,,,13,1,660,5194,5854,106
2020-09-03,47107,47107,834,17,820,17,14,0,112,-97,46,0,,,23,0,980,12555,13535,191
2020-09-03,47119,47119,1822,15,1812,15,10,0,261,-375,65,3,,,16,1,2134,19611,21745,291
2020-09-03,47117,47117,577,9,573,9,4,0,125,-156,17,0,,,4,0,655,7103,7758,69
2020-09-03,47115,47115,356,14,352,14,4,0,50,-28,30,2,,,7,0,438,4531,4969,56
2020-09-03,47113,47113,1949,67,1771,33,178,34,315,-60,113,-1,,,46,2,2153,20795,22948,269
2020-09-03,47111,47111,930,15,922,15,8,0,38,-56,72,4,,,16,1,1142,5781,6923,114
2020-09-03,47105,47105,942,-31,914,-30,28,-1,109,-136,29,1,,,4,1,1036,10064,11100,121
2020-09-03,47141,47141,2384,-45,2291,-54,93,9,306,-291,77,0,,,29,-1,2900,23361,26261,265
2020-09-03,47123,47123,828,44,792,42,36,2,191,-107,50,0,,,15,0,915,8159,9074,226
2020-09-03,47143,47143,663,-9,662,-9,1,0,55,-45,17,-3,,,5,0,801,8229,9030,39
2020-09-03,47165,47165,4192,56,4166,53,26,3,280,-593,340,4,,,86,-1,5019,35292,40311,540
2020-09-03,47147,47147,1942,34,1930,32,12,2,168,-310,130,6,,,29,3,2393,14137,16530,235
2020-09-03,47189,47189,2943,43,2931,42,12,1,275,-446,93,3,,,31,0,3532,30350,33882,316
2020-09-03,47187,47187,4424,-41,4397,-41,27,0,360,-684,103,-3,,,29,-1,5243,53484,58727,422
2020-09-03,47185,47185,599,13,563,10,36,3,165,-99,23,1,,,7,0,715,7066,7781,109
2020-09-03,47183,47183,924,56,856,51,68,5,181,-172,23,1,,,13,0,1007,8434,9441,253
2020-09-03,47181,47181,1499,49,1489,49,10,0,1213,-33,14,1,,,2,-1,1572,5056,6628,233
2020-09-03,47179,47179,1766,-46,1720,-43,46,-3,217,-689,83,-2,,,13,0,2055,23005,25060,182
2020-09-03,47177,47177,873,-6,805,-10,68,4,162,-131,12,-1,,,7,0,973,10532,11505,179
2020-09-03,47175,47175,107,17,98,15,9,2,44,-5,5,1,,,0,0,117,1154,1271,41
2020-09-03,47173,47173,244,15,235,15,9,0,30,-26,5,0,,,1,0,266,3465,3731,57
2020-09-03,47171,47171,230,-2,227,-2,3,0,25,-114,12,0,,,1,0,263,4497,4760,41
2020-09-03,47169,47169,1627,8,1624,8,3,0,27,-33,21,0,,,6,0,1699,3951,5650,36
2020-09-03,47167,47167,1518,37,1444,35,74,2,168,-207,78,3,,,15,0,1778,16976,18754,258
2020-09-03,47101,47101,144,10,143,9,1,1,27,-31,10,1,,,1,0,158,3266,3424,39
2020-09-03,47163,47163,1800,70,1714,70,86,0,425,-28,133,-2,,,26,0,1953,22629,24582,507
2020-09-03,47161,47161,102,4,100,3,2,1,10,-22,6,-1,,,0,0,127,2225,2352,28
2020-09-03,47159,47159,549,24,534,24,15,0,33,-49,24,0,,,8,0,695,4381,5076,80
2020-09-03,47157,47157,27410,146,27219,146,191,0,1652,-976,1731,4,,,393,4,33821,305936,339757,3485
2020-09-03,47155,47155,2283,5,2217,5,66,0,150,-315,79,-1,,,13,1,2555,21128,23683,226
2020-09-03,47153,47153,167,18,166,18,1,0,12,-18,9,2,,,2,1,194,3896,4090,53
2020-09-03,47151,47151,163,3,157,3,6,0,10,-39,12,0,,,2,0,177,3325,3502,38
2020-09-03,47149,47149,8018,88,7981,85,37,3,508,-1336,234,1,,,73,3,9919,65742,75661,1120
2020-09-03,47145,47145,662,-9,637,-3,25,-6,96,-89,22,2,,,2,0,800,13968,14768,150
2020-09-03,47099,47099,765,-11,758,-10,7,-1,79,-167,29,-3,,,9,0,902,8404,9306,55
2020-09-03,47121,47121,169,2,165,0,4,2,33,-12,8,0,,,2,0,199,2378,2577,21
2020-09-03,47097,47097,726,-2,677,-2,49,0,84,-139,37,0,,,12,0,795,8363,9158,52
2020-09-03,47041,47041,490,8,476,8,14,0,63,-67,18,1,,,6,0,608,6309,6917,153
2020-09-03,47039,47039,320,3,248,0,72,3,54,-68,7,0,,,4,0,357,4029,4386,39
2020-09-03,47037,47037,23778,75,23667,71,111,4,969,-1502,939,2,,,259,-1,29859,259680,289539,3185
2020-09-03,47035,47035,944,88,925,82,19,6,217,-120,40,0,,,9,1,1150,17933,19083,431
2020-09-03,47033,47033,410,-6,362,-3,48,-3,65,-70,16,1,,,14,0,444,2409,2853,8
2020-09-03,47031,47031,783,-2,719,-4,64,2,114,-157,24,1,,,6,0,948,13729,14677,253
2020-09-03,47029,47029,653,1,612,0,41,1,53,-109,28,1,,,7,0,695,6433,7128,88
2020-09-03,47027,47027,128,10,118,9,10,1,18,-9,4,0,,,2,0,137,2126,2263,35
2020-09-03,47023,47023,438,44,385,37,53,7,84,-54,14,-1,,,5,-1,484,3914,4398,79
2020-09-03,47021,47021,719,-5,712,-5,7,0,34,-185,28,1,,,10,0,870,8659,9529,68
2020-09-03,47019,47019,953,87,902,78,51,9,145,-462,68,3,,,19,0,1050,11986,13036,155
2020-09-03,47017,47017,654,-12,555,-2,99,-10,166,-197,32,-1,,,9,0,688,7264,7952,87
2020-09-03,47015,47015,216,10,203,9,13,1,36,-10,5,0,,,0,0,265,2952,3217,61
2020-09-03,47013,47013,347,14,323,14,24,0,34,-54,16,0,,,3,0,387,8456,8843,127
2020-09-03,47011,47011,2526,2,2462,1,64,1,191,-233,136,1,,,16,0,3032,20465,23497,292
2020-09-03,47009,47009,2076,44,2038,44,38,0,306,-295,89,1,,,17,0,2409,21566,23975,311
2020-09-03,47007,47007,794,12,790,12,4,0,17,-19,17,3,,,4,0,831,5929,6760,138
2020-09-03,47005,47005,269,8,261,10,8,-2,55,-48,14,0,,,6,0,285,3405,3690,68
2020-09-03,47003,47003,1143,6,1093,-1,50,7,94,-159,45,-2,,,14,0,1359,10253,11612,130
2020-09-03,47001,47001,915,27,893,23,22,4,69,-111,32,-2,,,8,0,1073,20189,21262,433
2020-09-03,47095,47095,844,-4,838,-3,6,-1,25,-44,5,0,,,2,0,1032,5192,6224,17
2020-09-03,47043,47043,955,23,872,15,83,8,93,-271,47,0,,,9,0,1188,11303,12491,233
2020-09-03,47045,47045,1013,25,946,20,67,5,153,-267,51,0,,,10,0,1095,8179,9274,144
2020-09-03,47025,47025,364,-8,337,-8,27,0,36,-51,16,-1,,,3,0,408,8265,8673,222
2020-09-03,47049,47049,269,22,237,20,32,2,105,-39,11,0,,,0,0,295,3061,3356,71
2020-09-03,47047,47047,973,64,954,62,19,2,103,-140,62,5,,,11,1,1234,12862,14096,209
2020-09-03,47091,47091,428,1,422,2,6,-1,37,-257,14,0,,,1,0,467,4686,5153,6
2020-09-03,47089,47089,846,16,741,9,105,7,125,-106,41,1,,,7,0,876,13078,13954,159
2020-09-03,47087,47087,250,29,233,27,17,2,29,-44,11,0,,,2,0,284,1977,2261,59
2020-09-03,47085,47085,168,-3,154,-2,14,-1,20,-46,4,0,,,3,0,192,4057,4249,26
2020-09-03,47083,47083,111,8,108,8,3,0,34,-21,9,2,,,0,0,123,1664,1787,33
2020-09-03,47081,47081,396,2,377,2,19,0,64,-63,10,0,,,4,0,496,5299,5795,61
2020-09-03,47079,47079,493,19,482,18,11,1,95,-88,31,1,,,7,0,580,7620,8200,123
2020-09-03,47077,47077,922,21,748,14,174,7,123,-209,33,2,,,9,1,1131,6486,7617,77
2020-09-03,47075,47075,779,27,741,24,38,3,71,-169,31,3,,,11,0,844,4778,5622,86
2020-09-03,47073,47073,680,1,667,1,13,0,41,-397,50,-1,,,13,0,794,7786,8580,102
2020-09-03,47093,47093,6736,107,6501,101,235,6,861,-893,264,5,,,63,2,7534,100693,108227,1746
2020-09-03,47069,47069,1262,6,1206,6,56,0,77,-265,56,2,,,22,0,1456,11353,12809,52
2020-09-03,47071,47071,760,29,643,27,117,2,152,-157,22,3,,,12,2,831,9532,10363,189
2020-09-03,47053,47053,1139,-21,938,-6,201,-15,186,-274,45,1,,,16,0,1259,10668,11927,121
2020-09-03,47055,47055,464,16,461,16,3,0,27,-88,31,0,,,15,0,566,6895,7461,78
2020-09-03,47057,47057,283,1,268,1,15,0,36,-49,17,2,,,1,0,335,4782,5117,55
2020-09-03,47059,47059,878,21,827,19,51,2,140,-399,61,2,,,18,1,1051,11848,12899,156
2020-09-03,47051,47051,567,33,551,29,16,4,125,-41,27,2,,,4,0,682,12135,12817,222
2020-09-03,47063,47063,1668,0,1595,-1,73,1,97,-203,73,-2,,,22,0,1826,17643,19469,104
2020-09-03,47065,47065,8294,77,8142,68,152,9,802,-564,330,4,,,77,0,9502,108176,117678,1685
2020-09-03,47067,47067,97,5,89,4,8,1,2,-60,11,1,,,2,0,108,1575,1683,30
2020-09-03,47061,47061,153,1,148,0,5,1,13,-14,19,0,,,3,0,179,1930,2109,26
2020-09-04,47125,47125,2555,19,2483,16,72,3,190,-5,106,0,,,30,0,2922,32547,35469,209
2020-09-04,47135,47135,117,3,105,2,12,1,17,1,5,0,,,0,0,130,2590,2720,94
2020-09-04,,47PEN,3702,-16,3610,-14,92,-2,421,-43,68,-1,,,7,-3,4252,141847,146099,948
2020-09-04,47133,47133,519,14,484,12,35,2,111,0,13,0,,,2,0,574,5543,6117,79
2020-09-04,,47OOS,2477,-41,2418,-44,59,3,512,-28,85,3,,,24,0,2522,217002,219524,1482
2020-09-04,47131,47131,908,25,885,24,23,1,134,13,35,1,,,8,0,1003,7545,8548,124
2020-09-04,47137,47137,73,1,60,0,13,1,22,-1,0,0,,,1,0,79,824,903,2
2020-09-04,47129,47129,255,7,240,6,15,1,50,6,4,0,,,2,0,282,6687,6969,69
2020-09-04,47127,47127,115,0,110,0,5,0,14,-1,1,0,,,1,0,139,1610,1749,5
2020-09-04,47123,47123,848,20,810,18,38,2,192,1,50,0,,,15,0,937,8342,9279,205
2020-09-04,47115,47115,361,5,357,5,4,0,51,1,31,1,,,7,0,441,4558,4999,30
2020-09-04,47109,47109,610,28,513,25,97,3,125,19,30,0,,,13,0,688,5296,5984,130
2020-09-04,47107,47107,840,6,826,6,14,0,107,-5,48,2,,,23,0,985,12749,13734,199
2020-09-04,47119,47119,1831,9,1821,9,10,0,244,-17,65,0,,,17,1,2141,19707,21848,103
2020-09-04,47117,47117,576,-1,572,-1,4,0,108,-17,17,0,,,4,0,655,7135,7790,32
2020-09-04,47113,47113,1988,39,1794,23,194,16,323,8,112,-1,,,46,0,2192,21002,23194,246
2020-09-04,47111,47111,935,5,927,5,8,0,40,2,72,0,,,16,0,1148,5832,6980,57
2020-09-04,47105,47105,955,13,927,13,28,0,100,-9,30,1,,,4,0,1048,10203,11251,151
2020-09-04,47103,47103,438,6,430,6,8,0,40,-2,16,0,,,1,0,541,6225,6766,22
2020-09-04,47101,47101,146,2,145,2,1,0,23,-4,10,0,,,1,0,160,3347,3507,83
2020-09-04,47139,47139,344,0,337,0,7,0,33,-1,19,0,,,10,0,395,3053,3448,19
2020-09-04,47121,47121,171,2,167,2,4,0,34,1,8,0,,,2,0,201,2395,2596,19
2020-09-04,47141,47141,2415,31,2318,27,97,4,319,13,77,0,,,29,0,2937,23661,26598,337
2020-09-04,47099,47099,768,3,761,3,7,0,78,-1,30,1,,,9,0,905,8439,9344,38
2020-09-04,47145,47145,669,7,644,7,25,0,102,6,23,1,,,2,0,809,14146,14955,187
2020-09-04,47187,47187,4455,31,4424,27,31,4,358,-2,104,1,,,30,1,5288,53810,59098,371
2020-09-04,47185,47185,608,9,570,7,38,2,155,-10,24,1,,,7,0,734,7177,7911,130
2020-09-04,47183,47183,939,15,870,14,69,1,177,-4,23,0,,,13,0,1023,8546,9569,128
2020-09-04,47181,47181,1485,-14,1475,-14,10,0,1185,-28,14,0,,,2,0,1581,5094,6675,47
2020-09-04,47179,47179,1773,7,1728,8,45,-1,215,-2,85,2,,,14,1,2067,23188,25255,195
2020-09-04,47177,47177,894,21,826,21,68,0,158,-4,12,0,,,7,0,997,10635,11632,127
2020-09-04,47175,47175,104,-3,95,-3,9,0,39,-5,5,0,,,0,0,116,1195,1311,40
2020-09-04,47173,47173,245,1,236,1,9,0,29,-1,5,0,,,1,0,268,3543,3811,80
2020-09-04,47171,47171,232,2,229,2,3,0,24,-1,12,0,,,1,0,265,4504,4769,9
2020-09-04,47169,47169,1630,3,1627,3,3,0,27,0,21,0,,,7,1,1705,3970,5675,25
2020-09-04,47167,47167,1522,4,1449,5,73,-1,160,-8,78,0,,,15,0,1787,17150,18937,183
2020-09-04,47165,47165,4220,28,4193,27,27,1,277,-3,341,1,,,87,1,5045,35528,40573,262
2020-09-04,47163,47163,1820,20,1727,13,93,7,261,-164,139,6,,,26,0,1966,22805,24771,189
2020-09-04,47161,47161,103,1,101,1,2,0,10,0,6,0,,,0,0,130,2238,2368,16
2020-09-04,47159,47159,559,10,544,10,15,0,42,9,24,0,,,8,0,706,4417,5123,47
2020-09-04,47157,47157,27474,64,27277,58,197,6,1544,-108,1742,11,,,398,5,33914,307854,341768,2011
2020-09-04,47155,47155,2302,19,2235,18,67,1,159,9,80,1,,,13,0,2573,21317,23890,207
2020-09-04,47153,47153,168,1,167,1,1,0,12,0,9,0,,,2,0,194,3929,4123,33
2020-09-04,47151,47151,166,3,159,2,7,1,12,2,12,0,,,2,0,179,3351,3530,28
2020-09-04,47149,47149,8059,41,8021,40,38,1,490,-18,240,6,,,77,4,9953,66155,76108,447
2020-09-04,47147,47147,1956,14,1943,13,13,1,162,-6,131,1,,,29,0,2409,14215,16624,94
2020-09-04,47143,47143,663,0,662,0,1,0,49,-6,18,1,,,5,0,802,8283,9085,55
2020-09-04,47189,47189,2954,11,2940,9,14,2,254,-21,94,1,,,31,0,3541,30553,34094,212
2020-09-04,47097,47097,733,7,682,5,51,2,77,-7,37,0,,,12,0,802,8466,9268,110
2020-09-04,47093,47093,6863,127,6621,120,242,7,910,49,271,7,,,64,1,7663,102294,109957,1730
2020-09-04,47041,47041,498,8,484,8,14,0,68,5,19,1,,,6,0,618,6433,7051,134
2020-09-04,47039,47039,332,12,257,9,75,3,59,5,7,0,,,4,0,370,4140,4510,124
2020-09-04,47037,47037,23830,52,23716,49,114,3,898,-71,947,8,,,261,2,29925,260751,290676,1137
2020-09-04,47035,47035,970,26,948,23,22,3,227,10,42,2,,,9,0,1180,18195,19375,292
2020-09-04,47033,47033,417,7,368,6,49,1,66,1,18,2,,,14,0,454,2428,2882,29
2020-09-04,47031,47031,790,7,723,4,67,3,109,-5,26,2,,,6,0,954,13867,14821,144
2020-09-04,47029,47029,655,2,614,2,41,0,50,-3,29,1,,,7,0,698,6490,7188,60
2020-09-04,47027,47027,129,1,118,0,11,1,19,1,4,0,,,2,0,137,2145,2282,19
2020-09-04,47025,47025,368,4,341,4,27,0,37,1,16,0,,,3,0,411,8418,8829,156
2020-09-04,47023,47023,441,3,388,3,53,0,71,-13,14,0,,,6,1,487,3953,4440,42
2020-09-04,47021,47021,718,-1,711,-1,7,0,32,-2,28,0,,,10,0,871,8774,9645,116
2020-09-04,47019,47019,959,6,908,6,51,0,128,-17,69,1,,,24,5,1059,12080,13139,103
2020-09-04,47017,47017,667,13,566,11,101,2,164,-2,33,1,,,9,0,705,7348,8053,101
2020-09-04,47015,47015,222,6,209,6,13,0,38,2,5,0,,,0,0,272,2977,3249,32
2020-09-04,47013,47013,351,4,327,4,24,0,34,0,16,0,,,3,0,391,8593,8984,141
2020-09-04,47011,47011,2535,9,2470,8,65,1,179,-12,136,0,,,16,0,3040,20661,23701,204
2020-09-04,47009,47009,2111,35,2072,34,39,1,313,7,90,1,,,17,0,2450,21973,24423,448
2020-09-04,47007,47007,797,3,793,3,4,0,20,3,17,0,,,4,0,835,5975,6810,50
2020-09-04,47005,47005,278,9,270,9,8,0,59,4,15,1,,,6,0,294,3440,3734,44
2020-09-04,47003,47003,1144,1,1096,3,48,-2,82,-12,45,0,,,14,0,1362,10304,11666,54
2020-09-04,47001,47001,920,5,897,4,23,1,69,0,31,-1,,,8,0,1079,20424,21503,241
2020-09-04,47043,47043,970,15,881,9,89,6,102,9,48,1,,,9,0,1207,11371,12578,87
2020-09-04,47045,47045,1025,12,955,9,70,3,141,-12,51,0,,,10,0,1109,8260,9369,95
2020-09-04,47095,47095,844,0,838,0,6,0,19,-6,5,0,,,2,0,1034,5221,6255,31
2020-09-04,47049,47049,278,9,246,9,32,0,104,-1,11,0,,,0,0,305,3121,3426,70
2020-09-04,47047,47047,976,3,956,2,20,1,99,-4,64,2,,,11,0,1241,12929,14170,74
2020-09-04,47091,47091,430,2,424,2,6,0,33,-4,14,0,,,1,0,469,4693,5162,9
2020-09-04,47089,47089,859,13,753,12,106,1,128,3,41,0,,,7,0,889,13324,14213,259
2020-09-04,47087,47087,258,8,241,8,17,0,34,5,11,0,,,2,0,291,2001,2292,31
2020-09-04,47085,47085,173,5,158,4,15,1,23,3,4,0,,,3,0,195,4125,4320,71
2020-09-04,47083,47083,113,2,110,2,3,0,32,-2,9,0,,,0,0,123,1693,1816,29
2020-09-04,47079,47079,513,20,499,17,14,3,97,2,33,2,,,7,0,600,7729,8329,129
2020-09-04,47077,47077,940,18,761,13,179,5,127,4,35,2,,,10,1,1151,6676,7827,210
2020-09-04,47075,47075,787,8,748,7,39,1,60,-11,32,1,,,12,1,854,4860,5714,92
2020-09-04,47073,47073,684,4,670,3,14,1,42,1,50,0,,,13,0,799,7857,8656,76
2020-09-04,47081,47081,399,3,379,2,20,1,62,-2,11,1,,,4,0,502,5362,5864,69
2020-09-04,47069,47069,1277,15,1220,14,57,1,85,8,57,1,,,22,0,1472,11409,12881,72
2020-09-04,47067,47067,97,0,89,0,8,0,1,-1,11,0,,,2,0,108,1584,1692,9
2020-09-04,47065,47065,8326,32,8176,34,150,-2,751,-51,333,3,,,77,0,9530,108713,118243,565
2020-09-04,47063,47063,1675,7,1602,7,73,0,101,4,75,2,,,22,0,1835,17838,19673,204
2020-09-04,47051,47051,574,7,558,7,16,0,131,6,27,0,,,4,0,688,12269,12957,140
2020-09-04,47061,47061,152,-1,147,-1,5,0,12,-1,19,0,,,3,0,180,1940,2120,11
2020-09-04,47059,47059,890,12,833,6,57,6,125,-15,62,1,,,18,0,1057,11926,12983,84
2020-09-04,47057,47057,291,8,276,8,15,0,42,6,17,0,,,1,0,343,4899,5242,125
2020-09-04,47055,47055,467,3,464,3,3,0,28,1,31,0,,,15,0,568,6916,7484,23
2020-09-04,47053,47053,1152,13,943,5,209,8,178,-8,44,-1,,,16,0,1270,10774,12044,117
2020-09-04,47071,47071,772,12,650,7,122,5,149,-3,22,0,,,12,0,843,9625,10468,105
2020-09-05,47127,47127,116,1,111,1,5,0,14,0,1,0,,,1,0,142,1631,1773,24
2020-09-05,47129,47129,261,6,246,6,15,0,52,2,4,0,,,2,0,288,6719,7007,38
2020-09-05,47131,47131,917,9,895,10,22,-1,133,-1,36,1,,,8,0,1013,7644,8657,109
2020-09-05,47137,47137,79,6,64,4,15,2,24,2,1,1,,,1,0,87,834,921,18
2020-09-05,47133,47133,528,9,493,9,35,0,111,0,15,2,,,2,0,587,5569,6156,39
2020-09-05,,47PEN,3767,65,3664,54,103,11,510,89,70,2,,,7,0,4313,143202,147515,1416
2020-09-05,47135,47135,120,3,107,2,13,1,20,3,5,0,,,0,0,132,2614,2746,26
2020-09-05,47125,47125,2576,21,2499,16,77,5,183,-7,106,0,,,31,1,2943,32925,35868,399
2020-09-05,,47OOS,2469,-8,2426,8,43,-16,523,11,83,-2,,,24,0,2520,220472,222992,3468
2020-09-05,47123,47123,859,11,821,11,38,0,182,-10,52,2,,,15,0,951,8556,9507,228
2020-09-05,47101,47101,148,2,147,2,1,0,21,-2,10,0,,,1,0,162,3398,3560,53
2020-09-05,47109,47109,624,14,526,13,98,1,135,10,31,1,,,14,1,705,5368,6073,89
2020-09-05,47107,47107,856,16,842,16,14,0,113,6,48,0,,,24,1,1004,12931,13935,201
2020-09-05,47119,47119,1856,25,1846,25,10,0,245,1,65,0,,,18,1,2167,20029,22196,348
2020-09-05,47117,47117,585,9,580,8,5,1,96,-12,17,0,,,4,0,664,7345,8009,219
2020-09-05,47115,47115,377,16,373,16,4,0,57,6,32,1,,,7,0,460,4662,5122,123
2020-09-05,47113,47113,2043,55,1825,31,218,24,335,12,114,2,,,48,2,2244,21269,23513,319
2020-09-05,47111,47111,946,11,936,9,10,2,47,7,72,0,,,16,0,1157,5882,7039,59
2020-09-05,47105,47105,969,14,941,14,28,0,102,2,30,0,,,4,0,1065,10319,11384,133
2020-09-05,47103,47103,444,6,436,6,8,0,42,2,16,0,,,1,0,547,6301,6848,82
2020-09-05,47139,47139,350,6,343,6,7,0,36,3,19,0,,,10,0,401,3089,3490,42
2020-09-05,47121,47121,175,4,171,4,4,0,35,1,8,0,,,2,0,205,2427,2632,36
2020-09-05,47141,47141,2454,39,2353,35,101,4,332,13,80,3,,,31,2,2982,23797,26779,181
2020-09-05,47163,47163,1837,17,1744,17,93,0,248,-13,140,1,,,26,0,1986,23208,25194,423
2020-09-05,47145,47145,674,5,650,6,24,-1,100,-2,23,0,,,2,0,816,14254,15070,115
2020-09-05,47099,47099,785,17,776,15,9,2,84,6,30,0,,,10,1,918,8532,9450,106
2020-09-05,47187,47187,4501,46,4470,46,31,0,384,26,104,0,,,30,0,5326,54387,59713,615
2020-09-05,47185,47185,616,8,576,6,40,2,141,-14,29,5,,,7,0,742,7218,7960,49
2020-09-05,47183,47183,954,15,885,15,69,0,169,-8,23,0,,,14,1,1039,8637,9676,107
2020-09-05,47181,47181,1487,2,1476,1,11,1,1179,-6,15,1,,,2,0,1579,5127,6706,31
2020-09-05,47179,47179,1819,46,1773,45,46,1,241,26,86,1,,,14,0,2117,23693,25810,555
2020-09-05,47177,47177,894,0,826,0,68,0,145,-13,12,0,,,7,0,999,10732,11731,99
2020-09-05,47175,47175,106,2,97,2,9,0,40,1,5,0,,,0,0,118,1208,1326,15
2020-09-05,47173,47173,245,0,236,0,9,0,28,-1,5,0,,,1,0,267,3594,3861,50
2020-09-05,47171,47171,235,3,230,1,5,2,25,1,12,0,,,1,0,267,4557,4824,55
2020-09-05,47169,47169,1629,-1,1626,-1,3,0,24,-3,21,0,,,7,0,1701,3988,5689,14
2020-09-05,47167,47167,1532,10,1458,9,74,1,156,-4,79,1,,,15,0,1798,17223,19021,84
2020-09-05,47165,47165,4246,26,4219,26,27,0,272,-5,342,1,,,87,0,5078,35823,40901,328
2020-09-05,47161,47161,106,3,102,1,4,2,13,3,6,0,,,0,0,132,2274,2406,38
2020-09-05,47159,47159,567,8,552,8,15,0,45,3,24,0,,,8,0,714,4459,5173,50
2020-09-05,47157,47157,27631,157,27433,156,198,1,1571,27,1753,11,,,400,2,34118,310710,344828,3060
2020-09-05,47155,47155,2315,13,2248,13,67,0,161,2,81,1,,,13,0,2589,21513,24102,212
2020-09-05,47153,47153,170,2,169,2,1,0,14,2,10,1,,,2,0,197,3985,4182,59
2020-09-05,47151,47151,167,1,160,1,7,0,13,1,12,0,,,2,0,180,3371,3551,21
2020-09-05,47149,47149,8110,51,8071,50,39,1,495,5,240,0,,,80,3,10024,67010,77034,926
2020-09-05,47147,47147,1971,15,1958,15,13,0,158,-4,131,0,,,30,1,2423,14317,16740,116
2020-09-05,47143,47143,671,8,670,8,1,0,55,6,19,1,,,5,0,810,8399,9209,124
2020-09-05,47189,47189,2993,39,2978,38,15,1,264,10,94,0,,,31,0,3583,30854,34437,343
2020-09-05,47097,47097,739,6,688,6,51,0,71,-6,38,1,,,12,0,811,8527,9338,70
2020-09-05,47093,47093,7053,190,6806,185,247,5,1036,126,275,4,,,64,0,7856,103372,111228,1271
2020-09-05,47041,47041,501,3,487,3,14,0,67,-1,19,0,,,6,0,621,6498,7119,68
2020-09-05,47039,47039,340,8,262,5,78,3,65,6,7,0,,,4,0,378,4216,4594,84
2020-09-05,47037,47037,24001,171,23885,169,116,2,941,43,961,14,,,264,3,30148,263673,293821,3145
2020-09-05,47035,47035,985,15,961,13,24,2,221,-6,43,1,,,9,0,1202,18350,19552,177
2020-09-05,47033,47033,427,10,378,10,49,0,70,4,18,0,,,14,0,463,2465,2928,46
2020-09-05,47031,47031,813,23,747,24,66,-1,126,17,26,0,,,7,1,979,14136,15115,294
2020-09-05,47029,47029,665,10,620,6,45,4,58,8,29,0,,,7,0,705,6569,7274,86
2020-09-05,47027,47027,130,1,119,1,11,0,17,-2,4,0,,,2,0,138,2156,2294,12
2020-09-05,47025,47025,374,6,347,6,27,0,40,3,16,0,,,3,0,420,8464,8884,55
2020-09-05,47021,47021,723,5,716,5,7,0,34,2,28,0,,,10,0,874,8854,9728,83
2020-09-05,47019,47019,980,21,929,21,51,0,138,10,69,0,,,24,0,1080,12310,13390,251
2020-09-05,47017,47017,677,10,576,10,101,0,158,-6,33,0,,,10,1,716,7466,8182,129
2020-09-05,47015,47015,227,5,214,5,13,0,41,3,6,1,,,0,0,276,3013,3289,40
2020-09-05,47013,47013,357,6,333,6,24,0,36,2,16,0,,,3,0,398,8638,9036,52
2020-09-05,47011,47011,2569,34,2504,34,65,0,187,8,136,0,,,16,0,3083,20990,24073,372
2020-09-05,47009,47009,2128,17,2089,17,39,0,314,1,90,0,,,17,0,2464,22868,25332,909
2020-09-05,47007,47007,798,1,794,1,4,0,20,0,17,0,,,4,0,835,6027,6862,52
2020-09-05,47005,47005,279,1,271,1,8,0,52,-7,15,0,,,7,1,295,3467,3762,28
2020-09-05,47003,47003,1149,5,1101,5,48,0,78,-4,45,0,,,14,0,1369,10410,11779,113
2020-09-05,47001,47001,936,16,911,14,25,2,82,13,31,0,,,8,0,1094,20660,21754,251
2020-09-05,47095,47095,846,2,840,2,6,0,20,1,5,0,,,2,0,1036,5260,6296,41
2020-09-05,47043,47043,988,18,896,15,92,3,116,14,49,1,,,9,0,1223,11480,12703,125
2020-09-05,47045,47045,1034,9,964,9,70,0,137,-4,51,0,,,10,0,1119,8400,9519,150
2020-09-05,47023,47023,453,12,398,10,55,2,78,7,14,0,,,6,0,499,3988,4487,47
2020-09-05,47049,47049,291,13,259,13,32,0,107,3,13,2,,,0,0,320,3167,3487,61
2020-09-05,47047,47047,983,7,963,7,20,0,96,-3,65,1,,,11,0,1248,13083,14331,161
2020-09-05,47089,47089,887,28,779,26,108,2,149,21,43,2,,,7,0,917,13473,14390,177
2020-09-05,47087,47087,261,3,243,2,18,1,34,0,12,1,,,2,0,293,2014,2307,15
2020-09-05,47085,47085,175,2,159,1,16,1,24,1,4,0,,,3,0,200,4155,4355,35
2020-09-05,47083,47083,115,2,112,2,3,0,32,0,9,0,,,0,0,126,1720,1846,30
2020-09-05,47081,47081,402,3,382,3,20,0,64,2,12,1,,,4,0,504,5460,5964,100
2020-09-05,47079,47079,523,10,508,9,15,1,92,-5,33,0,,,7,0,613,7791,8404,75
2020-09-05,47077,47077,951,11,769,8,182,3,123,-4,35,0,,,11,1,1165,6784,7949,122
2020-09-05,47075,47075,798,11,757,9,41,2,63,3,32,0,,,12,0,865,4896,5761,47
2020-09-05,47073,47073,691,7,676,6,15,1,46,4,50,0,,,13,0,805,7939,8744,88
2020-09-05,47071,47071,788,16,662,12,126,4,148,-1,22,0,,,12,0,861,9797,10658,190
2020-09-05,47091,47091,435,5,427,3,8,2,36,3,14,0,,,1,0,473,4722,5195,33
2020-09-05,47067,47067,98,1,90,1,8,0,2,1,11,0,,,2,0,109,1603,1712,20
2020-09-05,47065,47065,8427,101,8276,100,151,1,776,25,336,3,,,77,0,9640,109975,119615,1372
2020-09-05,47063,47063,1685,10,1610,8,75,2,98,-3,74,-1,,,21,-1,1841,18051,19892,219
2020-09-05,47061,47061,155,3,150,3,5,0,15,3,19,0,,,3,0,182,1973,2155,35
2020-09-05,47059,47059,916,26,858,25,58,1,142,17,64,2,,,19,1,1089,12097,13186,203
2020-09-05,47057,47057,290,-1,275,-1,15,0,38,-4,17,0,,,1,0,343,4925,5268,26
2020-09-05,47055,47055,473,6,470,6,3,0,31,3,31,0,,,15,0,576,7066,7642,158
2020-09-05,47053,47053,1174,22,962,19,212,3,177,-1,44,0,,,17,1,1293,10966,12259,215
2020-09-05,47051,47051,614,40,598,40,16,0,166,35,27,0,,,5,1,730,12500,13230,273
2020-09-05,47069,47069,1278,1,1221,1,57,0,82,-3,57,0,,,22,0,1478,11549,13027,146
2020-09-06,47189,47189,3022,29,3006,28,16,1,274,10,94,0,,,31,0,3616,31100,34716,279
2020-09-06,47129,47129,265,4,250,4,15,0,51,-1,4,0,,,2,0,293,6887,7180,173
2020-09-06,47131,47131,925,8,903,8,22,0,139,6,36,0,,,8,0,1021,7757,8778,121
2020-09-06,,47OOS,2537,68,2492,66,45,2,575,52,83,0,,,24,0,2554,222496,225050,2058
2020-09-06,47139,47139,351,1,344,1,7,0,30,-6,19,0,,,10,0,402,3097,3499,9
2020-09-06,,47PEN,3795,28,3686,22,109,6,523,13,70,0,,,7,0,4339,144827,149166,1651
2020-09-06,47135,47135,120,0,107,0,13,0,19,-1,5,0,,,0,0,132,2627,2759,13
2020-09-06,47137,47137,79,0,64,0,15,0,23,-1,1,0,,,1,0,87,840,927,6
2020-09-06,47127,47127,117,1,112,1,5,0,13,-1,1,0,,,1,0,143,1634,1777,4
2020-09-06,47133,47133,529,1,494,1,35,0,109,-2,15,0,,,2,0,588,5602,6190,34
2020-09-06,47125,47125,2595,19,2519,20,76,-1,190,7,106,0,,,31,0,2962,33157,36119,251
2020-09-06,47119,47119,1883,27,1873,27,10,0,250,5,65,0,,,18,0,2201,20196,22397,201
2020-09-06,47121,47121,180,5,176,5,4,0,35,0,8,0,,,2,0,209,2448,2657,25
2020-09-06,47109,47109,631,7,533,7,98,0,139,4,31,0,,,14,0,714,5455,6169,96
2020-09-06,47107,47107,864,8,850,8,14,0,105,-8,48,0,,,24,0,1014,13025,14039,104
2020-09-06,47117,47117,595,10,590,10,5,0,95,-1,17,0,,,4,0,677,7398,8075,66
2020-09-06,47115,47115,386,9,382,9,4,0,62,5,32,0,,,7,0,470,4706,5176,54
2020-09-06,47113,47113,2060,17,1837,12,223,5,343,8,117,3,,,48,0,2258,21481,23739,226
2020-09-06,47111,47111,950,4,940,4,10,0,51,4,72,0,,,16,0,1161,5943,7104,65
2020-09-06,47105,47105,976,7,948,7,28,0,104,2,30,0,,,4,0,1075,10396,11471,87
2020-09-06,47103,47103,460,16,452,16,8,0,56,14,16,0,,,1,0,566,6369,6935,87
2020-09-06,47123,47123,871,12,833,12,38,0,183,1,52,0,,,15,0,965,8642,9607,100
2020-09-06,47141,47141,2488,34,2386,33,102,1,350,18,80,0,,,31,0,3022,24085,27107,328
2020-09-06,47101,47101,149,1,148,1,1,0,18,-3,10,0,,,1,0,164,3421,3585,25
2020-09-06,47145,47145,690,16,666,16,24,0,114,14,23,0,,,2,0,835,14409,15244,174
2020-09-06,47187,47187,4548,47,4517,47,31,0,406,22,104,0,,,30,0,5386,54849,60235,522
2020-09-06,47185,47185,626,10,586,10,40,0,142,1,29,0,,,7,0,757,7346,8103,143
2020-09-06,47183,47183,963,9,893,8,70,1,165,-4,23,0,,,14,0,1046,8705,9751,75
2020-09-06,47181,47181,1487,0,1476,0,11,0,1174,-5,15,0,,,2,0,1579,5144,6723,17
2020-09-06,47179,47179,1837,18,1791,18,46,0,241,0,88,2,,,14,0,2139,23850,25989,179
2020-09-06,47177,47177,907,13,839,13,68,0,151,6,12,0,,,7,0,1013,10837,11850,119
2020-09-06,47175,47175,112,6,103,6,9,0,45,5,5,0,,,0,0,124,1232,1356,30
2020-09-06,47173,47173,246,1,237,1,9,0,26,-2,5,0,,,1,0,270,3628,3898,37
2020-09-06,47171,47171,238,3,233,3,5,0,24,-1,12,0,,,1,0,272,4604,4876,52
2020-09-06,47169,47169,1629,0,1626,0,3,0,23,-1,21,0,,,7,0,1702,4024,5726,37
2020-09-06,47167,47167,1556,24,1481,23,75,1,169,13,79,0,,,15,0,1826,17363,19189,168
2020-09-06,47165,47165,4263,17,4236,17,27,0,265,-7,343,1,,,87,0,5108,36248,41356,455
2020-09-06,47163,47163,1856,19,1763,19,93,0,259,11,141,1,,,26,0,2003,23436,25439,245
2020-09-06,47161,47161,107,1,103,1,4,0,13,0,6,0,,,0,0,133,2283,2416,10
2020-09-06,47159,47159,577,10,562,10,15,0,53,8,24,0,,,8,0,728,4496,5224,51
2020-09-06,47157,47157,27786,155,27587,154,199,1,1634,63,1756,3,,,402,2,34319,312890,347209,2381
2020-09-06,47155,47155,2325,10,2259,11,66,-1,164,3,81,0,,,13,0,2598,21655,24253,151
2020-09-06,47153,47153,174,4,173,4,1,0,15,1,10,0,,,2,0,200,4041,4241,59
2020-09-06,47151,47151,167,0,160,0,7,0,13,0,12,0,,,2,0,181,3410,3591,40
2020-09-06,47149,47149,8159,49,8120,49,39,0,502,7,240,0,,,80,0,10088,67671,77759,725
2020-09-06,47147,47147,1987,16,1974,16,13,0,168,10,132,1,,,30,0,2441,14448,16889,149
2020-09-06,47143,47143,683,12,682,12,1,0,61,6,19,0,,,5,0,821,8477,9298,89
2020-09-06,47099,47099,797,12,788,12,9,0,87,3,30,0,,,11,1,933,8557,9490,40
2020-09-06,47049,47049,298,7,266,7,32,0,110,3,13,0,,,0,0,328,3192,3520,33
2020-09-06,47095,47095,845,-1,840,0,5,-1,19,-1,5,0,,,2,0,1036,5306,6342,46
2020-09-06,47041,47041,507,6,493,6,14,0,69,2,19,0,,,6,0,629,6555,7184,65
2020-09-06,47039,47039,347,7,265,3,82,4,69,4,7,0,,,4,0,382,4305,4687,93
2020-09-06,47037,47037,24242,241,24125,240,117,1,1082,141,962,1,,,264,0,30413,265445,295858,2037
2020-09-06,47035,47035,992,7,969,8,23,-1,215,-6,43,0,,,9,0,1214,18480,19694,142
2020-09-06,47033,47033,429,2,379,1,50,1,67,-3,18,0,,,14,0,467,2485,2952,24
2020-09-06,47031,47031,825,12,758,11,67,1,123,-3,26,0,,,7,0,995,14339,15334,219
2020-09-06,47029,47029,670,5,623,3,47,2,61,3,29,0,,,7,0,708,6636,7344,70
2020-09-06,47027,47027,131,1,120,1,11,0,15,-2,4,0,,,2,0,139,2201,2340,46
2020-09-06,47025,47025,382,8,355,8,27,0,46,6,16,0,,,3,0,428,8559,8987,103
2020-09-06,47023,47023,456,3,399,1,57,2,76,-2,14,0,,,6,0,501,4031,4532,45
2020-09-06,47021,47021,724,1,717,1,7,0,31,-3,28,0,,,10,0,875,8910,9785,57
2020-09-06,47019,47019,992,12,943,14,49,-2,139,1,69,0,,,24,0,1096,12394,13490,100
2020-09-06,47017,47017,685,8,585,9,100,-1,154,-4,33,0,,,10,0,723,7558,8281,99
2020-09-06,47015,47015,226,-1,213,-1,13,0,40,-1,6,0,,,0,0,274,3054,3328,39
2020-09-06,47013,47013,366,9,342,9,24,0,42,6,16,0,,,3,0,407,8781,9188,152
2020-09-06,47011,47011,2578,9,2512,8,66,1,177,-10,137,1,,,16,0,3094,21134,24228,155
2020-09-06,47009,47009,2142,14,2103,14,39,0,322,8,90,0,,,17,0,2486,23121,25607,275
2020-09-06,47007,47007,802,4,798,4,4,0,22,2,17,0,,,4,0,840,6072,6912,50
2020-09-06,47005,47005,284,5,275,4,9,1,55,3,15,0,,,7,0,302,3494,3796,34
2020-09-06,47003,47003,1164,15,1116,15,48,0,87,9,45,0,,,14,0,1384,10479,11863,84
2020-09-06,47001,47001,949,13,924,13,25,0,92,10,31,0,,,8,0,1110,20864,21974,220
2020-09-06,47043,47043,1008,20,917,21,91,-1,129,13,49,0,,,9,0,1246,11574,12820,117
2020-09-06,47045,47045,1056,22,987,23,69,-1,153,16,51,0,,,10,0,1146,8545,9691,172
2020-09-06,47097,47097,825,86,772,84,53,2,152,81,38,0,,,12,0,899,8751,9650,312
2020-09-06,47051,47051,634,20,617,19,17,1,173,7,27,0,,,5,0,751,12659,13410,180
2020-09-06,47047,47047,997,14,976,13,21,1,108,12,65,0,,,11,0,1268,13184,14452,121
2020-09-06,47093,47093,7203,150,6955,149,248,1,1125,89,280,5,,,64,0,8010,104351,112361,1133
2020-09-06,47091,47091,506,71,498,71,8,0,104,68,14,0,,,1,0,545,4901,5446,251
2020-09-06,47089,47089,913,26,805,26,108,0,162,13,43,0,,,7,0,944,13569,14513,123
2020-09-06,47087,47087,261,0,243,0,18,0,34,0,12,0,,,2,0,295,2026,2321,14
2020-09-06,47085,47085,178,3,163,4,15,-1,26,2,4,0,,,3,0,204,4198,4402,47
2020-09-06,47081,47081,408,6,388,6,20,0,67,3,12,0,,,4,0,514,5643,6157,193
2020-09-06,47079,47079,526,3,510,2,16,1,91,-1,33,0,,,7,0,617,7864,8481,77
2020-09-06,47077,47077,973,22,784,15,189,7,142,19,35,0,,,11,0,1191,6851,8042,93
2020-09-06,47075,47075,806,8,765,8,41,0,69,6,32,0,,,12,0,874,4940,5814,53
2020-09-06,47083,47083,117,2,114,2,3,0,32,0,9,0,,,0,0,130,1735,1865,19
2020-09-06,47071,47071,803,15,678,16,125,-1,152,4,22,0,,,12,0,877,9845,10722,64
2020-09-06,47069,47069,1284,6,1227,6,57,0,84,2,57,0,,,22,0,1486,11655,13141,114
2020-09-06,47067,47067,99,1,91,1,8,0,3,1,11,0,,,2,0,110,1611,1721,9
2020-09-06,47065,47065,8505,78,8350,74,155,4,768,-8,337,1,,,77,0,9724,110887,120611,996
2020-09-06,47053,47053,1191,17,977,15,214,2,182,5,44,0,,,17,0,1311,11096,12407,148
2020-09-06,47063,47063,1689,4,1614,4,75,0,88,-10,74,0,,,21,0,1844,18155,19999,107
2020-09-06,47061,47061,158,3,153,3,5,0,18,3,19,0,,,3,0,186,1992,2178,23
2020-09-06,47059,47059,926,10,868,10,58,0,146,4,65,1,,,19,0,1099,12224,13323,137
2020-09-06,47057,47057,295,5,280,5,15,0,40,2,17,0,,,1,0,347,4956,5303,35
2020-09-06,47055,47055,483,10,480,10,3,0,39,8,31,0,,,15,0,586,7107,7693,51
2020-09-06,47073,47073,698,7,683,7,15,0,51,5,50,0,,,13,0,813,7979,8792,48
2020-09-07,47127,47127,117,0,112,0,5,0,13,0,1,0,,,1,0,143,1636,1779,2
2020-09-07,47129,47129,266,1,251,1,15,0,48,-3,4,0,,,2,0,293,6912,7205,25
2020-09-07,47131,47131,934,9,912,9,22,0,142,3,36,0,,,8,0,1030,7817,8847,69
2020-09-07,47137,47137,80,1,65,1,15,0,24,1,1,0,,,1,0,88,846,934,7
2020-09-07,47133,47133,534,5,499,5,35,0,108,-1,15,0,,,2,0,594,5709,6303,113
2020-09-07,,47PEN,3797,2,3686,0,111,2,512,-11,70,0,,,7,0,4346,145621,149967,801
2020-09-07,47135,47135,120,0,107,0,13,0,17,-2,5,0,,,0,0,132,2636,2768,9
2020-09-07,47125,47125,2628,33,2553,34,75,-1,212,22,106,0,,,31,0,2998,33406,36404,285
2020-09-07,,47OOS,2578,41,2530,38,48,3,609,34,83,0,,,24,0,2569,224027,226596,1546
2020-09-07,47123,47123,875,4,836,3,39,1,179,-4,53,1,,,15,0,970,8715,9685,78
2020-09-07,47101,47101,149,0,148,0,1,0,15,-3,10,0,,,1,0,164,3510,3674,89
2020-09-07,47109,47109,633,2,535,2,98,0,138,-1,31,0,,,14,0,715,5502,6217,48
2020-09-07,47107,47107,875,11,861,11,14,0,108,3,48,0,,,24,0,1024,13161,14185,146
2020-09-07,47119,47119,1892,9,1882,9,10,0,244,-6,66,1,,,18,0,2208,20279,22487,90
2020-09-07,47117,47117,599,4,594,4,5,0,94,-1,17,0,,,4,0,681,7415,8096,21
2020-09-07,47115,47115,392,6,388,6,4,0,68,6,32,0,,,7,0,476,4737,5213,37
2020-09-07,47113,47113,2089,29,1859,22,230,7,353,10,117,0,,,48,0,2291,21663,23954,215
2020-09-07,47111,47111,952,2,942,2,10,0,51,0,72,0,,,16,0,1164,5971,7135,31
2020-09-07,47105,47105,976,0,948,0,28,0,101,-3,30,0,,,4,0,1076,10458,11534,63
2020-09-07,47103,47103,464,4,456,4,8,0,57,1,16,0,,,1,0,570,6391,6961,26
2020-09-07,47139,47139,353,2,346,2,7,0,30,0,19,0,,,11,1,404,3107,3511,12
2020-09-07,47121,47121,181,1,177,1,4,0,33,-2,8,0,,,2,0,211,2465,2676,19
2020-09-07,47141,47141,2499,11,2397,11,102,0,348,-2,80,0,,,31,0,3033,24262,27295,188
2020-09-07,47163,47163,1872,16,1779,16,93,0,254,-5,141,0,,,26,0,2022,23540,25562,123
2020-09-07,47145,47145,693,3,666,0,27,3,110,-4,23,0,,,2,0,835,14454,15289,45
2020-09-07,47099,47099,799,2,790,2,9,0,84,-3,30,0,,,11,0,934,8624,9558,68
2020-09-07,47187,47187,4572,24,4537,20,35,4,407,1,105,1,,,31,1,5416,55132,60548,313
2020-09-07,47185,47185,626,0,586,0,40,0,136,-6,29,0,,,7,0,758,7387,8145,42
2020-09-07,47183,47183,971,8,896,3,75,5,164,-1,23,0,,,14,0,1057,8757,9814,63
2020-09-07,47181,47181,1489,2,1477,1,12,1,1173,-1,15,0,,,2,0,1581,5169,6750,27
2020-09-07,47179,47179,1862,25,1816,25,46,0,249,8,88,0,,,14,0,2165,23911,26076,87
2020-09-07,47177,47177,913,6,845,6,68,0,147,-4,12,0,,,7,0,1019,10870,11889,39
2020-09-07,47175,47175,112,0,103,0,9,0,43,-2,5,0,,,0,0,124,1235,1359,3
2020-09-07,47173,47173,248,2,239,2,9,0,27,1,5,0,,,1,0,272,3651,3923,25
2020-09-07,47171,47171,243,5,238,5,5,0,28,4,12,0,,,1,0,277,4612,4889,13
2020-09-07,47169,47169,1629,0,1626,0,3,0,23,0,21,0,,,7,0,1701,4035,5736,10
2020-09-07,47167,47167,1561,5,1486,5,75,0,163,-6,79,0,,,15,0,1834,17453,19287,98
2020-09-07,47165,47165,4282,19,4254,18,28,1,268,3,343,0,,,87,0,5125,36451,41576,220
2020-09-07,47161,47161,107,0,103,0,4,0,13,0,6,0,,,0,0,133,2289,2422,6
2020-09-07,47159,47159,580,3,565,3,15,0,56,3,24,0,,,8,0,731,4521,5252,28
2020-09-07,47157,47157,27947,161,27742,155,205,6,1701,67,1756,0,,,402,0,34511,315091,349602,2393
2020-09-07,47155,47155,2326,1,2260,1,66,0,157,-7,81,0,,,13,0,2599,21731,24330,77
2020-09-07,47153,47153,174,0,173,0,1,0,15,0,10,0,,,2,0,201,4057,4258,17
2020-09-07,47151,47151,167,0,160,0,7,0,13,0,12,0,,,2,0,181,3420,3601,10
2020-09-07,47149,47149,8188,29,8148,28,40,1,499,-3,241,1,,,80,0,10123,68184,78307,548
2020-09-07,47147,47147,1991,4,1978,4,13,0,161,-7,132,0,,,30,0,2443,14505,16948,59
2020-09-07,47143,47143,684,1,683,1,1,0,57,-4,19,0,,,5,0,823,8504,9327,29
2020-09-07,47097,47097,833,8,780,8,53,0,156,4,38,0,,,12,0,905,8786,9691,41
2020-09-07,47189,47189,3043,21,3027,21,16,0,274,0,94,0,,,31,0,3639,31266,34905,189
2020-09-07,47093,47093,7304,101,7049,94,255,7,1159,34,284,4,,,65,1,8111,104848,112959,598
2020-09-07,47041,47041,507,0,493,0,14,0,68,-1,19,0,,,6,0,629,6638,7267,83
2020-09-07,47039,47039,354,7,275,10,79,-3,72,3,7,0,,,4,0,393,4399,4792,105
2020-09-07,47037,47037,24372,130,24252,127,120,3,1138,56,964,2,,,264,0,30556,266423,296979,1121
2020-09-07,47035,47035,992,0,969,0,23,0,205,-10,43,0,,,9,0,1216,18520,19736,42
2020-09-07,47033,47033,431,2,381,2,50,0,64,-3,18,0,,,14,0,468,2495,2963,11
2020-09-07,47031,47031,834,9,767,9,67,0,122,-1,26,0,,,7,0,1004,14400,15404,70
2020-09-07,47029,47029,673,3,625,2,48,1,60,-1,29,0,,,7,0,710,6674,7384,40
2020-09-07,47027,47027,131,0,120,0,11,0,14,-1,4,0,,,2,0,139,2214,2353,13
2020-09-07,47025,47025,383,1,356,1,27,0,45,-1,16,0,,,3,0,429,8617,9046,59
2020-09-07,47023,47023,461,5,404,5,57,0,77,1,14,0,,,6,0,508,4083,4591,59
2020-09-07,47021,47021,728,4,720,3,8,1,33,2,28,0,,,10,0,879,8940,9819,34
2020-09-07,47019,47019,995,3,946,3,49,0,130,-9,71,2,,,24,0,1099,12422,13521,31
2020-09-07,47017,47017,694,9,590,5,104,4,154,0,33,0,,,10,0,733,7694,8427,146
2020-09-07,47015,47015,230,4,217,4,13,0,44,4,6,0,,,0,0,274,3077,3351,23
2020-09-07,47013,47013,369,3,345,3,24,0,44,2,16,0,,,3,0,411,8905,9316,128
2020-09-07,47011,47011,2587,9,2517,5,70,4,175,-2,137,0,,,16,0,3103,21216,24319,91
2020-09-07,47009,47009,2147,5,2107,4,40,1,318,-4,90,0,,,17,0,2494,23228,25722,115
2020-09-07,47007,47007,802,0,798,0,4,0,20,-2,17,0,,,4,0,840,6085,6925,13
2020-09-07,47005,47005,286,2,276,1,10,1,54,-1,15,0,,,7,0,304,3509,3813,17
2020-09-07,47003,47003,1166,2,1118,2,48,0,83,-4,45,0,,,14,0,1385,10502,11887,24
2020-09-07,47001,47001,952,3,927,3,25,0,93,1,31,0,,,8,0,1113,20925,22038,64
2020-09-07,47043,47043,1015,7,923,6,92,1,128,-1,49,0,,,9,0,1252,11707,12959,139
2020-09-07,47045,47045,1060,4,990,3,70,1,151,-2,51,0,,,10,0,1148,8613,9761,70
2020-09-07,47095,47095,846,1,841,1,5,0,19,0,5,0,,,2,0,1036,5328,6364,22
2020-09-07,47049,47049,300,2,267,1,33,1,108,-2,14,1,,,0,0,329,3207,3536,16
2020-09-07,47047,47047,1005,8,984,8,21,0,110,2,65,0,,,11,0,1278,13244,14522,70
2020-09-07,47091,47091,511,5,505,7,6,-2,107,3,14,0,,,1,0,552,4904,5456,10
2020-09-07,47089,47089,918,5,809,4,109,1,163,1,43,0,,,7,0,948,13613,14561,48
2020-09-07,47087,47087,261,0,243,0,18,0,31,-3,12,0,,,2,0,295,2036,2331,10
2020-09-07,47085,47085,179,1,164,1,15,0,24,-2,4,0,,,3,0,205,4239,4444,42
2020-09-07,47083,47083,119,2,116,2,3,0,29,-3,9,0,,,0,0,132,1740,1872,7
2020-09-07,47079,47079,527,1,511,1,16,0,91,0,33,0,,,7,0,618,7912,8530,49
2020-09-07,47077,47077,975,2,785,1,190,1,138,-4,35,0,,,11,0,1193,6988,8181,139
2020-09-07,47075,47075,810,4,767,2,43,2,71,2,32,0,,,12,0,879,5039,5918,104
2020-09-07,47073,47073,703,5,686,3,17,2,51,0,51,1,,,13,0,816,8017,8833,41
2020-09-07,47081,47081,412,4,391,3,21,1,60,-7,12,0,,,4,0,518,5664,6182,25
2020-09-07,47069,47069,1288,4,1231,4,57,0,87,3,57,0,,,22,0,1492,11759,13251,110
2020-09-07,47067,47067,100,1,92,1,8,0,4,1,11,0,,,2,0,111,1616,1727,6
2020-09-07,47065,47065,8563,58,8408,58,155,0,767,-1,338,1,,,78,1,9783,111628,121411,800
2020-09-07,47063,47063,1691,2,1615,1,76,1,85,-3,74,0,,,21,0,1846,18199,20045,46
2020-09-07,47051,47051,636,2,619,2,17,0,170,-3,27,0,,,5,0,753,12690,13443,33
2020-09-07,47061,47061,158,0,153,0,5,0,17,-1,19,0,,,3,0,186,1998,2184,6
2020-09-07,47059,47059,937,11,878,10,59,1,143,-3,66,1,,,19,0,1113,12254,13367,44
2020-09-07,47057,47057,295,0,280,0,15,0,37,-3,17,0,,,1,0,347,4971,5318,15
2020-09-07,47055,47055,486,3,483,3,3,0,40,1,31,0,,,15,0,588,7156,7744,51
2020-09-07,47053,47053,1214,23,991,14,223,9,193,11,44,0,,,17,0,1338,11221,12559,152
2020-09-07,47071,47071,807,4,683,5,124,-1,149,-3,22,0,,,12,0,883,9916,10799,77
2020-09-08,47127,47127,118,1,113,1,5,0,14,1,1,0,,,1,0,144,1643,1787,8
2020-09-08,47129,47129,266,0,251,0,15,0,43,-5,5,1,,,2,0,293,6918,7211,6
2020-09-08,47131,47131,937,3,915,3,22,0,127,-15,36,0,,,8,0,1034,7882,8916,69
2020-09-08,47137,47137,80,0,65,0,15,0,21,-3,1,0,,,1,0,88,847,935,1
2020-09-08,47133,47133,537,3,501,2,36,1,97,-11,15,0,,,2,0,597,5720,6317,14
2020-09-08,,47PEN,3823,26,3716,30,107,-4,473,-39,70,0,,,9,2,4379,145871,150250,283
2020-09-08,47135,47135,122,2,109,2,13,0,17,0,5,0,,,0,0,133,2643,2776,8
2020-09-08,47125,47125,2639,11,2563,10,76,1,194,-18,107,1,,,33,2,3011,33517,36528,124
2020-09-08,,47OOS,2574,-4,2526,-4,48,0,573,-36,83,0,,,23,-1,2560,224638,227198,602
2020-09-08,47123,47123,874,-1,835,-1,39,0,146,-33,53,0,,,15,0,970,8730,9700,15
2020-09-08,47101,47101,149,0,148,0,1,0,14,-1,10,0,,,1,0,164,3594,3758,84
2020-09-08,47109,47109,635,2,536,1,99,1,126,-12,31,0,,,14,0,717,5526,6243,26
2020-09-08,47107,47107,884,9,870,9,14,0,103,-5,48,0,,,24,0,1034,13196,14230,45
2020-09-08,47119,47119,1900,8,1890,8,10,0,217,-27,66,0,,,18,0,2225,20347,22572,85
2020-09-08,47117,47117,599,0,594,0,5,0,74,-20,17,0,,,4,0,680,7441,8121,25
2020-09-08,47115,47115,397,5,393,5,4,0,65,-3,32,0,,,7,0,481,4748,5229,16
2020-09-08,47113,47113,2105,16,1875,16,230,0,324,-29,119,2,,,49,1,2307,21754,24061,107
2020-09-08,47111,47111,952,0,942,0,10,0,46,-5,72,0,,,17,1,1169,6003,7172,37
2020-09-08,47105,47105,986,10,957,9,29,1,96,-5,30,0,,,4,0,1086,10482,11568,34
2020-09-08,47103,47103,467,3,459,3,8,0,57,0,16,0,,,1,0,573,6434,7007,46
2020-09-08,47139,47139,353,0,346,0,7,0,23,-7,19,0,,,11,0,404,3113,3517,6
2020-09-08,47121,47121,182,1,178,1,4,0,30,-3,9,1,,,3,1,213,2467,2680,4
2020-09-08,47141,47141,2502,3,2400,3,102,0,304,-44,81,1,,,32,1,3048,24279,27327,32
2020-09-08,47163,47163,1875,3,1782,3,93,0,239,-15,143,2,,,27,1,2028,23599,25627,65
2020-09-08,47145,47145,696,3,669,3,27,0,98,-12,23,0,,,2,0,839,14478,15317,28
2020-09-08,47099,47099,804,5,795,5,9,0,80,-4,30,0,,,11,0,941,8670,9611,53
2020-09-08,47187,47187,4585,13,4549,12,36,1,380,-27,105,0,,,32,1,5432,55299,60731,183
2020-09-08,47185,47185,627,1,586,0,41,1,113,-23,29,0,,,7,0,759,7393,8152,7
2020-09-08,47183,47183,970,-1,895,-1,75,0,140,-24,24,1,,,14,0,1058,8767,9825,11
2020-09-08,47181,47181,1489,0,1476,-1,13,1,1167,-6,15,0,,,2,0,1585,5181,6766,16
2020-09-08,47179,47179,1863,1,1817,1,46,0,230,-19,88,0,,,14,0,2165,23944,26109,33
2020-09-08,47177,47177,914,1,845,0,69,1,126,-21,12,0,,,7,0,1022,10882,11904,15
2020-09-08,47175,47175,115,3,105,2,10,1,40,-3,5,0,,,0,0,127,1237,1364,5
2020-09-08,47173,47173,249,1,238,-1,11,2,26,-1,5,0,,,1,0,272,3659,3931,8
2020-09-08,47171,47171,241,-2,238,0,3,-2,24,-4,12,0,,,1,0,277,4615,4892,3
2020-09-08,47169,47169,1629,0,1626,0,3,0,19,-4,21,0,,,7,0,1702,4040,5742,6
2020-09-08,47167,47167,1566,5,1492,6,74,-1,143,-20,79,0,,,15,0,1846,17468,19314,27
2020-09-08,47165,47165,4300,18,4272,18,28,0,247,-21,345,2,,,87,0,5152,36730,41882,306
2020-09-08,47161,47161,108,1,104,1,4,0,13,0,6,0,,,1,1,134,2293,2427,5
2020-09-08,47159,47159,590,10,575,10,15,0,56,0,24,0,,,9,1,760,4530,5290,38
2020-09-08,47157,47157,28011,64,27803,61,208,3,1537,-164,1763,7,,,407,5,34615,315467,350082,480
2020-09-08,47155,47155,2329,3,2263,3,66,0,140,-17,81,0,,,13,0,2603,21768,24371,41
2020-09-08,47153,47153,177,3,176,3,1,0,16,1,10,0,,,2,0,206,4063,4269,11
2020-09-08,47151,47151,167,0,160,0,7,0,10,-3,12,0,,,2,0,180,3421,3601,0
2020-09-08,47149,47149,8242,54,8202,54,40,0,472,-27,244,3,,,80,0,10199,68463,78662,355
2020-09-08,47147,47147,2014,23,2001,23,13,0,153,-8,132,0,,,31,1,2475,14517,16992,44
2020-09-08,47143,47143,686,2,685,2,1,0,49,-8,19,0,,,5,0,824,8510,9334,7
2020-09-08,47189,47189,3059,16,3043,16,16,0,264,-10,94,0,,,31,0,3653,31406,35059,154
2020-09-08,47097,47097,831,-2,778,-2,53,0,142,-14,38,0,,,12,0,909,8804,9713,22
2020-09-08,47093,47093,7370,66,7113,64,257,2,1133,-26,285,1,,,66,1,8183,105170,113353,394
2020-09-08,47041,47041,507,0,493,0,14,0,59,-9,19,0,,,6,0,629,6651,7280,13
2020-09-08,47039,47039,360,6,281,6,79,0,74,2,7,0,,,4,0,400,4419,4819,27
2020-09-08,47037,47037,24418,46,24297,45,121,1,1057,-81,971,7,,,267,3,30618,266936,297554,575
2020-09-08,47035,47035,992,0,969,0,23,0,178,-27,43,0,,,9,0,1216,18536,19752,16
2020-09-08,47033,47033,431,0,381,0,50,0,55,-9,18,0,,,14,0,469,2505,2974,11
2020-09-08,47031,47031,836,2,768,1,68,1,108,-14,27,1,,,7,0,1006,14481,15487,83
2020-09-08,47029,47029,671,-2,626,1,45,-3,47,-13,29,0,,,7,0,711,6685,7396,12
2020-09-08,47027,47027,131,0,120,0,11,0,12,-2,4,0,,,2,0,139,2219,2358,5
2020-09-08,47025,47025,383,0,357,1,26,-1,41,-4,16,0,,,3,0,429,8625,9054,8
2020-09-08,47021,47021,729,1,721,1,8,0,33,0,28,0,,,10,0,882,9005,9887,68
2020-09-08,47019,47019,1000,5,951,5,49,0,104,-26,73,2,,,25,1,1103,12469,13572,51
2020-09-08,47017,47017,698,4,593,3,105,1,131,-23,33,0,,,10,0,737,7726,8463,36
2020-09-08,47015,47015,231,1,218,1,13,0,41,-3,6,0,,,0,0,282,3072,3354,3
2020-09-08,47013,47013,369,0,345,0,24,0,39,-5,16,0,,,3,0,410,8917,9327,11
2020-09-08,47011,47011,2595,8,2526,9,69,-1,155,-20,139,2,,,16,0,3113,21246,24359,40
2020-09-08,47009,47009,2152,5,2111,4,41,1,310,-8,90,0,,,17,0,2503,23284,25787,65
2020-09-08,47007,47007,802,0,798,0,4,0,18,-2,17,0,,,4,0,839,6089,6928,3
2020-09-08,47005,47005,288,2,278,2,10,0,50,-4,15,0,,,7,0,306,3514,3820,7
2020-09-08,47003,47003,1169,3,1121,3,48,0,71,-12,45,0,,,14,0,1387,10530,11917,30
2020-09-08,47001,47001,957,5,932,5,25,0,87,-6,31,0,,,9,1,1121,21008,22129,91
2020-09-08,47095,47095,848,2,843,2,5,0,19,0,5,0,,,2,0,1037,5332,6369,5
2020-09-08,47043,47043,1077,62,985,62,92,0,120,-8,51,2,,,9,0,1319,11742,13061,102
2020-09-08,47045,47045,1063,3,997,7,66,-4,135,-16,53,2,,,10,0,1148,8634,9782,21
2020-09-08,47023,47023,463,2,406,2,57,0,69,-8,15,1,,,6,0,509,4093,4602,11
2020-09-08,47049,47049,299,-1,266,-1,33,0,91,-17,14,0,,,0,0,330,3215,3545,9
2020-09-08,47047,47047,1008,3,987,3,21,0,90,-20,66,1,,,12,1,1285,13251,14536,14
2020-09-08,47089,47089,923,5,817,8,106,-3,148,-15,44,1,,,9,2,955,13631,14586,25
2020-09-08,47087,47087,262,1,244,1,18,0,28,-3,12,0,,,2,0,298,2037,2335,4
2020-09-08,47085,47085,181,2,165,1,16,1,21,-3,4,0,,,3,0,206,4276,4482,38
2020-09-08,47083,47083,120,1,116,0,4,1,27,-2,9,0,,,0,0,132,1742,1874,2
2020-09-08,47081,47081,413,1,392,1,21,0,50,-10,12,0,,,4,0,519,5680,6199,17
2020-09-08,47079,47079,526,-1,511,0,15,-1,80,-11,33,0,,,8,1,618,7923,8541,11
2020-09-08,47077,47077,983,8,793,8,190,0,131,-7,35,0,,,11,0,1206,6999,8205,24
2020-09-08,47075,47075,817,7,773,6,44,1,65,-6,32,0,,,12,0,891,5077,5968,50
2020-09-08,47073,47073,704,1,687,1,17,0,49,-2,51,0,,,13,0,817,8061,8878,45
2020-09-08,47071,47071,810,3,685,2,125,1,135,-14,22,0,,,12,0,888,9926,10814,15
2020-09-08,47091,47091,509,-2,503,-2,6,0,101,-6,14,0,,,1,0,550,4907,5457,1
2020-09-08,47067,47067,100,0,92,0,8,0,4,0,11,0,,,2,0,111,1616,1727,0
2020-09-08,47065,47065,8594,31,8435,27,159,4,714,-53,339,1,,,78,0,9818,112068,121886,475
2020-09-08,47063,47063,1693,2,1617,2,76,0,73,-12,74,0,,,21,0,1849,18209,20058,13
2020-09-08,47061,47061,158,0,153,0,5,0,15,-2,19,0,,,3,0,186,2001,2187,3
2020-09-08,47059,47059,938,1,880,2,58,-1,122,-21,66,0,,,19,0,1117,12271,13388,21
2020-09-08,47057,47057,295,0,280,0,15,0,28,-9,17,0,,,1,0,346,4979,5325,7
2020-09-08,47055,47055,490,4,487,4,3,0,41,1,31,0,,,15,0,594,7181,7775,31
2020-09-08,47053,47053,1237,23,1013,22,224,1,185,-8,44,0,,,17,0,1366,11251,12617,58
2020-09-08,47051,47051,648,12,630,11,18,1,165,-5,28,1,,,5,0,768,12715,13483,40
2020-09-08,47069,47069,1288,0,1231,0,57,0,76,-11,57,0,,,22,0,1493,11768,13261,10
2020-09-09,47139,47139,353,0,346,0,7,0,20,-3,19,0,,,11,0,405,3149,3554,37
2020-09-09,47127,47127,118,0,113,0,5,0,12,-2,1,0,,,1,0,144,1654,1798,11
2020-09-09,47129,47129,268,2,252,1,16,1,35,-8,5,0,,,2,0,295,6939,7234,23
2020-09-09,47131,47131,940,3,917,2,23,1,121,-6,35,-1,,,8,0,1036,7915,8951,35
2020-09-09,47137,47137,83,3,68,3,15,0,23,2,1,0,,,1,0,91,849,940,5
2020-09-09,47133,47133,538,1,503,2,35,-1,85,-12,14,-1,,,2,0,597,5741,6338,21
2020-09-09,,47PEN,3866,43,3756,40,110,3,520,47,72,2,,,10,1,4424,146661,151085,835
2020-09-09,47135,47135,123,1,110,1,13,0,18,1,5,0,,,0,0,135,2661,2796,20
2020-09-09,47125,47125,2661,22,2577,14,84,8,183,-11,108,1,,,35,2,3021,33754,36775,247
2020-09-09,,47OOS,2555,-19,2505,-21,50,2,549,-24,85,2,,,23,0,2583,226538,229121,1923
2020-09-09,47123,47123,879,5,842,7,37,-2,125,-21,55,2,,,16,1,978,8783,9761,61
2020-09-09,47117,47117,601,2,596,2,5,0,69,-5,17,0,,,4,0,683,7475,8158,37
2020-09-09,47109,47109,648,13,543,7,105,6,130,4,31,0,,,14,0,731,5552,6283,40
2020-09-09,47107,47107,894,10,880,10,14,0,98,-5,48,0,,,24,0,1044,13336,14380,150
2020-09-09,47119,47119,1902,2,1891,1,11,1,192,-25,66,0,,,18,0,2228,20440,22668,96
2020-09-09,47115,47115,400,3,396,3,4,0,62,-3,32,0,,,7,0,484,4773,5257,28
2020-09-09,47113,47113,2152,47,1892,17,260,30,339,15,120,1,,,50,1,2357,21874,24231,170
2020-09-09,47111,47111,952,0,942,0,10,0,41,-5,72,0,,,18,1,1170,6024,7194,22
2020-09-09,47105,47105,986,0,957,0,29,0,83,-13,30,0,,,4,0,1086,10552,11638,70
2020-09-09,47103,47103,467,0,459,0,8,0,51,-6,16,0,,,1,0,574,6452,7026,19
2020-09-09,47101,47101,149,0,148,0,1,0,12,-2,11,1,,,1,0,165,3603,3768,10
2020-09-09,47121,47121,186,4,182,4,4,0,31,1,9,0,,,3,0,216,2483,2699,19
2020-09-09,47141,47141,2518,16,2413,13,105,3,288,-16,83,2,,,33,1,3072,24369,27441,114
2020-09-09,47099,47099,808,4,799,4,9,0,80,0,30,0,,,11,0,945,8768,9713,102
2020-09-09,47145,47145,704,8,678,9,26,-1,96,-2,25,2,,,2,0,848,14525,15373,56
2020-09-09,47187,47187,4609,24,4570,21,39,3,365,-15,106,1,,,32,0,5453,55638,61091,360
2020-09-09,47185,47185,629,2,589,3,40,-1,91,-22,29,0,,,7,0,764,7419,8183,31
2020-09-09,47183,47183,977,7,901,6,76,1,129,-11,24,0,,,14,0,1069,8833,9902,77
2020-09-09,47181,47181,1460,-29,1447,-29,13,0,1131,-36,16,1,,,4,2,1555,5190,6745,-21
2020-09-09,47179,47179,1876,13,1829,12,47,1,222,-8,89,1,,,16,2,2181,24169,26350,241
2020-09-09,47177,47177,914,0,845,0,69,0,114,-12,13,1,,,7,0,1021,11002,12023,119
2020-09-09,47175,47175,114,-1,104,-1,10,0,36,-4,5,0,,,0,0,127,1304,1431,67
2020-09-09,47173,47173,250,1,239,1,11,0,21,-5,5,0,,,1,0,274,3671,3945,14
2020-09-09,47171,47171,244,3,240,2,4,1,25,1,12,0,,,1,0,280,4760,5040,148
2020-09-09,47169,47169,1631,2,1628,2,3,0,20,1,21,0,,,7,0,1703,4054,5757,15
2020-09-09,47167,47167,1572,6,1493,1,79,5,145,2,79,0,,,15,0,1857,17561,19418,104
2020-09-09,47165,47165,4318,18,4290,18,28,0,233,-14,345,0,,,88,1,5178,36918,42096,214
2020-09-09,47163,47163,1896,21,1802,20,94,1,236,-3,149,6,,,27,0,2048,23867,25915,288
2020-09-09,47161,47161,112,4,105,1,7,3,16,3,6,0,,,1,0,137,2295,2432,5
2020-09-09,47159,47159,587,-3,572,-3,15,0,53,-3,24,0,,,9,0,759,4543,5302,12
2020-09-09,47157,47157,28117,106,27899,96,218,10,1459,-78,1781,18,,,406,-1,34738,317214,351952,1870
2020-09-09,47155,47155,2342,13,2275,12,67,1,137,-3,82,1,,,13,0,2615,21899,24514,143
2020-09-09,47153,47153,176,-1,175,-1,1,0,15,-1,10,0,,,2,0,205,4159,4364,95
2020-09-09,47151,47151,170,3,162,2,8,1,13,3,12,0,,,2,0,184,3463,3647,46
2020-09-09,47149,47149,8270,28,8229,27,41,1,438,-34,247,3,,,81,1,10235,68972,79207,545
2020-09-09,47147,47147,2015,1,2001,0,14,1,142,-11,133,1,,,31,0,2477,14568,17045,53
2020-09-09,47143,47143,698,12,696,11,2,1,56,7,19,0,,,5,0,837,8523,9360,26
2020-09-09,47097,47097,831,0,778,0,53,0,138,-4,38,0,,,14,2,909,8841,9750,37
2020-09-09,47189,47189,3074,15,3057,14,17,1,257,-7,96,2,,,31,0,3673,31535,35208,149
2020-09-09,47093,47093,7445,75,7183,70,262,5,1130,-3,288,3,,,66,0,8264,105959,114223,870
2020-09-09,47041,47041,509,2,495,2,14,0,54,-5,19,0,,,7,1,633,6743,7376,96
2020-09-09,47039,47039,366,6,283,2,83,4,76,2,8,1,,,5,1,407,4430,4837,18
2020-09-09,47037,47037,24513,95,24392,95,121,0,1041,-16,979,8,,,269,2,30764,270108,300872,3318
2020-09-09,47035,47035,992,0,969,0,23,0,157,-21,44,1,,,10,1,1219,18634,19853,101
2020-09-09,47033,47033,436,5,384,3,52,2,53,-2,18,0,,,15,1,476,2536,3012,38
2020-09-09,47031,47031,848,12,778,10,70,2,108,0,28,1,,,8,1,1021,14711,15732,245
2020-09-09,47029,47029,672,1,627,1,45,0,42,-5,29,0,,,7,0,712,6719,7431,35
2020-09-09,47027,47027,131,0,120,0,11,0,11,-1,4,0,,,3,1,139,2256,2395,37
2020-09-09,47025,47025,383,0,358,1,25,-1,36,-5,17,1,,,3,0,430,8750,9180,126
2020-09-09,47023,47023,470,7,409,3,61,4,69,0,15,0,,,7,1,519,4120,4639,37
2020-09-09,47021,47021,731,2,723,2,8,0,31,-2,28,0,,,10,0,883,9045,9928,41
2020-09-09,47019,47019,1011,11,962,11,49,0,99,-5,73,0,,,24,-1,1113,12620,13733,161
2020-09-09,47017,47017,703,5,596,3,107,2,122,-9,35,2,,,10,0,743,7761,8504,41
2020-09-09,47015,47015,233,2,220,2,13,0,40,-1,6,0,,,0,0,281,3091,3372,18
2020-09-09,47013,47013,370,1,346,1,24,0,36,-3,16,0,,,3,0,411,8988,9399,72
2020-09-09,47011,47011,2606,11,2533,7,73,4,155,0,142,3,,,16,0,3121,21346,24467,108
2020-09-09,47009,47009,2168,16,2127,16,41,0,148,-162,94,4,,,18,1,2519,23417,25936,149
2020-09-09,47007,47007,808,6,804,6,4,0,23,5,17,0,,,4,0,847,6097,6944,16
2020-09-09,47005,47005,289,1,279,1,10,0,44,-6,15,0,,,8,1,306,3521,3827,7
2020-09-09,47003,47003,1172,3,1124,3,48,0,62,-9,45,0,,,14,0,1394,10563,11957,40
2020-09-09,47001,47001,963,6,934,2,29,4,81,-6,32,1,,,9,0,1120,21193,22313,184
2020-09-09,47043,47043,1090,13,993,8,97,5,128,8,51,0,,,10,1,1341,11844,13185,124
2020-09-09,47045,47045,1061,-2,995,-2,66,0,112,-23,56,3,,,11,1,1154,8683,9837,55
2020-09-09,47095,47095,850,2,844,1,6,1,12,-7,5,0,,,2,0,1040,5352,6392,23
2020-09-09,47049,47049,301,2,268,2,33,0,81,-10,14,0,,,0,0,331,3226,3557,12
2020-09-09,47091,47091,514,5,508,5,6,0,102,1,15,1,,,1,0,555,4915,5470,13
2020-09-09,47089,47089,926,3,821,4,105,-1,146,-2,46,2,,,9,0,960,13712,14672,86
2020-09-09,47087,47087,264,2,246,2,18,0,25,-3,12,0,,,2,0,299,2044,2343,8
2020-09-09,47085,47085,187,6,166,1,21,5,26,5,4,0,,,3,0,212,4283,4495,13
2020-09-09,47083,47083,119,-1,115,-1,4,0,24,-3,9,0,,,0,0,131,1747,1878,4
2020-09-09,47047,47047,1008,0,987,0,21,0,88,-2,67,1,,,12,0,1281,13301,14582,46
2020-09-09,47079,47079,527,1,512,1,15,0,69,-11,33,0,,,8,0,619,7947,8566,25
2020-09-09,47077,47077,989,6,793,0,196,6,122,-9,36,1,,,14,3,1212,7025,8237,32
2020-09-09,47075,47075,824,7,778,5,46,2,67,2,35,3,,,13,1,898,5097,5995,27
2020-09-09,47073,47073,702,-2,687,0,15,-2,41,-8,51,0,,,13,0,817,8104,8921,43
2020-09-09,47081,47081,420,7,397,5,23,2,56,6,12,0,,,4,0,525,5759,6284,85
2020-09-09,47069,47069,1288,0,1232,1,56,-1,67,-9,58,1,,,24,2,1495,11796,13291,30
2020-09-09,47067,47067,100,0,92,0,8,0,4,0,11,0,,,2,0,111,1617,1728,1
2020-09-09,47065,47065,8640,46,8475,40,165,6,674,-40,344,5,,,77,-1,9878,112860,122738,852
2020-09-09,47063,47063,1698,5,1621,4,77,1,62,-11,76,2,,,21,0,1853,18272,20125,67
2020-09-09,47061,47061,160,2,153,0,7,2,13,-2,19,0,,,3,0,188,2005,2193,6
2020-09-09,47059,47059,948,10,890,10,58,0,117,-5,66,0,,,22,3,1126,12302,13428,40
2020-09-09,47057,47057,298,3,281,1,17,2,27,-1,17,0,,,1,0,349,5001,5350,25
2020-09-09,47055,47055,493,3,490,3,3,0,43,2,31,0,,,15,0,597,7191,7788,13
2020-09-09,47053,47053,1256,19,1020,7,236,12,185,0,43,-1,,,18,1,1390,11339,12729,112
2020-09-09,47051,47051,653,5,634,4,19,1,158,-7,28,0,,,5,0,776,12751,13527,44
2020-09-09,47071,47071,819,9,693,8,126,1,136,1,22,0,,,12,0,897,9946,10843,29
2020-09-10,47127,47127,121,3,116,3,5,0,12,0,1,0,,,1,0,147,1681,1828,30
2020-09-10,47129,47129,274,6,258,6,16,0,39,4,5,0,,,2,0,301,7004,7305,71
2020-09-10,47131,47131,956,16,932,15,24,1,121,0,36,1,,,8,0,1053,7975,9028,77
2020-09-10,,47OOS,2618,63,2568,63,50,0,574,25,88,3,,,25,2,2629,228984,231613,2492
2020-09-10,47139,47139,359,6,352,6,7,0,23,3,19,0,,,11,0,412,3186,3598,44
2020-09-10,,47PEN,2592,-1274,2497,-1259,95,-15,423,-97,42,-30,,,7,-3,2940,148134,151074,-11
2020-09-10,47135,47135,123,0,110,0,13,0,18,0,5,0,,,0,0,135,2680,2815,19
2020-09-10,47137,47137,87,4,72,4,15,0,22,-1,1,0,,,1,0,95,853,948,8
2020-09-10,47133,47133,561,23,520,17,41,6,90,5,18,4,,,2,0,624,5837,6461,123
2020-09-10,47125,47125,2703,42,2619,42,84,0,189,6,110,2,,,35,0,3067,34180,37247,472
2020-09-10,47103,47103,491,24,483,24,8,0,55,4,16,0,,,1,0,598,6530,7128,102
2020-09-10,47109,47109,668,20,559,16,109,4,136,6,31,0,,,14,0,754,5587,6341,58
2020-09-10,47107,47107,914,20,900,20,14,0,100,2,48,0,,,24,0,1065,13462,14527,147
2020-09-10,47119,47119,1965,63,1954,63,11,0,209,17,67,1,,,18,0,2297,20803,23100,432
2020-09-10,47117,47117,609,8,604,8,5,0,67,-2,17,0,,,4,0,689,7578,8267,109
2020-09-10,47115,47115,413,13,409,13,4,0,68,6,32,0,,,7,0,499,4827,5326,69
2020-09-10,47113,47113,2193,41,1907,15,286,26,330,-9,124,4,,,50,0,2397,22031,24428,197
2020-09-10,47111,47111,964,12,953,11,11,1,42,1,74,2,,,19,1,1184,6104,7288,94
2020-09-10,47105,47105,1003,17,974,17,29,0,79,-4,30,0,,,4,0,1105,10674,11779,141
2020-09-10,47141,47141,2596,78,2478,65,118,13,322,34,92,9,,,34,1,3161,24672,27833,392
2020-09-10,47123,47123,903,24,864,22,39,2,124,-1,57,2,,,17,1,1010,8925,9935,174
2020-09-10,47143,47143,703,5,700,4,3,1,56,0,20,1,,,7,2,842,8657,9499,139
2020-09-10,47165,47165,4384,66,4356,66,28,0,234,1,358,13,,,89,1,5248,37397,42645,549
2020-09-10,47147,47147,2041,26,2023,22,18,4,147,5,135,2,,,31,0,2499,14688,17187,142
2020-09-10,47189,47189,3107,33,3090,33,17,0,257,0,100,4,,,35,4,3716,31916,35632,424
2020-09-10,47187,47187,4685,76,4644,74,41,2,376,11,107,1,,,34,2,5534,56215,61749,658
2020-09-10,47185,47185,650,21,606,17,44,4,84,-7,32,3,,,8,1,789,7549,8338,155
2020-09-10,47183,47183,997,20,919,18,78,2,132,3,24,0,,,14,0,1092,8909,10001,99
2020-09-10,47181,47181,1467,7,1454,7,13,0,1134,3,16,0,,,4,0,1564,5241,6805,60
2020-09-10,47179,47179,1913,37,1866,37,47,0,238,16,89,0,,,16,0,2219,24438,26657,307
2020-09-10,47177,47177,930,16,860,15,70,1,102,-12,14,1,,,7,0,1041,11158,12199,176
2020-09-10,47175,47175,119,5,109,5,10,0,37,1,5,0,,,0,0,132,1321,1453,22
2020-09-10,47173,47173,256,6,243,4,13,2,23,2,6,1,,,1,0,279,3719,3998,53
2020-09-10,47171,47171,248,4,245,5,3,-1,27,2,12,0,,,1,0,286,4835,5121,81
2020-09-10,47169,47169,1633,2,1630,2,3,0,9,-11,24,3,,,7,0,1707,4253,5960,203
2020-09-10,47167,47167,1590,18,1509,16,81,2,117,-28,79,0,,,15,0,1879,17746,19625,207
2020-09-10,47101,47101,152,3,151,3,1,0,11,-1,11,0,,,1,0,168,3636,3804,36
2020-09-10,47163,47163,1914,18,1819,17,95,1,228,-8,151,2,,,29,2,2067,24185,26252,337
2020-09-10,47161,47161,115,3,107,2,8,1,19,3,6,0,,,2,1,142,2318,2460,28
2020-09-10,47159,47159,599,12,583,11,16,1,60,7,25,1,,,9,0,772,4654,5426,124
2020-09-10,47157,47157,28404,287,28179,280,225,7,1352,-107,1799,18,,,412,6,35086,319473,354559,2607
2020-09-10,47155,47155,2374,32,2305,30,69,2,145,8,82,0,,,13,0,2648,22182,24830,316
2020-09-10,47153,47153,183,7,182,7,1,0,23,8,10,0,,,2,0,211,4195,4406,42
2020-09-10,47151,47151,173,3,165,3,8,0,11,-2,12,0,,,2,0,187,3490,3677,30
2020-09-10,47149,47149,8387,117,8345,116,42,1,442,4,248,1,,,82,1,10371,69616,79987,780
2020-09-10,47145,47145,717,13,691,13,26,0,90,-6,26,1,,,3,1,862,14688,15550,177
2020-09-10,47099,47099,831,23,822,23,9,0,79,-1,30,0,,,11,0,972,8886,9858,145
2020-09-10,47121,47121,191,5,187,5,4,0,31,0,10,1,,,3,0,223,2524,2747,48
2020-09-10,47097,47097,852,21,796,18,56,3,145,7,38,0,,,14,0,934,8898,9832,82
2020-09-10,47041,47041,518,9,504,9,14,0,51,-3,20,1,,,8,1,644,6820,7464,88
2020-09-10,47039,47039,383,17,292,9,91,8,90,14,9,1,,,5,0,424,4459,4883,46
2020-09-10,47037,47037,24904,391,24779,387,125,4,1030,-11,994,15,,,274,5,31266,272443,303709,2837
2020-09-10,47035,47035,1017,25,992,23,25,2,155,-2,44,0,,,10,0,1246,18886,20132,279
2020-09-10,47033,47033,453,17,395,11,58,6,59,6,18,0,,,17,2,495,2573,3068,56
2020-09-10,47031,47031,875,27,799,21,76,6,128,20,28,0,,,8,0,1055,15021,16076,344
2020-09-10,47029,47029,697,25,649,22,48,3,45,3,29,0,,,7,0,743,6808,7551,120
2020-09-10,47027,47027,132,1,121,1,11,0,10,-1,5,1,,,3,0,140,2276,2416,21
2020-09-10,47023,47023,479,9,415,6,64,3,61,-8,15,0,,,8,1,529,4160,4689,50
2020-09-10,47021,47021,739,8,731,8,8,0,29,-2,28,0,,,10,0,895,9117,10012,84
2020-09-10,47019,47019,1032,21,983,21,49,0,106,7,73,0,,,24,0,1135,12742,13877,144
2020-09-10,47017,47017,713,10,605,9,108,1,111,-11,37,2,,,13,3,755,7783,8538,34
2020-09-10,47015,47015,237,4,223,3,14,1,39,-1,6,0,,,0,0,286,3133,3419,47
2020-09-10,47013,47013,381,11,357,11,24,0,37,1,16,0,,,3,0,424,9051,9475,76
2020-09-10,47011,47011,2648,42,2575,42,73,0,167,12,144,2,,,16,0,3170,21548,24718,251
2020-09-10,47009,47009,2264,96,2223,96,41,0,147,-1,97,3,,,19,1,2635,23815,26450,514
2020-09-10,47007,47007,814,6,809,5,5,1,24,1,17,0,,,4,0,853,6194,7047,103
2020-09-10,47005,47005,293,4,283,4,10,0,39,-5,15,0,,,8,0,310,3533,3843,16
2020-09-10,47003,47003,1196,24,1146,22,50,2,70,8,45,0,,,14,0,1424,10758,12182,225
2020-09-10,47001,47001,992,29,961,27,31,2,86,5,33,1,,,10,1,1149,21508,22657,344
2020-09-10,47095,47095,853,3,847,3,6,0,13,1,5,0,,,2,0,1042,5366,6408,16
2020-09-10,47043,47043,1094,4,997,4,97,0,119,-9,52,1,,,11,1,1347,11987,13334,149
2020-09-10,47045,47045,1082,21,1013,18,69,3,118,6,55,-1,,,10,-1,1175,8786,9961,124
2020-09-10,47025,47025,390,7,365,7,25,0,33,-3,17,0,,,3,0,439,8843,9282,102
2020-09-10,47049,47049,314,13,278,10,36,3,79,-2,16,2,,,2,2,344,3284,3628,71
2020-09-10,47047,47047,1021,13,999,12,22,1,83,-5,67,0,,,13,1,1299,13400,14699,117
2020-09-10,47091,47091,523,9,517,9,6,0,108,6,16,1,,,2,1,565,4961,5526,56
2020-09-10,47089,47089,956,30,847,26,109,4,141,-5,48,2,,,13,4,993,13985,14978,306
2020-09-10,47087,47087,272,8,253,7,19,1,26,1,14,2,,,2,0,308,2072,2380,37
2020-09-10,47085,47085,192,5,168,2,24,3,27,1,5,1,,,3,0,216,4336,4552,57
2020-09-10,47083,47083,126,7,122,7,4,0,26,2,9,0,,,0,0,138,1774,1912,34
2020-09-10,47081,47081,442,22,417,20,25,2,71,15,14,2,,,4,0,547,5862,6409,125
2020-09-10,47079,47079,536,9,521,9,15,0,67,-2,33,0,,,8,0,628,7975,8603,37
2020-09-10,47077,47077,1013,24,816,23,197,1,134,12,36,0,,,16,2,1236,7108,8344,107
2020-09-10,47075,47075,834,10,788,10,46,0,64,-3,36,1,,,13,0,912,5146,6058,63
2020-09-10,47073,47073,708,6,692,5,16,1,38,-3,51,0,,,13,0,823,8209,9032,111
2020-09-10,47093,47093,7710,265,7434,251,276,14,1166,36,293,5,,,66,0,8547,107950,116497,2274
2020-09-10,47069,47069,1427,139,1371,139,56,0,187,120,59,1,,,24,0,1637,12143,13780,489
2020-09-10,47071,47071,845,26,716,23,129,3,145,9,22,0,,,13,1,923,10021,10944,101
2020-09-10,47053,47053,1277,21,1037,17,240,4,182,-3,47,4,,,19,1,1410,11550,12960,231
2020-09-10,47055,47055,502,9,499,9,3,0,49,6,31,0,,,15,0,608,7259,7867,79
2020-09-10,47057,47057,304,6,287,6,17,0,29,2,17,0,,,1,0,355,5071,5426,76
2020-09-10,47059,47059,962,14,904,14,58,0,114,-3,66,0,,,23,1,1141,12578,13719,291
2020-09-10,47051,47051,685,32,663,29,22,3,168,10,30,2,,,7,2,813,12925,13738,211
2020-09-10,47063,47063,1735,37,1653,32,82,5,57,-5,77,1,,,22,1,1889,18369,20258,133
2020-09-10,47065,47065,8672,32,8502,27,170,5,643,-31,348,4,,,80,3,9912,113793,123705,967
2020-09-10,47067,47067,103,3,95,3,8,0,7,3,11,0,,,2,0,114,1651,1765,37
2020-09-10,47061,47061,164,4,157,4,7,0,17,4,19,0,,,4,1,192,2029,2221,28
2020-09-11,47125,47125,2749,46,2659,40,90,6,212,23,113,3,,,37,2,3111,34604,37715,468
2020-09-11,47135,47135,129,6,116,6,13,0,22,4,5,0,,,0,0,141,2794,2935,120
2020-09-11,,47PEN,2591,-1,2502,5,89,-6,446,23,44,2,,,7,0,2940,149560,152500,1426
2020-09-11,47133,47133,575,14,531,11,44,3,90,0,18,0,,,2,0,639,5935,6574,113
2020-09-11,,47OOS,2631,13,2576,8,55,5,563,-11,87,-1,,,26,1,2625,232094,234719,3106
2020-09-11,47131,47131,968,12,944,12,24,0,124,3,36,0,,,8,0,1066,8050,9116,88
2020-09-11,47137,47137,87,0,72,0,15,0,20,-2,1,0,,,1,0,95,856,951,3
2020-09-11,47129,47129,276,2,259,1,17,1,35,-4,5,0,,,2,0,302,7052,7354,49
2020-09-11,47127,47127,125,4,119,3,6,1,12,0,1,0,,,1,0,151,1736,1887,59
2020-09-11,47123,47123,924,21,885,21,39,0,127,3,59,2,,,17,0,1032,9062,10094,159
2020-09-11,47115,47115,425,12,421,12,4,0,70,2,32,0,,,7,0,512,4887,5399,73
2020-09-11,47109,47109,689,21,572,13,117,8,147,11,31,0,,,14,0,779,5717,6496,155
2020-09-11,47107,47107,928,14,914,14,14,0,99,-1,51,3,,,24,0,1080,13836,14916,389
2020-09-11,47119,47119,2000,35,1988,34,12,1,222,13,68,1,,,18,0,2335,21014,23349,249
2020-09-11,47117,47117,623,14,618,14,5,0,68,1,17,0,,,4,0,710,7663,8373,106
2020-09-11,47113,47113,2227,34,1929,22,298,12,318,-12,127,3,,,52,2,2430,22440,24870,442
2020-09-11,47111,47111,970,6,959,6,11,0,37,-5,74,0,,,19,0,1190,6161,7351,63
2020-09-11,47105,47105,1024,21,992,18,32,3,90,11,31,1,,,4,0,1125,10805,11930,151
2020-09-11,47103,47103,506,15,499,16,7,-1,64,9,16,0,,,1,0,616,6625,7241,113
2020-09-11,47101,47101,155,3,154,3,1,0,13,2,11,0,,,1,0,171,3728,3899,95
2020-09-11,47139,47139,363,4,355,3,8,1,20,-3,19,0,,,11,0,417,3224,3641,43
2020-09-11,47121,47121,200,9,196,9,4,0,37,6,10,0,,,3,0,232,2572,2804,57
2020-09-11,47141,47141,2635,39,2512,34,123,5,335,13,92,0,,,35,1,3206,24925,28131,298
2020-09-11,47099,47099,838,7,828,6,10,1,77,-2,30,0,,,11,0,980,8958,9938,80
2020-09-11,47145,47145,736,19,707,16,29,3,100,10,26,0,,,3,0,878,14854,15732,182
2020-09-11,47187,47187,4733,48,4686,42,47,6,383,7,108,1,,,34,0,5589,56840,62429,680
2020-09-11,47185,47185,654,4,608,2,46,2,75,-9,32,0,,,8,0,800,7599,8399,61
2020-09-11,47183,47183,1002,5,925,6,77,-1,125,-7,24,0,,,14,0,1098,9082,10180,179
2020-09-11,47181,47181,1470,3,1457,3,13,0,1133,-1,17,1,,,4,0,1569,5304,6873,68
2020-09-11,47179,47179,1935,22,1885,19,50,3,221,-17,91,2,,,22,6,2245,24752,26997,340
2020-09-11,47177,47177,942,12,870,10,72,2,104,2,14,0,,,7,0,1058,11272,12330,131
2020-09-11,47175,47175,126,7,113,4,13,3,40,3,5,0,,,0,0,138,1353,1491,38
2020-09-11,47173,47173,261,5,248,5,13,0,23,0,6,0,,,1,0,284,3754,4038,40
2020-09-11,47171,47171,248,0,245,0,3,0,25,-2,12,0,,,1,0,289,4899,5188,67
2020-09-11,47169,47169,1633,0,1630,0,3,0,10,1,24,0,,,7,0,1707,4276,5983,23
2020-09-11,47167,47167,1603,13,1516,7,87,6,113,-4,80,1,,,15,0,1893,17904,19797,172
2020-09-11,47165,47165,4433,49,4406,50,27,-1,259,25,359,1,,,90,1,5304,37905,43209,564
2020-09-11,47163,47163,1928,14,1832,13,96,1,215,-13,153,2,,,30,1,2079,24438,26517,265
2020-09-11,47161,47161,118,3,109,2,9,1,21,2,6,0,,,2,0,145,2343,2488,28
2020-09-11,47159,47159,606,7,586,3,20,4,64,4,25,0,,,9,0,782,4699,5481,55
2020-09-11,47157,47157,28499,95,28266,87,233,8,1272,-80,1814,15,,,417,5,35212,321938,357150,2591
2020-09-11,47155,47155,2393,19,2325,20,68,-1,145,0,83,1,,,13,0,2670,22368,25038,208
2020-09-11,47153,47153,192,9,191,9,1,0,30,7,11,1,,,2,0,221,4236,4457,51
2020-09-11,47151,47151,176,3,169,4,7,-1,12,1,12,0,,,2,0,189,3536,3725,48
2020-09-11,47149,47149,8420,33,8377,32,43,1,409,-33,249,1,,,82,0,10420,70368,80788,801
2020-09-11,47147,47147,2051,10,2035,12,16,-2,104,-43,139,4,,,31,0,2513,14866,17379,192
2020-09-11,47143,47143,719,16,716,16,3,0,64,8,21,1,,,8,1,859,8776,9635,136
2020-09-11,47189,47189,3143,36,3118,28,25,8,258,1,100,0,,,35,0,3751,32214,35965,333
2020-09-11,47097,47097,864,12,807,11,57,1,149,4,38,0,,,14,0,946,9026,9972,140
2020-09-11,47093,47093,7873,163,7596,162,277,1,1221,55,297,4,,,66,0,8715,109540,118255,1758
2020-09-11,47041,47041,522,4,504,0,18,4,40,-11,20,0,,,9,1,650,6855,7505,41
2020-09-11,47039,47039,388,5,297,5,91,0,87,-3,9,0,,,5,0,429,4627,5056,173
2020-09-11,47037,47037,25056,152,24930,151,126,1,1071,41,1000,6,,,274,0,31459,275507,306966,3257
2020-09-11,47035,47035,1036,19,1011,19,25,0,149,-6,44,0,,,10,0,1265,19070,20335,203
2020-09-11,47033,47033,453,0,395,0,58,0,52,-7,18,0,,,18,1,496,2613,3109,41
2020-09-11,47031,47031,894,19,818,19,76,0,142,14,28,0,,,9,1,1077,15192,16269,193
2020-09-11,47029,47029,706,9,655,6,51,3,50,5,31,2,,,8,1,752,6859,7611,60
2020-09-11,47027,47027,136,4,121,0,15,4,14,4,5,0,,,3,0,144,2302,2446,30
2020-09-11,47025,47025,395,5,370,5,25,0,31,-2,17,0,,,4,1,445,8910,9355,73
2020-09-11,47023,47023,486,7,422,7,64,0,60,-1,15,0,,,8,0,536,4229,4765,76
2020-09-11,47021,47021,746,7,738,7,8,0,32,3,28,0,,,10,0,904,9213,10117,105
2020-09-11,47019,47019,1038,6,991,8,47,-2,99,-7,74,1,,,25,1,1143,12853,13996,119
2020-09-11,47017,47017,727,14,619,14,108,0,113,2,39,2,,,13,0,768,7935,8703,165
2020-09-11,47015,47015,239,2,225,2,14,0,37,-2,6,0,,,0,0,289,3191,3480,61
2020-09-11,47013,47013,384,3,359,2,25,1,37,0,16,0,,,3,0,427,9199,9626,151
2020-09-11,47011,47011,2683,35,2607,32,76,3,174,7,147,3,,,16,0,3202,21964,25166,448
2020-09-11,47009,47009,2293,29,2252,29,41,0,158,11,98,1,,,19,0,2665,24079,26744,294
2020-09-11,47007,47007,819,5,813,4,6,1,27,3,17,0,,,4,0,857,6247,7104,57
2020-09-11,47005,47005,295,2,285,2,10,0,34,-5,15,0,,,9,1,313,3557,3870,27
2020-09-11,47003,47003,1215,19,1163,17,52,2,82,12,47,2,,,14,0,1443,10834,12277,95
2020-09-11,47001,47001,1012,20,981,20,31,0,103,17,34,1,,,10,0,1173,21867,23040,383
2020-09-11,47043,47043,1103,9,1005,8,98,1,120,1,52,0,,,11,0,1360,12141,13501,167
2020-09-11,47045,47045,1100,18,1029,16,71,2,124,6,56,1,,,11,1,1195,8951,10146,185
2020-09-11,47095,47095,854,1,848,1,6,0,11,-2,5,0,,,2,0,1044,5383,6427,19
2020-09-11,47049,47049,325,11,289,11,36,0,84,5,16,0,,,2,0,357,3307,3664,36
2020-09-11,47047,47047,1030,9,1008,9,22,0,82,-1,67,0,,,14,1,1314,13473,14787,88
2020-09-11,47091,47091,534,11,527,10,7,1,116,8,17,1,,,2,0,576,4992,5568,42
2020-09-11,47089,47089,970,14,862,15,108,-1,139,-2,48,0,,,13,0,1010,14171,15181,203
2020-09-11,47087,47087,275,3,256,3,19,0,28,2,14,0,,,2,0,311,2086,2397,17
2020-09-11,47085,47085,197,5,172,4,25,1,32,5,5,0,,,3,0,221,4386,4607,55
2020-09-11,47083,47083,132,6,126,4,6,2,28,2,9,0,,,0,0,145,1782,1927,15
2020-09-11,47079,47079,540,4,525,4,15,0,63,-4,33,0,,,8,0,634,8099,8733,130
2020-09-11,47077,47077,1026,13,828,12,198,1,120,-14,37,1,,,17,1,1250,7278,8528,184
2020-09-11,47075,47075,845,11,799,11,46,0,69,5,36,0,,,13,0,923,5300,6223,165
2020-09-11,47073,47073,714,6,697,5,17,1,34,-4,51,0,,,13,0,828,8275,9103,71
2020-09-11,47081,47081,455,13,427,10,28,3,82,11,14,0,,,4,0,564,5924,6488,79
2020-09-11,47069,47069,1434,7,1377,6,57,1,177,-10,60,1,,,25,1,1648,12228,13876,96
2020-09-11,47067,47067,103,0,95,0,8,0,7,0,11,0,,,2,0,114,1663,1777,12
2020-09-11,47065,47065,8718,46,8543,41,175,5,642,-1,349,1,,,81,1,9942,115134,125076,1371
2020-09-11,47063,47063,1750,15,1665,12,85,3,60,3,77,0,,,22,0,1904,18566,20470,212
2020-09-11,47051,47051,711,26,687,24,24,2,182,14,31,1,,,7,0,843,13053,13896,158
2020-09-11,47061,47061,170,6,162,5,8,1,22,5,19,0,,,4,0,199,2055,2254,33
2020-09-11,47059,47059,974,12,914,10,60,2,113,-1,66,0,,,28,5,1155,12693,13848,129
2020-09-11,47057,47057,309,5,291,4,18,1,29,0,18,1,,,1,0,360,5106,5466,40
2020-09-11,47055,47055,505,3,502,3,3,0,49,0,31,0,,,15,0,611,7320,7931,64
2020-09-11,47053,47053,1305,28,1064,27,241,1,192,10,48,1,,,19,0,1441,11816,13257,297
2020-09-11,47071,47071,861,16,732,16,129,0,140,-5,22,0,,,13,0,936,10243,11179,235
2020-09-12,47127,47127,125,0,119,0,6,0,11,-1,1,0,,,1,0,151,1770,1921,34
2020-09-12,47129,47129,281,5,264,5,17,0,38,3,5,0,,,2,0,310,7363,7673,319
2020-09-12,47131,47131,971,3,947,3,24,0,117,-7,37,1,,,8,0,1071,8209,9280,164
2020-09-12,47137,47137,88,1,73,1,15,0,18,-2,2,1,,,1,0,96,862,958,7
2020-09-12,47133,47133,593,18,546,15,47,3,100,10,18,0,,,3,1,659,5972,6631,57
2020-09-12,,47PEN,2592,1,2503,1,89,0,425,-21,46,2,,,6,-1,2939,150582,153521,1021
2020-09-12,47135,47135,132,3,119,3,13,0,24,2,5,0,,,0,0,145,2892,3037,102
2020-09-12,47125,47125,2761,12,2669,10,92,2,206,-6,115,2,,,39,2,3126,34924,38050,335
2020-09-12,,47OOS,2609,-22,2552,-24,57,2,525,-38,86,-1,,,24,-2,2596,234168,236764,2045
2020-09-12,47123,47123,943,19,904,19,39,0,124,-3,59,0,,,17,0,1053,9177,10230,136
2020-09-12,47101,47101,155,0,154,0,1,0,11,-2,11,0,,,1,0,172,3738,3910,11
2020-09-12,47109,47109,696,7,578,6,118,1,145,-2,31,0,,,15,1,787,5773,6560,64
2020-09-12,47107,47107,933,5,919,5,14,0,95,-4,52,1,,,24,0,1091,14004,15095,179
2020-09-12,47119,47119,2010,10,1998,10,12,0,215,-7,69,1,,,19,1,2343,21252,23595,246
2020-09-12,47117,47117,624,1,620,2,4,-1,60,-8,17,0,,,4,0,710,7688,8398,25
2020-09-12,47115,47115,430,5,425,4,5,1,75,5,32,0,,,7,0,517,4911,5428,29
2020-09-12,47113,47113,2272,45,1942,13,330,32,309,-9,128,1,,,54,2,2468,22590,25058,188
2020-09-12,47111,47111,972,2,960,1,12,1,32,-5,74,0,,,19,0,1193,6213,7406,55
2020-09-12,47105,47105,1027,3,996,4,31,-1,82,-8,31,0,,,4,0,1132,10864,11996,66
2020-09-12,47103,47103,515,9,507,8,8,1,70,6,16,0,,,1,0,625,6736,7361,120
2020-09-12,47139,47139,365,2,357,2,8,0,20,0,19,0,,,11,0,417,3251,3668,27
2020-09-12,47121,47121,200,0,196,0,4,0,36,-1,10,0,,,3,0,232,2588,2820,16
2020-09-12,47141,47141,2695,60,2565,53,130,7,369,34,94,2,,,36,1,3274,25267,28541,410
2020-09-12,47163,47163,1935,7,1839,7,96,0,169,-46,153,0,,,31,1,2087,24797,26884,367
2020-09-12,47145,47145,744,8,715,8,29,0,97,-3,27,1,,,4,1,888,14998,15886,154
2020-09-12,47099,47099,848,10,838,10,10,0,85,8,30,0,,,11,0,991,8997,9988,50
2020-09-12,47187,47187,4755,22,4704,18,51,4,377,-6,108,0,,,35,1,5617,57083,62700,271
2020-09-12,47185,47185,668,14,619,11,49,3,79,4,32,0,,,8,0,820,7657,8477,78
2020-09-12,47183,47183,1009,7,931,6,78,1,126,1,25,1,,,15,1,1104,9169,10273,93
2020-09-12,47181,47181,1472,2,1460,3,12,-1,55,-1078,17,0,,,4,0,1572,5321,6893,20
2020-09-12,47179,47179,1944,9,1894,9,50,0,192,-29,92,1,,,24,2,2253,25118,27371,374
2020-09-12,47177,47177,947,5,872,2,75,3,93,-11,15,1,,,8,1,1060,11390,12450,120
2020-09-12,47175,47175,128,2,115,2,13,0,39,-1,5,0,,,0,0,142,1370,1512,21
2020-09-12,47173,47173,268,7,254,6,14,1,28,5,6,0,,,1,0,290,3826,4116,78
2020-09-12,47171,47171,251,3,248,3,3,0,24,-1,12,0,,,1,0,291,5025,5316,128
2020-09-12,47169,47169,1638,5,1635,5,3,0,13,3,24,0,,,7,0,1712,4529,6241,258
2020-09-12,47167,47167,1605,2,1518,2,87,0,105,-8,80,0,,,15,0,1900,18058,19958,161
2020-09-12,47165,47165,4458,25,4431,25,27,0,257,-2,360,1,,,91,1,5335,38336,43671,462
2020-09-12,47161,47161,119,1,110,1,9,0,18,-3,6,0,,,2,0,146,2376,2522,34
2020-09-12,47159,47159,614,8,594,8,20,0,73,9,25,0,,,10,1,788,4743,5531,50
2020-09-12,47157,47157,28626,127,28387,121,239,6,1274,2,1828,14,,,421,4,35378,324781,360159,3009
2020-09-12,47155,47155,2401,8,2335,10,66,-2,139,-6,83,0,,,13,0,2682,22517,25199,161
2020-09-12,47153,47153,193,1,191,0,2,1,27,-3,11,0,,,2,0,222,4273,4495,38
2020-09-12,47151,47151,182,6,174,5,8,1,17,5,12,0,,,2,0,196,3634,3830,105
2020-09-12,47149,47149,8492,72,8449,72,43,0,437,28,249,0,,,84,2,10513,71398,81911,1123
2020-09-12,47147,47147,2055,4,2039,4,16,0,99,-5,139,0,,,31,0,2524,14975,17499,120
2020-09-12,47143,47143,721,2,718,2,3,0,60,-4,21,0,,,8,0,861,8843,9704,69
2020-09-12,47189,47189,3162,19,3139,21,23,-2,249,-9,101,1,,,36,1,3778,32643,36421,456
2020-09-12,47097,47097,867,3,811,4,56,-1,146,-3,38,0,,,14,0,951,9067,10018,46
2020-09-12,47093,47093,7988,115,7706,110,282,5,1239,18,299,2,,,67,1,8834,110427,119261,1006
2020-09-12,47041,47041,522,0,504,0,18,0,31,-9,20,0,,,9,0,649,6916,7565,60
2020-09-12,47039,47039,396,8,304,7,92,1,89,2,9,0,,,5,0,438,4666,5104,48
2020-09-12,47037,47037,25097,41,24972,42,125,-1,1044,-27,1008,8,,,277,3,31510,277706,309216,2250
2020-09-12,47035,47035,1055,19,1029,18,26,1,151,2,44,0,,,10,0,1287,19368,20655,320
2020-09-12,47033,47033,458,5,400,5,58,0,54,2,18,0,,,19,1,503,2624,3127,18
2020-09-12,47031,47031,910,16,833,15,77,1,141,-1,29,1,,,9,0,1096,15386,16482,213
2020-09-12,47029,47029,708,2,659,4,49,-2,47,-3,32,1,,,9,1,757,6904,7661,50
2020-09-12,47027,47027,142,6,125,4,17,2,15,1,5,0,,,4,1,150,2344,2494,48
2020-09-12,47025,47025,397,2,372,2,25,0,28,-3,17,0,,,4,0,447,8999,9446,91
2020-09-12,47021,47021,749,3,741,3,8,0,33,1,28,0,,,10,0,905,9307,10212,95
2020-09-12,47019,47019,1045,7,996,5,49,2,93,-6,74,0,,,26,1,1151,13011,14162,166
2020-09-12,47017,47017,736,9,626,7,110,2,108,-5,38,-1,,,15,2,778,8004,8782,79
2020-09-12,47015,47015,240,1,226,1,14,0,36,-1,7,1,,,0,0,292,3298,3590,110
2020-09-12,47013,47013,389,5,363,4,26,1,40,3,16,0,,,3,0,432,9301,9733,107
2020-09-12,47011,47011,2683,0,2607,0,76,0,155,-19,147,0,,,16,0,3207,22049,25256,90
2020-09-12,47009,47009,2306,13,2265,13,41,0,147,-11,98,0,,,20,1,2682,24260,26942,198
2020-09-12,47007,47007,822,3,816,3,6,0,28,1,17,0,,,4,0,861,6510,7371,267
2020-09-12,47005,47005,297,2,287,2,10,0,32,-2,15,0,,,9,0,315,3569,3884,14
2020-09-12,47003,47003,1217,2,1165,2,52,0,77,-5,47,0,,,14,0,1446,10944,12390,113
2020-09-12,47001,47001,1014,2,982,1,32,1,90,-13,34,0,,,10,0,1176,22025,23201,161
2020-09-12,47095,47095,856,2,850,2,6,0,12,1,5,0,,,2,0,1046,5395,6441,14
2020-09-12,47043,47043,1110,7,1011,6,99,1,120,0,52,0,,,12,1,1368,12217,13585,84
2020-09-12,47045,47045,1125,25,1051,22,74,3,141,17,56,0,,,10,-1,1222,9077,10299,153
2020-09-12,47023,47023,504,18,433,11,71,7,70,10,17,2,,,8,0,554,4252,4806,41
2020-09-12,47049,47049,337,12,298,9,39,3,89,5,17,1,,,3,1,371,3346,3717,53
2020-09-12,47047,47047,1039,9,1012,4,27,5,89,7,67,0,,,14,0,1321,13671,14992,205
2020-09-12,47089,47089,1002,32,893,31,109,1,159,20,48,0,,,13,0,1041,14252,15293,112
2020-09-12,47087,47087,279,4,257,1,22,3,29,1,14,0,,,2,0,316,2096,2412,15
2020-09-12,47085,47085,199,2,173,1,26,1,31,-1,5,0,,,3,0,224,4493,4717,110
2020-09-12,47083,47083,132,0,126,0,6,0,26,-2,9,0,,,0,0,143,1800,1943,16
2020-09-12,47081,47081,459,4,432,5,27,-1,83,1,14,0,,,4,0,566,5994,6560,72
2020-09-12,47079,47079,545,5,530,5,15,0,65,2,33,0,,,8,0,638,8183,8821,88
2020-09-12,47077,47077,1027,1,829,1,198,0,113,-7,37,0,,,18,1,1254,7340,8594,66
2020-09-12,47075,47075,847,2,800,1,47,1,65,-4,37,1,,,15,2,926,5334,6260,37
2020-09-12,47073,47073,712,-2,695,-2,17,0,30,-4,51,0,,,14,1,827,8345,9172,69
2020-09-12,47071,47071,872,11,736,4,136,7,134,-6,23,1,,,14,1,946,10409,11355,176
2020-09-12,47091,47091,533,-1,526,-1,7,0,108,-8,17,0,,,2,0,616,4955,5571,3
2020-09-12,47067,47067,103,0,95,0,8,0,7,0,11,0,,,2,0,114,1688,1802,25
2020-09-12,47065,47065,8722,4,8546,3,176,1,620,-22,353,4,,,82,1,10001,116000,126001,925
2020-09-12,47063,47063,1753,3,1667,2,86,1,56,-4,78,1,,,22,0,1905,18625,20530,60
2020-09-12,47061,47061,175,5,164,2,11,3,24,2,19,0,,,4,0,205,2074,2279,25
2020-09-12,47059,47059,976,2,916,2,60,0,99,-14,68,2,,,28,0,1159,12845,14004,156
2020-09-12,47057,47057,311,2,293,2,18,0,30,1,18,0,,,1,0,363,5139,5502,36
2020-09-12,47055,47055,507,2,504,2,3,0,48,-1,31,0,,,15,0,612,7404,8016,85
2020-09-12,47053,47053,1323,18,1075,11,248,7,198,6,48,0,,,19,0,1460,11970,13430,173
2020-09-12,47051,47051,734,23,709,22,25,1,188,6,31,0,,,7,0,868,13197,14065,169
2020-09-12,47069,47069,1447,13,1390,13,57,0,183,6,61,1,,,25,0,1666,12472,14138,262
2020-09-13,47141,47141,2695,0,2565,0,130,0,358,-11,94,0,,,36,0,3275,25298,28573,32
2020-09-13,47129,47129,281,0,264,0,17,0,35,-3,5,0,,,2,0,311,7371,7682,9
2020-09-13,47131,47131,974,3,950,3,24,0,116,-1,37,0,,,8,0,1073,8243,9316,36
2020-09-13,,47OOS,2673,64,2615,63,58,1,549,24,87,1,,,23,-1,2652,235500,238152,1388
2020-09-13,47139,47139,366,1,359,2,7,-1,18,-2,19,0,,,11,0,418,3277,3695,27
2020-09-13,,47PEN,2631,39,2541,38,90,1,443,18,47,1,,,6,0,2993,151478,154471,950
2020-09-13,47135,47135,132,0,119,0,13,0,20,-4,5,0,,,0,0,146,2901,3047,10
2020-09-13,47137,47137,88,0,73,0,15,0,16,-2,2,0,,,1,0,96,863,959,1
2020-09-13,47127,47127,126,1,120,1,6,0,11,0,1,0,,,1,0,152,1806,1958,37
2020-09-13,47133,47133,593,0,546,0,47,0,93,-7,18,0,,,3,0,659,5979,6638,7
2020-09-13,47125,47125,2790,29,2697,28,93,1,225,19,115,0,,,39,0,3159,35140,38299,249
2020-09-13,47119,47119,2027,17,2015,17,12,0,217,2,69,0,,,20,1,2363,21402,23765,170
2020-09-13,47121,47121,202,2,198,2,4,0,35,-1,10,0,,,3,0,234,2600,2834,14
2020-09-13,47109,47109,702,6,581,3,121,3,134,-11,31,0,,,15,0,791,5784,6575,15
2020-09-13,47107,47107,945,12,931,12,14,0,100,5,52,0,,,24,0,1102,14126,15228,133
2020-09-13,47117,47117,639,15,635,15,4,0,71,11,18,1,,,4,0,727,7831,8558,160
2020-09-13,47115,47115,434,4,429,4,5,0,73,-2,33,1,,,7,0,521,4958,5479,51
2020-09-13,47113,47113,2301,29,1956,14,345,15,309,0,128,0,,,54,0,2497,22721,25218,160
2020-09-13,47111,47111,974,2,962,2,12,0,32,0,74,0,,,19,0,1195,6231,7426,20
2020-09-13,47105,47105,1032,5,1001,5,31,0,85,3,31,0,,,4,0,1137,10921,12058,62
2020-09-13,47103,47103,517,2,509,2,8,0,67,-3,16,0,,,1,0,630,6770,7400,39
2020-09-13,47123,47123,944,1,905,1,39,0,117,-7,59,0,,,17,0,1055,9215,10270,40
2020-09-13,47143,47143,723,2,720,2,3,0,55,-5,21,0,,,8,0,865,8913,9778,74
2020-09-13,47101,47101,157,2,156,2,1,0,13,2,11,0,,,1,0,174,3743,3917,7
2020-09-13,47147,47147,2070,15,2053,14,17,1,108,9,140,1,,,31,0,2542,15063,17605,106
2020-09-13,47189,47189,3173,11,3150,11,23,0,235,-14,101,0,,,36,0,3791,32815,36606,185
2020-09-13,47187,47187,4788,33,4736,32,52,1,381,4,109,1,,,35,0,5663,57455,63118,418
2020-09-13,47185,47185,670,2,621,2,49,0,79,0,32,0,,,8,0,823,7675,8498,21
2020-09-13,47183,47183,1010,1,933,2,77,-1,121,-5,25,0,,,15,0,1107,9192,10299,26
2020-09-13,47181,47181,1473,1,1461,1,12,0,54,-1,17,0,,,4,0,1575,5338,6913,20
2020-09-13,47179,47179,1964,20,1914,20,50,0,190,-2,93,1,,,24,0,2280,25254,27534,163
2020-09-13,47177,47177,953,6,878,6,75,0,98,5,15,0,,,8,0,1068,11442,12510,60
2020-09-13,47175,47175,129,1,116,1,13,0,39,0,5,0,,,0,0,144,1386,1530,18
2020-09-13,47173,47173,272,4,256,2,16,2,32,4,6,0,,,1,0,295,3832,4127,11
2020-09-13,47171,47171,252,1,249,1,3,0,24,0,12,0,,,1,0,293,5047,5340,24
2020-09-13,47169,47169,1638,0,1635,0,3,0,12,-1,24,0,,,7,0,1714,4546,6260,19
2020-09-13,47167,47167,1614,9,1527,9,87,0,105,0,80,0,,,16,1,1911,18103,20014,56
2020-09-13,47165,47165,4469,11,4442,11,27,0,248,-9,360,0,,,91,0,5360,38497,43857,186
2020-09-13,47163,47163,1939,4,1843,4,96,0,162,-7,153,0,,,31,0,2091,24912,27003,119
2020-09-13,47161,47161,121,2,112,2,9,0,19,1,6,0,,,2,0,148,2392,2540,18
2020-09-13,47159,47159,616,2,596,2,20,0,70,-3,25,0,,,10,0,791,4765,5556,25
2020-09-13,47157,47157,28709,83,28468,81,241,2,1243,-31,1833,5,,,427,6,35479,326126,361605,1446
2020-09-13,47155,47155,2420,19,2354,19,66,0,151,12,83,0,,,13,0,2703,22593,25296,97
2020-09-13,47153,47153,195,2,193,2,2,0,28,1,11,0,,,2,0,225,4313,4538,43
2020-09-13,47151,47151,182,0,174,0,8,0,16,-1,12,0,,,2,0,196,3652,3848,18
2020-09-13,47149,47149,8530,38,8487,38,43,0,451,14,250,1,,,84,0,10556,71786,82342,431
2020-09-13,47145,47145,747,3,719,4,28,-1,95,-2,27,0,,,4,0,892,15036,15928,42
2020-09-13,47099,47099,857,9,847,9,10,0,89,4,32,2,,,11,0,1003,9035,10038,50
2020-09-13,47097,47097,867,0,811,0,56,0,146,0,38,0,,,14,0,952,9083,10035,17
2020-09-13,47095,47095,857,1,852,2,5,-1,13,1,5,0,,,2,0,1048,5398,6446,5
2020-09-13,47043,47043,1111,1,1011,0,100,1,106,-14,52,0,,,12,0,1374,12338,13712,127
2020-09-13,47041,47041,522,0,504,0,18,0,30,-1,20,0,,,9,0,650,6940,7590,25
2020-09-13,47039,47039,399,3,307,3,92,0,89,0,9,0,,,5,0,440,4671,5111,7
2020-09-13,47037,47037,25184,87,25059,87,125,0,1053,9,1010,2,,,279,2,31659,279758,311417,2201
2020-09-13,47035,47035,1057,2,1031,2,26,0,145,-6,44,0,,,10,0,1289,19415,20704,49
2020-09-13,47033,47033,460,2,403,3,57,-1,53,-1,18,0,,,19,0,502,2634,3136,9
2020-09-13,47031,47031,925,15,846,13,79,2,147,6,29,0,,,9,0,1114,15522,16636,154
2020-09-13,47029,47029,709,1,660,1,49,0,45,-2,33,1,,,9,0,758,6928,7686,25
2020-09-13,47027,47027,142,0,125,0,17,0,14,-1,5,0,,,4,0,150,2346,2496,2
2020-09-13,47025,47025,399,2,372,0,27,2,28,0,17,0,,,4,0,448,9017,9465,19
2020-09-13,47023,47023,512,8,435,2,77,6,77,7,17,0,,,8,0,564,4266,4830,24
2020-09-13,47021,47021,751,2,743,2,8,0,31,-2,28,0,,,10,0,908,9366,10274,62
2020-09-13,47019,47019,1053,8,1004,8,49,0,93,0,74,0,,,26,0,1161,13157,14318,156
2020-09-13,47017,47017,739,3,629,3,110,0,109,1,39,1,,,15,0,781,8036,8817,35
2020-09-13,47015,47015,241,1,227,1,14,0,35,-1,7,0,,,0,0,288,3310,3598,8
2020-09-13,47013,47013,391,2,364,1,27,1,38,-2,16,0,,,3,0,435,9318,9753,20
2020-09-13,47011,47011,2710,27,2631,24,79,3,175,20,149,2,,,16,0,3234,22203,25437,181
2020-09-13,47009,47009,2314,8,2272,7,42,1,143,-4,99,1,,,21,1,2692,24398,27090,148
2020-09-13,47007,47007,826,4,820,4,6,0,29,1,17,0,,,4,0,867,6790,7657,286
2020-09-13,47005,47005,303,6,293,6,10,0,37,5,15,0,,,9,0,322,3583,3905,21
2020-09-13,47003,47003,1231,14,1179,14,52,0,87,10,47,0,,,14,0,1461,11016,12477,87
2020-09-13,47045,47045,1129,4,1055,4,74,0,137,-4,57,1,,,12,2,1225,9103,10328,29
2020-09-13,47047,47047,1040,1,1013,1,27,0,85,-4,68,1,,,14,0,1324,13702,15026,34
2020-09-13,47001,47001,1015,1,983,1,32,0,85,-5,34,0,,,10,0,1177,22067,23244,43
2020-09-13,47051,47051,746,12,722,13,24,-1,190,2,31,0,,,7,0,886,13280,14166,101
2020-09-13,47049,47049,339,2,300,2,39,0,87,-2,17,0,,,3,0,373,3352,3725,8
2020-09-13,47093,47093,8073,85,7777,71,296,14,1235,-4,301,2,,,67,0,8916,111012,119928,667
2020-09-13,47091,47091,539,6,532,6,7,0,113,5,19,2,,,2,0,623,4975,5598,27
2020-09-13,47089,47089,1004,2,895,2,109,0,158,-1,48,0,,,13,0,1043,14280,15323,30
2020-09-13,47087,47087,279,0,257,0,22,0,29,0,14,0,,,2,0,316,2098,2414,2
2020-09-13,47085,47085,200,1,174,1,26,0,30,-1,5,0,,,3,0,225,4503,4728,11
2020-09-13,47081,47081,465,6,438,6,27,0,81,-2,14,0,,,4,0,575,6059,6634,74
2020-09-13,47079,47079,546,1,532,2,14,-1,58,-7,33,0,,,8,0,640,8204,8844,23
2020-09-13,47077,47077,1035,8,836,7,199,1,118,5,37,0,,,18,0,1264,7353,8617,23
2020-09-13,47075,47075,848,1,801,1,47,0,60,-5,37,0,,,15,0,926,5346,6272,12
2020-09-13,47083,47083,132,0,126,0,6,0,24,-2,9,0,,,0,0,145,1804,1949,6
2020-09-13,47071,47071,877,5,741,5,136,0,135,1,23,0,,,14,0,956,10424,11380,25
2020-09-13,47069,47069,1450,3,1392,2,58,1,182,-1,61,0,,,25,0,1670,12509,14179,41
2020-09-13,47067,47067,103,0,95,0,8,0,6,-1,11,0,,,2,0,114,1707,1821,19
2020-09-13,47065,47065,8765,43,8587,41,178,2,607,-13,354,1,,,83,1,10066,116710,126776,775
2020-09-13,47053,47053,1338,15,1088,13,250,2,204,6,50,2,,,19,0,1477,12077,13554,124
2020-09-13,47063,47063,1760,7,1674,7,86,0,60,4,78,0,,,22,0,1913,18657,20570,40
2020-09-13,47061,47061,182,7,171,7,11,0,30,6,19,0,,,4,0,212,2102,2314,35
2020-09-13,47059,47059,979,3,919,3,60,0,94,-5,68,0,,,28,0,1166,12928,14094,90
2020-09-13,47057,47057,311,0,293,0,18,0,28,-2,18,0,,,1,0,363,5155,5518,16
2020-09-13,47055,47055,516,9,513,9,3,0,53,5,31,0,,,16,1,620,7486,8106,90
2020-09-13,47073,47073,713,1,696,1,17,0,27,-3,51,0,,,14,0,829,8396,9225,53
2020-09-14,47127,47127,129,3,123,3,6,0,14,3,1,0,,,1,0,155,1822,1977,19
2020-09-14,47129,47129,282,1,265,1,17,0,31,-4,5,0,,,2,0,313,7429,7742,60
2020-09-14,47131,47131,999,25,972,22,27,3,137,21,37,0,,,8,0,1098,8415,9513,197
2020-09-14,47137,47137,89,1,74,1,15,0,17,1,2,0,,,1,0,97,868,965,6
2020-09-14,47133,47133,607,14,560,14,47,0,101,8,18,0,,,3,0,675,6080,6755,117
2020-09-14,,47PEN,2698,67,2603,62,95,5,478,35,45,-2,,,7,1,3069,153807,156876,2405
2020-09-14,47135,47135,133,1,120,1,13,0,20,0,5,0,,,0,0,146,3006,3152,105
2020-09-14,47125,47125,2826,36,2731,34,95,2,253,28,116,1,,,40,1,3196,35678,38874,575
2020-09-14,,47OOS,2776,103,2716,101,60,2,620,71,87,0,,,24,1,2749,239843,242592,4440
2020-09-14,47123,47123,955,11,916,11,39,0,126,9,60,1,,,17,0,1068,9392,10460,190
2020-09-14,47101,47101,158,1,157,1,1,0,14,1,11,0,,,1,0,175,3877,4052,135
2020-09-14,47109,47109,729,27,606,25,123,2,153,19,31,0,,,15,0,818,5926,6744,169
2020-09-14,47107,47107,954,9,940,9,14,0,103,3,52,0,,,24,0,1112,14301,15413,185
2020-09-14,47119,47119,2072,45,2060,45,12,0,253,36,69,0,,,20,0,2414,21847,24261,496
2020-09-14,47117,47117,657,18,653,18,4,0,85,14,19,1,,,4,0,745,7951,8696,138
2020-09-14,47115,47115,452,18,447,18,5,0,86,13,33,0,,,7,0,541,5049,5590,111
2020-09-14,47113,47113,2390,89,2006,50,384,39,338,29,129,1,,,54,0,2577,23131,25708,490
2020-09-14,47111,47111,984,10,972,10,12,0,42,10,74,0,,,19,0,1208,6391,7599,173
2020-09-14,47105,47105,1049,17,1018,17,31,0,98,13,32,1,,,6,2,1155,11072,12227,169
2020-09-14,47103,47103,528,11,520,11,8,0,71,4,16,0,,,1,0,640,6861,7501,101
2020-09-14,47139,47139,366,0,359,0,7,0,17,-1,19,0,,,11,0,419,3299,3718,23
2020-09-14,47121,47121,204,2,200,2,4,0,34,-1,10,0,,,3,0,235,2631,2866,32
2020-09-14,47141,47141,2741,46,2608,43,133,3,389,31,95,1,,,36,0,3330,25756,29086,513
2020-09-14,47163,47163,1956,17,1859,16,97,1,168,6,153,0,,,31,0,2109,25363,27472,469
2020-09-14,47145,47145,760,13,731,12,29,1,101,6,27,0,,,4,0,907,15194,16101,173
2020-09-14,47099,47099,876,19,865,18,11,1,105,16,32,0,,,11,0,1023,9249,10272,234
2020-09-14,47187,47187,4851,63,4795,59,56,4,407,26,109,0,,,35,0,5730,58529,64259,1141
2020-09-14,47185,47185,694,24,645,24,49,0,101,22,32,0,,,8,0,854,7816,8670,172
2020-09-14,47183,47183,1030,20,951,18,79,2,133,12,25,0,,,15,0,1131,9363,10494,195
2020-09-14,47181,47181,1477,4,1465,4,12,0,51,-3,17,0,,,4,0,1581,5383,6964,51
2020-09-14,47179,47179,2007,43,1957,43,50,0,214,24,94,1,,,25,1,2331,25621,27952,418
2020-09-14,47177,47177,965,12,888,10,77,2,106,8,15,0,,,8,0,1081,11617,12698,188
2020-09-14,47175,47175,131,2,118,2,13,0,38,-1,5,0,,,0,0,146,1469,1615,85
2020-09-14,47173,47173,281,9,265,9,16,0,37,5,6,0,,,1,0,304,3895,4199,72
2020-09-14,47171,47171,256,4,253,4,3,0,27,3,12,0,,,1,0,297,5142,5439,99
2020-09-14,47169,47169,1641,3,1638,3,3,0,15,3,24,0,,,7,0,1719,4586,6305,45
2020-09-14,47167,47167,1642,28,1551,24,91,4,128,23,82,2,,,17,1,1935,18361,20296,282
2020-09-14,47165,47165,4532,63,4504,62,28,1,292,44,366,6,,,91,0,5429,39032,44461,604
2020-09-14,47161,47161,124,3,115,3,9,0,21,2,6,0,,,2,0,151,2428,2579,39
2020-09-14,47159,47159,630,14,610,14,20,0,81,11,25,0,,,10,0,809,4855,5664,108
2020-09-14,47157,47157,28963,254,28722,254,241,0,1424,181,1852,19,,,428,1,35762,329940,365702,4097
2020-09-14,47155,47155,2440,20,2374,20,66,0,159,8,84,1,,,13,0,2727,22962,25689,393
2020-09-14,47153,47153,203,8,201,8,2,0,35,7,11,0,,,2,0,232,4382,4614,76
2020-09-14,47151,47151,183,1,175,1,8,0,15,-1,12,0,,,2,0,197,3720,3917,69
2020-09-14,47149,47149,8629,99,8586,99,43,0,504,53,250,0,,,84,0,10672,72946,83618,1276
2020-09-14,47147,47147,2091,21,2072,19,19,2,124,16,140,0,,,32,1,2564,15274,17838,233
2020-09-14,47143,47143,732,9,729,9,3,0,60,5,21,0,,,8,0,878,9123,10001,223
2020-09-14,47097,47097,885,18,829,18,56,0,161,15,38,0,,,14,0,968,9219,10187,152
2020-09-14,47189,47189,3210,37,3187,37,23,0,254,19,101,0,,,37,1,3830,33359,37189,583
2020-09-14,47093,47093,8276,203,7975,198,301,5,1317,82,305,4,,,67,0,9128,112671,121799,1871
2020-09-14,47041,47041,523,1,505,1,18,0,28,-2,20,0,,,9,0,651,7124,7775,185
2020-09-14,47039,47039,412,13,320,13,92,0,100,11,9,0,,,5,0,452,4736,5188,77
2020-09-14,47037,47037,25345,161,25221,162,124,-1,1147,94,1016,6,,,281,2,31862,282765,314627,3210
2020-09-14,47035,47035,1070,13,1044,13,26,0,149,4,46,2,,,12,2,1306,19662,20968,264
2020-09-14,47033,47033,469,9,412,9,57,0,61,8,18,0,,,19,0,514,2773,3287,151
2020-09-14,47031,47031,959,34,880,34,79,0,175,28,30,1,,,9,0,1151,15850,17001,365
2020-09-14,47029,47029,712,3,663,3,49,0,44,-1,34,1,,,9,0,761,7013,7774,88
2020-09-14,47027,47027,146,4,129,4,17,0,17,3,5,0,,,4,0,154,2387,2541,45
2020-09-14,47025,47025,406,7,379,7,27,0,33,5,17,0,,,4,0,457,9133,9590,125
2020-09-14,47023,47023,523,11,444,9,79,2,83,6,17,0,,,8,0,574,4341,4915,85
2020-09-14,47021,47021,761,10,753,10,8,0,36,5,28,0,,,10,0,923,9478,10401,127
2020-09-14,47019,47019,1065,12,1016,12,49,0,100,7,74,0,,,26,0,1175,13391,14566,248
2020-09-14,47017,47017,762,23,643,14,119,9,131,22,39,0,,,15,0,805,8251,9056,239
2020-09-14,47015,47015,249,8,235,8,14,0,39,4,7,0,,,0,0,300,3372,3672,74
2020-09-14,47013,47013,394,3,367,3,27,0,38,0,16,0,,,3,0,438,9525,9963,210
2020-09-14,47011,47011,2740,30,2659,28,81,2,196,21,150,1,,,16,0,3265,22517,25782,345
2020-09-14,47009,47009,2344,30,2301,29,43,1,166,23,100,1,,,21,0,2726,24781,27507,417
2020-09-14,47007,47007,831,5,825,5,6,0,33,4,17,0,,,4,0,871,6898,7769,112
2020-09-14,47005,47005,310,7,300,7,10,0,41,4,15,0,,,9,0,330,3620,3950,45
2020-09-14,47003,47003,1241,10,1190,11,51,-1,95,8,48,1,,,14,0,1476,11195,12671,194
2020-09-14,47001,47001,1035,20,1002,19,33,1,100,15,34,0,,,10,0,1198,22380,23578,334
2020-09-14,47043,47043,1131,20,1031,20,100,0,117,11,52,0,,,12,0,1402,12577,13979,267
2020-09-14,47045,47045,1152,23,1078,23,74,0,157,20,57,0,,,12,0,1249,9280,10529,201
2020-09-14,47095,47095,863,6,858,6,5,0,18,5,5,0,,,2,0,1053,5427,6480,34
2020-09-14,47049,47049,348,9,309,9,39,0,91,4,18,1,,,3,0,385,3414,3799,74
2020-09-14,47047,47047,1063,23,1036,23,27,0,109,24,68,0,,,14,0,1345,13897,15242,216
2020-09-14,47091,47091,561,22,553,21,8,1,130,17,19,0,,,2,0,646,5126,5772,174
2020-09-14,47089,47089,1013,9,904,9,109,0,160,2,48,0,,,13,0,1054,14416,15470,147
2020-09-14,47087,47087,284,5,262,5,22,0,29,0,14,0,,,2,0,321,2128,2449,35
2020-09-14,47085,47085,208,8,182,8,26,0,36,6,5,0,,,3,0,232,4574,4806,78
2020-09-14,47083,47083,144,12,138,12,6,0,35,11,9,0,,,0,0,159,1845,2004,55
2020-09-14,47079,47079,560,14,545,13,15,1,70,12,33,0,,,8,0,656,8307,8963,119
2020-09-14,47077,47077,1052,17,849,13,203,4,128,10,38,1,,,18,0,1279,7481,8760,143
2020-09-14,47075,47075,863,15,816,15,47,0,75,15,37,0,,,15,0,942,5428,6370,98
2020-09-14,47073,47073,716,3,698,2,18,1,27,0,51,0,,,14,0,831,8488,9319,94
2020-09-14,47081,47081,475,10,448,10,27,0,82,1,14,0,,,4,0,585,6170,6755,121
2020-09-14,47069,47069,1470,20,1412,20,58,0,199,17,61,0,,,25,0,1696,12924,14620,441
2020-09-14,47067,47067,104,1,96,1,8,0,7,1,11,0,,,2,0,115,1727,1842,21
2020-09-14,47065,47065,8860,95,8677,90,183,5,639,32,355,1,,,85,2,10113,118428,128541,1765
2020-09-14,47063,47063,1771,11,1683,9,88,2,67,7,78,0,,,22,0,1923,18874,20797,227
2020-09-14,47051,47051,781,35,757,35,24,0,216,26,32,1,,,7,0,920,13448,14368,202
2020-09-14,47061,47061,185,3,174,3,11,0,31,1,19,0,,,4,0,215,2156,2371,57
2020-09-14,47059,47059,1010,31,950,31,60,0,105,11,69,1,,,30,2,1195,13115,14310,216
2020-09-14,47057,47057,319,8,301,8,18,0,35,7,18,0,,,1,0,370,5215,5585,67
2020-09-14,47055,47055,528,12,525,12,3,0,65,12,32,1,,,17,1,635,7608,8243,137
2020-09-14,47053,47053,1379,41,1117,29,262,12,232,28,50,0,,,19,0,1517,12361,13878,324
2020-09-14,47071,47071,894,17,757,16,137,1,139,4,23,0,,,14,0,974,10539,11513,133
2020-09-15,47127,47127,133,4,125,2,8,2,17,3,1,0,,,1,0,159,1909,2068,91
2020-09-15,47129,47129,282,0,265,0,17,0,25,-6,6,1,,,2,0,312,7448,7760,18
2020-09-15,47131,47131,1005,6,977,5,28,1,120,-17,37,0,,,8,0,1105,8458,9563,50
2020-09-15,47137,47137,90,1,75,1,15,0,15,-2,3,1,,,2,1,98,874,972,7
2020-09-15,47133,47133,612,5,562,2,50,3,93,-8,18,0,,,3,0,679,6108,6787,32
2020-09-15,,47PEN,2684,-14,2583,-20,101,6,423,-55,48,3,,,7,0,3062,154868,157930,1054
2020-09-15,47135,47135,133,0,120,0,13,0,15,-5,5,0,,,0,0,146,3043,3189,37
2020-09-15,47125,47125,2833,7,2738,7,95,0,240,-13,116,0,,,41,1,3202,35788,38990,116
2020-09-15,,47OOS,2743,-33,2677,-39,66,6,524,-96,87,0,,,25,1,2687,243567,246254,3662
2020-09-15,47123,47123,955,0,917,1,38,-1,101,-25,62,2,,,16,-1,1068,9469,10537,77
2020-09-15,47101,47101,158,0,157,0,1,0,10,-4,11,0,,,1,0,175,3959,4134,82
2020-09-15,47109,47109,735,6,606,0,129,6,138,-15,32,1,,,15,0,828,5979,6807,63
2020-09-15,47107,47107,962,8,948,8,14,0,102,-1,53,1,,,24,0,1121,14427,15548,135
2020-09-15,47119,47119,2082,10,2069,9,13,1,242,-11,71,2,,,21,1,2423,22109,24532,271
2020-09-15,47117,47117,658,1,654,1,4,0,73,-12,19,0,,,4,0,749,8002,8751,55
2020-09-15,47115,47115,460,8,454,7,6,1,86,0,34,1,,,7,0,550,5068,5618,28
2020-09-15,47113,47113,2467,77,2035,29,432,48,325,-13,130,1,,,54,0,2661,23647,26308,600
2020-09-15,47111,47111,983,-1,971,-1,12,0,35,-7,75,1,,,19,0,1209,6406,7615,16
2020-09-15,47105,47105,1054,5,1023,5,31,0,92,-6,32,0,,,6,0,1164,11154,12318,91
2020-09-15,47103,47103,537,9,530,10,7,-1,69,-2,16,0,,,1,0,651,6871,7522,21
2020-09-15,47139,47139,367,1,360,1,7,0,17,0,19,0,,,11,0,421,3326,3747,29
2020-09-15,47121,47121,207,3,203,3,4,0,33,-1,10,0,,,3,0,239,2658,2897,31
2020-09-15,47141,47141,2765,24,2623,15,142,9,358,-31,99,4,,,36,0,3353,25845,29198,112
2020-09-15,47163,47163,1963,7,1865,6,98,1,150,-18,155,2,,,31,0,2116,25653,27769,297
2020-09-15,47145,47145,761,1,733,2,28,-1,84,-17,27,0,,,4,0,913,15401,16314,213
2020-09-15,47099,47099,884,8,873,8,11,0,105,0,32,0,,,11,0,1031,9299,10330,58
2020-09-15,47187,47187,4879,28,4818,23,61,5,392,-15,109,0,,,35,0,5752,59201,64953,694
2020-09-15,47185,47185,700,6,650,5,50,1,96,-5,33,1,,,8,0,860,7966,8826,156
2020-09-15,47183,47183,1037,7,958,7,79,0,114,-19,25,0,,,17,2,1138,9430,10568,74
2020-09-15,47181,47181,1477,0,1465,0,12,0,31,-20,17,0,,,4,0,1585,5426,7011,47
2020-09-15,47179,47179,2025,18,1976,19,49,-1,210,-4,94,0,,,26,1,2354,25860,28214,262
2020-09-15,47177,47177,970,5,892,4,78,1,87,-19,16,1,,,8,0,1086,11642,12728,30
2020-09-15,47175,47175,132,1,118,0,14,1,35,-3,5,0,,,0,0,146,1589,1735,120
2020-09-15,47173,47173,284,3,267,2,17,1,38,1,6,0,,,1,0,306,3902,4208,9
2020-09-15,47171,47171,258,2,255,2,3,0,23,-4,12,0,,,1,0,299,5160,5459,20
2020-09-15,47169,47169,1643,2,1640,2,3,0,15,0,25,1,,,7,0,1718,4592,6310,5
2020-09-15,47167,47167,1650,8,1555,4,95,4,127,-1,84,2,,,17,0,1945,18532,20477,181
2020-09-15,47165,47165,4548,16,4518,14,30,2,278,-14,370,4,,,92,1,5444,39269,44713,252
2020-09-15,47161,47161,126,2,116,1,10,1,21,0,6,0,,,2,0,153,2439,2592,13
2020-09-15,47159,47159,634,4,611,1,23,3,75,-6,26,1,,,10,0,811,4877,5688,24
2020-09-15,47157,47157,29100,137,28851,129,249,8,1377,-47,1862,10,,,433,5,35949,332682,368631,2929
2020-09-15,47155,47155,2443,3,2377,3,66,0,138,-21,84,0,,,13,0,2731,23063,25794,105
2020-09-15,47153,47153,201,-2,199,-2,2,0,29,-6,11,0,,,2,0,230,4424,4654,40
2020-09-15,47151,47151,183,0,175,0,8,0,13,-2,12,0,,,2,0,198,3772,3970,53
2020-09-15,47149,47149,8661,32,8611,25,50,7,484,-20,250,0,,,85,1,10711,73337,84048,430
2020-09-15,47147,47147,2107,16,2087,15,20,1,131,7,140,0,,,32,0,2580,15320,17900,62
2020-09-15,47143,47143,745,13,742,13,3,0,62,2,22,1,,,9,1,891,9529,10420,419
2020-09-15,47189,47189,3223,13,3196,9,27,4,240,-14,102,1,,,37,0,3848,33508,37356,167
2020-09-15,47097,47097,887,2,830,1,57,1,154,-7,38,0,,,14,0,974,9336,10310,123
2020-09-15,47093,47093,8351,75,8046,71,305,4,1239,-78,307,2,,,67,0,9208,113229,122437,638
2020-09-15,47041,47041,524,1,505,0,19,1,21,-7,21,1,,,9,0,650,7135,7785,10
2020-09-15,47039,47039,416,4,323,3,93,1,92,-8,11,2,,,6,1,459,4937,5396,208
2020-09-15,47037,47037,25440,95,25313,92,127,3,1124,-23,1021,5,,,283,2,31982,284777,316759,2132
2020-09-15,47035,47035,1071,1,1045,1,26,0,129,-20,51,5,,,15,3,1307,19813,21120,152
2020-09-15,47033,47033,487,18,428,16,59,2,60,-1,18,0,,,19,0,545,3250,3795,508
2020-09-15,47031,47031,980,21,894,14,86,7,189,14,32,2,,,10,1,1171,16065,17236,235
2020-09-15,47029,47029,712,0,663,0,49,0,37,-7,34,0,,,9,0,761,7045,7806,32
2020-09-15,47027,47027,151,5,131,2,20,3,21,4,5,0,,,4,0,159,2395,2554,13
2020-09-15,47025,47025,408,2,380,1,28,1,30,-3,17,0,,,4,0,460,9157,9617,27
2020-09-15,47021,47021,765,4,757,4,8,0,38,2,28,0,,,10,0,924,9533,10457,56
2020-09-15,47019,47019,1067,2,1018,2,49,0,92,-8,74,0,,,26,0,1174,13426,14600,34
2020-09-15,47017,47017,766,4,644,1,122,3,108,-23,40,1,,,16,1,808,8593,9401,345
2020-09-15,47015,47015,249,0,235,0,14,0,29,-10,7,0,,,0,0,301,3381,3682,10
2020-09-15,47013,47013,396,2,369,2,27,0,33,-5,16,0,,,3,0,440,9613,10053,90
2020-09-15,47011,47011,2747,7,2666,7,81,0,176,-20,150,0,,,16,0,3274,22780,26054,272
2020-09-15,47009,47009,2355,11,2313,12,42,-1,164,-2,101,1,,,21,0,2736,24931,27667,160
2020-09-15,47007,47007,832,1,826,1,6,0,30,-3,17,0,,,4,0,873,7076,7949,180
2020-09-15,47005,47005,314,4,303,3,11,1,41,0,15,0,,,9,0,333,3716,4049,99
2020-09-15,47003,47003,1250,9,1195,5,55,4,98,3,48,0,,,15,1,1486,11373,12859,188
2020-09-15,47001,47001,1042,7,1008,6,34,1,97,-3,34,0,,,11,1,1204,22455,23659,81
2020-09-15,47095,47095,863,0,858,0,5,0,17,-1,5,0,,,2,0,1054,5430,6484,4
2020-09-15,47043,47043,1138,7,1034,3,104,4,114,-3,52,0,,,12,0,1413,12623,14036,57
2020-09-15,47045,47045,1161,9,1083,5,78,4,142,-15,59,2,,,13,1,1258,9372,10630,101
2020-09-15,47023,47023,538,15,456,12,82,3,85,2,19,2,,,8,0,589,4466,5055,140
2020-09-15,47049,47049,354,6,315,6,39,0,78,-13,18,0,,,3,0,392,3420,3812,13
2020-09-15,47047,47047,1063,0,1035,-1,28,1,93,-16,70,2,,,16,2,1348,13945,15293,51
2020-09-15,47089,47089,1015,2,905,1,110,1,147,-13,48,0,,,13,0,1056,14511,15567,97
2020-09-15,47087,47087,285,1,262,0,23,1,29,0,15,1,,,3,1,322,2138,2460,11
2020-09-15,47085,47085,209,1,181,-1,28,2,35,-1,5,0,,,3,0,235,4675,4910,104
2020-09-15,47083,47083,157,13,149,11,8,2,45,10,10,1,,,0,0,172,1853,2025,21
2020-09-15,47081,47081,481,6,449,1,32,5,77,-5,14,0,,,4,0,588,6265,6853,98
2020-09-15,47079,47079,561,1,545,0,16,1,64,-6,33,0,,,8,0,658,8539,9197,234
2020-09-15,47077,47077,1058,6,852,3,206,3,117,-11,38,0,,,18,0,1287,7597,8884,124
2020-09-15,47075,47075,866,3,819,3,47,0,68,-7,37,0,,,15,0,945,5538,6483,113
2020-09-15,47073,47073,718,2,699,1,19,1,24,-3,51,0,,,14,0,833,8514,9347,28
2020-09-15,47071,47071,897,3,757,0,140,3,121,-18,23,0,,,14,0,976,10699,11675,162
2020-09-15,47091,47091,610,49,602,49,8,0,173,43,19,0,,,2,0,656,5171,5827,55
2020-09-15,47067,47067,105,1,96,0,9,1,6,-1,11,0,,,2,0,115,1728,1843,1
2020-09-15,47065,47065,8924,64,8736,59,188,5,636,-3,359,4,,,85,0,10171,119618,129789,1248
2020-09-15,47063,47063,1775,4,1688,5,87,-1,63,-4,80,2,,,22,0,1929,19095,21024,227
2020-09-15,47061,47061,190,5,176,2,14,3,33,2,19,0,,,4,0,220,2162,2382,11
2020-09-15,47059,47059,1018,8,958,8,60,0,84,-21,75,6,,,32,2,1203,13235,14438,128
2020-09-15,47057,47057,322,3,304,3,18,0,33,-2,18,0,,,1,0,374,5229,5603,18
2020-09-15,47055,47055,531,3,528,3,3,0,62,-3,32,0,,,17,0,643,7635,8278,35
2020-09-15,47053,47053,1383,4,1117,0,266,4,210,-22,51,1,,,19,0,1525,12586,14111,233
2020-09-15,47051,47051,788,7,763,6,25,1,192,-24,32,0,,,7,0,935,13478,14413,45
2020-09-15,47069,47069,1472,2,1414,2,58,0,186,-13,61,0,,,25,0,1698,13016,14714,94
2020-09-16,47139,47139,370,3,363,3,7,0,16,-1,19,0,,,11,0,424,3367,3791,44
2020-09-16,47127,47127,139,6,131,6,8,0,23,6,1,0,,,1,0,165,1976,2141,73
2020-09-16,47129,47129,289,7,272,7,17,0,26,1,7,1,,,3,1,319,7513,7832,72
2020-09-16,47131,47131,1027,22,997,20,30,2,124,4,37,0,,,9,1,1130,8562,9692,129
2020-09-16,47137,47137,92,2,76,1,16,1,12,-3,3,0,,,2,0,100,881,981,9
2020-09-16,47133,47133,647,35,589,27,58,8,114,21,20,2,,,3,0,716,6211,6927,140
2020-09-16,,47PEN,2719,35,2622,39,97,-4,427,4,48,0,,,6,-1,3096,156372,159468,1538
2020-09-16,47135,47135,134,1,121,1,13,0,14,-1,5,0,,,0,0,148,3060,3208,19
2020-09-16,47125,47125,2870,37,2773,35,97,2,256,16,117,1,,,41,0,3237,36153,39390,400
2020-09-16,,47OOS,2743,0,2678,1,65,-1,476,-48,87,0,,,24,-1,2698,246128,248826,2572
2020-09-16,47123,47123,962,7,924,7,38,0,93,-8,64,2,,,16,0,1077,9567,10644,107
2020-09-16,47117,47117,674,16,670,16,4,0,85,12,20,1,,,4,0,765,8122,8887,136
2020-09-16,47109,47109,753,18,619,13,134,5,127,-11,32,0,,,16,1,851,6017,6868,61
2020-09-16,47107,47107,994,32,980,32,14,0,118,16,54,1,,,24,0,1156,14555,15711,163
2020-09-16,47119,47119,2112,30,2098,29,14,1,251,9,73,2,,,22,1,2457,22319,24776,244
2020-09-16,47115,47115,469,9,463,9,6,0,87,1,34,0,,,7,0,560,5150,5710,92
2020-09-16,47113,47113,2495,28,2051,16,444,12,303,-22,139,9,,,55,1,2697,23761,26458,150
2020-09-16,47111,47111,995,12,981,10,14,2,41,6,75,0,,,19,0,1221,6458,7679,64
2020-09-16,47105,47105,1071,17,1040,17,31,0,100,8,33,1,,,6,0,1185,11300,12485,167
2020-09-16,47103,47103,551,14,544,14,7,0,71,2,16,0,,,1,0,667,7106,7773,251
2020-09-16,47101,47101,160,2,159,2,1,0,11,1,11,0,,,1,0,177,3985,4162,28
2020-09-16,47121,47121,208,1,204,1,4,0,33,0,10,0,,,3,0,239,2696,2935,38
2020-09-16,47141,47141,2863,98,2713,90,150,8,418,60,101,2,,,36,0,3455,26155,29610,412
2020-09-16,47099,47099,896,12,884,11,12,1,102,-3,33,1,,,11,0,1042,9364,10406,76
2020-09-16,47145,47145,781,20,753,20,28,0,96,12,28,1,,,3,-1,935,15678,16613,299
2020-09-16,47187,47187,4940,61,4877,59,63,2,407,15,109,0,,,35,0,5819,59829,65648,695
2020-09-16,47185,47185,718,18,664,14,54,4,99,3,34,1,,,8,0,884,8134,9018,192
2020-09-16,47183,47183,1047,10,967,9,80,1,100,-14,26,1,,,17,0,1148,9481,10629,61
2020-09-16,47181,47181,1471,-6,1459,-6,12,0,28,-3,17,0,,,5,1,1593,5474,7067,56
2020-09-16,47179,47179,2053,28,2001,25,52,3,215,5,97,3,,,27,1,2380,26160,28540,326
2020-09-16,47177,47177,984,14,904,12,80,2,87,0,15,-1,,,8,0,1103,11740,12843,115
2020-09-16,47175,47175,136,4,122,4,14,0,32,-3,5,0,,,0,0,151,1599,1750,15
2020-09-16,47173,47173,293,9,273,6,20,3,44,6,6,0,,,1,0,315,3943,4258,50
2020-09-16,47171,47171,262,4,259,4,3,0,24,1,12,0,,,1,0,304,5317,5621,162
2020-09-16,47169,47169,1644,1,1640,0,4,1,14,-1,24,-1,,,7,0,1720,4631,6351,41
2020-09-16,47167,47167,1677,27,1581,26,96,1,138,11,84,0,,,17,0,1977,18793,20770,293
2020-09-16,47165,47165,4568,20,4537,19,31,1,267,-11,370,0,,,92,0,5469,39599,45068,355
2020-09-16,47163,47163,1980,17,1882,17,98,0,147,-3,156,1,,,31,0,2135,25998,28133,364
2020-09-16,47161,47161,130,4,120,4,10,0,24,3,6,0,,,2,0,157,2451,2608,16
2020-09-16,47159,47159,647,13,622,11,25,2,75,0,26,0,,,10,0,832,4934,5766,78
2020-09-16,47157,47157,29392,292,29118,267,274,25,1477,100,1871,9,,,440,7,36333,337552,373885,5254
2020-09-16,47155,47155,2459,16,2391,14,68,2,133,-5,84,0,,,13,0,2749,23383,26132,338
2020-09-16,47153,47153,213,12,211,12,2,0,37,8,11,0,,,3,1,242,4518,4760,106
2020-09-16,47151,47151,189,6,181,6,8,0,16,3,12,0,,,2,0,203,3797,4000,30
2020-09-16,47149,47149,8718,57,8660,49,58,8,482,-2,249,-1,,,85,0,10776,74020,84796,748
2020-09-16,47147,47147,2120,13,2100,13,20,0,132,1,144,4,,,33,1,2596,15480,18076,176
2020-09-16,47143,47143,751,6,748,6,3,0,61,-1,24,2,,,11,2,897,9606,10503,83
2020-09-16,47097,47097,906,19,849,19,57,0,164,10,38,0,,,14,0,994,9449,10443,133
2020-09-16,47189,47189,3246,23,3220,24,26,-1,246,6,103,1,,,37,0,3872,34010,37882,526
2020-09-16,47093,47093,8484,133,8169,123,315,10,1203,-36,312,5,,,68,1,9347,114711,124058,1621
2020-09-16,47041,47041,536,12,516,11,20,1,32,11,21,0,,,9,0,663,7183,7846,61
2020-09-16,47039,47039,425,9,332,9,93,0,93,1,11,0,,,6,0,467,4980,5447,51
2020-09-16,47037,47037,25578,138,25448,135,130,3,1179,55,1025,4,,,284,1,32132,287015,319147,2388
2020-09-16,47035,47035,1100,29,1072,27,28,2,118,-11,52,1,,,16,1,1336,20096,21432,312
2020-09-16,47033,47033,481,-6,421,-7,60,1,57,-3,19,1,,,19,0,543,3281,3824,29
2020-09-16,47031,47031,1004,24,916,22,88,2,193,4,32,0,,,11,1,1202,16227,17429,193
2020-09-16,47029,47029,719,7,668,5,51,2,41,4,35,1,,,9,0,766,7121,7887,81
2020-09-16,47027,47027,161,10,138,7,23,3,29,8,5,0,,,5,1,169,2446,2615,61
2020-09-16,47025,47025,411,3,382,2,29,1,30,0,18,1,,,4,0,462,9380,9842,225
2020-09-16,47023,47023,544,6,450,-6,94,12,83,-2,19,0,,,8,0,606,4562,5168,113
2020-09-16,47021,47021,775,10,767,10,8,0,47,9,28,0,,,10,0,935,9617,10552,95
2020-09-16,47019,47019,1080,13,1031,13,49,0,92,0,74,0,,,26,0,1189,13654,14843,243
2020-09-16,47017,47017,781,15,658,14,123,1,111,3,40,0,,,16,0,824,8690,9514,113
2020-09-16,47015,47015,254,5,240,5,14,0,29,0,8,1,,,0,0,306,3439,3745,63
2020-09-16,47013,47013,399,3,372,3,27,0,31,-2,16,0,,,3,0,443,9673,10116,63
2020-09-16,47011,47011,2767,20,2686,20,81,0,169,-7,152,2,,,16,0,3296,22940,26236,182
2020-09-16,47009,47009,2376,21,2329,16,47,5,161,-3,101,0,,,21,0,2763,25231,27994,327
2020-09-16,47007,47007,837,5,831,5,6,0,33,3,17,0,,,4,0,878,7127,8005,56
2020-09-16,47005,47005,323,9,310,7,13,2,44,3,15,0,,,9,0,344,3755,4099,50
2020-09-16,47003,47003,1263,13,1207,12,56,1,99,1,50,2,,,15,0,1499,11505,13004,145
2020-09-16,47001,47001,1063,21,1029,21,34,0,103,6,34,0,,,11,0,1228,22759,23987,328
2020-09-16,47043,47043,1148,10,1044,10,104,0,106,-8,52,0,,,12,0,1424,12781,14205,169
2020-09-16,47045,47045,1185,24,1106,23,79,1,147,5,60,1,,,13,0,1284,9484,10768,138
2020-09-16,47095,47095,864,1,859,1,5,0,17,0,5,0,,,2,0,1056,5491,6547,63
2020-09-16,47049,47049,371,17,332,17,39,0,83,5,18,0,,,3,0,410,3467,3877,65
2020-09-16,47091,47091,618,8,610,8,8,0,173,0,19,0,,,2,0,665,5216,5881,54
2020-09-16,47089,47089,1019,4,907,2,112,2,138,-9,48,0,,,13,0,1061,14693,15754,187
2020-09-16,47087,47087,291,6,266,4,25,2,30,1,15,0,,,3,0,328,2153,2481,21
2020-09-16,47085,47085,213,4,185,4,28,0,37,2,5,0,,,3,0,241,4728,4969,59
2020-09-16,47083,47083,160,3,153,4,7,-1,45,0,10,0,,,0,0,175,1862,2037,12
2020-09-16,47047,47047,1088,25,1055,20,33,5,102,9,71,1,,,16,0,1379,14094,15473,180
2020-09-16,47079,47079,576,15,561,16,15,-1,71,7,33,0,,,8,0,675,8727,9402,205
2020-09-16,47077,47077,1065,7,855,3,210,4,117,0,39,1,,,19,1,1295,7639,8934,50
2020-09-16,47075,47075,875,9,827,8,48,1,71,3,37,0,,,16,1,956,5561,6517,34
2020-09-16,47073,47073,729,11,710,11,19,0,33,9,52,1,,,14,0,844,8621,9465,118
2020-09-16,47081,47081,489,8,461,12,28,-4,81,4,14,0,,,4,0,598,6340,6938,85
2020-09-16,47069,47069,1486,14,1427,13,59,1,195,9,61,0,,,25,0,1712,13073,14785,71
2020-09-16,47067,47067,105,0,96,0,9,0,6,0,11,0,,,2,0,115,1740,1855,12
2020-09-16,47065,47065,8859,-65,8653,-83,206,18,612,-24,364,5,,,85,0,10237,120402,130639,850
2020-09-16,47063,47063,1797,22,1709,21,88,1,74,11,81,1,,,23,1,1949,19265,21214,190
2020-09-16,47061,47061,198,8,185,9,13,-1,38,5,22,3,,,5,1,227,2190,2417,35
2020-09-16,47059,47059,1026,8,966,8,60,0,79,-5,75,0,,,32,0,1214,13356,14570,132
2020-09-16,47057,47057,329,7,310,6,19,1,40,7,18,0,,,1,0,381,5296,5677,74
2020-09-16,47055,47055,539,8,536,8,3,0,64,2,32,0,,,17,0,652,7749,8401,123
2020-09-16,47053,47053,1417,34,1146,29,271,5,228,18,51,0,,,19,0,1558,12757,14315,204
2020-09-16,47051,47051,811,23,784,21,27,2,185,-7,32,0,,,7,0,961,13587,14548,135
2020-09-16,47071,47071,910,13,768,11,142,2,112,-9,23,0,,,14,0,989,10755,11744,69
2020-09-17,47127,47127,141,2,132,1,9,1,23,0,1,0,,,1,0,167,2008,2175,34
2020-09-17,47129,47129,293,4,277,5,16,-1,22,-4,7,0,,,3,0,324,7533,7857,25
2020-09-17,47131,47131,1040,13,1009,12,31,1,120,-4,38,1,,,9,0,1144,8670,9814,122
2020-09-17,,47OOS,2736,-7,2667,-11,69,4,413,-63,88,1,,,23,-1,2682,248191,250873,2047
2020-09-17,47139,47139,369,-1,362,-1,7,0,15,-1,19,0,,,11,0,424,3378,3802,11
2020-09-17,,47PEN,2735,16,2628,6,107,10,411,-16,47,-1,,,6,0,3116,157551,160667,1199
2020-09-17,47135,47135,134,0,121,0,13,0,13,-1,5,0,,,0,0,148,3080,3228,20
2020-09-17,47137,47137,92,0,76,0,16,0,12,0,3,0,,,2,0,100,886,986,5
2020-09-17,47133,47133,658,11,598,9,60,2,118,4,20,0,,,3,0,726,6299,7025,98
2020-09-17,47125,47125,2887,17,2787,14,100,3,255,-1,117,0,,,41,0,3255,36557,39812,422
2020-09-17,47103,47103,556,5,549,5,7,0,66,-5,17,1,,,1,0,671,7183,7854,81
2020-09-17,47109,47109,762,9,622,3,140,6,129,2,32,0,,,16,0,859,6087,6946,78
2020-09-17,47107,47107,1007,13,993,13,14,0,120,2,55,1,,,24,0,1170,14649,15819,108
2020-09-17,47119,47119,2136,24,2122,24,14,0,251,0,73,0,,,22,0,2485,22562,25047,271
2020-09-17,47117,47117,679,5,675,5,4,0,80,-5,20,0,,,4,0,772,8174,8946,59
2020-09-17,47115,47115,476,7,470,7,6,0,87,0,34,0,,,7,0,567,5203,5770,60
2020-09-17,47113,47113,2510,15,2059,8,451,7,285,-18,140,1,,,55,0,2712,23957,26669,211
2020-09-17,47111,47111,997,2,983,2,14,0,42,1,75,0,,,19,0,1224,6559,7783,104
2020-09-17,47105,47105,1074,3,1043,3,31,0,85,-15,33,0,,,6,0,1189,11512,12701,216
2020-09-17,47141,47141,2925,62,2762,49,163,13,448,30,101,0,,,36,0,3523,26617,30140,530
2020-09-17,47123,47123,975,13,937,13,38,0,93,0,65,1,,,16,0,1092,9656,10748,104
2020-09-17,47143,47143,754,3,751,3,3,0,60,-1,24,0,,,11,0,901,9645,10546,43
2020-09-17,47165,47165,4585,17,4554,17,31,0,263,-4,372,2,,,93,1,5493,39883,45376,308
2020-09-17,47147,47147,2126,6,2105,5,21,1,119,-13,145,1,,,34,1,2598,15532,18130,54
2020-09-17,47189,47189,3259,13,3233,13,26,0,226,-20,104,1,,,38,1,3888,34216,38104,222
2020-09-17,47187,47187,4956,16,4894,17,62,-1,389,-18,110,1,,,35,0,5840,60216,66056,408
2020-09-17,47185,47185,728,10,671,7,57,3,101,2,34,0,,,8,0,900,8242,9142,124
2020-09-17,47183,47183,1074,27,993,26,81,1,111,11,27,1,,,18,1,1178,9663,10841,212
2020-09-17,47181,47181,1473,2,1461,2,12,0,30,2,17,0,,,5,0,1598,5588,7186,119
2020-09-17,47179,47179,2068,15,2014,13,54,2,210,-5,99,2,,,28,1,2395,26299,28694,154
2020-09-17,47177,47177,990,6,908,4,82,2,83,-4,15,0,,,7,-1,1106,11957,13063,220
2020-09-17,47175,47175,145,9,130,8,15,1,36,4,5,0,,,0,0,161,1643,1804,54
2020-09-17,47173,47173,300,7,279,6,21,1,50,6,6,0,,,1,0,321,3971,4292,34
2020-09-17,47171,47171,264,2,260,1,4,1,24,0,12,0,,,1,0,305,5367,5672,51
2020-09-17,47169,47169,1645,1,1641,1,4,0,15,1,24,0,,,7,0,1720,4651,6371,20
2020-09-17,47167,47167,1684,7,1585,4,99,3,137,-1,84,0,,,17,0,1986,18982,20968,198
2020-09-17,47101,47101,160,0,159,0,1,0,11,0,11,0,,,1,0,177,4010,4187,25
2020-09-17,47163,47163,1991,11,1892,10,99,1,139,-8,156,0,,,31,0,2146,26275,28421,288
2020-09-17,47161,47161,135,5,125,5,10,0,27,3,6,0,,,2,0,162,2476,2638,30
2020-09-17,47159,47159,655,8,630,8,25,0,74,-1,26,0,,,10,0,842,5044,5886,120
2020-09-17,47157,47157,29521,129,29231,113,290,16,1420,-57,1876,5,,,440,0,36544,340418,376962,3077
2020-09-17,47155,47155,2467,8,2398,7,69,1,131,-2,84,0,,,13,0,2756,23495,26251,119
2020-09-17,47153,47153,211,-2,209,-2,2,0,36,-1,11,0,,,3,0,241,4555,4796,36
2020-09-17,47151,47151,188,-1,180,-1,8,0,15,-1,12,0,,,2,0,205,3830,4035,35
2020-09-17,47149,47149,8779,61,8720,60,59,1,495,13,250,1,,,86,1,10847,74907,85754,958
2020-09-17,47145,47145,789,8,761,8,28,0,91,-5,30,2,,,3,0,944,15772,16716,103
2020-09-17,47099,47099,911,15,899,15,12,0,110,8,34,1,,,11,0,1058,9427,10485,79
2020-09-17,47121,47121,208,0,204,0,4,0,30,-3,10,0,,,3,0,241,2709,2950,15
2020-09-17,47097,47097,910,4,853,4,57,0,150,-14,40,2,,,14,0,999,9697,10696,253
2020-09-17,47041,47041,537,1,517,1,20,0,26,-6,22,1,,,10,1,662,7328,7990,144
2020-09-17,47039,47039,427,2,334,2,93,0,85,-8,11,0,,,6,0,470,5004,5474,27
2020-09-17,47037,47037,25652,74,25517,69,135,5,1177,-2,1030,5,,,284,0,32221,288780,321001,1854
2020-09-17,47035,47035,1112,12,1083,11,29,1,113,-5,52,0,,,16,0,1354,20204,21558,126
2020-09-17,47033,47033,484,3,422,1,62,2,56,-1,20,1,,,19,0,546,3308,3854,30
2020-09-17,47031,47031,1015,11,927,11,88,0,188,-5,33,1,,,11,0,1212,16484,17696,267
2020-09-17,47029,47029,720,1,669,1,51,0,34,-7,35,0,,,9,0,767,7153,7920,33
2020-09-17,47027,47027,168,7,143,5,25,2,35,6,5,0,,,5,0,177,2469,2646,31
2020-09-17,47023,47023,554,10,455,5,99,5,90,7,19,0,,,8,0,618,4586,5204,36
2020-09-17,47021,47021,776,1,768,1,8,0,46,-1,28,0,,,10,0,937,9668,10605,53
2020-09-17,47019,47019,1084,4,1035,4,49,0,83,-9,74,0,,,27,1,1193,13687,14880,37
2020-09-17,47017,47017,787,6,660,2,127,4,100,-11,41,1,,,16,0,830,8823,9653,139
2020-09-17,47015,47015,257,3,243,3,14,0,28,-1,8,0,,,0,0,313,3507,3820,75
2020-09-17,47013,47013,408,9,380,8,28,1,34,3,16,0,,,3,0,453,9870,10323,207
2020-09-17,47011,47011,2779,12,2693,7,86,5,163,-6,153,1,,,16,0,3307,23036,26343,107
2020-09-17,47009,47009,2387,11,2339,10,48,1,158,-3,102,1,,,21,0,2778,25547,28325,331
2020-09-17,47007,47007,838,1,832,1,6,0,33,0,17,0,,,4,0,879,7156,8035,30
2020-09-17,47005,47005,325,2,311,1,14,1,42,-2,15,0,,,9,0,349,3779,4128,29
2020-09-17,47003,47003,1267,4,1208,1,59,3,92,-7,50,0,,,15,0,1503,11551,13054,50
2020-09-17,47001,47001,1072,9,1036,7,36,2,101,-2,34,0,,,11,0,1236,23114,24350,363
2020-09-17,47095,47095,865,1,859,0,6,1,15,-2,5,0,,,2,0,1057,5507,6564,17
2020-09-17,47043,47043,1156,8,1049,5,107,3,104,-2,52,0,,,12,0,1440,12918,14358,153
2020-09-17,47045,47045,1210,25,1121,15,89,10,156,9,60,0,,,13,0,1309,9650,10959,191
2020-09-17,47025,47025,414,3,384,2,30,1,25,-5,18,0,,,4,0,467,9435,9902,60
2020-09-17,47049,47049,382,11,341,9,41,2,86,3,20,2,,,3,0,422,3493,3915,38
2020-09-17,47047,47047,1092,4,1060,5,32,-1,97,-5,72,1,,,16,0,1387,14194,15581,108
2020-09-17,47091,47091,620,2,610,0,10,2,170,-3,19,0,,,2,0,669,5227,5896,15
2020-09-17,47089,47089,1022,3,911,4,111,-1,110,-28,48,0,,,13,0,1064,14780,15844,90
2020-09-17,47087,47087,294,3,267,1,27,2,32,2,15,0,,,3,0,331,2172,2503,22
2020-09-17,47085,47085,215,2,186,1,29,1,35,-2,5,0,,,3,0,242,4770,5012,43
2020-09-17,47083,47083,163,3,156,3,7,0,44,-1,10,0,,,0,0,179,1899,2078,41
2020-09-17,47081,47081,493,4,464,3,29,1,77,-4,14,0,,,4,0,604,6485,7089,151
2020-09-17,47079,47079,575,-1,561,0,14,-1,52,-19,33,0,,,9,1,677,8806,9483,81
2020-09-17,47077,47077,1068,3,858,3,210,0,108,-9,39,0,,,19,0,1299,7720,9019,85
2020-09-17,47075,47075,880,5,832,5,48,0,71,0,37,0,,,16,0,963,5616,6579,62
2020-09-17,47073,47073,731,2,712,2,19,0,33,0,53,1,,,15,1,847,8662,9509,44
2020-09-17,47093,47093,8577,93,8243,74,334,19,1137,-66,314,2,,,68,0,9437,116035,125472,1414
2020-09-17,47069,47069,1491,5,1432,5,59,0,197,2,61,0,,,25,0,1718,13109,14827,42
2020-09-17,47071,47071,922,12,775,7,147,5,116,4,24,1,,,14,0,1002,10935,11937,193
2020-09-17,47053,47053,1430,13,1152,6,278,7,211,-17,52,1,,,19,0,1568,13013,14581,266
2020-09-17,47055,47055,541,2,538,2,3,0,60,-4,32,0,,,17,0,650,7790,8440,39
2020-09-17,47057,47057,331,2,311,1,20,1,40,0,20,2,,,2,1,381,5317,5698,21
2020-09-17,47059,47059,1037,11,977,11,60,0,78,-1,76,1,,,34,2,1228,13467,14695,125
2020-09-17,47051,47051,819,8,792,8,27,0,173,-12,34,2,,,7,0,970,13666,14636,88
2020-09-17,47063,47063,1798,1,1709,0,89,1,66,-8,84,3,,,25,2,1953,19291,21244,30
2020-09-17,47065,47065,8899,40,8684,31,215,9,575,-37,369,5,,,85,0,10282,121231,131513,874
2020-09-17,47067,47067,105,0,96,0,9,0,6,0,11,0,,,2,0,115,1762,1877,22
2020-09-17,47061,47061,203,5,189,4,14,1,40,2,23,1,,,5,0,235,2203,2438,21
2020-09-18,47125,47125,2918,31,2816,29,102,2,265,10,117,0,,,41,0,3291,36992,40283,471
2020-09-18,47135,47135,138,4,125,4,13,0,15,2,5,0,,,0,0,151,3136,3287,59
2020-09-18,,47PEN,2780,45,2675,47,105,-2,425,14,48,1,,,6,0,3178,160174,163352,2685
2020-09-18,47133,47133,662,4,601,3,61,1,116,-2,20,0,,,3,0,733,6352,7085,60
2020-09-18,,47OOS,2876,140,2807,140,69,0,514,101,90,2,,,23,0,2822,250901,253723,2850
2020-09-18,47131,47131,1060,20,1030,21,30,-1,130,10,38,0,,,9,0,1166,8852,10018,204
2020-09-18,47137,47137,95,3,78,2,17,1,14,2,4,1,,,2,0,103,892,995,9
2020-09-18,47129,47129,299,6,283,6,16,0,27,5,7,0,,,3,0,331,7710,8041,184
2020-09-18,47127,47127,145,4,134,2,11,2,25,2,1,0,,,1,0,171,2036,2207,32
2020-09-18,47123,47123,987,12,949,12,38,0,94,1,65,0,,,16,0,1108,9852,10960,212
2020-09-18,47115,47115,488,12,481,11,7,1,89,2,34,0,,,7,0,581,5351,5932,162
2020-09-18,47109,47109,778,16,633,11,145,5,134,5,33,1,,,16,0,875,6209,7084,138
2020-09-18,47107,47107,1028,21,1014,21,14,0,133,13,56,1,,,24,0,1194,14933,16127,308
2020-09-18,47119,47119,2178,42,2165,43,13,-1,264,13,74,1,,,22,0,2528,23075,25603,556
2020-09-18,47117,47117,697,18,693,18,4,0,90,10,20,0,,,4,0,790,8257,9047,101
2020-09-18,47113,47113,2568,58,2098,39,470,19,308,23,143,3,,,56,1,2772,24543,27315,646
2020-09-18,47111,47111,1000,3,986,3,14,0,38,-4,75,0,,,19,0,1229,6606,7835,52
2020-09-18,47105,47105,1093,19,1061,18,32,1,93,8,34,1,,,6,0,1213,11701,12914,213
2020-09-18,47103,47103,566,10,559,10,7,0,67,1,18,1,,,1,0,684,7283,7967,113
2020-09-18,47101,47101,168,8,167,8,1,0,18,7,11,0,,,1,0,186,4098,4284,97
2020-09-18,47139,47139,371,2,363,1,8,1,16,1,20,1,,,11,0,425,3441,3866,64
2020-09-18,47121,47121,216,8,212,8,4,0,34,4,10,0,,,3,0,248,2770,3018,68
2020-09-18,47141,47141,2965,40,2789,27,176,13,456,8,103,2,,,37,1,3570,26924,30494,354
2020-09-18,47099,47099,930,19,916,17,14,2,112,2,35,1,,,11,0,1077,9516,10593,108
2020-09-18,47145,47145,812,23,783,22,29,1,108,17,30,0,,,3,0,965,16028,16993,277
2020-09-18,47187,47187,5019,63,4954,60,65,3,399,10,114,4,,,36,1,5911,61063,66974,918
2020-09-18,47185,47185,752,24,693,22,59,2,117,16,34,0,,,8,0,923,8452,9375,233
2020-09-18,47183,47183,1091,17,1010,17,81,0,112,1,28,1,,,18,0,1197,9839,11036,195
2020-09-18,47181,47181,1478,5,1465,4,13,1,32,2,17,0,,,5,0,1603,5638,7241,55
2020-09-18,47179,47179,2107,39,2053,39,54,0,232,22,99,0,,,32,4,2441,26913,29354,660
2020-09-18,47177,47177,996,6,913,5,83,1,81,-2,14,-1,,,7,0,1118,12045,13163,100
2020-09-18,47175,47175,146,1,131,1,15,0,32,-4,5,0,,,0,0,162,1660,1822,18
2020-09-18,47173,47173,321,21,296,17,25,4,69,19,6,0,,,1,0,338,4094,4432,140
2020-09-18,47171,47171,270,6,266,6,4,0,27,3,12,0,,,1,0,312,5452,5764,92
2020-09-18,47169,47169,1645,0,1641,0,4,0,14,-1,24,0,,,7,0,1723,4688,6411,40
2020-09-18,47167,47167,1704,20,1604,19,100,1,149,12,85,1,,,17,0,2012,19315,21327,359
2020-09-18,47165,47165,4621,36,4590,36,31,0,261,-2,372,0,,,93,0,5542,40468,46010,634
2020-09-18,47163,47163,2026,35,1918,26,108,9,153,14,158,2,,,31,0,2190,26783,28973,552
2020-09-18,47161,47161,146,11,136,11,10,0,35,8,6,0,,,2,0,174,2527,2701,63
2020-09-18,47159,47159,663,8,637,7,26,1,72,-2,27,1,,,10,0,851,5102,5953,67
2020-09-18,47157,47157,29702,181,29399,168,303,13,1440,20,1886,10,,,443,3,36747,344180,380927,3965
2020-09-18,47155,47155,2493,26,2424,26,69,0,143,12,84,0,,,13,0,2782,23825,26607,356
2020-09-18,47153,47153,216,5,214,5,2,0,39,3,11,0,,,2,-1,246,4612,4858,62
2020-09-18,47151,47151,194,6,186,6,8,0,21,6,13,1,,,2,0,209,3889,4098,63
2020-09-18,47149,47149,8869,90,8809,89,60,1,541,46,251,1,,,87,1,10945,76005,86950,1196
2020-09-18,47147,47147,2141,15,2120,15,21,0,115,-4,148,3,,,34,0,2610,15740,18350,220
2020-09-18,47143,47143,763,9,760,9,3,0,67,7,26,2,,,11,0,912,9794,10706,160
2020-09-18,47189,47189,3308,49,3280,47,28,2,238,12,105,1,,,39,1,3943,34610,38553,449
2020-09-18,47097,47097,923,13,864,11,59,2,161,11,41,1,,,14,0,1012,9951,10963,267
2020-09-18,47093,47093,8726,149,8376,133,350,16,1153,16,324,10,,,71,3,9584,117924,127508,2036
2020-09-18,47041,47041,542,5,521,4,21,1,30,4,22,0,,,10,0,668,7399,8067,77
2020-09-18,47039,47039,452,25,356,22,96,3,108,23,11,0,,,6,0,498,5219,5717,243
2020-09-18,47037,47037,25798,146,25661,144,137,2,1143,-34,1034,4,,,287,3,32401,293186,325587,4586
2020-09-18,47035,47035,1126,14,1095,12,31,2,119,6,52,0,,,16,0,1371,20486,21857,299
2020-09-18,47033,47033,495,11,431,9,64,2,60,4,20,0,,,19,0,557,3372,3929,75
2020-09-18,47031,47031,1057,42,965,38,92,4,214,26,33,0,,,12,1,1260,16857,18117,421
2020-09-18,47029,47029,724,4,672,3,52,1,32,-2,36,1,,,9,0,774,7247,8021,101
2020-09-18,47027,47027,176,8,151,8,25,0,43,8,5,0,,,5,0,186,2516,2702,56
2020-09-18,47025,47025,419,5,389,5,30,0,27,2,18,0,,,4,0,472,9568,10040,138
2020-09-18,47023,47023,569,15,468,13,101,2,96,6,19,0,,,9,1,629,4691,5320,116
2020-09-18,47021,47021,781,5,773,5,8,0,51,5,28,0,,,10,0,944,9813,10757,152
2020-09-18,47019,47019,1106,22,1056,21,50,1,94,11,74,0,,,27,0,1219,13925,15144,264
2020-09-18,47017,47017,806,19,676,16,130,3,112,12,41,0,,,16,0,847,9034,9881,228
2020-09-18,47015,47015,263,6,249,6,14,0,31,3,8,0,,,0,0,317,3562,3879,59
2020-09-18,47013,47013,412,4,384,4,28,0,34,0,16,0,,,3,0,454,9981,10435,112
2020-09-18,47011,47011,2800,21,2715,22,85,-1,172,9,154,1,,,16,0,3330,23550,26880,537
2020-09-18,47009,47009,2411,24,2363,24,48,0,162,4,106,4,,,23,2,2811,25979,28790,465
2020-09-18,47007,47007,842,4,836,4,6,0,33,0,17,0,,,4,0,883,7252,8135,100
2020-09-18,47005,47005,329,4,315,4,14,0,42,0,15,0,,,9,0,353,3914,4267,139
2020-09-18,47003,47003,1287,20,1228,20,59,0,103,11,53,3,,,16,1,1525,11759,13284,230
2020-09-18,47001,47001,1103,31,1065,29,38,2,123,22,37,3,,,11,0,1268,23406,24674,324
2020-09-18,47043,47043,1166,10,1057,8,109,2,101,-3,52,0,,,12,0,1446,13065,14511,153
2020-09-18,47045,47045,1246,36,1153,32,93,4,179,23,60,0,,,13,0,1346,9891,11237,278
2020-09-18,47095,47095,868,3,862,3,6,0,17,2,5,0,,,2,0,1059,5848,6907,343
2020-09-18,47049,47049,406,24,357,16,49,8,100,14,20,0,,,3,0,448,3556,4004,89
2020-09-18,47047,47047,1110,18,1076,16,34,2,102,5,72,0,,,17,1,1402,14474,15876,295
2020-09-18,47091,47091,633,13,623,13,10,0,179,9,19,0,,,2,0,683,5311,5994,98
2020-09-18,47089,47089,1046,24,934,23,112,1,116,6,50,2,,,14,1,1093,15121,16214,370
2020-09-18,47087,47087,298,4,268,1,30,3,34,2,15,0,,,4,1,335,2189,2524,21
2020-09-18,47085,47085,221,6,192,6,29,0,36,1,5,0,,,3,0,246,4884,5130,118
2020-09-18,47083,47083,171,8,164,8,7,0,50,6,10,0,,,0,0,187,1936,2123,45
2020-09-18,47079,47079,590,15,576,15,14,0,61,9,34,1,,,9,0,693,8910,9603,120
2020-09-18,47077,47077,1089,21,878,20,211,1,114,6,39,0,,,19,0,1320,7926,9246,227
2020-09-18,47075,47075,896,16,848,16,48,0,78,7,37,0,,,16,0,983,5820,6803,224
2020-09-18,47073,47073,742,11,723,11,19,0,42,9,54,1,,,16,1,860,8830,9690,181
2020-09-18,47081,47081,507,14,478,14,29,0,86,9,14,0,,,4,0,620,6622,7242,153
2020-09-18,47069,47069,1512,21,1452,20,60,1,211,14,62,1,,,25,0,1742,13240,14982,155
2020-09-18,47067,47067,106,1,97,1,9,0,6,0,11,0,,,2,0,116,1785,1901,24
2020-09-18,47065,47065,8985,86,8760,76,225,10,590,15,375,6,,,89,4,10371,122995,133366,1853
2020-09-18,47063,47063,1824,26,1734,25,90,1,86,20,85,1,,,25,0,1984,19637,21621,377
2020-09-18,47051,47051,862,43,835,43,27,0,205,32,35,1,,,7,0,1025,13899,14924,288
2020-09-18,47061,47061,219,16,200,11,19,5,56,16,23,0,,,5,0,251,2264,2515,77
2020-09-18,47059,47059,1075,38,1014,37,61,1,103,25,76,0,,,36,2,1267,13718,14985,290
2020-09-18,47057,47057,337,6,317,6,20,0,37,-3,20,0,,,2,0,385,5456,5841,143
2020-09-18,47055,47055,547,6,544,6,3,0,59,-1,33,1,,,17,0,656,7917,8573,133
2020-09-18,47053,47053,1464,34,1178,26,286,8,228,17,53,1,,,19,0,1612,13339,14951,370
2020-09-18,47071,47071,941,19,791,16,150,3,127,11,24,0,,,14,0,1024,11133,12157,220
2020-09-19,47127,47127,145,0,134,0,11,0,23,-2,1,0,,,1,0,170,2048,2218,11
2020-09-19,47129,47129,302,3,286,3,16,0,29,2,7,0,,,3,0,334,7740,8074,33
2020-09-19,47131,47131,1066,6,1037,7,29,-1,123,-7,39,1,,,9,0,1176,8906,10082,64
2020-09-19,47137,47137,94,-1,77,-1,17,0,11,-3,4,0,,,2,0,103,898,1001,6
2020-09-19,47133,47133,673,11,608,7,65,4,121,5,20,0,,,4,1,744,6392,7136,51
2020-09-19,,47PEN,2803,23,2691,16,112,7,406,-19,49,1,,,6,0,3192,169552,172744,9392
2020-09-19,47135,47135,140,2,127,2,13,0,17,2,6,1,,,0,0,154,3149,3303,16
2020-09-19,47125,47125,2922,4,2820,4,102,0,230,-35,118,1,,,43,2,3291,37083,40374,91
2020-09-19,,47OOS,2811,-65,2743,-64,68,-1,429,-85,90,0,,,23,0,2754,252782,255536,1813
2020-09-19,47123,47123,994,7,955,6,39,1,95,1,65,0,,,16,0,1113,9917,11030,70
2020-09-19,47101,47101,169,1,168,1,1,0,18,0,11,0,,,1,0,187,4116,4303,19
2020-09-19,47109,47109,783,5,637,4,146,1,132,-2,33,0,,,16,0,882,6269,7151,67
2020-09-19,47107,47107,1045,17,1030,16,15,1,138,5,56,0,,,24,0,1208,15092,16300,173
2020-09-19,47119,47119,2183,5,2169,4,14,1,244,-20,75,1,,,23,1,2535,23132,25667,64
2020-09-19,47117,47117,698,1,694,1,4,0,85,-5,20,0,,,5,1,793,8274,9067,20
2020-09-19,47115,47115,493,5,486,5,7,0,85,-4,34,0,,,7,0,588,5366,5954,22
2020-09-19,47113,47113,2596,28,2109,11,487,17,302,-6,143,0,,,56,0,2805,24728,27533,218
2020-09-19,47111,47111,1007,7,993,7,14,0,38,0,75,0,,,19,0,1238,6637,7875,40
2020-09-19,47105,47105,1099,6,1068,7,31,-1,94,1,35,1,,,6,0,1218,11775,12993,79
2020-09-19,47103,47103,576,10,569,10,7,0,67,0,18,0,,,1,0,693,7381,8074,107
2020-09-19,47139,47139,375,4,366,3,9,1,13,-3,20,0,,,11,0,430,3451,3881,15
2020-09-19,47121,47121,216,0,212,0,4,0,30,-4,10,0,,,3,0,248,2776,3024,6
2020-09-19,47141,47141,3019,54,2827,38,192,16,467,11,104,1,,,37,0,3639,27191,30830,336
2020-09-19,47163,47163,2038,12,1929,11,109,1,139,-14,159,1,,,31,0,2201,26922,29123,150
2020-09-19,47145,47145,828,16,794,11,34,5,112,4,30,0,,,4,1,979,16115,17094,101
2020-09-19,47099,47099,939,9,923,7,16,2,117,5,36,1,,,11,0,1085,9534,10619,26
2020-09-19,47187,47187,5030,11,4964,10,66,1,384,-15,115,1,,,36,0,5925,61333,67258,284
2020-09-19,47185,47185,763,11,703,10,60,1,121,4,34,0,,,9,1,941,8555,9496,121
2020-09-19,47183,47183,1104,13,1023,13,81,0,115,3,28,0,,,19,1,1210,9952,11162,126
2020-09-19,47181,47181,1478,0,1465,0,13,0,28,-4,18,1,,,5,0,1603,5659,7262,21
2020-09-19,47179,47179,2123,16,2070,17,53,-1,227,-5,100,1,,,32,0,2457,27182,29639,285
2020-09-19,47177,47177,997,1,914,1,83,0,70,-11,14,0,,,7,0,1121,12164,13285,122
2020-09-19,47175,47175,149,3,134,3,15,0,31,-1,5,0,,,0,0,166,1672,1838,16
2020-09-19,47173,47173,331,10,303,7,28,3,74,5,8,2,,,1,0,346,4161,4507,75
2020-09-19,47171,47171,274,4,270,4,4,0,29,2,12,0,,,1,0,316,5530,5846,82
2020-09-19,47169,47169,1647,2,1642,1,5,1,16,2,24,0,,,7,0,1722,4704,6426,15
2020-09-19,47167,47167,1711,7,1611,7,100,0,134,-15,85,0,,,17,0,2024,19405,21429,102
2020-09-19,47165,47165,4629,8,4597,7,32,1,245,-16,377,5,,,93,0,5538,40696,46234,224
2020-09-19,47161,47161,167,21,156,20,11,1,56,21,6,0,,,2,0,196,2584,2780,79
2020-09-19,47159,47159,669,6,642,5,27,1,72,0,26,-1,,,10,0,857,5130,5987,34
2020-09-19,47157,47157,29800,98,29500,101,300,-3,1396,-44,1896,10,,,446,3,36877,345957,382834,1907
2020-09-19,47155,47155,2500,7,2431,7,69,0,134,-9,85,1,,,13,0,2790,23897,26687,80
2020-09-19,47153,47153,219,3,217,3,2,0,34,-5,12,1,,,3,1,250,4623,4873,15
2020-09-19,47151,47151,197,3,189,3,8,0,23,2,13,0,,,2,0,212,3928,4140,42
2020-09-19,47149,47149,8902,33,8833,24,69,9,530,-11,253,2,,,87,0,10978,76398,87376,426
2020-09-19,47147,47147,2151,10,2126,6,25,4,119,4,150,2,,,33,-1,2624,15787,18411,61
2020-09-19,47143,47143,766,3,763,3,3,0,61,-6,25,-1,,,11,0,915,9832,10747,41
2020-09-19,47189,47189,3318,10,3290,10,28,0,223,-15,106,1,,,41,2,3953,34729,38682,129
2020-09-19,47097,47097,928,5,869,5,59,0,79,-82,41,0,,,15,1,1018,9986,11004,41
2020-09-19,47093,47093,8806,80,8455,79,351,1,1122,-31,324,0,,,72,1,9674,118358,128032,524
2020-09-19,47041,47041,541,-1,521,0,20,-1,25,-5,21,-1,,,11,1,668,7442,8110,43
2020-09-19,47039,47039,455,3,358,2,97,1,95,-13,11,0,,,6,0,500,5296,5796,79
2020-09-19,47037,47037,25840,42,25703,42,137,0,928,-215,1038,4,,,289,2,32458,295433,327891,2304
2020-09-19,47035,47035,1143,17,1112,17,31,0,129,10,52,0,,,17,1,1393,20630,22023,166
2020-09-19,47033,47033,497,2,432,1,65,1,59,-1,20,0,,,19,0,559,3382,3941,12
2020-09-19,47031,47031,1069,12,977,12,92,0,212,-2,33,0,,,12,0,1273,16998,18271,154
2020-09-19,47029,47029,730,6,676,4,54,2,35,3,36,0,,,9,0,777,7288,8065,44
2020-09-19,47027,47027,182,6,157,6,25,0,49,6,5,0,,,5,0,193,2538,2731,29
2020-09-19,47025,47025,423,4,393,4,30,0,30,3,18,0,,,4,0,476,9620,10096,56
2020-09-19,47021,47021,784,3,776,3,8,0,48,-3,28,0,,,10,0,944,9895,10839,82
2020-09-19,47019,47019,1108,2,1056,0,52,2,91,-3,74,0,,,27,0,1217,14100,15317,173
2020-09-19,47017,47017,816,10,684,8,132,2,114,2,41,0,,,17,1,861,9094,9955,74
2020-09-19,47015,47015,269,6,255,6,14,0,34,3,8,0,,,0,0,324,3605,3929,50
2020-09-19,47013,47013,415,3,386,2,29,1,33,-1,17,1,,,3,0,459,10021,10480,45
2020-09-19,47011,47011,2818,18,2732,17,86,1,165,-7,154,0,,,16,0,3350,23608,26958,78
2020-09-19,47009,47009,2425,14,2376,13,49,1,155,-7,107,1,,,23,0,2820,26152,28972,182
2020-09-19,47007,47007,844,2,838,2,6,0,29,-4,17,0,,,4,0,886,7257,8143,8
2020-09-19,47005,47005,331,2,317,2,14,0,39,-3,15,0,,,9,0,354,3934,4288,21
2020-09-19,47003,47003,1295,8,1235,7,60,1,98,-5,53,0,,,16,0,1538,11797,13335,51
2020-09-19,47001,47001,1117,14,1080,15,37,-1,126,3,37,0,,,11,0,1282,23546,24828,154
2020-09-19,47095,47095,871,3,865,3,6,0,20,3,5,0,,,2,0,1063,5862,6925,18
2020-09-19,47043,47043,1176,10,1064,7,112,3,99,-2,53,1,,,12,0,1460,13110,14570,59
2020-09-19,47045,47045,1253,7,1161,8,92,-1,176,-3,60,0,,,12,-1,1357,9969,11326,89
2020-09-19,47023,47023,576,7,468,0,108,7,98,2,19,0,,,9,0,641,4699,5340,20
2020-09-19,47049,47049,422,16,372,15,50,1,102,2,20,0,,,3,0,466,3591,4057,53
2020-09-19,47047,47047,1111,1,1078,2,33,-1,97,-5,72,0,,,18,1,1403,14523,15926,50
2020-09-19,47089,47089,1051,5,936,2,115,3,97,-19,51,1,,,14,0,1095,15205,16300,86
2020-09-19,47087,47087,302,4,272,4,30,0,36,2,16,1,,,4,0,339,2206,2545,21
2020-09-19,47085,47085,224,3,195,3,29,0,37,1,6,1,,,3,0,250,4938,5188,58
2020-09-19,47083,47083,178,7,171,7,7,0,54,4,13,3,,,0,0,191,1941,2132,9
2020-09-19,47081,47081,515,8,486,8,29,0,89,3,14,0,,,4,0,627,6650,7277,35
2020-09-19,47079,47079,594,4,579,3,15,1,62,1,34,0,,,9,0,697,8989,9686,83
2020-09-19,47077,47077,1101,12,889,11,212,1,111,-3,39,0,,,19,0,1338,7984,9322,76
2020-09-19,47075,47075,900,4,852,4,48,0,79,1,37,0,,,16,0,990,5832,6822,19
2020-09-19,47073,47073,747,5,726,3,21,2,43,1,54,0,,,16,0,865,8858,9723,33
2020-09-19,47071,47071,954,13,802,11,152,2,121,-6,25,1,,,14,0,1040,11244,12284,127
2020-09-19,47091,47091,635,2,625,2,10,0,72,-107,20,1,,,2,0,687,5328,6015,21
2020-09-19,47067,47067,106,0,97,0,9,0,6,0,11,0,,,3,1,116,1800,1916,15
2020-09-19,47065,47065,9033,48,8794,34,239,14,578,-12,374,-1,,,88,-1,10415,123523,133938,572
2020-09-19,47063,47063,1831,7,1739,5,92,2,88,2,85,0,,,25,0,1988,19746,21734,113
2020-09-19,47061,47061,230,11,211,11,19,0,63,7,24,1,,,5,0,265,2281,2546,31
2020-09-19,47059,47059,1079,4,1017,3,62,1,93,-10,77,1,,,36,0,1275,13751,15026,41
2020-09-19,47057,47057,346,9,319,2,27,7,43,6,20,0,,,2,0,392,5471,5863,22
2020-09-19,47055,47055,549,2,546,2,3,0,51,-8,34,1,,,17,0,662,7971,8633,60
2020-09-19,47053,47053,1492,28,1197,19,295,9,239,11,56,3,,,19,0,1638,13424,15062,111
2020-09-19,47051,47051,875,13,847,12,28,1,199,-6,35,0,,,7,0,1039,13998,15037,113
2020-09-19,47069,47069,1513,1,1452,0,61,1,106,-105,62,0,,,25,0,1744,13265,15009,27
2020-09-20,47141,47141,3061,42,2869,42,192,0,488,21,104,0,,,37,0,3690,27674,31364,534
2020-09-20,47129,47129,304,2,288,2,16,0,29,0,7,0,,,3,0,336,7794,8130,56
2020-09-20,47131,47131,1088,22,1058,21,30,1,141,18,39,0,,,9,0,1200,9129,10329,247
2020-09-20,,47OOS,2944,133,2873,130,71,3,545,116,91,1,,,23,0,2887,256675,259562,4026
2020-09-20,47139,47139,377,2,368,2,9,0,14,1,20,0,,,11,0,431,3531,3962,81
2020-09-20,,47PEN,2881,78,2757,66,124,12,482,76,50,1,,,6,0,3278,173810,177088,4344
2020-09-20,47135,47135,143,3,130,3,13,0,19,2,6,0,,,0,0,154,3262,3416,113
2020-09-20,47137,47137,96,2,79,2,17,0,12,1,4,0,,,2,0,105,913,1018,17
2020-09-20,47127,47127,153,8,140,6,13,2,29,6,1,0,,,1,0,178,2123,2301,83
2020-09-20,47133,47133,678,5,613,5,65,0,119,-2,20,0,,,4,0,751,6539,7290,154
2020-09-20,47125,47125,2952,30,2845,25,107,5,241,11,118,0,,,43,0,3324,37699,41023,649
2020-09-20,47119,47119,2238,55,2224,55,14,0,288,44,76,1,,,23,0,2597,23654,26251,584
2020-09-20,47121,47121,220,4,216,4,4,0,31,1,11,1,,,3,0,252,2822,3074,50
2020-09-20,47109,47109,807,24,659,22,148,2,151,19,33,0,,,16,0,907,6483,7390,239
2020-09-20,47107,47107,1063,18,1047,17,16,1,146,8,57,1,,,24,0,1228,15322,16550,250
2020-09-20,47117,47117,713,15,709,15,4,0,94,9,20,0,,,5,0,809,8505,9314,247
2020-09-20,47115,47115,499,6,492,6,7,0,84,-1,34,0,,,7,0,597,5512,6109,155
2020-09-20,47113,47113,2641,45,2135,26,506,19,314,12,143,0,,,56,0,2851,25148,27999,466
2020-09-20,47111,47111,1015,8,1001,8,14,0,43,5,75,0,,,19,0,1246,6808,8054,179
2020-09-20,47105,47105,1112,13,1081,13,31,0,102,8,35,0,,,6,0,1232,11938,13170,177
2020-09-20,47103,47103,578,2,571,2,7,0,64,-3,18,0,,,1,0,696,7511,8207,133
2020-09-20,47123,47123,995,1,955,0,40,1,80,-15,65,0,,,16,0,1117,10066,11183,153
2020-09-20,47143,47143,772,6,769,6,3,0,63,2,26,1,,,11,0,926,9964,10890,143
2020-09-20,47101,47101,177,8,176,8,1,0,25,7,11,0,,,1,0,195,4176,4371,68
2020-09-20,47147,47147,2162,11,2137,11,25,0,124,5,151,1,,,33,0,2642,16136,18778,367
2020-09-20,47189,47189,3358,40,3330,40,28,0,243,20,106,0,,,41,0,3993,35145,39138,456
2020-09-20,47187,47187,5077,47,5011,47,66,0,399,15,115,0,,,36,0,5976,62343,68319,1061
2020-09-20,47185,47185,776,13,716,13,60,0,131,10,34,0,,,9,0,957,8763,9720,224
2020-09-20,47183,47183,1117,13,1033,10,84,3,122,7,28,0,,,19,0,1223,10099,11322,160
2020-09-20,47181,47181,1479,1,1466,1,13,0,28,0,18,0,,,5,0,1604,5717,7321,59
2020-09-20,47179,47179,2167,44,2114,44,53,0,256,29,101,1,,,32,0,2503,27573,30076,437
2020-09-20,47177,47177,1007,10,924,10,83,0,78,8,14,0,,,7,0,1133,12265,13398,113
2020-09-20,47175,47175,153,4,138,4,15,0,34,3,5,0,,,0,0,170,1744,1914,76
2020-09-20,47173,47173,334,3,307,4,27,-1,73,-1,9,1,,,1,0,351,4201,4552,45
2020-09-20,47171,47171,277,3,273,3,4,0,30,1,13,1,,,1,0,321,5615,5936,90
2020-09-20,47169,47169,1651,4,1646,4,5,0,19,3,24,0,,,7,0,1728,4760,6488,62
2020-09-20,47167,47167,1733,22,1621,10,112,12,153,19,85,0,,,17,0,2054,19645,21699,270
2020-09-20,47165,47165,4686,57,4653,56,33,1,281,36,383,6,,,93,0,5610,41396,47006,772
2020-09-20,47163,47163,2051,13,1943,14,108,-1,137,-2,160,1,,,31,0,2216,27483,29699,576
2020-09-20,47161,47161,173,6,162,6,11,0,61,5,6,0,,,2,0,203,2643,2846,66
2020-09-20,47159,47159,673,4,646,4,27,0,74,2,26,0,,,10,0,863,5191,6054,67
2020-09-20,47157,47157,30062,262,29751,251,311,11,1573,177,1908,12,,,447,1,37199,350614,387813,4979
2020-09-20,47155,47155,2515,15,2444,13,71,2,142,8,85,0,,,13,0,2805,24132,26937,250
2020-09-20,47153,47153,222,3,220,3,2,0,34,0,12,0,,,3,0,253,4684,4937,64
2020-09-20,47151,47151,200,3,192,3,8,0,26,3,13,0,,,2,0,216,4022,4238,98
2020-09-20,47149,47149,8986,84,8913,80,73,4,581,51,253,0,,,87,0,11078,77480,88558,1182
2020-09-20,47145,47145,835,7,801,7,34,0,116,4,30,0,,,4,0,986,16373,17359,265
2020-09-20,47099,47099,954,15,938,15,16,0,123,6,36,0,,,11,0,1103,9774,10877,258
2020-09-20,47097,47097,937,9,877,8,60,1,86,7,41,0,,,15,0,1028,10118,11146,142
2020-09-20,47095,47095,873,2,866,1,7,1,21,1,5,0,,,2,0,1065,5882,6947,22
2020-09-20,47043,47043,1193,17,1078,14,115,3,110,11,53,0,,,12,0,1483,13315,14798,228
2020-09-20,47041,47041,544,3,524,3,20,0,28,3,21,0,,,11,0,671,7616,8287,177
2020-09-20,47039,47039,470,15,371,13,99,2,103,8,12,1,,,6,0,516,5335,5851,55
2020-09-20,47037,47037,25972,132,25834,131,138,1,1001,73,1039,1,,,289,0,32611,299197,331808,3917
2020-09-20,47035,47035,1152,9,1122,10,30,-1,129,0,52,0,,,17,0,1408,20959,22367,344
2020-09-20,47033,47033,509,12,443,11,66,1,69,10,20,0,,,19,0,571,3436,4007,66
2020-09-20,47031,47031,1097,28,1004,27,93,1,230,18,33,0,,,12,0,1311,17356,18667,396
2020-09-20,47029,47029,732,2,678,2,54,0,33,-2,36,0,,,9,0,781,7351,8132,67
2020-09-20,47027,47027,187,5,162,5,25,0,54,5,5,0,,,5,0,198,2571,2769,38
2020-09-20,47025,47025,425,2,394,1,31,1,32,2,18,0,,,4,0,481,9716,10197,101
2020-09-20,47023,47023,585,9,474,6,111,3,103,5,19,0,,,9,0,653,4777,5430,90
2020-09-20,47021,47021,788,4,780,4,8,0,50,2,28,0,,,10,0,952,10095,11047,208
2020-09-20,47019,47019,1124,16,1073,17,51,-1,98,7,74,0,,,27,0,1232,14326,15558,241
2020-09-20,47017,47017,829,13,696,12,133,1,121,7,41,0,,,17,0,871,9289,10160,205
2020-09-20,47015,47015,275,6,261,6,14,0,38,4,8,0,,,0,0,334,3672,4006,77
2020-09-20,47013,47013,416,1,386,0,30,1,34,1,17,0,,,3,0,460,10121,10581,101
2020-09-20,47011,47011,2850,32,2764,32,86,0,182,17,154,0,,,16,0,3386,24049,27435,477
2020-09-20,47009,47009,2433,8,2384,8,49,0,157,2,107,0,,,23,0,2834,26545,29379,407
2020-09-20,47007,47007,846,2,840,2,6,0,29,0,17,0,,,4,0,890,7338,8228,85
2020-09-20,47005,47005,332,1,318,1,14,0,34,-5,15,0,,,9,0,357,3994,4351,63
2020-09-20,47003,47003,1305,10,1245,10,60,0,98,0,53,0,,,16,0,1551,12027,13578,243
2020-09-20,47045,47045,1266,13,1174,13,92,0,183,7,60,0,,,12,0,1371,10186,11557,231
2020-09-20,47047,47047,1139,28,1104,26,35,2,118,21,73,1,,,18,0,1432,14679,16111,185
2020-09-20,47001,47001,1123,6,1087,7,36,-1,127,1,37,0,,,11,0,1295,23779,25074,246
2020-09-20,47051,47051,906,31,878,31,28,0,212,13,35,0,,,7,0,1077,14252,15329,292
2020-09-20,47049,47049,432,10,382,10,50,0,108,6,21,1,,,3,0,477,3634,4111,54
2020-09-20,47093,47093,8923,117,8566,111,357,6,1152,30,327,3,,,72,0,9797,119798,129595,1563
2020-09-20,47091,47091,645,10,635,10,10,0,80,8,21,1,,,2,0,700,5399,6099,84
2020-09-20,47089,47089,1066,15,949,13,117,2,109,12,51,0,,,14,0,1112,15420,16532,232
2020-09-20,47087,47087,305,3,274,2,31,1,38,2,16,0,,,4,0,342,2227,2569,24
2020-09-20,47085,47085,227,3,198,3,29,0,37,0,6,0,,,3,0,255,5039,5294,106
2020-09-20,47081,47081,530,15,500,14,30,1,100,11,14,0,,,4,0,647,6784,7431,154
2020-09-20,47079,47079,601,7,586,7,15,0,68,6,34,0,,,9,0,707,9081,9788,102
2020-09-20,47077,47077,1124,23,906,17,218,6,126,15,39,0,,,19,0,1362,8096,9458,136
2020-09-20,47075,47075,918,18,870,18,48,0,90,11,37,0,,,16,0,1008,5933,6941,119
2020-09-20,47083,47083,185,7,177,6,8,1,59,5,13,0,,,0,0,198,1978,2176,44
2020-09-20,47071,47071,967,13,816,14,151,-1,127,6,25,0,,,14,0,1053,11328,12381,97
2020-09-20,47069,47069,1529,16,1466,14,63,2,118,12,62,0,,,25,0,1765,13494,15259,250
2020-09-20,47067,47067,107,1,98,1,9,0,7,1,11,0,,,3,0,117,1820,1937,21
2020-09-20,47065,47065,9106,73,8864,70,242,3,603,25,375,1,,,88,0,10494,125001,135495,1557
2020-09-20,47053,47053,1523,31,1222,25,301,6,259,20,56,0,,,19,0,1663,13742,15405,343
2020-09-20,47063,47063,1836,5,1743,4,93,1,92,4,89,4,,,25,0,1996,20067,22063,329
2020-09-20,47061,47061,246,16,227,16,19,0,79,16,24,0,,,5,0,281,2334,2615,69
2020-09-20,47059,47059,1106,27,1041,24,65,3,116,23,77,0,,,37,1,1305,14042,15347,321
2020-09-20,47057,47057,349,3,322,3,27,0,45,2,20,0,,,2,0,395,5557,5952,89
2020-09-20,47055,47055,560,11,557,11,3,0,59,8,34,0,,,17,0,674,8167,8841,208
2020-09-20,47073,47073,766,19,744,18,22,1,58,15,55,1,,,16,0,884,9003,9887,164
2020-09-21,47127,47127,154,1,141,1,13,0,30,1,2,1,,,1,0,179,2127,2306,5
2020-09-21,47129,47129,305,1,289,1,16,0,28,-1,7,0,,,3,0,337,7804,8141,11
2020-09-21,47131,47131,1088,0,1058,0,30,0,137,-4,39,0,,,9,0,1200,9155,10355,26
2020-09-21,47137,47137,98,2,81,2,17,0,14,2,4,0,,,2,0,107,917,1024,6
2020-09-21,47133,47133,680,2,615,2,65,0,117,-2,21,1,,,5,1,753,6577,7330,40
2020-09-21,,47PEN,2891,10,2763,6,128,4,474,-8,50,0,,,6,0,3284,174663,177947,859
2020-09-21,47135,47135,146,3,131,1,15,2,21,2,6,0,,,0,0,156,3353,3509,93
2020-09-21,47125,47125,2962,10,2855,10,107,0,239,-2,118,0,,,43,0,3335,37869,41204,181
2020-09-21,,47OOS,3013,69,2941,68,72,1,593,48,92,1,,,24,1,2949,258071,261020,1458
2020-09-21,47123,47123,1001,6,960,5,41,1,79,-1,65,0,,,16,0,1123,10110,11233,50
2020-09-21,47101,47101,177,0,176,0,1,0,23,-2,11,0,,,1,0,195,4210,4405,34
2020-09-21,47109,47109,810,3,662,3,148,0,147,-4,33,0,,,16,0,912,6527,7439,49
2020-09-21,47107,47107,1068,5,1052,5,16,0,137,-9,57,0,,,24,0,1232,15404,16636,86
2020-09-21,47119,47119,2260,22,2239,15,21,7,294,6,77,1,,,23,0,2615,23728,26343,92
2020-09-21,47117,47117,717,4,713,4,4,0,97,3,20,0,,,5,0,813,8529,9342,28
2020-09-21,47115,47115,500,1,493,1,7,0,80,-4,34,0,,,7,0,598,5551,6149,40
2020-09-21,47113,47113,2701,60,2158,23,543,37,321,7,145,2,,,56,0,2911,25294,28205,206
2020-09-21,47111,47111,1020,5,1006,5,14,0,46,3,77,2,,,20,1,1252,6829,8081,27
2020-09-21,47105,47105,1115,3,1084,3,31,0,98,-4,35,0,,,6,0,1237,11987,13224,54
2020-09-21,47103,47103,579,1,571,0,8,1,62,-2,18,0,,,1,0,697,7529,8226,19
2020-09-21,47139,47139,378,1,369,1,9,0,14,0,20,0,,,11,0,433,3564,3997,35
2020-09-21,47121,47121,221,1,217,1,4,0,27,-4,11,0,,,3,0,254,2838,3092,18
2020-09-21,47141,47141,3070,9,2878,9,192,0,480,-8,104,0,,,37,0,3699,27740,31439,75
2020-09-21,47163,47163,2054,3,1946,3,108,0,133,-4,160,0,,,31,0,2222,27643,29865,166
2020-09-21,47145,47145,841,6,808,7,33,-1,118,2,30,0,,,4,0,994,16412,17406,47
2020-09-21,47099,47099,970,16,953,15,17,1,132,9,37,1,,,11,0,1120,9807,10927,50
2020-09-21,47187,47187,5089,12,5023,12,66,0,379,-20,116,1,,,36,0,5989,62624,68613,294
2020-09-21,47185,47185,784,8,724,8,60,0,133,2,35,1,,,9,0,965,8809,9774,54
2020-09-21,47183,47183,1118,1,1036,3,82,-2,119,-3,28,0,,,19,0,1228,10157,11385,63
2020-09-21,47181,47181,1480,1,1467,1,13,0,27,-1,18,0,,,5,0,1605,5743,7348,27
2020-09-21,47179,47179,2179,12,2126,12,53,0,250,-6,102,1,,,33,1,2519,27767,30286,210
2020-09-21,47177,47177,1012,5,929,5,83,0,81,3,14,0,,,7,0,1141,12309,13450,52
2020-09-21,47175,47175,153,0,138,0,15,0,30,-4,5,0,,,0,0,170,1748,1918,4
2020-09-21,47173,47173,337,3,310,3,27,0,74,1,9,0,,,1,0,354,4245,4599,47
2020-09-21,47171,47171,280,3,276,3,4,0,31,1,13,0,,,1,0,324,5649,5973,37
2020-09-21,47169,47169,1651,0,1646,0,5,0,19,0,24,0,,,7,0,1730,4772,6502,14
2020-09-21,47167,47167,1739,6,1627,6,112,0,157,4,85,0,,,17,0,2062,19734,21796,97
2020-09-21,47165,47165,4705,19,4672,19,33,0,281,0,383,0,,,93,0,5633,41585,47218,212
2020-09-21,47161,47161,175,2,162,0,13,2,59,-2,6,0,,,2,0,205,2653,2858,12
2020-09-21,47159,47159,678,5,651,5,27,0,74,0,27,1,,,10,0,868,5211,6079,25
2020-09-21,47157,47157,30155,93,29843,92,312,1,1571,-2,1911,3,,,447,0,37310,351918,389228,1415
2020-09-21,47155,47155,2518,3,2447,3,71,0,137,-5,85,0,,,13,0,2808,24203,27011,74
2020-09-21,47153,47153,223,1,221,1,2,0,35,1,12,0,,,3,0,254,4687,4941,4
2020-09-21,47151,47151,200,0,192,0,8,0,25,-1,14,1,,,2,0,217,4036,4253,15
2020-09-21,47149,47149,9031,45,8956,43,75,2,600,19,254,1,,,87,0,11126,77942,89068,510
2020-09-21,47147,47147,2172,10,2146,9,26,1,126,2,151,0,,,33,0,2650,16200,18850,72
2020-09-21,47143,47143,781,9,778,9,3,0,72,9,28,2,,,11,0,936,10008,10944,54
2020-09-21,47097,47097,936,-1,876,-1,60,0,83,-3,41,0,,,15,0,1026,10196,11222,76
2020-09-21,47189,47189,3373,15,3345,15,28,0,245,2,107,1,,,43,2,4016,35316,39332,194
2020-09-21,47093,47093,8998,75,8614,48,384,27,1140,-12,331,4,,,72,0,9847,120331,130178,583
2020-09-21,47041,47041,546,2,526,2,20,0,30,2,21,0,,,11,0,673,7643,8316,29
2020-09-21,47039,47039,478,8,377,6,101,2,106,3,12,0,,,6,0,522,5376,5898,47
2020-09-21,47037,47037,26017,45,25880,46,137,-1,999,-2,1042,3,,,293,4,32684,300269,332953,1145
2020-09-21,47035,47035,1153,1,1123,1,30,0,127,-2,53,1,,,17,0,1408,21019,22427,60
2020-09-21,47033,47033,513,4,446,3,67,1,70,1,20,0,,,19,0,576,3456,4032,25
2020-09-21,47031,47031,1108,11,1008,4,100,7,228,-2,33,0,,,12,0,1320,17437,18757,90
2020-09-21,47029,47029,734,2,680,2,54,0,33,0,36,0,,,9,0,783,7401,8184,52
2020-09-21,47027,47027,210,23,185,23,25,0,77,23,5,0,,,5,0,221,2587,2808,39
2020-09-21,47025,47025,430,5,397,3,33,2,35,3,18,0,,,4,0,487,9854,10341,144
2020-09-21,47023,47023,591,6,479,5,112,1,106,3,19,0,,,9,0,654,4818,5472,42
2020-09-21,47021,47021,790,2,781,1,9,1,51,1,28,0,,,10,0,953,10152,11105,58
2020-09-21,47019,47019,1126,2,1075,2,51,0,90,-8,78,4,,,27,0,1236,14378,15614,56
2020-09-21,47017,47017,832,3,701,5,131,-2,118,-3,41,0,,,17,0,876,9351,10227,67
2020-09-21,47015,47015,276,1,262,1,14,0,38,0,8,0,,,0,0,335,3687,4022,16
2020-09-21,47013,47013,419,3,388,2,31,1,35,1,17,0,,,3,0,463,10291,10754,173
2020-09-21,47011,47011,2858,8,2771,7,87,1,179,-3,155,1,,,16,0,3394,24143,27537,102
2020-09-21,47009,47009,2440,7,2390,6,50,1,151,-6,107,0,,,23,0,2842,26652,29494,115
2020-09-21,47007,47007,845,-1,839,-1,6,0,26,-3,17,0,,,4,0,889,7343,8232,4
2020-09-21,47005,47005,332,0,318,0,14,0,33,-1,15,0,,,9,0,356,4006,4362,11
2020-09-21,47003,47003,1309,4,1250,5,59,-1,99,1,53,0,,,16,0,1557,12066,13623,45
2020-09-21,47001,47001,1133,10,1095,8,38,2,131,4,37,0,,,11,0,1304,23874,25178,104
2020-09-21,47043,47043,1199,6,1084,6,115,0,107,-3,54,1,,,13,1,1491,13380,14871,73
2020-09-21,47045,47045,1279,13,1186,12,93,1,190,7,60,0,,,12,0,1385,10245,11630,73
2020-09-21,47095,47095,915,42,908,42,7,0,63,42,5,0,,,2,0,1107,5895,7002,55
2020-09-21,47049,47049,436,4,386,4,50,0,109,1,21,0,,,3,0,481,3649,4130,19
2020-09-21,47047,47047,1143,4,1109,5,34,-1,121,3,73,0,,,18,0,1439,14727,16166,55
2020-09-21,47091,47091,648,3,638,3,10,0,79,-1,21,0,,,2,0,704,5416,6120,21
2020-09-21,47089,47089,1066,0,948,-1,118,1,106,-3,51,0,,,14,0,1115,15447,16562,30
2020-09-21,47087,47087,305,0,274,0,31,0,35,-3,16,0,,,5,1,342,2229,2571,2
2020-09-21,47085,47085,232,5,202,4,30,1,40,3,6,0,,,3,0,261,5067,5328,34
2020-09-21,47083,47083,186,1,177,0,9,1,56,-3,13,0,,,0,0,199,1986,2185,9
2020-09-21,47079,47079,602,1,587,1,15,0,68,0,34,0,,,9,0,709,9123,9832,44
2020-09-21,47077,47077,1131,7,913,7,218,0,132,6,39,0,,,19,0,1376,8200,9576,118
2020-09-21,47075,47075,921,3,873,3,48,0,88,-2,37,0,,,16,0,1012,6046,7058,117
2020-09-21,47073,47073,770,4,748,4,22,0,58,0,55,0,,,16,0,888,9026,9914,27
2020-09-21,47081,47081,538,8,506,6,32,2,103,3,16,2,,,5,1,654,6812,7466,35
2020-09-21,47069,47069,1532,3,1469,3,63,0,119,1,62,0,,,25,0,1766,13585,15351,92
2020-09-21,47067,47067,106,-1,97,-1,9,0,6,-1,11,0,,,3,0,116,1824,1940,3
2020-09-21,47065,47065,9144,38,8900,36,244,2,590,-13,376,1,,,89,1,10541,125488,136029,534
2020-09-21,47063,47063,1838,2,1745,2,93,0,91,-1,89,0,,,25,0,1999,20098,22097,34
2020-09-21,47051,47051,913,7,885,7,28,0,210,-2,35,0,,,7,0,1091,14297,15388,59
2020-09-21,47061,47061,249,3,230,3,19,0,78,-1,25,1,,,5,0,287,2337,2624,9
2020-09-21,47059,47059,1107,1,1045,4,62,-3,110,-6,77,0,,,37,0,1306,14105,15411,64
2020-09-21,47057,47057,350,1,325,3,25,-2,43,-2,21,1,,,3,1,394,5575,5969,17
2020-09-21,47055,47055,568,8,565,8,3,0,65,6,34,0,,,17,0,683,8246,8929,88
2020-09-21,47053,47053,1538,15,1238,16,300,-1,258,-1,56,0,,,19,0,1683,13854,15537,132
2020-09-21,47071,47071,967,0,817,1,150,-1,126,-1,25,0,,,14,0,1057,11437,12494,113
2020-09-22,47127,47127,154,0,141,0,13,0,28,-2,3,1,,,1,0,179,2128,2307,1
2020-09-22,47129,47129,306,1,290,1,16,0,26,-2,7,0,,,3,0,339,7840,8179,38
2020-09-22,47131,47131,1096,8,1066,8,30,0,139,2,39,0,,,9,0,1208,9189,10397,42
2020-09-22,47137,47137,103,5,83,2,20,3,16,2,4,0,,,2,0,112,919,1031,7
2020-09-22,47133,47133,681,1,617,2,64,-1,114,-3,22,1,,,5,0,757,6585,7342,12
2020-09-22,,47PEN,2891,0,2765,2,126,-2,460,-14,51,1,,,6,0,3289,175666,178955,1008
2020-09-22,47135,47135,150,4,132,1,18,3,24,3,6,0,,,0,0,161,3359,3520,11
2020-09-22,47125,47125,2971,9,2863,8,108,1,213,-26,117,-1,,,43,0,3341,38087,41428,224
2020-09-22,,47OOS,2968,-45,2894,-47,74,2,532,-61,94,2,,,25,1,2908,259306,262214,1194
2020-09-22,47123,47123,1003,2,962,2,41,0,76,-3,65,0,,,16,0,1126,10176,11302,69
2020-09-22,47101,47101,179,2,178,2,1,0,25,2,11,0,,,1,0,197,4219,4416,11
2020-09-22,47109,47109,816,6,665,3,151,3,143,-4,33,0,,,18,2,920,6606,7526,87
2020-09-22,47107,47107,1076,8,1060,8,16,0,132,-5,57,0,,,24,0,1242,15458,16700,64
2020-09-22,47119,47119,2274,14,2251,12,23,2,287,-7,81,4,,,23,0,2629,23815,26444,101
2020-09-22,47117,47117,720,3,716,3,4,0,94,-3,20,0,,,5,0,813,8546,9359,17
2020-09-22,47115,47115,504,4,497,4,7,0,79,-1,34,0,,,7,0,602,5572,6174,25
2020-09-22,47113,47113,2750,49,2173,15,577,34,313,-8,149,4,,,60,4,2966,25509,28475,270
2020-09-22,47111,47111,1023,3,1009,3,14,0,47,1,78,1,,,20,0,1255,6843,8098,17
2020-09-22,47105,47105,1121,6,1089,5,32,1,101,3,34,-1,,,6,0,1241,12120,13361,137
2020-09-22,47103,47103,581,2,572,1,9,1,56,-6,18,0,,,1,0,703,7539,8242,16
2020-09-22,47139,47139,380,2,370,1,10,1,14,0,20,0,,,11,0,435,3569,4004,7
2020-09-22,47121,47121,221,0,217,0,4,0,25,-2,11,0,,,3,0,254,2871,3125,33
2020-09-22,47141,47141,3088,18,2887,9,201,9,475,-5,106,2,,,38,1,3716,27766,31482,43
2020-09-22,47163,47163,2071,17,1958,12,113,5,136,3,166,6,,,31,0,2239,27804,30043,178
2020-09-22,47145,47145,849,8,812,4,37,4,120,2,31,1,,,3,-1,996,16516,17512,106
2020-09-22,47099,47099,977,7,960,7,17,0,131,-1,37,0,,,11,0,1128,9860,10988,61
2020-09-22,47187,47187,5096,7,5030,7,66,0,354,-25,116,0,,,36,0,6000,62816,68816,203
2020-09-22,47185,47185,788,4,725,1,63,3,124,-9,35,0,,,9,0,969,8829,9798,24
2020-09-22,47183,47183,1122,4,1040,4,82,0,115,-4,28,0,,,19,0,1233,10182,11415,30
2020-09-22,47181,47181,1485,5,1472,5,13,0,26,-1,18,0,,,6,1,1612,5749,7361,13
2020-09-22,47179,47179,2186,7,2131,5,55,2,230,-20,103,1,,,34,1,2527,27801,30328,42
2020-09-22,47177,47177,1012,0,927,-2,85,2,76,-5,16,2,,,7,0,1141,12322,13463,13
2020-09-22,47175,47175,154,1,139,1,15,0,29,-1,6,1,,,0,0,171,1814,1985,67
2020-09-22,47173,47173,339,2,311,1,28,1,73,-1,10,1,,,1,0,357,4262,4619,20
2020-09-22,47171,47171,280,0,276,0,4,0,28,-3,13,0,,,1,0,325,5663,5988,15
2020-09-22,47169,47169,1651,0,1646,0,5,0,18,-1,24,0,,,7,0,1733,4778,6511,9
2020-09-22,47167,47167,1745,6,1633,6,112,0,155,-2,85,0,,,17,0,2067,19855,21922,126
2020-09-22,47165,47165,4721,16,4688,16,33,0,281,0,384,1,,,93,0,5663,41688,47351,133
2020-09-22,47161,47161,177,2,164,2,13,0,57,-2,6,0,,,2,0,207,2663,2870,12
2020-09-22,47159,47159,678,0,651,0,27,0,69,-5,28,1,,,10,0,868,5224,6092,13
2020-09-22,47157,47157,30244,89,29925,82,319,7,1577,6,1915,4,,,449,2,37433,353508,390941,1713
2020-09-22,47155,47155,2537,19,2463,16,74,3,145,8,87,2,,,15,2,2825,24288,27113,102
2020-09-22,47153,47153,223,0,221,0,2,0,34,-1,12,0,,,3,0,255,4695,4950,9
2020-09-22,47151,47151,202,2,192,0,10,2,23,-2,15,1,,,2,0,218,4048,4266,13
2020-09-22,47149,47149,9058,27,8980,24,78,3,570,-30,254,0,,,88,1,11164,78154,89318,250
2020-09-22,47147,47147,2173,1,2147,1,26,0,120,-6,151,0,,,34,1,2655,16226,18881,31
2020-09-22,47143,47143,788,7,785,7,3,0,71,-1,28,0,,,11,0,944,10041,10985,41
2020-09-22,47189,47189,3384,11,3356,11,28,0,242,-3,108,1,,,43,0,4030,35462,39492,160
2020-09-22,47097,47097,942,6,880,4,62,2,83,0,41,0,,,15,0,1034,10222,11256,34
2020-09-22,47093,47093,9052,54,8668,54,384,0,1077,-63,333,2,,,73,1,9904,121055,130959,781
2020-09-22,47041,47041,547,1,527,1,20,0,28,-2,21,0,,,13,2,675,7653,8328,12
2020-09-22,47039,47039,479,1,378,1,101,0,99,-7,12,0,,,6,0,526,5382,5908,10
2020-09-22,47037,47037,26087,70,25942,62,145,8,986,-13,1045,3,,,294,1,32788,301792,334580,1627
2020-09-22,47035,47035,1155,2,1126,3,29,-1,123,-4,55,2,,,18,1,1411,21087,22498,71
2020-09-22,47033,47033,513,0,446,0,67,0,64,-6,20,0,,,19,0,577,3463,4040,8
2020-09-22,47031,47031,1125,17,1021,13,104,4,234,6,34,1,,,12,0,1341,17514,18855,98
2020-09-22,47029,47029,736,2,682,2,54,0,32,-1,37,1,,,9,0,785,7417,8202,18
2020-09-22,47027,47027,211,1,185,0,26,1,74,-3,5,0,,,5,0,223,2588,2811,3
2020-09-22,47025,47025,438,8,403,6,35,2,37,2,18,0,,,4,0,496,9869,10365,24
2020-09-22,47021,47021,793,3,784,3,9,0,49,-2,28,0,,,10,0,957,10169,11126,21
2020-09-22,47019,47019,1127,1,1075,0,52,1,87,-3,79,1,,,28,1,1239,14409,15648,34
2020-09-22,47017,47017,839,7,707,6,132,1,113,-5,42,1,,,18,1,881,9420,10301,74
2020-09-22,47015,47015,279,3,265,3,14,0,42,4,8,0,,,0,0,337,3691,4028,6
2020-09-22,47013,47013,421,2,389,1,32,1,36,1,17,0,,,3,0,465,10311,10776,22
2020-09-22,47011,47011,2868,10,2779,8,89,2,164,-15,157,2,,,17,1,3401,24231,27632,95
2020-09-22,47009,47009,2449,9,2397,7,52,2,147,-4,108,1,,,23,0,2851,26753,29604,110
2020-09-22,47007,47007,845,0,839,0,6,0,24,-2,17,0,,,4,0,890,7364,8254,22
2020-09-22,47005,47005,332,0,318,0,14,0,31,-2,15,0,,,9,0,357,4030,4387,25
2020-09-22,47003,47003,1313,4,1253,3,60,1,88,-11,53,0,,,17,1,1560,12125,13685,62
2020-09-22,47001,47001,1138,5,1100,5,38,0,127,-4,37,0,,,11,0,1309,23933,25242,64
2020-09-22,47095,47095,915,0,908,0,7,0,62,-1,5,0,,,2,0,1106,5920,7026,24
2020-09-22,47043,47043,1207,8,1091,7,116,1,107,0,54,0,,,14,1,1503,13421,14924,53
2020-09-22,47045,47045,1287,8,1193,7,94,1,184,-6,60,0,,,12,0,1392,10297,11689,59
2020-09-22,47023,47023,595,4,482,3,113,1,102,-4,19,0,,,9,0,662,4878,5540,68
2020-09-22,47049,47049,447,11,394,8,53,3,116,7,21,0,,,3,0,493,3658,4151,21
2020-09-22,47047,47047,1144,1,1109,0,35,1,118,-3,73,0,,,18,0,1441,14781,16222,56
2020-09-22,47089,47089,1074,8,955,7,119,1,107,1,53,2,,,14,0,1124,15604,16728,166
2020-09-22,47087,47087,308,3,275,1,33,2,35,0,16,0,,,5,0,345,2230,2575,4
2020-09-22,47085,47085,235,3,203,1,32,2,43,3,6,0,,,3,0,262,5088,5350,22
2020-09-22,47083,47083,193,7,182,5,11,2,50,-6,15,2,,,1,1,209,1992,2201,16
2020-09-22,47081,47081,546,8,508,2,38,6,106,3,17,1,,,5,0,663,6857,7520,54
2020-09-22,47079,47079,607,5,591,4,16,1,71,3,35,1,,,9,0,714,9190,9904,72
2020-09-22,47077,47077,1135,4,916,3,219,1,126,-6,40,1,,,20,1,1381,8214,9595,19
2020-09-22,47075,47075,924,3,876,3,48,0,90,2,38,1,,,16,0,1015,6066,7081,23
2020-09-22,47073,47073,773,3,752,4,21,-1,57,-1,56,1,,,16,0,892,9043,9935,21
2020-09-22,47071,47071,972,5,821,4,151,1,121,-5,25,0,,,14,0,1061,11486,12547,53
2020-09-22,47091,47091,649,1,639,1,10,0,78,-1,22,1,,,2,0,705,5426,6131,11
2020-09-22,47067,47067,106,0,97,0,9,0,6,0,11,0,,,3,0,116,1830,1946,6
2020-09-22,47065,47065,9211,67,8949,49,262,18,612,22,377,1,,,89,0,10598,126136,136734,705
2020-09-22,47063,47063,1839,1,1744,-1,95,2,84,-7,91,2,,,25,0,2001,20149,22150,53
2020-09-22,47061,47061,256,7,233,3,23,4,84,6,25,0,,,5,0,296,2344,2640,16
2020-09-22,47059,47059,1112,5,1049,4,63,1,105,-5,77,0,,,37,0,1312,14184,15496,85
2020-09-22,47057,47057,354,4,327,2,27,2,43,0,21,0,,,3,0,399,5600,5999,30
2020-09-22,47055,47055,569,1,566,1,3,0,63,-2,34,0,,,17,0,683,8266,8949,20
2020-09-22,47053,47053,1545,7,1240,2,305,5,244,-14,56,0,,,20,1,1692,13904,15596,59
2020-09-22,47051,47051,926,13,895,10,31,3,208,-2,36,1,,,7,0,1107,14316,15423,35
2020-09-22,47069,47069,1534,2,1471,2,63,0,119,0,62,0,,,25,0,1770,13619,15389,38
2020-09-23,47139,47139,380,0,370,0,10,0,10,-4,19,-1,,,10,-1,433,3587,4020,16
2020-09-23,47127,47127,161,7,148,7,13,0,34,6,3,0,,,1,0,187,2153,2340,33
2020-09-23,47129,47129,310,4,294,4,16,0,29,3,8,1,,,3,0,343,7874,8217,38
2020-09-23,47131,47131,1112,16,1079,13,33,3,139,0,41,2,,,9,0,1225,9208,10433,36
2020-09-23,47137,47137,107,4,84,1,23,3,19,3,4,0,,,2,0,116,931,1047,16
2020-09-23,47133,47133,708,27,641,24,67,3,127,13,23,1,,,5,0,786,6645,7431,89
2020-09-23,,47PEN,2904,13,2772,7,132,6,455,-5,53,2,,,6,0,3309,177120,180429,1474
2020-09-23,47135,47135,149,-1,131,-1,18,0,17,-7,6,0,,,0,0,160,3379,3539,19
2020-09-23,47125,47125,3015,44,2889,26,126,18,224,11,118,1,,,43,0,3392,38388,41780,352
2020-09-23,,47OOS,2879,-89,2802,-92,77,3,415,-117,93,-1,,,23,-2,2857,261291,264148,1934
2020-09-23,47123,47123,1010,7,969,7,41,0,68,-8,65,0,,,17,1,1135,10226,11361,59
2020-09-23,47117,47117,733,13,728,12,5,1,96,2,22,2,,,5,0,831,8623,9454,95
2020-09-23,47109,47109,824,8,672,7,152,1,125,-18,33,0,,,18,0,934,6647,7581,55
2020-09-23,47107,47107,1094,18,1078,18,16,0,134,2,57,0,,,24,0,1260,15651,16911,211
2020-09-23,47119,47119,2289,15,2266,15,23,0,258,-29,83,2,,,23,0,2646,23998,26644,200
2020-09-23,47115,47115,516,12,507,10,9,2,74,-5,37,3,,,7,0,617,5624,6241,67
2020-09-23,47113,47113,2780,30,2177,4,603,26,291,-22,150,1,,,60,0,2995,25658,28653,178
2020-09-23,47111,47111,1033,10,1019,10,14,0,51,4,78,0,,,20,0,1266,6892,8158,60
2020-09-23,47105,47105,1131,10,1099,10,32,0,101,0,34,0,,,6,0,1254,12202,13456,95
2020-09-23,47103,47103,596,15,587,15,9,0,65,9,18,0,,,1,0,716,7615,8331,89
2020-09-23,47101,47101,179,0,178,0,1,0,21,-4,11,0,,,1,0,197,4280,4477,61
2020-09-23,47121,47121,221,0,217,0,4,0,22,-3,11,0,,,3,0,254,2890,3144,19
2020-09-23,47141,47141,3170,82,2966,79,204,3,510,35,108,2,,,38,0,3813,28018,31831,349
2020-09-23,47099,47099,1003,26,986,26,17,0,140,9,38,1,,,11,0,1153,9979,11132,144
2020-09-23,47145,47145,864,15,825,13,39,2,119,-1,31,0,,,3,0,1010,16625,17635,123
2020-09-23,47187,47187,5139,43,5069,39,70,4,346,-8,116,0,,,36,0,6052,63374,69426,610
2020-09-23,47185,47185,806,18,743,18,63,0,129,5,37,2,,,9,0,999,8908,9907,109
2020-09-23,47183,47183,1145,23,1062,22,83,1,126,11,28,0,,,19,0,1256,10257,11513,98
2020-09-23,47181,47181,1489,4,1476,4,13,0,29,3,18,0,,,6,0,1615,5772,7387,26
2020-09-23,47179,47179,2232,46,2177,46,55,0,250,20,107,4,,,34,0,2573,28131,30704,376
2020-09-23,47177,47177,1019,7,933,6,86,1,69,-7,16,0,,,7,0,1146,12391,13537,74
2020-09-23,47175,47175,159,5,144,5,15,0,31,2,6,0,,,0,0,176,1823,1999,14
2020-09-23,47173,47173,345,6,317,6,28,0,72,-1,10,0,,,1,0,364,4297,4661,42
2020-09-23,47171,47171,281,1,277,1,4,0,27,-1,13,0,,,1,0,326,5795,6121,133
2020-09-23,47169,47169,1651,0,1646,0,5,0,10,-8,24,0,,,7,0,1729,4839,6568,57
2020-09-23,47167,47167,1766,21,1647,14,119,7,154,-1,86,1,,,17,0,2092,20015,22107,185
2020-09-23,47165,47165,4750,29,4717,29,33,0,277,-4,386,2,,,93,0,5687,42046,47733,382
2020-09-23,47163,47163,2093,22,1974,16,119,6,140,4,166,0,,,32,1,2262,28126,30388,345
2020-09-23,47161,47161,182,5,168,4,14,1,58,1,6,0,,,2,0,213,2719,2932,62
2020-09-23,47159,47159,697,19,670,19,27,0,80,11,28,0,,,10,0,891,5278,6169,77
2020-09-23,47157,47157,30397,153,30064,139,333,14,1520,-57,1920,5,,,449,0,37613,356438,394051,3110
2020-09-23,47155,47155,2553,16,2477,14,76,2,140,-5,89,2,,,15,0,2842,24551,27393,280
2020-09-23,47153,47153,226,3,224,3,2,0,29,-5,11,-1,,,2,-1,258,4718,4976,26
2020-09-23,47151,47151,208,6,198,6,10,0,29,6,15,0,,,2,0,225,4067,4292,26
2020-09-23,47149,47149,9113,55,9034,54,79,1,572,2,255,1,,,88,0,11229,78775,90004,686
2020-09-23,47147,47147,2188,15,2163,16,25,-1,121,1,155,4,,,35,1,2674,16337,19011,130
2020-09-23,47143,47143,791,3,788,3,3,0,62,-9,27,-1,,,11,0,950,10101,11051,66
2020-09-23,47097,47097,949,7,883,3,66,4,75,-8,41,0,,,15,0,1043,10272,11315,59
2020-09-23,47189,47189,3412,28,3383,27,29,1,247,5,109,1,,,43,0,4060,35985,40045,553
2020-09-23,47093,47093,9115,63,8725,57,390,6,1016,-61,339,6,,,75,2,9979,121967,131946,987
2020-09-23,47041,47041,550,3,530,3,20,0,28,0,21,0,,,13,0,678,7694,8372,44
2020-09-23,47039,47039,495,16,391,13,104,3,103,4,13,1,,,6,0,540,5406,5946,38
2020-09-23,47037,47037,26194,107,26038,96,156,11,981,-5,1050,5,,,297,3,32914,303967,336881,2301
2020-09-23,47035,47035,1169,14,1140,14,29,0,115,-8,55,0,,,18,0,1427,21253,22680,182
2020-09-23,47033,47033,529,16,459,13,70,3,68,4,20,0,,,19,0,590,3505,4095,55
2020-09-23,47031,47031,1156,31,1044,23,112,8,237,3,34,0,,,12,0,1374,17653,19027,172
2020-09-23,47029,47029,737,1,683,1,54,0,29,-3,38,1,,,9,0,786,7474,8260,58
2020-09-23,47027,47027,215,4,189,4,26,0,71,-3,5,0,,,5,0,228,2621,2849,38
2020-09-23,47025,47025,438,0,404,1,34,-1,35,-2,18,0,,,4,0,497,10049,10546,181
2020-09-23,47023,47023,605,10,487,5,118,5,92,-10,19,0,,,10,1,671,4945,5616,76
2020-09-23,47021,47021,805,12,796,12,9,0,55,6,29,1,,,10,0,970,10250,11220,94
2020-09-23,47019,47019,1141,14,1089,14,52,0,90,3,80,1,,,28,0,1254,14634,15888,240
2020-09-23,47017,47017,849,10,713,6,136,4,108,-5,43,1,,,18,0,890,9537,10427,126
2020-09-23,47015,47015,281,2,267,2,14,0,38,-4,9,1,,,0,0,341,3726,4067,39
2020-09-23,47013,47013,424,3,393,4,31,-1,35,-1,18,1,,,3,0,468,10369,10837,61
2020-09-23,47011,47011,2883,15,2795,16,88,-1,158,-6,159,2,,,17,0,3424,24356,27780,148
2020-09-23,47009,47009,2461,12,2409,12,52,0,141,-6,109,1,,,23,0,2864,27003,29867,263
2020-09-23,47007,47007,848,3,843,4,5,-1,22,-2,18,1,,,4,0,893,7393,8286,32
2020-09-23,47005,47005,334,2,319,1,15,1,27,-4,15,0,,,9,0,360,4090,4450,63
2020-09-23,47003,47003,1317,4,1257,4,60,0,72,-16,54,1,,,17,0,1568,12227,13795,110
2020-09-23,47001,47001,1153,15,1113,13,40,2,129,2,37,0,,,11,0,1326,24157,25483,241
2020-09-23,47043,47043,1230,23,1108,17,122,6,119,12,55,1,,,14,0,1524,13622,15146,222
2020-09-23,47045,47045,1314,27,1211,18,103,9,186,2,61,1,,,13,1,1415,10341,11756,67
2020-09-23,47095,47095,919,4,912,4,7,0,61,-1,6,1,,,2,0,1112,5934,7046,20
2020-09-23,47049,47049,462,15,407,13,55,2,113,-3,23,2,,,3,0,513,3694,4207,56
2020-09-23,47091,47091,662,13,651,12,11,1,79,1,22,0,,,2,0,719,5458,6177,46
2020-09-23,47089,47089,1085,11,962,7,123,4,106,-1,54,1,,,14,0,1134,15754,16888,160
2020-09-23,47087,47087,314,6,279,4,35,2,34,-1,16,0,,,5,0,351,2260,2611,36
2020-09-23,47085,47085,243,8,210,7,33,1,48,5,6,0,,,3,0,269,5181,5450,100
2020-09-23,47083,47083,198,5,186,4,12,1,52,2,15,0,,,1,0,214,2026,2240,39
2020-09-23,47047,47047,1167,23,1129,20,38,3,130,12,73,0,,,18,0,1472,14901,16373,151
2020-09-23,47079,47079,612,5,595,4,17,1,62,-9,35,0,,,9,0,721,9237,9958,54
2020-09-23,47077,47077,1151,16,928,12,223,4,119,-7,40,0,,,21,1,1394,8264,9658,63
2020-09-23,47075,47075,933,9,882,6,51,3,85,-5,39,1,,,16,0,1022,6078,7100,19
2020-09-23,47073,47073,780,7,759,7,21,0,60,3,56,0,,,16,0,898,9131,10029,94
2020-09-23,47081,47081,553,7,515,7,38,0,90,-16,17,0,,,5,0,670,6949,7619,99
2020-09-23,47069,47069,1546,12,1479,8,67,4,98,-21,62,0,,,25,0,1781,13662,15443,54
2020-09-23,47067,47067,107,1,98,1,9,0,3,-3,11,0,,,3,0,117,1836,1953,7
2020-09-23,47065,47065,9263,52,8996,47,267,5,589,-23,382,5,,,92,3,10653,126811,137464,730
2020-09-23,47063,47063,1873,34,1758,14,115,20,114,30,92,1,,,25,0,2033,20315,22348,198
2020-09-23,47061,47061,263,7,238,5,25,2,79,-5,25,0,,,5,0,306,2372,2678,38
2020-09-23,47059,47059,1118,6,1051,2,67,4,94,-11,77,0,,,39,2,1315,14282,15597,101
2020-09-23,47057,47057,360,6,333,6,27,0,48,5,21,0,,,3,0,405,5633,6038,39
2020-09-23,47055,47055,576,7,573,7,3,0,62,-1,34,0,,,17,0,694,8343,9037,88
2020-09-23,47053,47053,1586,41,1270,30,316,11,251,7,56,0,,,20,0,1736,13987,15723,127
2020-09-23,47051,47051,945,19,915,20,30,-1,196,-12,39,3,,,8,1,1134,14443,15577,154
2020-09-23,47071,47071,991,19,836,15,155,4,120,-1,25,0,,,15,1,1084,11516,12600,53
2020-09-24,47127,47127,164,3,151,3,13,0,35,1,3,0,,,1,0,190,2193,2383,43
2020-09-24,47129,47129,311,1,294,0,17,1,26,-3,9,1,,,3,0,342,7888,8230,13
2020-09-24,47131,47131,1138,26,1104,25,34,1,153,14,43,2,,,9,0,1250,9344,10594,161
2020-09-24,,47OOS,2822,-57,2746,-56,76,-1,368,-47,93,0,,,23,0,2815,262492,265307,1159
2020-09-24,47139,47139,382,2,372,2,10,0,12,2,19,0,,,10,0,436,3606,4042,22
2020-09-24,,47PEN,2914,10,2773,1,141,9,452,-3,53,0,,,5,-1,3314,176709,180023,-406
2020-09-24,47135,47135,149,0,131,0,18,0,17,0,6,0,,,0,0,160,3392,3552,13
2020-09-24,47137,47137,110,3,87,3,23,0,21,2,4,0,,,2,0,119,933,1052,5
2020-09-24,47133,47133,713,5,645,4,68,1,117,-10,23,0,,,5,0,791,6718,7509,78
2020-09-24,47125,47125,3022,7,2897,8,125,-1,208,-16,119,1,,,44,1,3399,38514,41913,133
2020-09-24,47103,47103,603,7,590,3,13,4,68,3,19,1,,,1,0,721,7647,8368,37
2020-09-24,47109,47109,842,18,684,12,158,6,125,0,33,0,,,18,0,948,6779,7727,146
2020-09-24,47107,47107,1100,6,1084,6,16,0,132,-2,57,0,,,25,1,1263,15776,17039,128
2020-09-24,47119,47119,2309,20,2286,20,23,0,248,-10,85,2,,,23,0,2667,24158,26825,181
2020-09-24,47117,47117,741,8,736,8,5,0,98,2,23,1,,,5,0,839,8655,9494,40
2020-09-24,47115,47115,518,2,509,2,9,0,68,-6,38,1,,,7,0,621,5644,6265,24
2020-09-24,47113,47113,2800,20,2184,7,616,13,271,-20,153,3,,,61,1,3012,26003,29015,362
2020-09-24,47111,47111,1035,2,1020,1,15,1,51,0,78,0,,,20,0,1268,6940,8208,50
2020-09-24,47105,47105,1135,4,1103,4,32,0,95,-6,34,0,,,6,0,1257,12248,13505,49
2020-09-24,47141,47141,3201,31,2986,20,215,11,475,-35,113,5,,,39,1,3850,28323,32173,342
2020-09-24,47123,47123,1022,12,981,12,41,0,73,5,66,1,,,17,0,1146,10339,11485,124
2020-09-24,47143,47143,798,7,794,6,4,1,61,-1,27,0,,,12,1,960,10134,11094,43
2020-09-24,47165,47165,4758,8,4724,7,34,1,244,-33,390,4,,,96,3,5698,42239,47937,204
2020-09-24,47147,47147,2190,2,2165,2,25,0,101,-20,155,0,,,35,0,2675,16387,19062,51
2020-09-24,47189,47189,3418,6,3387,4,31,2,228,-19,111,2,,,44,1,4060,36088,40148,103
2020-09-24,47187,47187,5165,26,5094,25,71,1,316,-30,116,0,,,36,0,6077,63639,69716,290
2020-09-24,47185,47185,813,7,750,7,63,0,124,-5,39,2,,,9,0,1011,9071,10082,175
2020-09-24,47183,47183,1157,12,1075,13,82,-1,129,3,28,0,,,19,0,1271,10362,11633,120
2020-09-24,47181,47181,1490,1,1477,1,13,0,27,-2,18,0,,,5,-1,1617,5805,7422,35
2020-09-24,47179,47179,2239,7,2184,7,55,0,232,-18,108,1,,,35,1,2581,28286,30867,163
2020-09-24,47177,47177,1026,7,939,6,87,1,69,0,16,0,,,7,0,1154,12572,13726,189
2020-09-24,47175,47175,160,1,145,1,15,0,26,-5,6,0,,,0,0,177,1837,2014,15
2020-09-24,47173,47173,347,2,320,3,27,-1,70,-2,10,0,,,1,0,365,4319,4684,23
2020-09-24,47171,47171,283,2,278,1,5,1,25,-2,13,0,,,1,0,327,5855,6182,61
2020-09-24,47169,47169,1651,0,1646,0,5,0,10,0,24,0,,,7,0,1729,4848,6577,9
2020-09-24,47167,47167,1781,15,1658,11,123,4,145,-9,87,1,,,18,1,2114,20125,22239,132
2020-09-24,47101,47101,185,6,184,6,1,0,26,5,11,0,,,1,0,205,4305,4510,33
2020-09-24,47163,47163,2121,28,1994,20,127,8,163,23,168,2,,,33,1,2286,28341,30627,239
2020-09-24,47161,47161,190,8,176,8,14,0,65,7,7,1,,,2,0,221,2736,2957,25
2020-09-24,47159,47159,698,1,671,1,27,0,74,-6,29,1,,,10,0,892,5299,6191,22
2020-09-24,47157,47157,30460,63,30121,57,339,6,1468,-52,1925,5,,,452,3,37711,358033,395744,1693
2020-09-24,47155,47155,2570,17,2494,17,76,0,145,5,91,2,,,15,0,2860,24615,27475,82
2020-09-24,47153,47153,229,3,227,3,2,0,28,-1,12,1,,,3,1,260,4764,5024,48
2020-09-24,47151,47151,207,-1,196,-2,11,1,25,-4,15,0,,,2,0,223,4086,4309,17
2020-09-24,47149,47149,9150,37,9072,38,78,-1,545,-27,256,1,,,88,0,11267,79412,90679,675
2020-09-24,47145,47145,872,8,833,8,39,0,116,-3,32,1,,,4,1,1019,16696,17715,80
2020-09-24,47099,47099,1012,9,996,10,16,-1,138,-2,40,2,,,11,0,1163,10017,11180,48
2020-09-24,47121,47121,223,2,219,2,4,0,18,-4,11,0,,,3,0,256,2905,3161,17
2020-09-24,47097,47097,959,10,894,11,65,-1,77,2,42,1,,,15,0,1050,10370,11420,105
2020-09-24,47041,47041,552,2,530,0,22,2,29,1,21,0,,,13,0,680,7815,8495,123
2020-09-24,47039,47039,503,8,399,8,104,0,98,-5,15,2,,,7,1,550,5491,6041,95
2020-09-24,47037,47037,26252,58,26089,51,163,7,923,-58,1058,8,,,298,1,32996,306943,339939,3058
2020-09-24,47035,47035,1175,6,1143,3,32,3,104,-11,55,0,,,18,0,1435,21354,22789,109
2020-09-24,47033,47033,529,0,459,0,70,0,59,-9,20,0,,,19,0,593,3526,4119,24
2020-09-24,47031,47031,1166,10,1055,11,111,-1,223,-14,34,0,,,13,1,1388,17891,19279,252
2020-09-24,47029,47029,741,4,685,2,56,2,27,-2,38,0,,,9,0,788,7483,8271,11
2020-09-24,47027,47027,220,5,193,4,27,1,74,3,5,0,,,5,0,233,2662,2895,46
2020-09-24,47023,47023,609,4,491,4,118,0,88,-4,19,0,,,10,0,673,4973,5646,30
2020-09-24,47021,47021,806,1,797,1,9,0,51,-4,29,0,,,10,0,969,10314,11283,63
2020-09-24,47019,47019,1147,6,1094,5,53,1,85,-5,81,1,,,28,0,1260,14709,15969,81
2020-09-24,47017,47017,858,9,724,11,134,-2,100,-8,43,0,,,19,1,903,9667,10570,143
2020-09-24,47015,47015,280,-1,266,-1,14,0,35,-3,9,0,,,0,0,341,3773,4114,47
2020-09-24,47013,47013,431,7,398,5,33,2,39,4,20,2,,,4,1,473,10428,10901,64
2020-09-24,47011,47011,2893,10,2804,9,89,1,149,-9,159,0,,,17,0,3431,24466,27897,117
2020-09-24,47009,47009,2477,16,2425,16,52,0,137,-4,108,-1,,,23,0,2878,27199,30077,210
2020-09-24,47007,47007,849,1,844,1,5,0,18,-4,18,0,,,4,0,894,7407,8301,15
2020-09-24,47005,47005,334,0,319,0,15,0,23,-4,15,0,,,9,0,359,4155,4514,64
2020-09-24,47003,47003,1320,3,1259,2,61,1,68,-4,54,0,,,17,0,1572,12268,13840,45
2020-09-24,47001,47001,1153,0,1115,2,38,-2,114,-15,38,1,,,12,1,1327,24413,25740,257
2020-09-24,47095,47095,914,-5,907,-5,7,0,56,-5,7,1,,,2,0,1112,5961,7073,27
2020-09-24,47043,47043,1235,5,1110,2,125,3,114,-5,55,0,,,15,1,1527,13672,15199,53
2020-09-24,47045,47045,1318,4,1218,7,100,-3,171,-15,61,0,,,13,0,1425,10467,11892,136
2020-09-24,47025,47025,440,2,406,2,34,0,30,-5,18,0,,,5,1,496,10120,10616,70
2020-09-24,47049,47049,471,9,415,8,56,1,119,6,23,0,,,3,0,522,3728,4250,43
2020-09-24,47047,47047,1174,7,1135,6,39,1,120,-10,75,2,,,18,0,1478,14967,16445,72
2020-09-24,47091,47091,675,13,664,13,11,0,88,9,22,0,,,2,0,733,5513,6246,69
2020-09-24,47089,47089,1097,12,971,9,126,3,97,-9,55,1,,,14,0,1142,15775,16917,29
2020-09-24,47087,47087,317,3,279,0,38,3,32,-2,16,0,,,5,0,353,2270,2623,12
2020-09-24,47085,47085,244,1,210,0,34,1,43,-5,6,0,,,3,0,268,5200,5468,18
2020-09-24,47083,47083,208,10,196,10,12,0,57,5,15,0,,,3,2,222,2029,2251,11
2020-09-24,47081,47081,558,5,520,5,38,0,85,-5,18,1,,,5,0,674,7024,7698,79
2020-09-24,47079,47079,613,1,597,2,16,-1,55,-7,35,0,,,9,0,724,9310,10034,76
2020-09-24,47077,47077,1153,2,930,2,223,0,113,-6,39,-1,,,22,1,1402,8307,9709,51
2020-09-24,47075,47075,954,21,902,20,52,1,98,13,41,2,,,18,2,1047,6139,7186,86
2020-09-24,47073,47073,783,3,762,3,21,0,59,-1,58,2,,,16,0,902,9160,10062,33
2020-09-24,47093,47093,9181,66,8795,70,386,-4,924,-92,344,5,,,75,0,10052,123421,133473,1527
2020-09-24,47069,47069,1548,2,1481,2,67,0,90,-8,62,0,,,26,1,1783,13686,15469,26
2020-09-24,47071,47071,1005,14,844,8,161,6,119,-1,26,1,,,16,1,1096,11667,12763,163
2020-09-24,47053,47053,1609,23,1294,24,315,-1,247,-4,57,1,,,22,2,1767,14136,15903,180
2020-09-24,47055,47055,580,4,576,3,4,1,60,-2,34,0,,,17,0,697,8382,9079,42
2020-09-24,47057,47057,363,3,336,3,27,0,44,-4,21,0,,,3,0,409,5664,6073,35
2020-09-24,47059,47059,1129,11,1062,11,67,0,87,-7,78,1,,,43,4,1328,14332,15660,63
2020-09-24,47051,47051,951,6,920,5,31,1,170,-26,40,1,,,8,0,1144,14547,15691,114
2020-09-24,47063,47063,1885,12,1746,-12,139,24,114,0,91,-1,,,25,0,2044,20356,22400,52
2020-09-24,47065,47065,9287,24,9012,16,275,8,556,-33,383,1,,,91,-1,10672,127346,138018,554
2020-09-24,47067,47067,106,-1,97,-1,9,0,2,-1,11,0,,,3,0,116,1861,1977,24
2020-09-24,47061,47061,268,5,243,5,25,0,79,0,25,0,,,5,0,311,2387,2698,20
2020-09-25,47125,47125,3045,23,2919,22,126,1,200,-8,119,0,,,44,0,3428,38961,42389,476
2020-09-25,47135,47135,150,1,132,1,18,0,15,-2,6,0,,,0,0,161,3425,3586,34
2020-09-25,,47PEN,2947,33,2797,24,150,9,462,10,54,1,,,4,-1,3345,177643,180988,965
2020-09-25,47133,47133,735,22,668,23,67,-1,115,-2,24,1,,,5,0,815,6859,7674,165
2020-09-25,,47OOS,2844,22,2769,23,75,-1,376,8,94,1,,,26,3,2851,265181,268032,2725
2020-09-25,47131,47131,1156,18,1119,15,37,3,157,4,44,1,,,10,1,1269,9459,10728,134
2020-09-25,47137,47137,114,4,90,3,24,1,25,4,5,1,,,2,0,123,947,1070,18
2020-09-25,47129,47129,315,4,298,4,17,0,27,1,9,0,,,3,0,346,7926,8272,42
2020-09-25,47127,47127,169,5,155,4,14,1,34,-1,3,0,,,1,0,194,2215,2409,26
2020-09-25,47123,47123,1030,8,989,8,41,0,74,1,67,1,,,18,1,1154,10510,11664,179
2020-09-25,47115,47115,525,7,516,7,9,0,63,-5,39,1,,,8,1,628,5721,6349,84
2020-09-25,47109,47109,876,34,715,31,161,3,146,21,35,2,,,18,0,985,6894,7879,152
2020-09-25,47107,47107,1113,13,1097,13,16,0,129,-3,58,1,,,25,0,1276,15950,17226,187
2020-09-25,47119,47119,2329,20,2306,20,23,0,246,-2,86,1,,,23,0,2688,24496,27184,359
2020-09-25,47117,47117,749,8,744,8,5,0,94,-4,23,0,,,5,0,845,8736,9581,87
2020-09-25,47113,47113,2832,32,2198,14,634,18,258,-13,160,7,,,64,3,3046,26367,29413,398
2020-09-25,47111,47111,1046,11,1029,9,17,2,58,7,78,0,,,20,0,1279,7063,8342,134
2020-09-25,47105,47105,1154,19,1122,19,32,0,102,7,35,1,,,6,0,1277,12568,13845,340
2020-09-25,47103,47103,611,8,596,6,15,2,62,-6,19,0,,,1,0,728,7750,8478,110
2020-09-25,47101,47101,196,11,195,11,1,0,35,9,12,1,,,1,0,216,4413,4629,119
2020-09-25,47139,47139,388,6,378,6,10,0,18,6,19,0,,,10,0,441,3629,4070,28
2020-09-25,47121,47121,226,3,222,3,4,0,16,-2,11,0,,,3,0,260,2930,3190,29
2020-09-25,47141,47141,3277,76,3045,59,232,17,508,33,113,0,,,40,1,3934,28716,32650,477
2020-09-25,47099,47099,1023,11,1007,11,16,0,134,-4,40,0,,,12,1,1176,10101,11277,97
2020-09-25,47145,47145,885,13,845,12,40,1,122,6,32,0,,,4,0,1031,16876,17907,192
2020-09-25,47187,47187,5198,33,5125,31,73,2,308,-8,116,0,,,36,0,6114,64187,70301,585
2020-09-25,47185,47185,830,17,762,12,68,5,127,3,40,1,,,9,0,1033,9201,10234,152
2020-09-25,47183,47183,1176,19,1093,18,83,1,134,5,28,0,,,19,0,1292,10615,11907,274
2020-09-25,47181,47181,1495,5,1482,5,13,0,29,2,18,0,,,5,0,1623,5861,7484,62
2020-09-25,47179,47179,2276,37,2219,35,57,2,245,13,108,0,,,35,0,2622,28692,31314,447
2020-09-25,47177,47177,1047,21,960,21,87,0,78,9,16,0,,,7,0,1177,12745,13922,196
2020-09-25,47175,47175,164,4,149,4,15,0,29,3,6,0,,,0,0,181,1885,2066,52
2020-09-25,47173,47173,353,6,326,6,27,0,69,-1,10,0,,,1,0,371,4489,4860,176
2020-09-25,47171,47171,285,2,280,2,5,0,25,0,13,0,,,1,0,331,5899,6230,48
2020-09-25,47169,47169,1653,2,1648,2,5,0,12,2,24,0,,,7,0,1732,4900,6632,55
2020-09-25,47167,47167,1805,24,1679,21,126,3,149,4,87,0,,,19,1,2140,20529,22669,430
2020-09-25,47165,47165,4794,36,4760,36,34,0,251,7,392,2,,,97,1,5744,42728,48472,535
2020-09-25,47163,47163,2148,27,2019,25,129,2,174,11,170,2,,,33,0,2314,28868,31182,555
2020-09-25,47161,47161,198,8,183,7,15,1,68,3,6,-1,,,2,0,230,2782,3012,55
2020-09-25,47159,47159,713,15,685,14,28,1,79,5,30,1,,,11,1,912,5438,6350,159
2020-09-25,47157,47157,30613,153,30265,144,348,9,1507,39,1936,11,,,455,3,37870,361503,399373,3629
2020-09-25,47155,47155,2596,26,2520,26,76,0,154,9,92,1,,,15,0,2886,24858,27744,269
2020-09-25,47153,47153,231,2,229,2,2,0,30,2,11,-1,,,2,-1,262,4805,5067,43
2020-09-25,47151,47151,213,6,201,5,12,1,30,5,16,1,,,2,0,228,4136,4364,55
2020-09-25,47149,47149,9240,90,9156,84,84,6,575,30,258,2,,,89,1,11367,80588,91955,1276
2020-09-25,47147,47147,2203,13,2178,13,25,0,101,0,156,1,,,35,0,2691,16592,19283,221
2020-09-25,47143,47143,821,23,817,23,4,0,78,17,27,0,,,12,0,979,10208,11187,93
2020-09-25,47189,47189,3453,35,3422,35,31,0,244,16,112,1,,,44,0,4108,36487,40595,447
2020-09-25,47097,47097,979,20,904,10,75,10,90,13,43,1,,,16,1,1075,10511,11586,166
2020-09-25,47093,47093,9298,117,8907,112,391,5,911,-13,344,0,,,75,0,10173,125102,135275,1802
2020-09-25,47041,47041,561,9,537,7,24,2,34,5,22,1,,,14,1,691,7875,8566,71
2020-09-25,47039,47039,512,9,406,7,106,2,97,-1,16,1,,,7,0,560,5679,6239,198
2020-09-25,47037,47037,26381,129,26214,125,167,4,963,40,1059,1,,,303,5,33159,312068,345227,5288
2020-09-25,47035,47035,1192,17,1159,16,33,1,105,1,57,2,,,18,0,1453,21696,23149,360
2020-09-25,47033,47033,536,7,464,5,72,2,62,3,20,0,,,19,0,601,3593,4194,75
2020-09-25,47031,47031,1210,44,1096,41,114,3,237,14,35,1,,,13,0,1437,18289,19726,447
2020-09-25,47029,47029,743,2,689,4,54,-2,23,-4,38,0,,,9,0,791,7547,8338,67
2020-09-25,47027,47027,224,4,196,3,28,1,71,-3,5,0,,,5,0,238,2731,2969,74
2020-09-25,47025,47025,441,1,406,0,35,1,27,-3,18,0,,,5,0,496,10253,10749,133
2020-09-25,47023,47023,623,14,503,12,120,2,85,-3,19,0,,,10,0,688,5016,5704,58
2020-09-25,47021,47021,805,-1,796,-1,9,0,49,-2,29,0,,,10,0,971,10478,11449,166
2020-09-25,47019,47019,1158,11,1104,10,54,1,87,2,81,0,,,28,0,1273,14827,16100,131
2020-09-25,47017,47017,874,16,740,16,134,0,105,5,45,2,,,20,1,917,9788,10705,135
2020-09-25,47015,47015,283,3,269,3,14,0,31,-4,9,0,,,0,0,346,3856,4202,88
2020-09-25,47013,47013,439,8,405,7,34,1,43,4,22,2,,,4,0,480,10576,11056,155
2020-09-25,47011,47011,2914,21,2825,21,89,0,149,0,161,2,,,17,0,3447,24670,28117,220
2020-09-25,47009,47009,2504,27,2451,26,53,1,144,7,109,1,,,24,1,2905,27639,30544,467
2020-09-25,47007,47007,854,5,849,5,5,0,19,1,18,0,,,4,0,897,7456,8353,52
2020-09-25,47005,47005,336,2,320,1,16,1,20,-3,15,0,,,9,0,361,4183,4544,30
2020-09-25,47003,47003,1328,8,1267,8,61,0,70,2,54,0,,,17,0,1581,12406,13987,147
2020-09-25,47001,47001,1165,12,1127,12,38,0,115,1,38,0,,,13,1,1341,24675,26016,276
2020-09-25,47043,47043,1250,15,1123,13,127,2,120,6,56,1,,,15,0,1540,13828,15368,169
2020-09-25,47045,47045,1350,32,1246,28,104,4,191,20,61,0,,,14,1,1457,10757,12214,322
2020-09-25,47095,47095,918,4,911,4,7,0,56,0,7,0,,,2,0,1117,6002,7119,46
2020-09-25,47049,47049,493,22,435,20,58,2,132,13,23,0,,,3,0,544,3792,4336,86
2020-09-25,47047,47047,1183,9,1142,7,41,2,117,-3,75,0,,,19,1,1492,15095,16587,142
2020-09-25,47091,47091,696,21,684,20,12,1,104,16,22,0,,,2,0,754,5585,6339,93
2020-09-25,47089,47089,1110,13,982,11,128,2,99,2,55,0,,,14,0,1155,15998,17153,236
2020-09-25,47087,47087,324,7,283,4,41,3,37,5,16,0,,,5,0,361,2302,2663,40
2020-09-25,47085,47085,246,2,212,2,34,0,43,0,6,0,,,3,0,274,5283,5557,89
2020-09-25,47083,47083,214,6,196,0,18,6,55,-2,16,1,,,3,0,230,2064,2294,43
2020-09-25,47079,47079,618,5,602,5,16,0,54,-1,35,0,,,9,0,728,9421,10149,115
2020-09-25,47077,47077,1169,16,941,11,228,5,116,3,40,1,,,24,2,1416,8521,9937,228
2020-09-25,47075,47075,968,14,915,13,53,1,101,3,41,0,,,19,1,1061,6348,7409,223
2020-09-25,47073,47073,796,13,773,11,23,2,65,6,60,2,,,18,2,913,9306,10219,157
2020-09-25,47081,47081,573,15,535,15,38,0,95,10,17,-1,,,8,3,691,7091,7782,84
2020-09-25,47069,47069,1558,10,1489,8,69,2,91,1,62,0,,,26,0,1797,13799,15596,127
2020-09-25,47067,47067,106,0,97,0,9,0,1,-1,11,0,,,3,0,116,1869,1985,8
2020-09-25,47065,47065,9374,87,9093,81,281,6,562,6,385,2,,,94,3,10768,128780,139548,1530
2020-09-25,47063,47063,1899,14,1777,31,122,-17,117,3,92,1,,,26,1,2063,20600,22663,263
2020-09-25,47051,47051,963,12,931,11,32,1,156,-14,41,1,,,9,1,1156,14682,15838,147
2020-09-25,47061,47061,283,15,258,15,25,0,89,10,25,0,,,5,0,327,2445,2772,74
2020-09-25,47059,47059,1142,13,1074,12,68,1,88,1,78,0,,,44,1,1340,14616,15956,296
2020-09-25,47057,47057,372,9,343,7,29,2,47,3,21,0,,,3,0,418,5750,6168,95
2020-09-25,47055,47055,591,11,586,10,5,1,61,1,34,0,,,17,0,707,8465,9172,93
2020-09-25,47053,47053,1636,27,1313,19,323,8,252,5,58,1,,,22,0,1794,14501,16295,392
2020-09-25,47071,47071,1022,17,858,14,164,3,126,7,26,0,,,16,0,1119,11865,12984,221
2020-09-26,47127,47127,175,6,161,6,14,0,36,2,5,2,,,1,0,201,2296,2497,88
2020-09-26,47129,47129,317,2,300,2,17,0,28,1,9,0,,,3,0,347,8007,8354,82
2020-09-26,47131,47131,1171,15,1133,14,38,1,156,-1,45,1,,,10,0,1284,9502,10786,58
2020-09-26,47137,47137,116,2,92,2,24,0,26,1,5,0,,,2,0,125,959,1084,14
2020-09-26,47133,47133,745,10,674,6,71,4,114,-1,24,0,,,6,1,825,6898,7723,49
2020-09-26,,47PEN,2949,2,2812,15,137,-13,460,-2,55,1,,,5,1,3350,178062,181412,424
2020-09-26,47135,47135,150,0,132,0,18,0,15,0,6,0,,,0,0,161,3443,3604,18
2020-09-26,47125,47125,3070,25,2940,21,130,4,208,8,120,1,,,44,0,3456,39286,42742,353
2020-09-26,,47OOS,2896,52,2818,49,78,3,409,33,94,0,,,27,1,2910,266092,269002,970
2020-09-26,47123,47123,1036,6,995,6,41,0,72,-2,67,0,,,18,0,1161,10618,11779,115
2020-09-26,47101,47101,201,5,200,5,1,0,37,2,12,0,,,1,0,221,4433,4654,25
2020-09-26,47109,47109,883,7,715,0,168,7,137,-9,35,0,,,18,0,995,7021,8016,137
2020-09-26,47107,47107,1119,6,1103,6,16,0,123,-6,57,-1,,,25,0,1288,16177,17465,239
2020-09-26,47119,47119,2361,32,2339,33,22,-1,260,14,87,1,,,24,1,2723,24986,27709,525
2020-09-26,47117,47117,756,7,751,7,5,0,87,-7,23,0,,,5,0,856,8837,9693,112
2020-09-26,47115,47115,529,4,520,4,9,0,56,-7,39,0,,,8,0,632,5763,6395,46
2020-09-26,47113,47113,2877,45,2215,17,662,28,237,-21,164,4,,,64,0,3090,26709,29799,386
2020-09-26,47111,47111,1055,9,1033,4,22,5,60,2,79,1,,,21,1,1288,7098,8386,44
2020-09-26,47105,47105,1172,18,1140,18,32,0,113,11,34,-1,,,6,0,1298,12638,13936,91
2020-09-26,47103,47103,619,8,605,9,14,-1,60,-2,19,0,,,1,0,738,7904,8642,164
2020-09-26,47139,47139,388,0,378,0,10,0,19,1,18,-1,,,10,0,445,3664,4109,39
2020-09-26,47121,47121,226,0,222,0,4,0,13,-3,11,0,,,3,0,259,2979,3238,48
2020-09-26,47141,47141,3315,38,3077,32,238,6,487,-21,114,1,,,40,0,3979,28845,32824,174
2020-09-26,47163,47163,2164,16,2035,16,129,0,175,1,173,3,,,33,0,2333,29202,31535,353
2020-09-26,47145,47145,895,10,855,10,40,0,116,-6,32,0,,,4,0,1042,16982,18024,117
2020-09-26,47099,47099,1043,20,1028,21,15,-1,143,9,41,1,,,13,1,1198,10209,11407,130
2020-09-26,47187,47187,5252,54,5179,54,73,0,330,22,118,2,,,36,0,6183,64956,71139,838
2020-09-26,47185,47185,837,7,766,4,71,3,116,-11,40,0,,,9,0,1041,9339,10380,146
2020-09-26,47183,47183,1189,13,1103,10,86,3,139,5,28,0,,,19,0,1303,10679,11982,75
2020-09-26,47181,47181,1497,2,1484,2,13,0,27,-2,18,0,,,5,0,1627,5890,7517,33
2020-09-26,47179,47179,2297,21,2240,21,57,0,239,-6,109,1,,,36,1,2645,29087,31732,418
2020-09-26,47177,47177,1061,14,971,11,90,3,85,7,16,0,,,7,0,1191,12827,14018,96
2020-09-26,47175,47175,166,2,151,2,15,0,31,2,6,0,,,0,0,183,1888,2071,5
2020-09-26,47173,47173,359,6,332,6,27,0,63,-6,10,0,,,1,0,378,4572,4950,90
2020-09-26,47171,47171,286,1,281,1,5,0,24,-1,13,0,,,1,0,332,5972,6304,74
2020-09-26,47169,47169,1657,4,1652,4,5,0,16,4,24,0,,,7,0,1740,4924,6664,32
2020-09-26,47167,47167,1818,13,1687,8,131,5,153,4,88,1,,,19,0,2152,20653,22805,136
2020-09-26,47165,47165,4819,25,4783,23,36,2,249,-2,392,0,,,98,1,5770,43324,49094,622
2020-09-26,47161,47161,204,6,189,6,15,0,73,5,6,0,,,2,0,236,2804,3040,28
2020-09-26,47159,47159,723,10,694,9,29,1,80,1,30,0,,,11,0,922,5479,6401,51
2020-09-26,47157,47157,30755,142,30403,138,352,4,1471,-36,1949,13,,,458,3,38097,364552,402649,3276
2020-09-26,47155,47155,2623,27,2547,27,76,0,166,12,92,0,,,15,0,2914,25023,27937,193
2020-09-26,47153,47153,233,2,231,2,2,0,26,-4,11,0,,,2,0,263,4828,5091,24
2020-09-26,47151,47151,214,1,203,2,11,-1,26,-4,16,0,,,2,0,233,4175,4408,44
2020-09-26,47149,47149,9293,53,9212,56,81,-3,581,6,261,3,,,89,0,11421,81231,92652,697
2020-09-26,47147,47147,2210,7,2185,7,25,0,103,2,156,0,,,35,0,2696,16757,19453,170
2020-09-26,47143,47143,834,13,830,13,4,0,87,9,27,0,,,12,0,995,10327,11322,135
2020-09-26,47189,47189,3476,23,3444,22,32,1,251,7,115,3,,,45,1,4135,36805,40940,345
2020-09-26,47097,47097,983,4,905,1,78,3,85,-5,43,0,,,16,0,1080,10577,11657,71
2020-09-26,47093,47093,9378,80,8987,80,391,0,897,-14,348,4,,,79,4,10257,126150,136407,1132
2020-09-26,47041,47041,566,5,541,4,25,1,38,4,22,0,,,14,0,695,7915,8610,44
2020-09-26,47039,47039,520,8,414,8,106,0,99,2,16,0,,,7,0,569,5704,6273,34
2020-09-26,47037,47037,26474,93,26306,92,168,1,964,1,1060,1,,,306,3,33274,318339,351613,6386
2020-09-26,47035,47035,1201,9,1165,6,36,3,102,-3,57,0,,,18,0,1465,21756,23221,72
2020-09-26,47033,47033,538,2,466,2,72,0,62,0,20,0,,,19,0,604,3627,4231,37
2020-09-26,47031,47031,1236,26,1116,20,120,6,234,-3,35,0,,,13,0,1468,18554,20022,296
2020-09-26,47029,47029,746,3,692,3,54,0,27,4,38,0,,,9,0,795,7593,8388,50
2020-09-26,47027,47027,226,2,198,2,28,0,70,-1,5,0,,,5,0,240,2738,2978,9
2020-09-26,47025,47025,442,1,406,0,36,1,27,0,18,0,,,5,0,498,10300,10798,49
2020-09-26,47021,47021,807,2,798,2,9,0,42,-7,29,0,,,10,0,972,10598,11570,121
2020-09-26,47019,47019,1168,10,1115,11,53,-1,88,1,82,1,,,28,0,1282,15010,16292,192
2020-09-26,47017,47017,889,15,751,11,138,4,109,4,45,0,,,20,0,939,9903,10842,137
2020-09-26,47015,47015,286,3,272,3,14,0,29,-2,9,0,,,0,0,345,3879,4224,22
2020-09-26,47013,47013,446,7,410,5,36,2,44,1,22,0,,,4,0,489,10618,11107,51
2020-09-26,47011,47011,2934,20,2844,19,90,1,149,0,162,1,,,17,0,3474,24841,28315,198
2020-09-26,47009,47009,2516,12,2462,11,54,1,144,0,110,1,,,24,0,2920,27808,30728,184
2020-09-26,47007,47007,854,0,849,0,5,0,16,-3,18,0,,,4,0,897,7523,8420,67
2020-09-26,47005,47005,336,0,321,1,15,-1,14,-6,15,0,,,9,0,362,4244,4606,62
2020-09-26,47003,47003,1345,17,1283,16,62,1,80,10,54,0,,,17,0,1608,12555,14163,176
2020-09-26,47001,47001,1179,14,1140,13,39,1,114,-1,38,0,,,13,0,1352,24889,26241,225
2020-09-26,47095,47095,919,1,912,1,7,0,56,0,7,0,,,2,0,1118,6023,7141,22
2020-09-26,47043,47043,1257,7,1131,8,126,-1,116,-4,56,0,,,15,0,1550,13938,15488,120
2020-09-26,47045,47045,1370,20,1260,14,110,6,179,-12,61,0,,,14,0,1477,10884,12361,147
2020-09-26,47023,47023,632,9,509,6,123,3,82,-3,19,0,,,10,0,698,5132,5830,126
2020-09-26,47049,47049,505,12,446,11,59,1,131,-1,23,0,,,3,0,558,3823,4381,45
2020-09-26,47047,47047,1188,5,1147,5,41,0,112,-5,75,0,,,19,0,1498,15275,16773,186
2020-09-26,47089,47089,1119,9,991,9,128,0,97,-2,55,0,,,14,0,1170,16208,17378,225
2020-09-26,47087,47087,326,2,286,3,40,-1,33,-4,16,0,,,5,0,366,2312,2678,15
2020-09-26,47085,47085,251,5,217,5,34,0,39,-4,6,0,,,3,0,281,5347,5628,71
2020-09-26,47083,47083,220,6,200,4,20,2,54,-1,17,1,,,3,0,237,2099,2336,42
2020-09-26,47081,47081,585,12,547,12,38,0,101,6,17,0,,,8,0,702,7185,7887,105
2020-09-26,47079,47079,625,7,608,6,17,1,55,1,37,2,,,9,0,739,9461,10200,51
2020-09-26,47077,47077,1181,12,950,9,231,3,115,-1,40,0,,,24,0,1425,8562,9987,50
2020-09-26,47075,47075,969,1,916,1,53,0,97,-4,43,2,,,21,2,1063,6387,7450,41
2020-09-26,47073,47073,812,16,786,13,26,3,77,12,60,0,,,18,0,927,9441,10368,149
2020-09-26,47071,47071,1030,8,865,7,165,1,128,2,26,0,,,16,0,1130,11929,13059,75
2020-09-26,47091,47091,711,15,699,15,12,0,103,-1,23,1,,,2,0,771,5660,6431,92
2020-09-26,47067,47067,106,0,97,0,9,0,1,0,11,0,,,3,0,116,1897,2013,28
2020-09-26,47065,47065,9443,69,9158,65,285,4,558,-4,385,0,,,94,0,10846,130714,141560,2012
2020-09-26,47063,47063,1914,15,1787,10,127,5,126,9,92,0,,,26,0,2079,21010,23089,426
2020-09-26,47061,47061,291,8,263,5,28,3,91,2,25,0,,,5,0,335,2472,2807,35
2020-09-26,47059,47059,1156,14,1088,14,68,0,95,7,79,1,,,44,0,1357,14805,16162,206
2020-09-26,47057,47057,376,4,347,4,29,0,49,2,21,0,,,3,0,423,5842,6265,97
2020-09-26,47055,47055,607,16,600,14,7,2,70,9,34,0,,,17,0,721,8553,9274,102
2020-09-26,47053,47053,1658,22,1328,15,330,7,254,2,59,1,,,23,1,1818,14701,16519,224
2020-09-26,47051,47051,969,6,936,5,33,1,143,-13,40,-1,,,9,0,1171,14858,16029,191
2020-09-26,47069,47069,1570,12,1501,12,69,0,94,3,62,0,,,26,0,1806,13874,15680,84
2020-09-27,47141,47141,3349,34,3112,35,237,-1,493,6,114,0,,,40,0,4019,29397,33416,592
2020-09-27,47129,47129,320,3,303,3,17,0,28,0,9,0,,,3,0,352,8127,8479,125
2020-09-27,47131,47131,1191,20,1152,19,39,1,162,6,45,0,,,10,0,1307,9793,11100,314
2020-09-27,,47OOS,2986,90,2906,88,80,2,476,67,95,1,,,27,0,2966,270131,273097,4095
2020-09-27,47139,47139,399,11,389,11,10,0,30,11,18,0,,,10,0,455,3735,4190,81
2020-09-27,,47PEN,3042,93,2903,91,139,2,533,73,56,1,,,5,0,3461,181638,185099,3687
2020-09-27,47135,47135,153,3,133,1,20,2,17,2,6,0,,,0,0,164,3528,3692,88
2020-09-27,47137,47137,123,7,99,7,24,0,31,5,5,0,,,2,0,132,978,1110,26
2020-09-27,47127,47127,179,4,165,4,14,0,39,3,5,0,,,1,0,205,2354,2559,62
2020-09-27,47133,47133,758,13,687,13,71,0,124,10,24,0,,,6,0,843,7077,7920,197
2020-09-27,47125,47125,3111,41,2978,38,133,3,233,25,120,0,,,44,0,3495,39996,43491,749
2020-09-27,47119,47119,2409,48,2386,47,23,1,284,24,87,0,,,24,0,2774,25449,28223,514
2020-09-27,47121,47121,228,2,224,2,4,0,13,0,11,0,,,3,0,261,3031,3292,54
2020-09-27,47109,47109,896,13,726,11,170,2,142,5,35,0,,,18,0,1013,7210,8223,207
2020-09-27,47107,47107,1146,27,1130,27,16,0,132,9,57,0,,,25,0,1318,16473,17791,326
2020-09-27,47117,47117,778,22,773,22,5,0,102,15,23,0,,,5,0,878,9080,9958,265
2020-09-27,47115,47115,533,4,524,4,9,0,55,-1,39,0,,,8,0,637,5869,6506,111
2020-09-27,47113,47113,2921,44,2243,28,678,16,245,8,168,4,,,64,0,3137,27134,30271,472
2020-09-27,47111,47111,1067,12,1045,12,22,0,68,8,79,0,,,21,0,1301,7210,8511,125
2020-09-27,47105,47105,1184,12,1152,12,32,0,120,7,34,0,,,6,0,1311,12790,14101,165
2020-09-27,47103,47103,624,5,610,5,14,0,60,0,19,0,,,1,0,748,8025,8773,131
2020-09-27,47123,47123,1052,16,1011,16,41,0,82,10,67,0,,,18,0,1181,10783,11964,185
2020-09-27,47143,47143,844,10,840,10,4,0,96,9,27,0,,,12,0,1009,10509,11518,196
2020-09-27,47101,47101,204,3,203,3,1,0,39,2,12,0,,,1,0,227,4484,4711,57
2020-09-27,47147,47147,2225,15,2200,15,25,0,108,5,156,0,,,35,0,2714,17115,19829,376
2020-09-27,47189,47189,3519,43,3485,41,34,2,276,25,117,2,,,45,0,4185,37293,41478,538
2020-09-27,47187,47187,5310,58,5236,57,74,1,367,37,120,2,,,36,0,6244,66183,72427,1288
2020-09-27,47185,47185,847,10,775,9,72,1,117,1,40,0,,,9,0,1060,9633,10693,313
2020-09-27,47183,47183,1205,16,1119,16,86,0,145,6,28,0,,,19,0,1320,10919,12239,257
2020-09-27,47181,47181,1499,2,1486,2,13,0,27,0,18,0,,,5,0,1631,5931,7562,45
2020-09-27,47179,47179,2328,31,2272,32,56,-1,248,9,110,1,,,36,0,2684,29636,32320,588
2020-09-27,47177,47177,1075,14,984,13,91,1,96,11,16,0,,,7,0,1206,12978,14184,166
2020-09-27,47175,47175,166,0,151,0,15,0,28,-3,6,0,,,0,0,183,1908,2091,20
2020-09-27,47173,47173,364,5,337,5,27,0,62,-1,11,1,,,2,1,386,4626,5012,62
2020-09-27,47171,47171,289,3,282,1,7,2,25,1,13,0,,,1,0,334,6022,6356,52
2020-09-27,47169,47169,1666,9,1661,9,5,0,23,7,25,1,,,7,0,1748,5001,6749,85
2020-09-27,47167,47167,1832,14,1697,10,135,4,160,7,88,0,,,19,0,2169,20930,23099,294
2020-09-27,47165,47165,4865,46,4829,46,36,0,273,24,392,0,,,98,0,5824,44352,50176,1082
2020-09-27,47163,47163,2197,33,2066,31,131,2,199,24,175,2,,,33,0,2365,29823,32188,653
2020-09-27,47161,47161,214,10,199,10,15,0,79,6,6,0,,,2,0,246,2885,3131,91
2020-09-27,47159,47159,731,8,702,8,29,0,81,1,31,1,,,11,0,931,5548,6479,78
2020-09-27,47157,47157,30953,198,30590,187,363,11,1569,98,1961,12,,,459,1,38341,368651,406992,4343
2020-09-27,47155,47155,2638,15,2561,14,77,1,171,5,92,0,,,15,0,2932,25262,28194,257
2020-09-27,47153,47153,238,5,236,5,2,0,31,5,10,-1,,,1,-1,269,4885,5154,63
2020-09-27,47151,47151,217,3,205,2,12,1,24,-2,16,0,,,2,0,234,4266,4500,92
2020-09-27,47149,47149,9361,68,9278,66,83,2,596,15,265,4,,,89,0,11501,82440,93941,1289
2020-09-27,47145,47145,905,10,864,9,41,1,119,3,33,1,,,5,1,1053,17174,18227,203
2020-09-27,47099,47099,1067,24,1052,24,15,0,153,10,41,0,,,13,0,1223,10439,11662,255
2020-09-27,47097,47097,994,11,914,9,80,2,90,5,43,0,,,16,0,1092,10722,11814,157
2020-09-27,47095,47095,925,6,918,6,7,0,62,6,7,0,,,2,0,1124,6074,7198,57
2020-09-27,47043,47043,1274,17,1144,13,130,4,124,8,56,0,,,15,0,1568,14116,15684,196
2020-09-27,47041,47041,570,4,544,3,26,1,40,2,23,1,,,14,0,699,7995,8694,84
2020-09-27,47039,47039,530,10,422,8,108,2,104,5,16,0,,,7,0,579,5807,6386,113
2020-09-27,47037,47037,26630,156,26458,152,172,4,1059,95,1060,0,,,306,0,33464,323777,357241,5628
2020-09-27,47035,47035,1217,16,1181,16,36,0,113,11,57,0,,,18,0,1483,22241,23724,503
2020-09-27,47033,47033,542,4,470,4,72,0,64,2,20,0,,,19,0,603,3673,4276,45
2020-09-27,47031,47031,1254,18,1128,12,126,6,241,7,36,1,,,13,0,1494,18775,20269,247
2020-09-27,47029,47029,754,8,700,8,54,0,34,7,38,0,,,9,0,803,7685,8488,100
2020-09-27,47027,47027,233,7,205,7,28,0,70,0,5,0,,,5,0,247,2779,3026,48
2020-09-27,47025,47025,442,0,406,0,36,0,23,-4,18,0,,,5,0,498,10449,10947,149
2020-09-27,47023,47023,643,11,516,7,127,4,83,1,19,0,,,10,0,712,5188,5900,70
2020-09-27,47021,47021,815,8,806,8,9,0,43,1,29,0,,,10,0,980,10744,11724,154
2020-09-27,47019,47019,1177,9,1124,9,53,0,84,-4,84,2,,,28,0,1294,15267,16561,269
2020-09-27,47017,47017,899,10,760,9,139,1,106,-3,45,0,,,20,0,945,10068,11013,171
2020-09-27,47015,47015,292,6,277,5,15,1,34,5,9,0,,,0,0,353,3955,4308,84
2020-09-27,47013,47013,454,8,419,9,35,-1,49,5,23,1,,,4,0,498,10805,11303,196
2020-09-27,47011,47011,2962,28,2868,24,94,4,162,13,162,0,,,17,0,3506,25194,28700,385
2020-09-27,47009,47009,2535,19,2480,18,55,1,154,10,110,0,,,24,0,2944,28256,31200,472
2020-09-27,47007,47007,862,8,857,8,5,0,21,5,19,1,,,4,0,905,7597,8502,82
2020-09-27,47005,47005,337,1,322,1,15,0,14,0,15,0,,,9,0,363,4305,4668,62
2020-09-27,47003,47003,1364,19,1301,18,63,1,90,10,54,0,,,17,0,1628,12782,14410,247
2020-09-27,47045,47045,1387,17,1274,14,113,3,175,-4,62,1,,,14,0,1494,11050,12544,183
2020-09-27,47047,47047,1204,16,1163,16,41,0,119,7,76,1,,,19,0,1517,15429,16946,173
2020-09-27,47001,47001,1200,21,1161,21,39,0,127,13,38,0,,,13,0,1376,25185,26561,320
2020-09-27,47051,47051,989,20,956,20,33,0,144,1,41,1,,,9,0,1197,15094,16291,262
2020-09-27,47049,47049,526,21,467,21,59,0,142,11,23,0,,,3,0,583,3894,4477,96
2020-09-27,47093,47093,9497,119,9100,113,397,6,906,9,350,2,,,79,0,10381,128067,138448,2041
2020-09-27,47091,47091,726,15,713,14,13,1,112,9,24,1,,,2,0,786,5773,6559,128
2020-09-27,47089,47089,1130,11,999,8,131,3,106,9,55,0,,,14,0,1180,16461,17641,263
2020-09-27,47087,47087,331,5,291,5,40,0,37,4,16,0,,,5,0,373,2351,2724,46
2020-09-27,47085,47085,258,7,224,7,34,0,43,4,6,0,,,3,0,285,5422,5707,79
2020-09-27,47081,47081,593,8,555,8,38,0,106,5,17,0,,,8,0,713,7273,7986,99
2020-09-27,47079,47079,628,3,611,3,17,0,54,-1,38,1,,,9,0,744,9547,10291,91
2020-09-27,47077,47077,1189,8,959,9,230,-1,115,0,40,0,,,24,0,1435,8662,10097,110
2020-09-27,47075,47075,992,23,935,19,57,4,116,19,43,0,,,21,0,1087,6475,7562,112
2020-09-27,47083,47083,224,4,203,3,21,1,52,-2,17,0,,,3,0,241,2126,2367,31
2020-09-27,47071,47071,1047,17,880,15,167,2,136,8,26,0,,,16,0,1147,12072,13219,160
2020-09-27,47069,47069,1582,12,1513,12,69,0,101,7,62,0,,,26,0,1822,14047,15869,189
2020-09-27,47067,47067,108,2,97,0,11,2,3,2,11,0,,,3,0,116,1921,2037,24
2020-09-27,47065,47065,9519,76,9231,73,288,3,573,15,387,2,,,95,1,10930,132250,143180,1620
2020-09-27,47053,47053,1704,46,1364,36,340,10,283,29,59,0,,,23,0,1865,14977,16842,323
2020-09-27,47063,47063,1939,25,1806,19,133,6,148,22,93,1,,,26,0,2105,21434,23539,450
2020-09-27,47061,47061,309,18,281,18,28,0,104,13,25,0,,,5,0,357,2534,2891,84
2020-09-27,47059,47059,1161,5,1093,5,68,0,91,-4,80,1,,,44,0,1362,15034,16396,234
2020-09-27,47057,47057,386,10,355,8,31,2,58,9,21,0,,,3,0,432,5934,6366,101
2020-09-27,47055,47055,631,24,626,26,5,-2,92,22,34,0,,,17,0,751,8837,9588,314
2020-09-27,47073,47073,822,10,795,9,27,1,87,10,60,0,,,18,0,936,9596,10532,164
2020-09-28,47127,47127,180,1,166,1,14,0,38,-1,5,0,,,1,0,206,2357,2563,4
2020-09-28,47129,47129,321,1,304,1,17,0,28,0,9,0,,,3,0,353,8137,8490,11
2020-09-28,47131,47131,1200,9,1161,9,39,0,164,2,46,1,,,11,1,1316,9848,11164,64
2020-09-28,47137,47137,123,0,99,0,24,0,31,0,5,0,,,2,0,132,983,1115,5
2020-09-28,47133,47133,766,8,695,8,71,0,124,0,24,0,,,6,0,852,7089,7941,21
2020-09-28,,47PEN,3047,5,2909,6,138,-1,526,-7,57,1,,,6,1,3457,182757,186214,1115
2020-09-28,47135,47135,153,0,133,0,20,0,16,-1,6,0,,,0,0,165,3536,3701,9
2020-09-28,47125,47125,3123,12,2987,9,136,3,235,2,120,0,,,44,0,3504,40109,43613,122
2020-09-28,,47OOS,2997,11,2916,10,81,1,474,-2,95,0,,,27,0,2976,272237,275213,2116
2020-09-28,47123,47123,1058,6,1015,4,43,2,83,1,67,0,,,18,0,1187,10812,11999,35
2020-09-28,47101,47101,207,3,206,3,1,0,41,2,12,0,,,1,0,230,4492,4722,11
2020-09-28,47109,47109,918,22,740,14,178,8,161,19,35,0,,,18,0,1032,7338,8370,147
2020-09-28,47107,47107,1150,4,1134,4,16,0,128,-4,57,0,,,25,0,1319,16552,17871,80
2020-09-28,47119,47119,2420,11,2395,9,25,2,275,-9,88,1,,,24,0,2785,25568,28353,130
2020-09-28,47117,47117,780,2,775,2,5,0,97,-5,23,0,,,5,0,879,9104,9983,25
2020-09-28,47115,47115,538,5,529,5,9,0,55,0,39,0,,,8,0,642,5890,6532,26
2020-09-28,47113,47113,2943,22,2249,6,694,16,244,-1,168,0,,,64,0,3144,27358,30502,231
2020-09-28,47111,47111,1068,1,1046,1,22,0,66,-2,79,0,,,21,0,1302,7260,8562,51
2020-09-28,47105,47105,1190,6,1157,5,33,1,122,2,34,0,,,6,0,1316,12828,14144,43
2020-09-28,47103,47103,628,4,614,4,14,0,61,1,19,0,,,1,0,752,8037,8789,16
2020-09-28,47139,47139,406,7,395,6,11,1,36,6,18,0,,,10,0,461,3773,4234,44
2020-09-28,47121,47121,228,0,224,0,4,0,12,-1,11,0,,,3,0,261,3060,3321,29
2020-09-28,47141,47141,3355,6,3118,6,237,0,469,-24,115,1,,,41,1,4026,29466,33492,76
2020-09-28,47163,47163,2220,23,2089,23,131,0,215,16,176,1,,,33,0,2391,29913,32304,116
2020-09-28,47145,47145,909,4,868,4,41,0,113,-6,34,1,,,6,1,1060,17253,18313,86
2020-09-28,47099,47099,1077,10,1062,10,15,0,149,-4,41,0,,,13,0,1234,10510,11744,82
2020-09-28,47187,47187,5341,31,5263,27,78,4,379,12,120,0,,,36,0,6278,66589,72867,440
2020-09-28,47185,47185,849,2,777,2,72,0,114,-3,40,0,,,9,0,1063,9658,10721,28
2020-09-28,47183,47183,1212,7,1126,7,86,0,141,-4,28,0,,,19,0,1325,11007,12332,93
2020-09-28,47181,47181,1502,3,1489,3,13,0,29,2,18,0,,,5,0,1634,5945,7579,17
2020-09-28,47179,47179,2337,9,2280,8,57,1,241,-7,110,0,,,36,0,2692,29713,32405,85
2020-09-28,47177,47177,1078,3,987,3,91,0,92,-4,16,0,,,7,0,1209,13015,14224,40
2020-09-28,47175,47175,166,0,151,0,15,0,27,-1,6,0,,,0,0,183,1914,2097,6
2020-09-28,47173,47173,371,7,340,3,31,4,63,1,11,0,,,2,0,389,4652,5041,29
2020-09-28,47171,47171,288,-1,282,0,6,-1,21,-4,13,0,,,1,0,334,6034,6368,12
2020-09-28,47169,47169,1668,2,1662,1,6,1,24,1,25,0,,,7,0,1749,5016,6765,16
2020-09-28,47167,47167,1836,4,1702,5,134,-1,155,-5,88,0,,,19,0,2177,21054,23231,132
2020-09-28,47165,47165,4883,18,4847,18,36,0,274,1,394,2,,,98,0,5841,44686,50527,351
2020-09-28,47161,47161,219,5,203,4,16,1,83,4,6,0,,,2,0,250,2910,3160,29
2020-09-28,47159,47159,734,3,705,3,29,0,79,-2,31,0,,,11,0,937,5578,6515,36
2020-09-28,47157,47157,31034,81,30678,88,356,-7,1553,-16,1969,8,,,460,1,38470,370559,409029,2037
2020-09-28,47155,47155,2647,9,2568,7,79,2,175,4,92,0,,,15,0,2937,25319,28256,62
2020-09-28,47153,47153,242,4,240,4,2,0,32,1,10,0,,,1,0,274,4904,5178,24
2020-09-28,47151,47151,218,1,206,1,12,0,24,0,16,0,,,2,0,235,4278,4513,13
2020-09-28,47149,47149,9408,47,9323,45,85,2,607,11,266,1,,,90,1,11557,83067,94624,683
2020-09-28,47147,47147,2231,6,2206,6,25,0,104,-4,156,0,,,35,0,2721,17187,19908,79
2020-09-28,47143,47143,850,6,845,5,5,1,97,1,28,1,,,13,1,1013,10566,11579,61
2020-09-28,47097,47097,995,1,916,2,79,-1,88,-2,43,0,,,16,0,1091,10781,11872,58
2020-09-28,47189,47189,3538,19,3504,19,34,0,283,7,117,0,,,45,0,4209,37454,41663,185
2020-09-28,47093,47093,9550,53,9146,46,404,7,878,-28,356,6,,,80,1,10437,128511,138948,500
2020-09-28,47041,47041,572,2,546,2,26,0,42,2,23,0,,,14,0,701,8007,8708,14
2020-09-28,47039,47039,531,1,424,2,107,-1,99,-5,16,0,,,7,0,582,5828,6410,24
2020-09-28,47037,47037,26685,55,26513,55,172,0,1055,-4,1061,1,,,307,1,33526,325750,359276,2035
2020-09-28,47035,47035,1217,0,1181,0,36,0,108,-5,57,0,,,18,0,1487,22279,23766,42
2020-09-28,47033,47033,544,2,471,1,73,1,61,-3,20,0,,,19,0,607,3689,4296,20
2020-09-28,47031,47031,1255,1,1130,2,125,-1,227,-14,37,1,,,13,0,1497,18815,20312,43
2020-09-28,47029,47029,753,-1,699,-1,54,0,31,-3,39,1,,,10,1,803,7712,8515,27
2020-09-28,47027,47027,234,1,206,1,28,0,68,-2,5,0,,,5,0,248,2781,3029,3
2020-09-28,47025,47025,442,0,406,0,36,0,20,-3,18,0,,,5,0,497,10499,10996,49
2020-09-28,47023,47023,646,3,519,3,127,0,82,-1,19,0,,,10,0,715,5244,5959,59
2020-09-28,47021,47021,819,4,810,4,9,0,43,0,29,0,,,10,0,984,10800,11784,60
2020-09-28,47019,47019,1179,2,1126,2,53,0,82,-2,85,1,,,28,0,1298,15332,16630,69
2020-09-28,47017,47017,905,6,764,4,141,2,106,0,45,0,,,20,0,952,10217,11169,156
2020-09-28,47015,47015,295,3,280,3,15,0,34,0,9,0,,,0,0,356,3967,4323,15
2020-09-28,47013,47013,456,2,421,2,35,0,48,-1,23,0,,,4,0,501,10903,11404,101
2020-09-28,47011,47011,2967,5,2873,5,94,0,159,-3,162,0,,,17,0,3509,25283,28792,92
2020-09-28,47009,47009,2548,13,2494,14,54,-1,160,6,110,0,,,24,0,2958,28380,31338,138
2020-09-28,47007,47007,862,0,857,0,5,0,20,-1,19,0,,,4,0,906,7608,8514,12
2020-09-28,47005,47005,339,2,324,2,15,0,15,1,15,0,,,9,0,364,4372,4736,68
2020-09-28,47003,47003,1370,6,1307,6,63,0,90,0,54,0,,,17,0,1634,12861,14495,85
2020-09-28,47001,47001,1202,2,1163,2,39,0,119,-8,39,1,,,13,0,1378,25248,26626,65
2020-09-28,47043,47043,1277,3,1147,3,130,0,121,-3,57,1,,,15,0,1571,14200,15771,87
2020-09-28,47045,47045,1403,16,1286,12,117,4,182,7,62,0,,,14,0,1509,11156,12665,121
2020-09-28,47095,47095,925,0,918,0,7,0,62,0,7,0,,,2,0,1124,6087,7211,13
2020-09-28,47049,47049,527,1,468,1,59,0,138,-4,23,0,,,3,0,584,3904,4488,11
2020-09-28,47047,47047,1206,2,1166,3,40,-1,115,-4,76,0,,,19,0,1523,15487,17010,64
2020-09-28,47091,47091,729,3,716,3,13,0,111,-1,25,1,,,2,0,789,5774,6563,4
2020-09-28,47089,47089,1134,4,1003,4,131,0,106,0,57,2,,,14,0,1186,16492,17678,37
2020-09-28,47087,47087,332,1,291,0,41,1,36,-1,16,0,,,5,0,374,2353,2727,3
2020-09-28,47085,47085,263,5,229,5,34,0,45,2,6,0,,,3,0,290,5470,5760,53
2020-09-28,47083,47083,228,4,205,2,23,2,46,-6,17,0,,,3,0,247,2150,2397,30
2020-09-28,47079,47079,628,0,612,1,16,-1,50,-4,38,0,,,9,0,743,9588,10331,40
2020-09-28,47077,47077,1191,2,959,0,232,2,111,-4,41,1,,,24,0,1441,8790,10231,134
2020-09-28,47075,47075,992,0,936,1,56,-1,113,-3,43,0,,,21,0,1087,6551,7638,76
2020-09-28,47073,47073,823,1,796,1,27,0,79,-8,60,0,,,18,0,938,9625,10563,31
2020-09-28,47081,47081,599,6,561,6,38,0,106,0,17,0,,,8,0,721,7300,8021,35
2020-09-28,47069,47069,1583,1,1514,1,69,0,97,-4,62,0,,,26,0,1822,14155,15977,108
2020-09-28,47067,47067,107,-1,97,0,10,-1,2,-1,11,0,,,3,0,116,1921,2037,0
2020-09-28,47065,47065,9564,45,9274,43,290,2,567,-6,392,5,,,95,0,10973,132784,143757,577
2020-09-28,47063,47063,1943,4,1794,-12,149,16,142,-6,93,0,,,26,0,2104,21465,23569,30
2020-09-28,47051,47051,989,0,956,0,33,0,136,-8,42,1,,,10,1,1199,15121,16320,29
2020-09-28,47061,47061,312,3,283,2,29,1,98,-6,27,2,,,6,1,360,2537,2897,6
2020-09-28,47059,47059,1166,5,1098,5,68,0,91,0,80,0,,,44,0,1367,15101,16468,72
2020-09-28,47057,47057,386,0,355,0,31,0,56,-2,21,0,,,3,0,432,5949,6381,15
2020-09-28,47055,47055,637,6,632,6,5,0,96,4,34,0,,,17,0,756,8875,9631,43
2020-09-28,47053,47053,1713,9,1373,9,340,0,278,-5,59,0,,,23,0,1876,15036,16912,70
2020-09-28,47071,47071,1052,5,884,4,168,1,134,-2,26,0,,,16,0,1151,12226,13377,158
2020-09-29,47127,47127,183,3,167,1,16,2,38,0,5,0,,,1,0,209,2357,2566,3
2020-09-29,47129,47129,321,0,304,0,17,0,23,-5,9,0,,,3,0,352,8170,8522,32
2020-09-29,47131,47131,1202,2,1164,3,38,-1,145,-19,48,2,,,11,0,1317,9883,11200,36
2020-09-29,47137,47137,126,3,102,3,24,0,33,2,5,0,,,2,0,135,984,1119,4
2020-09-29,47133,47133,770,4,700,5,70,-1,111,-13,24,0,,,6,0,856,7129,7985,44
2020-09-29,,47PEN,3044,-3,2905,-4,139,1,487,-39,55,-2,,,4,-2,3463,182294,185757,-457
2020-09-29,47135,47135,153,0,133,0,20,0,13,-3,6,0,,,0,0,165,3541,3706,5
2020-09-29,47125,47125,3133,10,2996,9,137,1,203,-32,120,0,,,44,0,3512,40318,43830,217
2020-09-29,,47OOS,2977,-20,2892,-24,85,4,426,-48,99,4,,,27,0,2964,273567,276531,1318
2020-09-29,47123,47123,1066,8,1023,8,43,0,83,0,68,1,,,18,0,1196,10885,12081,82
2020-09-29,47101,47101,208,1,207,1,1,0,38,-3,12,0,,,1,0,231,4501,4732,10
2020-09-29,47109,47109,925,7,745,5,180,2,152,-9,35,0,,,18,0,1042,7366,8408,38
2020-09-29,47107,47107,1163,13,1147,13,16,0,121,-7,58,1,,,25,0,1337,16603,17940,69
2020-09-29,47119,47119,2427,7,2402,7,25,0,251,-24,89,1,,,25,1,2795,25633,28428,75
2020-09-29,47117,47117,781,1,776,1,5,0,89,-8,23,0,,,5,0,880,9117,9997,14
2020-09-29,47115,47115,551,13,542,13,9,0,62,7,39,0,,,8,0,655,5927,6582,50
2020-09-29,47113,47113,2992,49,2263,14,729,35,248,4,169,1,,,65,1,3187,27441,30628,126
2020-09-29,47111,47111,1067,-1,1045,-1,22,0,63,-3,79,0,,,21,0,1303,7278,8581,19
2020-09-29,47105,47105,1199,9,1167,10,32,-1,114,-8,34,0,,,6,0,1324,13068,14392,248
2020-09-29,47103,47103,633,5,617,3,16,2,52,-9,19,0,,,1,0,758,8053,8811,22
2020-09-29,47139,47139,407,1,395,0,12,1,34,-2,18,0,,,10,0,462,3781,4243,9
2020-09-29,47121,47121,232,4,228,4,4,0,15,3,11,0,,,3,0,266,3065,3331,10
2020-09-29,47141,47141,3365,10,3120,2,245,8,402,-67,115,0,,,41,0,4040,29512,33552,60
2020-09-29,47163,47163,2231,11,2099,10,132,1,208,-7,176,0,,,33,0,2407,29982,32389,85
2020-09-29,47145,47145,912,3,873,5,39,-2,101,-12,34,0,,,6,0,1064,17331,18395,82
2020-09-29,47099,47099,1089,12,1074,12,15,0,142,-7,41,0,,,13,0,1246,10582,11828,84
2020-09-29,47187,47187,5366,25,5287,24,79,1,357,-22,119,-1,,,36,0,6302,66836,73138,271
2020-09-29,47185,47185,855,6,783,6,72,0,101,-13,41,1,,,10,1,1074,9845,10919,198
2020-09-29,47183,47183,1216,4,1128,2,88,2,131,-10,29,1,,,20,1,1329,11062,12391,59
2020-09-29,47181,47181,1501,-1,1488,-1,13,0,22,-7,18,0,,,5,0,1632,5965,7597,18
2020-09-29,47179,47179,2355,18,2297,17,58,1,232,-9,110,0,,,38,2,2707,29833,32540,135
2020-09-29,47177,47177,1077,-1,988,1,89,-2,85,-7,16,0,,,7,0,1210,13033,14243,19
2020-09-29,47175,47175,166,0,151,0,15,0,25,-2,6,0,,,0,0,183,2006,2189,92
2020-09-29,47173,47173,376,5,345,5,31,0,54,-9,11,0,,,2,0,395,4664,5059,18
2020-09-29,47171,47171,291,3,285,3,6,0,21,0,13,0,,,1,0,339,6048,6387,19
2020-09-29,47169,47169,1669,1,1663,1,6,0,21,-3,25,0,,,7,0,1751,5028,6779,14
2020-09-29,47167,47167,1845,9,1704,2,141,7,147,-8,88,0,,,19,0,2186,21162,23348,117
2020-09-29,47165,47165,4895,12,4859,12,36,0,260,-14,393,-1,,,98,0,5863,44801,50664,137
2020-09-29,47161,47161,221,2,205,2,16,0,77,-6,6,0,,,2,0,252,2921,3173,13
2020-09-29,47159,47159,740,6,711,6,29,0,76,-3,31,0,,,11,0,945,5618,6563,48
2020-09-29,47157,47157,31097,63,30730,52,367,11,1416,-137,1976,7,,,466,6,38545,372213,410758,1729
2020-09-29,47155,47155,2664,17,2585,17,79,0,174,-1,94,2,,,15,0,2954,25430,28384,128
2020-09-29,47153,47153,244,2,242,2,2,0,28,-4,10,0,,,1,0,276,4920,5196,18
2020-09-29,47151,47151,219,1,207,1,12,0,23,-1,16,0,,,2,0,236,4291,4527,14
2020-09-29,47149,47149,9452,44,9365,42,87,2,560,-47,267,1,,,90,0,11611,83346,94957,333
2020-09-29,47147,47147,2239,8,2214,8,25,0,90,-14,162,6,,,39,4,2730,17217,19947,39
2020-09-29,47143,47143,854,4,849,4,5,0,90,-7,28,0,,,13,0,1018,10588,11606,27
2020-09-29,47189,47189,3562,24,3526,22,36,2,270,-13,119,2,,,47,2,4232,37616,41848,185
2020-09-29,47097,47097,1003,8,918,2,85,6,73,-15,43,0,,,16,0,1100,10873,11973,101
2020-09-29,47093,47093,9605,55,9200,54,405,1,812,-66,356,0,,,79,-1,10501,129268,139769,821
2020-09-29,47041,47041,574,2,548,2,26,0,35,-7,23,0,,,14,0,703,8021,8724,16
2020-09-29,47039,47039,534,3,426,2,108,1,90,-9,16,0,,,7,0,585,5833,6418,8
2020-09-29,47037,47037,26797,112,26625,112,172,0,1009,-46,1068,7,,,311,4,33657,328788,362445,3169
2020-09-29,47035,47035,1219,2,1183,2,36,0,91,-17,58,1,,,19,1,1489,22321,23810,44
2020-09-29,47033,47033,544,0,471,0,73,0,54,-7,20,0,,,19,0,608,3702,4310,14
2020-09-29,47031,47031,1277,22,1137,7,140,15,228,1,37,0,,,13,0,1518,18958,20476,164
2020-09-29,47029,47029,753,0,698,-1,55,1,26,-5,40,1,,,10,0,804,7735,8539,24
2020-09-29,47027,47027,235,1,207,1,28,0,62,-6,5,0,,,5,0,249,2783,3032,3
2020-09-29,47025,47025,445,3,409,3,36,0,18,-2,18,0,,,5,0,501,10516,11017,21
2020-09-29,47021,47021,819,0,810,0,9,0,37,-6,28,-1,,,9,-1,985,10838,11823,39
2020-09-29,47019,47019,1180,1,1126,0,54,1,72,-10,86,1,,,28,0,1297,15406,16703,73
2020-09-29,47017,47017,913,8,768,4,145,4,106,0,45,0,,,20,0,958,10291,11249,80
2020-09-29,47015,47015,295,0,280,0,15,0,30,-4,9,0,,,0,0,355,3984,4339,16
2020-09-29,47013,47013,461,5,424,3,37,2,44,-4,23,0,,,4,0,506,10921,11427,23
2020-09-29,47011,47011,2972,5,2878,5,94,0,144,-15,164,2,,,17,0,3514,25371,28885,93
2020-09-29,47009,47009,2563,15,2509,15,54,0,154,-6,110,0,,,24,0,2977,28537,31514,176
2020-09-29,47007,47007,862,0,857,0,5,0,19,-1,19,0,,,4,0,907,7622,8529,15
2020-09-29,47005,47005,341,2,324,0,17,2,14,-1,15,0,,,8,-1,366,4388,4754,18
2020-09-29,47003,47003,1373,3,1309,2,64,1,85,-5,54,0,,,17,0,1636,12884,14520,25
2020-09-29,47001,47001,1210,8,1167,4,43,4,115,-4,39,0,,,13,0,1384,25331,26715,89
2020-09-29,47095,47095,925,0,918,0,7,0,58,-4,7,0,,,2,0,1123,6093,7216,5
2020-09-29,47043,47043,1280,3,1149,2,131,1,112,-9,57,0,,,15,0,1572,14271,15843,72
2020-09-29,47045,47045,1420,17,1295,9,125,8,175,-7,64,2,,,17,3,1523,11209,12732,67
2020-09-29,47023,47023,650,4,522,3,128,1,78,-4,19,0,,,11,1,719,5296,6015,56
2020-09-29,47049,47049,546,19,487,19,59,0,130,-8,23,0,,,3,0,604,3965,4569,81
2020-09-29,47047,47047,1227,21,1186,20,41,1,115,0,76,0,,,19,0,1544,15615,17159,149
2020-09-29,47089,47089,1144,10,1011,8,133,2,96,-10,59,2,,,14,0,1197,16575,17772,94
2020-09-29,47087,47087,332,0,291,0,41,0,34,-2,16,0,,,5,0,374,2364,2738,11
2020-09-29,47085,47085,267,4,231,2,36,2,46,1,6,0,,,3,0,293,5492,5785,25
2020-09-29,47083,47083,234,6,210,5,24,1,44,-2,18,1,,,3,0,249,2161,2410,13
2020-09-29,47081,47081,600,1,562,1,38,0,95,-11,17,0,,,8,0,723,7417,8140,119
2020-09-29,47079,47079,630,2,612,0,18,2,40,-10,38,0,,,9,0,744,9654,10398,67
2020-09-29,47077,47077,1191,0,959,0,232,0,103,-8,41,0,,,25,1,1439,8792,10231,0
2020-09-29,47075,47075,998,6,941,5,57,1,106,-7,43,0,,,21,0,1092,6574,7666,28
2020-09-29,47073,47073,827,4,799,3,28,1,74,-5,60,0,,,20,2,941,9659,10600,37
2020-09-29,47071,47071,1055,3,883,-1,172,4,124,-10,26,0,,,16,0,1154,12268,13422,45
2020-09-29,47091,47091,732,3,719,3,13,0,104,-7,26,1,,,3,1,792,5778,6570,7
2020-09-29,47067,47067,107,0,97,0,10,0,2,0,11,0,,,3,0,116,1924,2040,3
2020-09-29,47065,47065,9634,70,9325,51,309,19,564,-3,396,4,,,95,0,11038,133520,144558,801
2020-09-29,47063,47063,1948,5,1797,3,151,2,130,-12,96,3,,,28,2,2113,21536,23649,80
2020-09-29,47061,47061,317,5,287,4,30,1,98,0,27,0,,,6,0,365,2542,2907,10
2020-09-29,47059,47059,1169,3,1100,2,69,1,78,-13,82,2,,,46,2,1369,15153,16522,54
2020-09-29,47057,47057,394,8,359,4,35,4,57,1,21,0,,,3,0,437,5972,6409,28
2020-09-29,47055,47055,644,7,634,2,10,5,91,-5,34,0,,,17,0,763,8890,9653,22
2020-09-29,47053,47053,1726,13,1375,2,351,11,262,-16,60,1,,,24,1,1887,15122,17009,97
2020-09-29,47051,47051,994,5,961,5,33,0,122,-14,42,0,,,10,0,1207,15135,16342,22
2020-09-29,47069,47069,1584,1,1515,1,69,0,76,-21,62,0,,,26,0,1822,14172,15994,17
2020-09-30,47139,47139,410,3,399,4,11,-1,33,-1,19,1,,,10,0,464,3821,4285,42
2020-09-30,47127,47127,188,5,168,1,20,4,40,2,5,0,,,1,0,215,2381,2596,30
2020-09-30,47129,47129,325,4,308,4,17,0,24,1,9,0,,,3,0,356,8208,8564,42
2020-09-30,47131,47131,1220,18,1179,15,41,3,149,4,49,1,,,11,0,1344,10072,11416,216
2020-09-30,47137,47137,131,5,107,5,24,0,38,5,5,0,,,2,0,140,992,1132,13
2020-09-30,47133,47133,782,12,712,12,70,0,117,6,24,0,,,6,0,869,7172,8041,56
2020-09-30,,47PEN,3083,39,2930,25,153,14,494,7,55,0,,,4,0,3498,182785,186283,526
2020-09-30,47135,47135,153,0,133,0,20,0,10,-3,6,0,,,0,0,164,3570,3734,28
2020-09-30,47125,47125,3174,41,3034,38,140,3,225,22,121,1,,,46,2,3555,40668,44223,393
2020-09-30,,47OOS,2939,-38,2847,-45,92,7,370,-56,98,-1,,,27,0,2939,275772,278711,2180
2020-09-30,47123,47123,1083,17,1039,16,44,1,91,8,71,3,,,19,1,1212,11024,12236,155
2020-09-30,47117,47117,791,10,786,10,5,0,88,-1,23,0,,,5,0,891,9237,10128,131
2020-09-30,47109,47109,930,5,750,5,180,0,147,-5,35,0,,,18,0,1051,7416,8467,59
2020-09-30,47107,47107,1176,13,1160,13,16,0,126,5,61,3,,,26,1,1357,16783,18140,200
2020-09-30,47119,47119,2457,30,2431,29,26,1,253,2,91,2,,,26,1,2824,25913,28737,309
2020-09-30,47115,47115,555,4,546,4,9,0,60,-2,40,1,,,8,0,659,5958,6617,35
2020-09-30,47113,47113,3063,71,2299,36,764,35,287,39,169,0,,,66,1,3262,27661,30923,295
2020-09-30,47111,47111,1070,3,1047,2,23,1,61,-2,79,0,,,21,0,1307,7402,8709,128
2020-09-30,47105,47105,1226,27,1192,25,34,2,128,14,35,1,,,7,1,1351,13265,14616,224
2020-09-30,47103,47103,646,13,629,12,17,1,58,6,20,1,,,1,0,771,8122,8893,82
2020-09-30,47101,47101,211,3,210,3,1,0,40,2,12,0,,,1,0,234,4526,4760,28
2020-09-30,47121,47121,231,-1,227,-1,4,0,13,-2,11,0,,,3,0,264,3083,3347,16
2020-09-30,47141,47141,3383,18,3133,13,250,5,379,-23,116,1,,,44,3,4060,29604,33664,112
2020-09-30,47099,47099,1108,19,1094,20,14,-1,154,12,41,0,,,14,1,1267,10686,11953,125
2020-09-30,47145,47145,917,5,876,3,41,2,95,-6,35,1,,,6,0,1070,17493,18563,168
2020-09-30,47187,47187,5423,57,5330,43,93,14,376,19,120,1,,,36,0,6350,67404,73754,616
2020-09-30,47185,47185,856,1,784,1,72,0,91,-10,41,0,,,10,0,1076,9860,10936,17
2020-09-30,47183,47183,1234,18,1143,15,91,3,119,-12,30,1,,,21,1,1345,11183,12528,137
2020-09-30,47181,47181,1505,4,1491,3,14,1,22,0,18,0,,,5,0,1639,5993,7632,35
2020-09-30,47179,47179,2393,38,2330,33,63,5,242,10,112,2,,,38,0,2742,30224,32966,426
2020-09-30,47177,47177,1085,8,995,7,90,1,88,3,16,0,,,7,0,1221,13162,14383,140
2020-09-30,47175,47175,167,1,152,1,15,0,21,-4,6,0,,,0,0,184,2012,2196,7
2020-09-30,47173,47173,382,6,347,2,35,4,48,-6,12,1,,,2,0,396,4711,5107,48
2020-09-30,47171,47171,292,1,287,2,5,-1,21,0,14,1,,,1,0,346,6253,6599,212
2020-09-30,47169,47169,1675,6,1668,5,7,1,27,6,25,0,,,7,0,1755,5066,6821,42
2020-09-30,47167,47167,1860,15,1712,8,148,7,142,-5,88,0,,,19,0,2202,21390,23592,244
2020-09-30,47165,47165,4922,27,4886,27,36,0,261,1,393,0,,,98,0,5886,45152,51038,374
2020-09-30,47163,47163,2265,34,2130,31,135,3,213,5,176,0,,,33,0,2440,30239,32679,290
2020-09-30,47161,47161,223,2,206,1,17,1,72,-5,6,0,,,2,0,253,2939,3192,19
2020-09-30,47159,47159,745,5,716,5,29,0,72,-4,31,0,,,11,0,957,5714,6671,108
2020-09-30,47157,47157,31202,105,30816,86,386,19,1376,-40,1990,14,,,472,6,38670,374608,413278,2520
2020-09-30,47155,47155,2677,13,2593,8,84,5,167,-7,95,1,,,15,0,2965,25707,28672,288
2020-09-30,47153,47153,249,5,247,5,2,0,29,1,12,2,,,3,2,281,4943,5224,28
2020-09-30,47151,47151,225,6,213,6,12,0,25,2,16,0,,,2,0,241,4316,4557,30
2020-09-30,47149,47149,9523,71,9433,68,90,3,565,5,267,0,,,92,2,11689,84043,95732,775
2020-09-30,47147,47147,2255,16,2228,14,27,2,92,2,164,2,,,39,0,2755,17360,20115,168
2020-09-30,47143,47143,863,9,858,9,5,0,95,5,29,1,,,15,2,1027,10654,11681,75
2020-09-30,47097,47097,1017,14,931,13,86,1,83,10,43,0,,,16,0,1117,11083,12200,227
2020-09-30,47189,47189,3605,43,3565,39,40,4,289,19,119,0,,,47,0,4278,38081,42359,511
2020-09-30,47093,47093,9681,76,9269,69,412,7,799,-13,361,5,,,80,1,10568,130434,141002,1233
2020-09-30,47041,47041,576,2,550,2,26,0,36,1,23,0,,,14,0,705,8043,8748,24
2020-09-30,47039,47039,538,4,429,3,109,1,81,-9,16,0,,,7,0,591,5853,6444,26
2020-09-30,47037,47037,26874,77,26694,69,180,8,976,-33,1070,2,,,312,1,33756,332451,366207,3762
2020-09-30,47035,47035,1223,4,1187,4,36,0,82,-9,58,0,,,19,0,1492,22513,24005,195
2020-09-30,47033,47033,558,14,485,14,73,0,61,7,20,0,,,19,0,623,3729,4352,42
2020-09-30,47031,47031,1302,25,1154,17,148,8,228,0,38,1,,,14,1,1550,19123,20673,197
2020-09-30,47029,47029,759,6,701,3,58,3,28,2,40,0,,,10,0,807,8121,8928,389
2020-09-30,47027,47027,243,8,212,5,31,3,63,1,5,0,,,5,0,257,2857,3114,82
2020-09-30,47025,47025,449,4,410,1,39,3,18,0,18,0,,,5,0,502,10644,11146,129
2020-09-30,47023,47023,653,3,525,3,128,0,69,-9,19,0,,,11,0,722,5373,6095,80
2020-09-30,47021,47021,828,9,817,7,11,2,42,5,29,1,,,9,0,995,10900,11895,72
2020-09-30,47019,47019,1199,19,1145,19,54,0,81,9,87,1,,,28,0,1317,15643,16960,257
2020-09-30,47017,47017,917,4,773,5,144,-1,103,-3,45,0,,,20,0,966,10434,11400,151
2020-09-30,47015,47015,304,9,289,9,15,0,36,6,9,0,,,1,1,363,4034,4397,58
2020-09-30,47013,47013,467,6,431,7,36,-1,49,5,23,0,,,4,0,512,11028,11540,113
2020-09-30,47011,47011,2988,16,2890,12,98,4,145,1,163,-1,,,17,0,3531,25513,29044,159
2020-09-30,47009,47009,2589,26,2535,26,54,0,167,13,111,1,,,24,0,3004,28853,31857,343
2020-09-30,47007,47007,864,2,859,2,5,0,21,2,19,0,,,4,0,910,7670,8580,51
2020-09-30,47005,47005,342,1,325,1,17,0,11,-3,15,0,,,8,0,366,4402,4768,14
2020-09-30,47003,47003,1380,7,1316,7,64,0,86,1,54,0,,,17,0,1643,12985,14628,108
2020-09-30,47001,47001,1224,14,1179,12,45,2,111,-4,39,0,,,13,0,1396,25610,27006,291
2020-09-30,47043,47043,1297,17,1160,11,137,6,119,7,58,1,,,16,1,1588,14368,15956,113
2020-09-30,47045,47045,1430,10,1303,8,127,2,170,-5,64,0,,,17,0,1536,11326,12862,130
2020-09-30,47095,47095,928,3,921,3,7,0,58,0,7,0,,,2,0,1126,6124,7250,34
2020-09-30,47049,47049,588,42,527,40,61,2,167,37,23,0,,,4,1,649,4018,4667,98
2020-09-30,47091,47091,752,20,739,20,13,0,117,13,27,1,,,3,0,815,5889,6704,134
2020-09-30,47089,47089,1161,17,1026,15,135,2,101,5,60,1,,,14,0,1216,16741,17957,185
2020-09-30,47087,47087,335,3,294,3,41,0,32,-2,16,0,,,5,0,377,2386,2763,25
2020-09-30,47085,47085,268,1,232,1,36,0,42,-4,6,0,,,3,0,293,5537,5830,45
2020-09-30,47083,47083,243,9,220,10,23,-1,48,4,18,0,,,2,-1,258,2199,2457,47
2020-09-30,47047,47047,1236,9,1195,9,41,0,114,-1,75,-1,,,21,2,1554,15705,17259,100
2020-09-30,47079,47079,640,10,623,11,17,-1,43,3,39,1,,,10,1,757,9723,10480,82
2020-09-30,47077,47077,1195,4,962,3,233,1,99,-4,41,0,,,24,-1,1443,8937,10380,149
2020-09-30,47075,47075,1006,8,949,8,57,0,105,-1,45,2,,,23,2,1105,6588,7693,27
2020-09-30,47073,47073,843,16,815,16,28,0,84,10,60,0,,,20,0,958,9784,10742,142
2020-09-30,47081,47081,612,12,573,11,39,1,98,3,17,0,,,8,0,734,7474,8208,68
2020-09-30,47069,47069,1589,5,1518,3,71,2,76,0,62,0,,,26,0,1828,14201,16029,35
2020-09-30,47067,47067,109,2,99,2,10,0,4,2,11,0,,,3,0,118,1930,2048,8
2020-09-30,47065,47065,9687,53,9370,45,317,8,567,3,398,2,,,95,0,11095,133948,145043,485
2020-09-30,47063,47063,1965,17,1812,15,153,2,138,8,98,2,,,28,0,2128,21750,23878,229
2020-09-30,47061,47061,326,9,298,11,28,-2,99,1,27,0,,,6,0,377,2560,2937,30
2020-09-30,47059,47059,1185,16,1116,16,69,0,89,11,82,0,,,46,0,1390,15283,16673,151
2020-09-30,47057,47057,404,10,368,9,36,1,62,5,21,0,,,3,0,445,6015,6460,51
2020-09-30,47055,47055,654,10,642,8,12,2,97,6,34,0,,,17,0,773,8979,9752,99
2020-09-30,47053,47053,1746,20,1391,16,355,4,259,-3,60,0,,,25,1,1919,15356,17275,266
2020-09-30,47051,47051,1010,16,975,14,35,2,120,-2,43,1,,,10,0,1225,15238,16463,121
2020-09-30,47071,47071,1077,22,905,22,172,0,136,12,26,0,,,16,0,1179,12338,13517,95
2020-10-01,47127,47127,188,0,166,-2,22,2,35,-5,5,0,,,1,0,214,2393,2607,11
2020-10-01,47129,47129,327,2,310,2,17,0,23,-1,9,0,,,4,1,359,8215,8574,10
2020-10-01,47131,47131,1244,24,1201,22,43,2,156,7,49,0,,,13,2,1370,10181,11551,135
2020-10-01,,47OOS,2965,26,2866,19,99,7,361,-9,101,3,,,28,1,2948,278008,280956,2245
2020-10-01,47139,47139,413,3,402,3,11,0,34,1,19,0,,,11,1,467,3839,4306,21
2020-10-01,,47PEN,3108,25,2943,13,165,12,479,-15,57,2,,,7,3,3522,182502,186024,-259
2020-10-01,47135,47135,154,1,134,1,20,0,10,0,6,0,,,0,0,166,3578,3744,10
2020-10-01,47137,47137,130,-1,107,0,23,-1,35,-3,5,0,,,2,0,139,997,1136,4
2020-10-01,47133,47133,791,9,718,6,73,3,114,-3,24,0,,,6,0,880,7261,8141,100
2020-10-01,47125,47125,3178,4,3035,1,143,3,205,-20,122,1,,,46,0,3562,40794,44356,133
2020-10-01,47103,47103,651,5,635,6,16,-1,55,-3,20,0,,,1,0,775,8158,8933,40
2020-10-01,47109,47109,938,8,757,7,181,1,142,-5,36,1,,,19,1,1060,7437,8497,30
2020-10-01,47107,47107,1179,3,1163,3,16,0,120,-6,61,0,,,26,0,1369,16919,18288,148
2020-10-01,47119,47119,2472,15,2445,14,27,1,236,-17,92,1,,,27,1,2839,26205,29044,307
2020-10-01,47117,47117,794,3,789,3,5,0,84,-4,25,2,,,5,0,895,9318,10213,85
2020-10-01,47115,47115,560,5,549,3,11,2,56,-4,40,0,,,8,0,664,5987,6651,34
2020-10-01,47113,47113,3096,33,2318,19,778,14,267,-20,173,4,,,67,1,3296,27824,31120,197
2020-10-01,47111,47111,1073,3,1050,3,23,0,61,0,80,1,,,21,0,1310,7470,8780,71
2020-10-01,47105,47105,1239,13,1203,11,36,2,130,2,35,0,,,7,0,1362,13344,14706,90
2020-10-01,47141,47141,3419,36,3165,32,254,4,378,-1,116,0,,,47,3,4100,29812,33912,248
2020-10-01,47123,47123,1094,11,1049,10,45,1,97,6,71,0,,,20,1,1224,11119,12343,107
2020-10-01,47143,47143,870,7,864,6,6,1,97,2,30,1,,,15,0,1034,10693,11727,46
2020-10-01,47165,47165,4968,46,4927,41,41,5,284,23,393,0,,,102,4,5933,45642,51575,537
2020-10-01,47147,47147,2266,11,2236,8,30,3,95,3,165,1,,,39,0,2764,17487,20251,136
2020-10-01,47189,47189,3636,31,3590,25,46,6,295,6,119,0,,,48,1,4310,38368,42678,319
2020-10-01,47187,47187,5455,32,5354,24,101,8,379,3,121,1,,,38,2,6392,67944,74336,582
2020-10-01,47185,47185,864,8,790,6,74,2,87,-4,41,0,,,10,0,1089,9900,10989,53
2020-10-01,47183,47183,1248,14,1157,14,91,0,119,0,30,0,,,21,0,1364,11241,12605,77
2020-10-01,47181,47181,1509,4,1494,3,15,1,23,1,18,0,,,5,0,1641,6031,7672,40
2020-10-01,47179,47179,2406,13,2342,12,64,1,224,-18,112,0,,,38,0,2755,30346,33101,135
2020-10-01,47177,47177,1091,6,1001,6,90,0,86,-2,16,0,,,7,0,1228,13230,14458,75
2020-10-01,47175,47175,168,1,153,1,15,0,18,-3,6,0,,,0,0,185,2019,2204,8
2020-10-01,47173,47173,390,8,355,8,35,0,53,5,13,1,,,2,0,404,4742,5146,39
2020-10-01,47171,47171,293,1,288,1,5,0,19,-2,14,0,,,1,0,347,6388,6735,136
2020-10-01,47169,47169,1676,1,1669,1,7,0,28,1,25,0,,,7,0,1757,5087,6844,23
2020-10-01,47167,47167,1874,14,1725,13,149,1,142,0,88,0,,,20,1,2214,21521,23735,143
2020-10-01,47101,47101,214,3,212,2,2,1,41,1,12,0,,,1,0,236,4545,4781,21
2020-10-01,47163,47163,2290,25,2150,20,140,5,220,7,176,0,,,33,0,2464,30424,32888,209
2020-10-01,47161,47161,221,-2,205,-1,16,-1,48,-24,6,0,,,2,0,252,2946,3198,6
2020-10-01,47159,47159,762,17,730,14,32,3,88,16,31,0,,,11,0,976,5760,6736,65
2020-10-01,47157,47157,31321,119,30929,113,392,6,1354,-22,1994,4,,,479,7,38819,376620,415439,2161
2020-10-01,47155,47155,2698,21,2611,18,87,3,180,13,95,0,,,16,1,2987,25822,28809,137
2020-10-01,47153,47153,249,0,247,0,2,0,27,-2,12,0,,,3,0,281,4960,5241,17
2020-10-01,47151,47151,227,2,215,2,12,0,25,0,16,0,,,2,0,243,4342,4585,28
2020-10-01,47149,47149,9579,56,9486,53,93,3,553,-12,266,-1,,,95,3,11750,84536,96286,554
2020-10-01,47145,47145,926,9,883,7,43,2,90,-5,35,0,,,6,0,1078,17589,18667,104
2020-10-01,47099,47099,1122,14,1108,14,14,0,155,1,42,1,,,14,0,1282,10774,12056,103
2020-10-01,47121,47121,232,1,228,1,4,0,13,0,11,0,,,3,0,265,3102,3367,20
2020-10-01,47097,47097,1030,13,940,9,90,4,93,10,43,0,,,16,0,1128,11129,12257,57
2020-10-01,47041,47041,578,2,552,2,26,0,36,0,23,0,,,14,0,707,8081,8788,40
2020-10-01,47039,47039,545,7,432,3,113,4,77,-4,16,0,,,7,0,598,5870,6468,24
2020-10-01,47037,47037,26940,66,26758,64,182,2,940,-36,1072,2,,,313,1,33824,336139,369963,3756
2020-10-01,47035,47035,1234,11,1196,9,38,2,84,2,59,1,,,19,0,1502,22621,24123,118
2020-10-01,47033,47033,565,7,489,4,76,3,60,-1,20,0,,,19,0,630,3745,4375,23
2020-10-01,47031,47031,1318,16,1166,12,152,4,227,-1,38,0,,,14,0,1561,19444,21005,332
2020-10-01,47029,47029,765,6,706,5,59,1,31,3,40,0,,,10,0,812,8151,8963,35
2020-10-01,47027,47027,246,3,214,2,32,1,56,-7,5,0,,,5,0,260,2875,3135,21
2020-10-01,47023,47023,656,3,528,3,128,0,63,-6,20,1,,,12,1,726,5389,6115,20
2020-10-01,47021,47021,832,4,820,3,12,1,42,0,29,0,,,9,0,998,10949,11947,52
2020-10-01,47019,47019,1199,0,1144,-1,55,1,74,-7,87,0,,,28,0,1316,15731,17047,87
2020-10-01,47017,47017,934,17,788,15,146,2,105,2,45,0,,,20,0,981,10488,11469,69
2020-10-01,47015,47015,309,5,293,4,16,1,36,0,9,0,,,1,0,370,4089,4459,62
2020-10-01,47013,47013,474,7,436,5,38,2,53,4,23,0,,,4,0,517,11218,11735,195
2020-10-01,47011,47011,2998,10,2900,10,98,0,146,1,163,0,,,17,0,3542,25580,29122,78
2020-10-01,47009,47009,2616,27,2559,24,57,3,181,14,113,2,,,27,3,3027,29005,32032,175
2020-10-01,47007,47007,866,2,861,2,5,0,20,-1,19,0,,,4,0,911,7689,8600,20
2020-10-01,47005,47005,343,1,326,1,17,0,11,0,15,0,,,8,0,369,4425,4794,26
2020-10-01,47003,47003,1387,7,1322,6,65,1,81,-5,54,0,,,17,0,1652,13050,14702,74
2020-10-01,47001,47001,1243,19,1194,15,49,4,121,10,39,0,,,13,0,1411,25740,27151,145
2020-10-01,47095,47095,929,1,922,1,7,0,59,1,7,0,,,2,0,1128,6132,7260,10
2020-10-01,47043,47043,1309,12,1164,4,145,8,122,3,58,0,,,17,1,1607,14456,16063,107
2020-10-01,47045,47045,1465,35,1332,29,133,6,183,13,64,0,,,18,1,1573,11442,13015,153
2020-10-01,47025,47025,450,1,411,1,39,0,14,-4,18,0,,,5,0,506,10691,11197,51
2020-10-01,47049,47049,593,5,532,5,61,0,162,-5,23,0,,,4,0,654,4042,4696,29
2020-10-01,47047,47047,1239,3,1198,3,41,0,109,-5,75,0,,,21,0,1559,15774,17333,74
2020-10-01,47091,47091,757,5,743,4,14,1,114,-3,27,0,,,3,0,817,5899,6716,12
2020-10-01,47089,47089,1171,10,1036,10,135,0,98,-3,61,1,,,14,0,1224,16819,18043,86
2020-10-01,47087,47087,343,8,301,7,42,1,39,7,16,0,,,5,0,385,2410,2795,32
2020-10-01,47085,47085,279,11,232,0,47,11,47,5,6,0,,,3,0,301,5575,5876,46
2020-10-01,47083,47083,272,29,247,27,25,2,61,13,20,2,,,4,2,284,2208,2492,35
2020-10-01,47081,47081,624,12,580,7,44,5,99,1,18,1,,,8,0,747,7535,8282,74
2020-10-01,47079,47079,644,4,627,4,17,0,40,-3,39,0,,,10,0,760,9792,10552,72
2020-10-01,47077,47077,1206,11,969,7,237,4,96,-3,41,0,,,24,0,1456,8951,10407,27
2020-10-01,47075,47075,1020,14,961,12,59,2,114,9,46,1,,,23,0,1119,6629,7748,55
2020-10-01,47073,47073,850,7,821,6,29,1,81,-3,61,1,,,22,2,965,9831,10796,54
2020-10-01,47093,47093,9737,56,9320,51,417,5,758,-41,364,3,,,80,0,10625,131073,141698,696
2020-10-01,47069,47069,1598,9,1526,8,72,1,70,-6,62,0,,,26,0,1833,14231,16064,35
2020-10-01,47071,47071,1089,12,912,7,177,5,126,-10,26,0,,,16,0,1191,12384,13575,58
2020-10-01,47053,47053,1773,27,1398,7,375,20,255,-4,62,2,,,24,-1,1941,15434,17375,100
2020-10-01,47055,47055,659,5,648,6,11,-1,97,0,36,2,,,18,1,780,9036,9816,64
2020-10-01,47057,47057,408,4,370,2,38,2,60,-2,21,0,,,3,0,447,6034,6481,21
2020-10-01,47059,47059,1189,4,1119,3,70,1,85,-4,82,0,,,46,0,1393,15298,16691,18
2020-10-01,47051,47051,1017,7,980,5,37,2,104,-16,43,0,,,10,0,1231,15295,16526,63
2020-10-01,47063,47063,1971,6,1815,3,156,3,137,-1,98,0,,,30,2,2130,21831,23961,83
2020-10-01,47065,47065,9741,54,9418,48,323,6,557,-10,405,7,,,95,0,11145,134959,146104,1061
2020-10-01,47067,47067,110,1,100,1,10,0,5,1,11,0,,,3,0,119,1972,2091,43
2020-10-01,47061,47061,343,17,315,17,28,0,100,1,27,0,,,6,0,395,2586,2981,44
2020-10-02,47125,47125,3205,27,3061,26,144,1,213,8,123,1,,,46,0,3592,41270,44862,506
2020-10-02,47135,47135,154,0,134,0,20,0,9,-1,6,0,,,0,0,166,3587,3753,9
2020-10-02,,47PEN,3125,17,2953,10,172,7,463,-16,58,1,,,7,0,3533,182314,185847,-177
2020-10-02,47133,47133,801,10,725,7,76,3,114,0,24,0,,,7,1,892,7300,8192,51
2020-10-02,,47OOS,2964,-1,2867,1,97,-2,307,-54,101,0,,,26,-2,2939,280491,283430,2474
2020-10-02,47131,47131,1262,18,1214,13,48,5,162,6,50,1,,,14,1,1387,10289,11676,125
2020-10-02,47137,47137,132,2,108,1,24,1,37,2,5,0,,,2,0,141,1006,1147,11
2020-10-02,47129,47129,330,3,310,0,20,3,23,0,9,0,,,4,0,358,8236,8594,20
2020-10-02,47127,47127,189,1,168,2,21,-1,33,-2,5,0,,,1,0,217,2404,2621,14
2020-10-02,47123,47123,1101,7,1055,6,46,1,100,3,71,0,,,20,0,1232,11188,12420,77
2020-10-02,47115,47115,563,3,552,3,11,0,55,-1,40,0,,,9,1,668,6027,6695,44
2020-10-02,47109,47109,946,8,765,8,181,0,131,-11,36,0,,,19,0,1064,7572,8636,139
2020-10-02,47107,47107,1186,7,1169,6,17,1,111,-9,61,0,,,26,0,1375,16998,18373,85
2020-10-02,47119,47119,2486,14,2453,8,33,6,221,-15,92,0,,,28,1,2849,26323,29172,128
2020-10-02,47117,47117,807,13,799,10,8,3,92,8,25,0,,,5,0,909,9362,10271,58
2020-10-02,47113,47113,3109,13,2329,11,780,2,247,-20,172,-1,,,69,2,3311,27952,31263,143
2020-10-02,47111,47111,1082,9,1059,9,23,0,60,-1,80,0,,,21,0,1319,7515,8834,54
2020-10-02,47105,47105,1249,10,1212,9,37,1,134,4,38,3,,,7,0,1372,13395,14767,61
2020-10-02,47103,47103,655,4,636,1,19,3,55,0,20,0,,,1,0,778,8229,9007,74
2020-10-02,47101,47101,220,6,218,6,2,0,39,-2,12,0,,,1,0,242,4559,4801,20
2020-10-02,47139,47139,414,1,403,1,11,0,33,-1,19,0,,,11,0,469,3853,4322,16
2020-10-02,47121,47121,234,2,230,2,4,0,12,-1,11,0,,,3,0,267,3120,3387,20
2020-10-02,47141,47141,3443,24,3189,24,254,0,360,-18,116,0,,,48,1,4131,30228,34359,447
2020-10-02,47099,47099,1130,8,1110,2,20,6,156,1,44,2,,,14,0,1285,10841,12126,70
2020-10-02,47145,47145,936,10,889,6,47,4,90,0,36,1,,,6,0,1086,17664,18750,83
2020-10-02,47187,47187,5478,23,5376,22,102,1,375,-4,121,0,,,38,0,6409,68363,74772,436
2020-10-02,47185,47185,876,12,802,12,74,0,89,2,41,0,,,10,0,1102,9949,11051,62
2020-10-02,47183,47183,1252,4,1160,3,92,1,115,-4,30,0,,,21,0,1371,11429,12800,195
2020-10-02,47181,47181,1513,4,1496,2,17,2,23,0,18,0,,,5,0,1645,6049,7694,22
2020-10-02,47179,47179,2435,29,2371,29,64,0,230,6,114,2,,,38,0,2790,30629,33419,318
2020-10-02,47177,47177,1093,2,1003,2,90,0,83,-3,16,0,,,7,0,1231,13359,14590,132
2020-10-02,47175,47175,168,0,153,0,15,0,14,-4,6,0,,,0,0,185,2026,2211,7
2020-10-02,47173,47173,395,5,359,4,36,1,55,2,13,0,,,2,0,409,4757,5166,20
2020-10-02,47171,47171,293,0,288,0,5,0,14,-5,14,0,,,1,0,347,6407,6754,19
2020-10-02,47169,47169,1682,6,1673,4,9,2,30,2,25,0,,,7,0,1760,5105,6865,21
2020-10-02,47167,47167,1878,4,1724,-1,154,5,138,-4,88,0,,,20,0,2223,21596,23819,84
2020-10-02,47165,47165,4989,21,4948,21,41,0,270,-14,393,0,,,102,0,5957,45997,51954,379
2020-10-02,47163,47163,2324,34,2177,27,147,7,229,9,177,1,,,33,0,2498,30626,33124,236
2020-10-02,47161,47161,226,5,209,4,17,1,50,2,6,0,,,3,1,256,2989,3245,47
2020-10-02,47159,47159,763,1,732,2,31,-1,83,-5,31,0,,,11,0,977,5775,6752,16
2020-10-02,47157,47157,31389,68,30981,52,408,16,1225,-129,1999,5,,,480,1,38883,378024,416907,1468
2020-10-02,47155,47155,2715,17,2626,15,89,2,180,0,95,0,,,16,0,3001,25914,28915,106
2020-10-02,47153,47153,249,0,247,0,2,0,26,-1,12,0,,,3,0,280,5062,5342,101
2020-10-02,47151,47151,236,9,223,8,13,1,32,7,16,0,,,2,0,252,4361,4613,28
2020-10-02,47149,47149,9624,45,9520,34,104,11,535,-18,269,3,,,96,1,11789,85124,96913,627
2020-10-02,47147,47147,2272,6,2242,6,30,0,88,-7,165,0,,,39,0,2771,17727,20498,247
2020-10-02,47143,47143,878,8,872,8,6,0,95,-2,30,0,,,15,0,1043,10765,11808,81
2020-10-02,47189,47189,3653,17,3606,16,47,1,279,-16,119,0,,,49,1,4323,38509,42832,154
2020-10-02,47097,47097,1031,1,941,1,90,0,87,-6,43,0,,,16,0,1129,11153,12282,25
2020-10-02,47093,47093,9801,64,9385,65,416,-1,761,3,369,5,,,80,0,10698,131771,142469,771
2020-10-02,47041,47041,579,1,553,1,26,0,34,-2,23,0,,,14,0,707,8188,8895,107
2020-10-02,47039,47039,548,3,433,1,115,2,73,-4,16,0,,,7,0,599,5885,6484,16
2020-10-02,47037,47037,26959,19,26775,17,184,2,884,-56,1073,1,,,313,0,33868,338763,372631,2668
2020-10-02,47035,47035,1246,12,1208,12,38,0,84,0,60,1,,,19,0,1517,22744,24261,138
2020-10-02,47033,47033,566,1,491,2,75,-1,59,-1,20,0,,,19,0,630,3760,4390,15
2020-10-02,47031,47031,1330,12,1174,8,156,4,225,-2,38,0,,,14,0,1570,19537,21107,102
2020-10-02,47029,47029,774,9,713,7,61,2,39,8,41,1,,,10,0,819,8181,9000,37
2020-10-02,47027,47027,246,0,214,0,32,0,51,-5,6,1,,,6,1,261,2889,3150,15
2020-10-02,47025,47025,452,2,412,1,40,1,15,1,18,0,,,5,0,505,10761,11266,69
2020-10-02,47023,47023,659,3,530,2,129,1,64,1,20,0,,,12,0,728,5410,6138,23
2020-10-02,47021,47021,836,4,824,4,12,0,41,-1,29,0,,,9,0,1002,11006,12008,61
2020-10-02,47019,47019,1206,7,1150,6,56,1,67,-7,88,1,,,28,0,1322,15791,17113,66
2020-10-02,47017,47017,941,7,794,6,147,1,101,-4,45,0,,,20,0,986,10587,11573,104
2020-10-02,47015,47015,310,1,293,0,17,1,33,-3,9,0,,,1,0,370,4112,4482,23
2020-10-02,47013,47013,483,9,445,9,38,0,58,5,23,0,,,4,0,527,11282,11809,74
2020-10-02,47011,47011,3009,11,2911,11,98,0,146,0,164,1,,,17,0,3554,25650,29204,82
2020-10-02,47009,47009,2629,13,2572,13,57,0,176,-5,113,0,,,27,0,3042,29175,32217,185
2020-10-02,47007,47007,867,1,862,1,5,0,20,0,19,0,,,4,0,911,7707,8618,18
2020-10-02,47005,47005,343,0,326,0,17,0,11,0,15,0,,,8,0,368,4438,4806,12
2020-10-02,47003,47003,1392,5,1325,3,67,2,78,-3,55,1,,,17,0,1658,13127,14785,83
2020-10-02,47001,47001,1248,5,1198,4,50,1,116,-5,39,0,,,13,0,1416,25978,27394,243
2020-10-02,47043,47043,1314,5,1168,4,146,1,112,-10,58,0,,,17,0,1607,14507,16114,51
2020-10-02,47045,47045,1476,11,1339,7,137,4,179,-4,64,0,,,18,0,1585,11510,13095,80
2020-10-02,47095,47095,928,-1,922,0,6,-1,56,-3,7,0,,,2,0,1126,6147,7273,13
2020-10-02,47049,47049,605,12,537,5,68,7,160,-2,23,0,,,4,0,666,4064,4730,34
2020-10-02,47047,47047,1241,2,1198,0,43,2,100,-9,75,0,,,21,0,1562,15808,17370,37
2020-10-02,47091,47091,764,7,750,7,14,0,112,-2,28,1,,,3,0,824,5949,6773,57
2020-10-02,47089,47089,1189,18,1054,18,135,0,111,13,62,1,,,14,0,1244,16905,18149,106
2020-10-02,47087,47087,347,4,307,6,40,-2,37,-2,16,0,,,5,0,390,2432,2822,27
2020-10-02,47085,47085,288,9,237,5,51,4,49,2,7,1,,,3,0,312,5599,5911,35
2020-10-02,47083,47083,284,12,258,11,26,1,69,8,21,1,,,4,0,298,2223,2521,29
2020-10-02,47079,47079,645,1,626,-1,19,2,36,-4,39,0,,,10,0,762,9855,10617,65
2020-10-02,47077,47077,1209,3,973,4,236,-1,86,-10,42,1,,,24,0,1462,8986,10448,41
2020-10-02,47075,47075,1028,8,967,6,61,2,114,0,46,0,,,23,0,1128,6639,7767,19
2020-10-02,47073,47073,860,10,830,9,30,1,85,4,61,0,,,22,0,974,9873,10847,51
2020-10-02,47081,47081,630,6,585,5,45,1,93,-6,18,0,,,8,0,752,7576,8328,46
2020-10-02,47069,47069,1602,4,1530,4,72,0,64,-6,63,1,,,27,1,1839,14260,16099,35
2020-10-02,47067,47067,110,0,100,0,10,0,5,0,11,0,,,3,0,119,1976,2095,4
2020-10-02,47065,47065,9789,48,9457,39,332,9,556,-1,406,1,,,95,0,11184,135393,146577,473
2020-10-02,47063,47063,1999,28,1841,26,158,2,154,17,101,3,,,31,1,2161,21900,24061,100
2020-10-02,47051,47051,1022,5,985,5,37,0,97,-7,43,0,,,10,0,1241,15360,16601,75
2020-10-02,47061,47061,352,9,323,8,29,1,95,-5,27,0,,,6,0,403,2600,3003,22
2020-10-02,47059,47059,1198,9,1128,9,70,0,86,1,83,1,,,46,0,1403,15398,16801,110
2020-10-02,47057,47057,411,3,371,1,40,2,57,-3,24,3,,,3,0,448,6062,6510,29
2020-10-02,47055,47055,672,13,656,8,16,5,103,6,36,0,,,19,1,792,9080,9872,56
2020-10-02,47053,47053,1785,12,1406,8,379,4,248,-7,62,0,,,25,1,1956,15536,17492,117
2020-10-02,47071,47071,1096,7,915,3,181,4,120,-6,26,0,,,16,0,1192,12500,13692,117
2020-10-03,47127,47127,189,0,168,0,21,0,32,-1,5,0,,,1,0,218,2420,2638,17
2020-10-03,47129,47129,333,3,313,3,20,0,23,0,9,0,,,4,0,362,8259,8621,27
2020-10-03,47131,47131,1295,33,1243,29,52,4,182,20,50,0,,,15,1,1421,10347,11768,92
2020-10-03,47137,47137,140,8,110,2,30,6,40,3,5,0,,,2,0,149,1016,1165,18
2020-10-03,47133,47133,816,15,734,9,82,6,124,10,24,0,,,7,0,909,7348,8257,65
2020-10-03,,47PEN,3129,4,2960,7,169,-3,445,-18,57,-1,,,9,2,3542,182271,185813,-34
2020-10-03,47135,47135,155,1,135,1,20,0,8,-1,6,0,,,0,0,167,3672,3839,86
2020-10-03,47125,47125,3212,7,3065,4,147,3,196,-17,123,0,,,46,0,3593,41454,45047,185
2020-10-03,,47OOS,2935,-29,2844,-23,91,-6,285,-22,99,-2,,,26,0,2932,280965,283897,467
2020-10-03,47123,47123,1110,9,1063,8,47,1,102,2,72,1,,,20,0,1240,11292,12532,112
2020-10-03,47101,47101,221,1,219,1,2,0,36,-3,13,1,,,1,0,243,4641,4884,83
2020-10-03,47109,47109,953,7,772,7,181,0,127,-4,36,0,,,19,0,1075,7637,8712,76
2020-10-03,47107,47107,1186,0,1169,0,17,0,99,-12,63,2,,,28,2,1378,17072,18450,77
2020-10-03,47119,47119,2500,14,2465,12,35,2,210,-11,93,1,,,29,1,2865,26460,29325,153
2020-10-03,47117,47117,815,8,807,8,8,0,91,-1,25,0,,,5,0,920,9384,10304,33
2020-10-03,47115,47115,568,5,557,5,11,0,54,-1,40,0,,,9,0,674,6052,6726,31
2020-10-03,47113,47113,3136,27,2348,19,788,8,243,-4,173,1,,,71,2,3336,28175,31511,248
2020-10-03,47111,47111,1099,17,1067,8,32,9,70,10,80,0,,,22,1,1338,7566,8904,70
2020-10-03,47105,47105,1256,7,1219,7,37,0,132,-2,40,2,,,8,1,1378,13470,14848,81
2020-10-03,47103,47103,657,2,638,2,19,0,53,-2,20,0,,,1,0,780,8328,9108,101
2020-10-03,47139,47139,414,0,403,0,11,0,31,-2,19,0,,,12,1,468,3868,4336,14
2020-10-03,47121,47121,234,0,230,0,4,0,11,-1,11,0,,,3,0,268,3136,3404,17
2020-10-03,47141,47141,3485,42,3225,36,260,6,358,-2,117,1,,,48,0,4181,30414,34595,236
2020-10-03,47163,47163,2353,29,2197,20,156,9,241,12,178,1,,,33,0,2524,30817,33341,217
2020-10-03,47145,47145,944,8,896,7,48,1,85,-5,36,0,,,6,0,1094,17733,18827,77
2020-10-03,47099,47099,1139,9,1118,8,21,1,147,-9,44,0,,,14,0,1295,10936,12231,105
2020-10-03,47187,47187,5505,27,5393,17,112,10,375,0,121,0,,,40,2,6437,68639,75076,304
2020-10-03,47185,47185,896,20,820,18,76,2,92,3,43,2,,,10,0,1127,10046,11173,122
2020-10-03,47183,47183,1259,7,1163,3,96,4,114,-1,30,0,,,21,0,1377,11490,12867,67
2020-10-03,47181,47181,1516,3,1499,3,17,0,25,2,18,0,,,6,1,1648,6072,7720,26
2020-10-03,47179,47179,2460,25,2395,24,65,1,229,-1,114,0,,,38,0,2817,30763,33580,161
2020-10-03,47177,47177,1113,20,1023,20,90,0,91,8,17,1,,,8,1,1249,13475,14724,134
2020-10-03,47175,47175,170,2,155,2,15,0,14,0,6,0,,,0,0,188,2041,2229,18
2020-10-03,47173,47173,403,8,367,8,36,0,61,6,13,0,,,2,0,417,4846,5263,97
2020-10-03,47171,47171,293,0,288,0,5,0,12,-2,14,0,,,1,0,347,6441,6788,34
2020-10-03,47169,47169,1683,1,1673,0,10,1,30,0,25,0,,,7,0,1758,5131,6889,24
2020-10-03,47167,47167,1885,7,1731,7,154,0,130,-8,88,0,,,21,1,2231,21746,23977,158
2020-10-03,47165,47165,5016,27,4972,24,44,3,263,-7,394,1,,,103,1,5989,46329,52318,364
2020-10-03,47161,47161,228,2,210,1,18,1,42,-8,6,0,,,3,0,257,2995,3252,7
2020-10-03,47159,47159,778,15,746,14,32,1,87,4,31,0,,,11,0,996,5804,6800,48
2020-10-03,47157,47157,31482,93,31068,87,414,6,1181,-44,2003,4,,,483,3,39033,380206,419239,2332
2020-10-03,47155,47155,2739,24,2650,24,89,0,191,11,95,0,,,17,1,3028,26021,29049,134
2020-10-03,47153,47153,250,1,248,1,2,0,26,0,12,0,,,3,0,283,5087,5370,28
2020-10-03,47151,47151,241,5,228,5,13,0,36,4,16,0,,,2,0,257,4395,4652,39
2020-10-03,47149,47149,9668,44,9563,43,105,1,525,-10,270,1,,,98,2,11845,85729,97574,661
2020-10-03,47147,47147,2279,7,2250,8,29,-1,83,-5,165,0,,,41,2,2779,17814,20593,95
2020-10-03,47143,47143,886,8,879,7,7,1,96,1,30,0,,,15,0,1052,10832,11884,76
2020-10-03,47189,47189,3675,22,3625,19,50,3,276,-3,119,0,,,49,0,4347,38724,43071,239
2020-10-03,47097,47097,1038,7,948,7,90,0,90,3,43,0,,,16,0,1135,11229,12364,82
2020-10-03,47093,47093,9879,78,9460,75,419,3,742,-19,370,1,,,80,0,10785,133167,143952,1483
2020-10-03,47041,47041,589,10,564,11,25,-1,40,6,24,1,,,15,1,720,8256,8976,81
2020-10-03,47039,47039,557,9,438,5,119,4,74,1,16,0,,,9,2,609,6114,6723,239
2020-10-03,47037,47037,27029,70,26843,68,186,2,848,-36,1077,4,,,313,0,33935,341991,375926,3295
2020-10-03,47035,47035,1259,13,1219,11,40,2,90,6,61,1,,,20,1,1533,22958,24491,230
2020-10-03,47033,47033,570,4,493,2,77,2,48,-11,21,1,,,20,1,636,3824,4460,70
2020-10-03,47031,47031,1345,15,1190,16,155,-1,215,-10,38,0,,,15,1,1589,19728,21317,210
2020-10-03,47029,47029,776,2,715,2,61,0,38,-1,41,0,,,11,1,821,8244,9065,65
2020-10-03,47027,47027,250,4,216,2,34,2,33,-18,7,1,,,6,0,265,2894,3159,9
2020-10-03,47025,47025,454,2,414,2,40,0,16,1,18,0,,,5,0,510,10842,11352,86
2020-10-03,47021,47021,836,0,826,2,10,-2,40,-1,29,0,,,9,0,1003,11130,12133,125
2020-10-03,47019,47019,1210,4,1154,4,56,0,59,-8,88,0,,,29,1,1330,15824,17154,41
2020-10-03,47017,47017,962,21,811,17,151,4,115,14,45,0,,,20,0,1001,10707,11708,135
2020-10-03,47015,47015,312,2,295,2,17,0,32,-1,10,1,,,1,0,378,4143,4521,39
2020-10-03,47013,47013,493,10,455,10,38,0,66,8,24,1,,,4,0,537,11365,11902,93
2020-10-03,47011,47011,3022,13,2920,9,102,4,137,-9,165,1,,,18,1,3565,25745,29310,106
2020-10-03,47009,47009,2658,29,2600,28,58,1,195,19,113,0,,,27,0,3072,29404,32476,259
2020-10-03,47007,47007,869,2,864,2,5,0,21,1,19,0,,,4,0,915,7738,8653,35
2020-10-03,47005,47005,343,0,326,0,17,0,10,-1,16,1,,,8,0,370,4457,4827,21
2020-10-03,47003,47003,1397,5,1330,5,67,0,79,1,55,0,,,18,1,1665,13172,14837,52
2020-10-03,47001,47001,1266,18,1216,18,50,0,126,10,39,0,,,13,0,1438,26174,27612,218
2020-10-03,47095,47095,932,4,926,4,6,0,22,-34,7,0,,,2,0,1131,6195,7326,53
2020-10-03,47043,47043,1321,7,1175,7,146,0,109,-3,58,0,,,17,0,1612,14535,16147,33
2020-10-03,47045,47045,1501,25,1360,21,141,4,193,14,64,0,,,18,0,1611,11680,13291,196
2020-10-03,47023,47023,660,1,530,0,130,1,54,-10,20,0,,,12,0,729,5434,6163,25
2020-10-03,47049,47049,642,37,573,36,69,1,183,23,23,0,,,4,0,705,4156,4861,131
2020-10-03,47047,47047,1254,13,1208,10,46,3,101,1,75,0,,,21,0,1579,15980,17559,189
2020-10-03,47089,47089,1211,22,1075,21,136,1,124,13,62,0,,,14,0,1268,17028,18296,147
2020-10-03,47087,47087,352,5,311,4,41,1,39,2,17,1,,,5,0,395,2445,2840,18
2020-10-03,47085,47085,290,2,236,-1,54,3,49,0,6,-1,,,3,0,315,5642,5957,46
2020-10-03,47083,47083,285,1,258,0,27,1,65,-4,21,0,,,6,2,299,2233,2532,11
2020-10-03,47081,47081,635,5,589,4,46,1,92,-1,19,1,,,10,2,756,7599,8355,27
2020-10-03,47079,47079,650,5,629,3,21,2,35,-1,39,0,,,10,0,767,9932,10699,82
2020-10-03,47077,47077,1223,14,985,12,238,2,82,-4,42,0,,,24,0,1475,9176,10651,203
2020-10-03,47075,47075,1052,24,990,23,62,1,124,10,46,0,,,23,0,1152,6818,7970,203
2020-10-03,47073,47073,861,1,831,1,30,0,77,-8,62,1,,,22,0,975,9908,10883,36
2020-10-03,47071,47071,1099,3,919,4,180,-1,112,-8,26,0,,,16,0,1196,12673,13869,177
2020-10-03,47091,47091,765,1,751,1,14,0,104,-8,28,0,,,3,0,825,5954,6779,6
2020-10-03,47067,47067,110,0,100,0,10,0,4,-1,11,0,,,3,0,119,1981,2100,5
2020-10-03,47065,47065,9835,46,9494,37,341,9,538,-18,407,1,,,96,1,11214,136080,147294,717
2020-10-03,47063,47063,2010,11,1851,10,159,1,139,-15,101,0,,,31,0,2172,21965,24137,76
2020-10-03,47061,47061,359,7,329,6,30,1,94,-1,27,0,,,7,1,411,2629,3040,37
2020-10-03,47059,47059,1200,2,1130,2,70,0,78,-8,83,0,,,48,2,1405,15479,16884,83
2020-10-03,47057,47057,417,6,376,5,41,1,60,3,24,0,,,3,0,456,6114,6570,60
2020-10-03,47055,47055,678,6,661,5,17,1,101,-2,36,0,,,19,0,798,9123,9921,49
2020-10-03,47053,47053,1800,15,1417,11,383,4,249,1,62,0,,,26,1,1969,15717,17686,194
2020-10-03,47051,47051,1029,7,992,7,37,0,86,-11,43,0,,,10,0,1251,15466,16717,116
2020-10-03,47069,47069,1611,9,1538,8,73,1,70,6,63,0,,,28,1,1848,14345,16193,94
2020-10-04,47189,47189,3717,42,3661,36,56,6,302,26,119,0,,,49,0,4388,39113,43501,430
2020-10-04,47129,47129,333,0,313,0,20,0,22,-1,9,0,,,4,0,364,8363,8727,106
2020-10-04,47131,47131,1315,20,1257,14,58,6,196,14,50,0,,,15,0,1441,10419,11860,92
2020-10-04,,47OOS,3002,67,2903,59,99,8,345,60,100,1,,,27,1,2999,284014,287013,3116
2020-10-04,47139,47139,423,9,411,8,12,1,36,5,19,0,,,12,0,483,3900,4383,47
2020-10-04,,47PEN,3164,35,2979,19,185,16,477,32,57,0,,,9,0,3575,182900,186475,662
2020-10-04,47135,47135,157,2,137,2,20,0,9,1,6,0,,,0,0,169,3689,3858,19
2020-10-04,47137,47137,145,5,115,5,30,0,43,3,5,0,,,2,0,154,1031,1185,20
2020-10-04,47127,47127,193,4,171,3,22,1,36,4,5,0,,,1,0,221,2443,2664,26
2020-10-04,47133,47133,835,19,753,19,82,0,139,15,24,0,,,7,0,930,7472,8402,145
2020-10-04,47125,47125,3235,23,3088,23,147,0,208,12,124,1,,,46,0,3621,41890,45511,464
2020-10-04,47119,47119,2528,28,2490,25,38,3,222,12,93,0,,,29,0,2891,26966,29857,532
2020-10-04,47121,47121,239,5,235,5,4,0,16,5,11,0,,,3,0,274,3156,3430,26
2020-10-04,47109,47109,960,7,775,3,185,4,123,-4,36,0,,,19,0,1090,7766,8856,144
2020-10-04,47107,47107,1200,14,1183,14,17,0,103,4,63,0,,,28,0,1390,17367,18757,307
2020-10-04,47117,47117,824,9,815,8,9,1,96,5,25,0,,,5,0,932,9556,10488,184
2020-10-04,47115,47115,576,8,564,7,12,1,59,5,40,0,,,9,0,683,6124,6807,81
2020-10-04,47113,47113,3154,18,2350,2,804,16,250,7,173,0,,,71,0,3359,28518,31877,366
2020-10-04,47111,47111,1107,8,1075,8,32,0,73,3,80,0,,,22,0,1344,7601,8945,41
2020-10-04,47105,47105,1277,21,1240,21,37,0,148,16,40,0,,,8,0,1403,13758,15161,313
2020-10-04,47103,47103,659,2,640,2,19,0,52,-1,21,1,,,1,0,784,8463,9247,139
2020-10-04,47123,47123,1123,13,1076,13,47,0,108,6,72,0,,,20,0,1253,11433,12686,154
2020-10-04,47141,47141,3521,36,3257,32,264,4,370,12,117,0,,,48,0,4223,30652,34875,280
2020-10-04,47101,47101,227,6,225,6,2,0,41,5,13,0,,,1,0,249,4684,4933,49
2020-10-04,47145,47145,954,10,907,11,47,-1,85,0,36,0,,,6,0,1105,17921,19026,199
2020-10-04,47187,47187,5572,67,5458,65,114,2,419,44,121,0,,,40,0,6510,69510,76020,944
2020-10-04,47185,47185,910,14,834,14,76,0,97,5,43,0,,,10,0,1143,10328,11471,298
2020-10-04,47183,47183,1269,10,1171,8,98,2,121,7,30,0,,,21,0,1390,11618,13008,141
2020-10-04,47181,47181,1519,3,1501,2,18,1,25,0,18,0,,,6,0,1651,6112,7763,43
2020-10-04,47179,47179,2488,28,2420,25,68,3,242,13,115,1,,,38,0,2849,31289,34138,558
2020-10-04,47177,47177,1120,7,1030,7,90,0,94,3,17,0,,,8,0,1257,13603,14860,136
2020-10-04,47175,47175,170,0,155,0,15,0,14,0,6,0,,,0,0,188,2186,2374,145
2020-10-04,47173,47173,412,9,375,8,37,1,66,5,13,0,,,2,0,427,4983,5410,147
2020-10-04,47171,47171,295,2,290,2,5,0,13,1,14,0,,,1,0,349,6520,6869,81
2020-10-04,47169,47169,1687,4,1676,3,11,1,32,2,25,0,,,7,0,1765,5150,6915,26
2020-10-04,47167,47167,1897,12,1739,8,158,4,137,7,88,0,,,22,1,2244,21925,24169,192
2020-10-04,47165,47165,5044,28,5000,28,44,0,272,9,395,1,,,103,0,6018,46663,52681,363
2020-10-04,47163,47163,2367,14,2216,19,151,-5,242,1,179,1,,,35,2,2549,31226,33775,434
2020-10-04,47161,47161,245,17,227,17,18,0,56,14,6,0,,,3,0,274,3054,3328,76
2020-10-04,47159,47159,797,19,765,19,32,0,102,15,31,0,,,11,0,1021,5886,6907,107
2020-10-04,47157,47157,31600,118,31179,111,421,7,1187,6,2008,5,,,487,4,39175,383685,422860,3621
2020-10-04,47155,47155,2747,8,2657,7,90,1,188,-3,95,0,,,17,0,3034,26233,29267,218
2020-10-04,47153,47153,252,2,250,2,2,0,27,1,12,0,,,3,0,285,5127,5412,42
2020-10-04,47151,47151,240,-1,227,-1,13,0,35,-1,16,0,,,2,0,258,4459,4717,65
2020-10-04,47149,47149,9709,41,9600,37,109,4,513,-12,271,1,,,98,0,11897,86854,98751,1177
2020-10-04,47147,47147,2285,6,2256,6,29,0,86,3,162,-3,,,38,-3,2780,17910,20690,97
2020-10-04,47143,47143,896,10,887,8,9,2,97,1,30,0,,,15,0,1063,10982,12045,161
2020-10-04,47099,47099,1140,1,1119,1,21,0,142,-5,44,0,,,14,0,1297,11045,12342,111
2020-10-04,47049,47049,653,11,584,11,69,0,187,4,23,0,,,4,0,719,4208,4927,66
2020-10-04,47095,47095,935,3,929,3,6,0,23,1,7,0,,,2,0,1136,6244,7380,54
2020-10-04,47041,47041,595,6,570,6,25,0,46,6,24,0,,,16,1,727,8317,9044,68
2020-10-04,47039,47039,560,3,442,4,118,-1,68,-6,16,0,,,9,0,613,6128,6741,18
2020-10-04,47037,47037,27185,156,26998,155,187,1,942,94,1078,1,,,316,3,34128,348000,382128,6202
2020-10-04,47035,47035,1278,19,1237,18,41,1,101,11,61,0,,,20,0,1554,23203,24757,266
2020-10-04,47033,47033,581,11,502,9,79,2,57,9,21,0,,,20,0,647,3855,4502,42
2020-10-04,47031,47031,1372,27,1211,21,161,6,226,11,41,3,,,15,0,1621,19959,21580,263
2020-10-04,47029,47029,781,5,717,2,64,3,41,3,41,0,,,11,0,825,8318,9143,78
2020-10-04,47027,47027,259,9,225,9,34,0,39,6,7,0,,,6,0,278,2920,3198,39
2020-10-04,47025,47025,453,-1,413,-1,40,0,13,-3,18,0,,,5,0,511,10923,11434,82
2020-10-04,47023,47023,661,1,532,2,129,-1,52,-2,21,1,,,13,1,735,5538,6273,110
2020-10-04,47021,47021,841,5,831,5,10,0,41,1,30,1,,,10,1,1010,11270,12280,147
2020-10-04,47019,47019,1217,7,1161,7,56,0,63,4,88,0,,,29,0,1336,15989,17325,171
2020-10-04,47017,47017,974,12,819,8,155,4,121,6,45,0,,,20,0,1017,10852,11869,161
2020-10-04,47015,47015,317,5,300,5,17,0,36,4,10,0,,,1,0,386,4163,4549,28
2020-10-04,47013,47013,509,16,470,15,39,1,76,10,24,0,,,4,0,555,11717,12272,370
2020-10-04,47011,47011,3060,38,2957,37,103,1,156,19,167,2,,,19,1,3605,25918,29523,213
2020-10-04,47009,47009,2678,20,2620,20,58,0,209,14,113,0,,,27,0,3097,29738,32835,359
2020-10-04,47007,47007,871,2,866,2,5,0,21,0,19,0,,,4,0,916,7822,8738,85
2020-10-04,47005,47005,343,0,327,1,16,-1,10,0,16,0,,,8,0,370,4511,4881,54
2020-10-04,47003,47003,1402,5,1334,4,68,1,83,4,55,0,,,18,0,1670,13305,14975,138
2020-10-04,47001,47001,1278,12,1228,12,50,0,125,-1,39,0,,,13,0,1456,26531,27987,375
2020-10-04,47043,47043,1329,8,1183,8,146,0,108,-1,58,0,,,17,0,1619,14703,16322,175
2020-10-04,47045,47045,1520,19,1372,12,148,7,207,14,64,0,,,18,0,1641,11967,13608,317
2020-10-04,47097,47097,1046,8,951,3,95,5,97,7,43,0,,,16,0,1144,11366,12510,146
2020-10-04,47051,47051,1038,9,1000,8,38,1,84,-2,43,0,,,10,0,1260,15585,16845,128
2020-10-04,47047,47047,1282,28,1234,26,48,2,126,25,75,0,,,21,0,1603,16157,17760,201
2020-10-04,47093,47093,9963,84,9544,84,419,0,760,18,370,0,,,81,1,10883,134943,145826,1874
2020-10-04,47091,47091,771,6,757,6,14,0,100,-4,28,0,,,3,0,830,6040,6870,91
2020-10-04,47089,47089,1216,5,1078,3,138,2,124,0,62,0,,,14,0,1277,17295,18572,276
2020-10-04,47087,47087,359,7,317,6,42,1,43,4,18,1,,,5,0,402,2467,2869,29
2020-10-04,47085,47085,293,3,239,3,54,0,50,1,6,0,,,3,0,319,5684,6003,46
2020-10-04,47081,47081,641,6,594,5,47,1,90,-2,19,0,,,11,1,764,7647,8411,56
2020-10-04,47079,47079,657,7,636,7,21,0,40,5,39,0,,,10,0,775,9983,10758,59
2020-10-04,47077,47077,1234,11,993,8,241,3,82,0,42,0,,,24,0,1491,9226,10717,66
2020-10-04,47075,47075,1058,6,997,7,61,-1,125,1,46,0,,,23,0,1158,6923,8081,111
2020-10-04,47083,47083,290,5,263,5,27,0,66,1,24,3,,,9,3,305,2265,2570,38
2020-10-04,47071,47071,1112,13,930,11,182,2,123,11,26,0,,,16,0,1209,12778,13987,118
2020-10-04,47069,47069,1623,12,1547,9,76,3,81,11,63,0,,,28,0,1860,14552,16412,219
2020-10-04,47067,47067,111,1,101,1,10,0,5,1,11,0,,,3,0,120,1992,2112,12
2020-10-04,47065,47065,9900,65,9558,64,342,1,559,21,408,1,,,96,0,11304,137524,148828,1534
2020-10-04,47053,47053,1821,21,1426,9,395,12,257,8,62,0,,,26,0,1993,15869,17862,176
2020-10-04,47063,47063,2032,22,1873,22,159,0,155,16,101,0,,,31,0,2211,22248,24459,322
2020-10-04,47061,47061,381,22,348,19,33,3,110,16,27,0,,,7,0,436,2667,3103,63
2020-10-04,47059,47059,1214,14,1142,12,72,2,83,5,84,1,,,48,0,1417,15773,17190,306
2020-10-04,47057,47057,430,13,389,13,41,0,70,10,24,0,,,3,0,472,6248,6720,150
2020-10-04,47055,47055,687,9,669,8,18,1,103,2,37,1,,,19,0,804,9261,10065,144
2020-10-04,47073,47073,870,9,840,9,30,0,79,2,62,0,,,22,0,984,10003,10987,104
2020-10-05,47127,47127,201,8,179,8,22,0,41,5,5,0,,,1,0,229,2574,2803,139
2020-10-05,47129,47129,340,7,320,7,20,0,27,5,9,0,,,4,0,372,8402,8774,47
2020-10-05,47131,47131,1362,47,1301,44,61,3,238,42,50,0,,,15,0,1496,10685,12181,321
2020-10-05,47137,47137,148,3,118,3,30,0,45,2,5,0,,,2,0,158,1039,1197,12
2020-10-05,47133,47133,856,21,774,21,82,0,155,16,24,0,,,7,0,953,7546,8499,97
2020-10-05,,47PEN,3273,109,3079,100,194,9,562,85,58,1,,,9,0,3690,184621,188311,1836
2020-10-05,47135,47135,157,0,137,0,20,0,9,0,6,0,,,0,0,169,3706,3875,17
2020-10-05,47125,47125,3292,57,3139,51,153,6,254,46,124,0,,,46,0,3680,42731,46411,900
2020-10-05,,47OOS,3103,101,3001,98,102,3,440,95,101,1,,,27,0,3092,288558,291650,4637
2020-10-05,47123,47123,1136,13,1089,13,47,0,115,7,72,0,,,20,0,1272,11566,12838,152
2020-10-05,47101,47101,240,13,238,13,2,0,50,9,13,0,,,1,0,262,4733,4995,62
2020-10-05,47109,47109,976,16,787,12,189,4,132,9,38,2,,,20,1,1102,7994,9096,240
2020-10-05,47107,47107,1224,24,1205,22,19,2,122,19,66,3,,,28,0,1417,17738,19155,398
2020-10-05,47119,47119,2570,42,2533,43,37,-1,243,21,94,1,,,29,0,2938,27377,30315,458
2020-10-05,47117,47117,839,15,830,15,9,0,107,11,25,0,,,5,0,950,9711,10661,173
2020-10-05,47115,47115,582,6,570,6,12,0,64,5,40,0,,,9,0,689,6237,6926,119
2020-10-05,47113,47113,3194,40,2380,30,814,10,267,17,176,3,,,72,1,3407,28901,32308,431
2020-10-05,47111,47111,1110,3,1078,3,32,0,74,1,80,0,,,22,0,1350,7661,9011,66
2020-10-05,47105,47105,1307,30,1270,30,37,0,169,21,40,0,,,8,0,1437,13921,15358,197
2020-10-05,47103,47103,670,11,652,12,18,-1,60,8,21,0,,,1,0,798,8579,9377,130
2020-10-05,47139,47139,427,4,415,4,12,0,39,3,19,0,,,12,0,486,3989,4475,92
2020-10-05,47121,47121,240,1,236,1,4,0,16,0,11,0,,,3,0,275,3227,3502,72
2020-10-05,47141,47141,3556,35,3292,35,264,0,391,21,117,0,,,48,0,4259,31063,35322,447
2020-10-05,47163,47163,2395,28,2240,24,155,4,265,23,179,0,,,35,0,2579,31782,34361,586
2020-10-05,47145,47145,969,15,922,15,47,0,90,5,36,0,,,6,0,1120,18108,19228,202
2020-10-05,47099,47099,1160,20,1139,20,21,0,156,14,44,0,,,14,0,1318,11227,12545,203
2020-10-05,47187,47187,5674,102,5551,93,123,9,500,81,121,0,,,40,0,6598,70714,77312,1292
2020-10-05,47185,47185,930,20,854,20,76,0,111,14,43,0,,,10,0,1169,10628,11797,326
2020-10-05,47183,47183,1288,19,1189,18,99,1,139,18,30,0,,,21,0,1410,11774,13184,176
2020-10-05,47181,47181,1521,2,1503,2,18,0,26,1,18,0,,,6,0,1654,6165,7819,56
2020-10-05,47179,47179,2512,24,2443,23,69,1,249,7,115,0,,,38,0,2882,31780,34662,524
2020-10-05,47177,47177,1135,15,1045,15,90,0,107,13,17,0,,,8,0,1273,13738,15011,151
2020-10-05,47175,47175,170,0,155,0,15,0,14,0,6,0,,,1,1,188,2202,2390,16
2020-10-05,47173,47173,417,5,380,5,37,0,63,-3,13,0,,,2,0,434,5048,5482,72
2020-10-05,47171,47171,297,2,292,2,5,0,13,0,14,0,,,1,0,352,6714,7066,197
2020-10-05,47169,47169,1692,5,1681,5,11,0,37,5,25,0,,,7,0,1771,5227,6998,83
2020-10-05,47167,47167,1921,24,1751,12,170,12,152,15,88,0,,,22,0,2266,22232,24498,329
2020-10-05,47165,47165,5088,44,5044,44,44,0,307,35,395,0,,,104,1,6062,47407,53469,788
2020-10-05,47161,47161,250,5,232,5,18,0,58,2,6,0,,,3,0,282,3095,3377,49
2020-10-05,47159,47159,808,11,776,11,32,0,113,11,31,0,,,11,0,1038,5997,7035,128
2020-10-05,47157,47157,31840,240,31405,226,435,14,1347,160,2015,7,,,489,2,39463,388232,427695,4835
2020-10-05,47155,47155,2767,20,2674,17,93,3,198,10,95,0,,,17,0,3054,26478,29532,265
2020-10-05,47153,47153,260,8,258,8,2,0,32,5,12,0,,,3,0,291,5201,5492,80
2020-10-05,47151,47151,245,5,232,5,13,0,39,4,17,1,,,3,1,261,4572,4833,116
2020-10-05,47149,47149,9807,98,9695,95,112,3,574,61,273,2,,,98,0,11998,88027,100025,1274
2020-10-05,47147,47147,2298,13,2269,13,29,0,93,7,162,0,,,38,0,2796,18152,20948,258
2020-10-05,47143,47143,913,17,904,17,9,0,104,7,31,1,,,15,0,1085,11192,12277,232
2020-10-05,47097,47097,1063,17,963,12,100,5,110,13,43,0,,,16,0,1162,11566,12728,218
2020-10-05,47189,47189,3788,71,3728,67,60,4,347,45,119,0,,,49,0,4472,39724,44196,695
2020-10-05,47093,47093,10088,125,9659,115,429,10,826,66,372,2,,,81,0,11017,136425,147442,1616
2020-10-05,47041,47041,598,3,572,2,26,1,48,2,24,0,,,17,1,730,8393,9123,79
2020-10-05,47039,47039,566,6,446,4,120,2,69,1,18,2,,,10,1,618,6196,6814,73
2020-10-05,47037,47037,27360,175,27165,167,195,8,1051,109,1079,1,,,316,0,34334,355543,389877,7749
2020-10-05,47035,47035,1298,20,1257,20,41,0,117,16,61,0,,,21,1,1575,23537,25112,355
2020-10-05,47033,47033,593,12,513,11,80,1,68,11,21,0,,,20,0,658,3897,4555,53
2020-10-05,47031,47031,1411,39,1246,35,165,4,247,21,42,1,,,16,1,1662,20286,21948,368
2020-10-05,47029,47029,793,12,728,11,65,1,51,10,41,0,,,11,0,837,8426,9263,120
2020-10-05,47027,47027,267,8,233,8,34,0,47,8,7,0,,,6,0,286,2956,3242,44
2020-10-05,47025,47025,456,3,416,3,40,0,16,3,18,0,,,5,0,515,11015,11530,96
2020-10-05,47023,47023,667,6,538,6,129,0,55,3,22,1,,,13,0,743,5579,6322,49
2020-10-05,47021,47021,853,12,843,12,10,0,50,9,30,0,,,10,0,1022,11403,12425,145
2020-10-05,47019,47019,1233,16,1178,17,55,-1,70,7,88,0,,,29,0,1356,16345,17701,376
2020-10-05,47017,47017,992,18,837,18,155,0,132,11,45,0,,,21,1,1037,11169,12206,337
2020-10-05,47015,47015,324,7,307,7,17,0,43,7,10,0,,,1,0,392,4197,4589,40
2020-10-05,47013,47013,522,13,481,11,41,2,88,12,24,0,,,4,0,574,11939,12513,241
2020-10-05,47011,47011,3093,33,2986,29,107,4,183,27,168,1,,,19,0,3642,26370,30012,489
2020-10-05,47009,47009,2696,18,2638,18,58,0,212,3,114,1,,,28,1,3121,30098,33219,384
2020-10-05,47007,47007,875,4,870,4,5,0,25,4,19,0,,,4,0,921,7952,8873,135
2020-10-05,47005,47005,345,2,329,2,16,0,12,2,16,0,,,8,0,371,4646,5017,136
2020-10-05,47003,47003,1412,10,1343,9,69,1,89,6,55,0,,,18,0,1684,13518,15202,227
2020-10-05,47001,47001,1299,21,1245,17,54,4,138,13,39,0,,,13,0,1476,26769,28245,258
2020-10-05,47043,47043,1360,31,1206,23,154,8,131,23,58,0,,,17,0,1651,14936,16587,265
2020-10-05,47045,47045,1549,29,1399,27,150,2,228,21,65,1,,,18,0,1681,12139,13820,212
2020-10-05,47095,47095,935,0,929,0,6,0,22,-1,7,0,,,2,0,1135,6289,7424,44
2020-10-05,47049,47049,666,13,597,13,69,0,194,7,23,0,,,4,0,733,4260,4993,66
2020-10-05,47047,47047,1301,19,1254,20,47,-1,141,15,75,0,,,21,0,1630,16360,17990,230
2020-10-05,47091,47091,783,12,769,12,14,0,100,0,29,1,,,3,0,844,6184,7028,158
2020-10-05,47089,47089,1243,27,1105,27,138,0,144,20,63,1,,,16,2,1316,17495,18811,239
2020-10-05,47087,47087,362,3,320,3,42,0,44,1,18,0,,,5,0,405,2485,2890,21
2020-10-05,47085,47085,307,14,250,11,57,3,61,11,6,0,,,3,0,333,5772,6105,102
2020-10-05,47083,47083,302,12,273,10,29,2,74,8,25,1,,,13,4,316,2326,2642,72
2020-10-05,47079,47079,666,9,645,9,21,0,45,5,39,0,,,10,0,783,10097,10880,122
2020-10-05,47077,47077,1244,10,1003,10,241,0,89,7,42,0,,,24,0,1504,9371,10875,158
2020-10-05,47075,47075,1092,34,1029,32,63,2,158,33,46,0,,,23,0,1194,7009,8203,122
2020-10-05,47073,47073,893,23,863,23,30,0,94,15,63,1,,,22,0,1006,10186,11192,205
2020-10-05,47081,47081,666,25,614,20,52,5,113,23,19,0,,,11,0,787,7813,8600,189
2020-10-05,47069,47069,1637,14,1559,12,78,2,91,10,63,0,,,28,0,1874,14660,16534,122
2020-10-05,47067,47067,111,0,101,0,10,0,5,0,11,0,,,3,0,120,2022,2142,30
2020-10-05,47065,47065,9964,64,9614,56,350,8,566,7,410,2,,,96,0,11384,139570,150954,2126
2020-10-05,47063,47063,2061,29,1894,21,167,8,178,23,101,0,,,31,0,2237,22849,25086,627
2020-10-05,47051,47051,1052,14,1012,12,40,2,95,11,43,0,,,10,0,1279,15793,17072,227
2020-10-05,47061,47061,389,8,357,9,32,-1,109,-1,27,0,,,7,0,445,2723,3168,65
2020-10-05,47059,47059,1230,16,1158,16,72,0,96,13,86,2,,,48,0,1436,16038,17474,284
2020-10-05,47057,47057,434,4,393,4,41,0,70,0,24,0,,,3,0,478,6383,6861,141
2020-10-05,47055,47055,725,38,707,38,18,0,137,34,37,0,,,19,0,852,9459,10311,246
2020-10-05,47053,47053,1851,30,1452,26,399,4,272,15,62,0,,,27,1,2026,16028,18054,192
2020-10-05,47071,47071,1124,12,939,9,185,3,123,0,26,0,,,16,0,1223,13036,14259,272
2020-10-06,47127,47127,202,1,180,1,22,0,31,-10,5,0,,,1,0,229,2577,2806,3
2020-10-06,47129,47129,347,7,324,4,23,3,31,4,9,0,,,4,0,374,8433,8807,33
2020-10-06,47131,47131,1382,20,1312,11,70,9,232,-6,50,0,,,15,0,1514,10778,12292,111
2020-10-06,47137,47137,157,9,123,5,34,4,48,3,5,0,,,2,0,168,1047,1215,18
2020-10-06,47133,47133,872,16,783,9,89,7,139,-16,25,1,,,8,1,971,7603,8574,75
2020-10-06,,47PEN,3316,43,3103,24,213,19,555,-7,59,1,,,10,1,3732,185368,189100,789
2020-10-06,47135,47135,157,0,138,1,19,-1,8,-1,6,0,,,0,0,172,3715,3887,12
2020-10-06,47125,47125,3321,29,3151,12,170,17,260,6,124,0,,,46,0,3693,43045,46738,327
2020-10-06,,47OOS,3118,15,3005,4,113,11,432,-8,101,0,,,27,0,3104,291258,294362,2712
2020-10-06,47123,47123,1146,10,1099,10,47,0,112,-3,72,0,,,20,0,1284,11674,12958,120
2020-10-06,47101,47101,242,2,240,2,2,0,46,-4,13,0,,,1,0,264,4745,5009,14
2020-10-06,47109,47109,982,6,793,6,189,0,122,-10,38,0,,,20,0,1110,8100,9210,114
2020-10-06,47107,47107,1239,15,1218,13,21,2,122,0,67,1,,,28,0,1432,17840,19272,117
2020-10-06,47119,47119,2582,12,2543,10,39,2,222,-21,94,0,,,30,1,2953,27515,30468,153
2020-10-06,47117,47117,846,7,837,7,9,0,98,-9,25,0,,,5,0,957,9753,10710,49
2020-10-06,47115,47115,589,7,576,6,13,1,66,2,41,1,,,9,0,700,6255,6955,29
2020-10-06,47113,47113,3225,31,2398,18,827,13,279,12,183,7,,,73,1,3441,29246,32687,379
2020-10-06,47111,47111,1120,10,1084,6,36,4,76,2,81,1,,,22,0,1360,7746,9106,95
2020-10-06,47105,47105,1319,12,1279,9,40,3,171,2,40,0,,,8,0,1449,14074,15523,165
2020-10-06,47103,47103,680,10,660,8,20,2,65,5,21,0,,,1,0,808,8617,9425,48
2020-10-06,47139,47139,429,2,416,1,13,1,40,1,19,0,,,12,0,488,4010,4498,23
2020-10-06,47121,47121,243,3,239,3,4,0,19,3,11,0,,,3,0,277,3246,3523,21
2020-10-06,47141,47141,3588,32,3317,25,271,7,357,-34,119,2,,,49,1,4295,31213,35508,186
2020-10-06,47163,47163,2436,41,2281,41,155,0,278,13,180,1,,,36,1,2633,32018,34651,290
2020-10-06,47145,47145,980,11,932,10,48,1,91,1,36,0,,,6,0,1129,18242,19371,143
2020-10-06,47099,47099,1175,15,1154,15,21,0,140,-16,45,1,,,14,0,1334,11358,12692,147
2020-10-06,47187,47187,5735,61,5601,50,134,11,520,20,121,0,,,40,0,6671,71410,78081,769
2020-10-06,47185,47185,939,9,861,7,78,2,112,1,43,0,,,10,0,1181,10675,11856,59
2020-10-06,47183,47183,1300,12,1198,9,102,3,128,-11,30,0,,,21,0,1422,11853,13275,91
2020-10-06,47181,47181,1527,6,1509,6,18,0,29,3,18,0,,,6,0,1658,6196,7854,35
2020-10-06,47179,47179,2531,19,2458,15,73,4,238,-11,115,0,,,38,0,2901,31977,34878,216
2020-10-06,47177,47177,1140,5,1049,4,91,1,100,-7,17,0,,,8,0,1277,13808,15085,74
2020-10-06,47175,47175,171,1,156,1,15,0,11,-3,6,0,,,1,0,189,2210,2399,9
2020-10-06,47173,47173,420,3,381,1,39,2,58,-5,13,0,,,2,0,435,5077,5512,30
2020-10-06,47171,47171,297,0,292,0,5,0,11,-2,15,1,,,1,0,355,6774,7129,63
2020-10-06,47169,47169,1697,5,1686,5,11,0,39,2,25,0,,,7,0,1775,5247,7022,24
2020-10-06,47167,47167,1944,23,1768,17,176,6,158,6,89,1,,,22,0,2298,22456,24754,256
2020-10-06,47165,47165,5109,21,5065,21,44,0,291,-16,395,0,,,104,0,6093,47792,53885,416
2020-10-06,47161,47161,252,2,232,0,20,2,52,-6,6,0,,,3,0,283,3119,3402,25
2020-10-06,47159,47159,809,1,777,1,32,0,100,-13,31,0,,,12,1,1038,6042,7080,45
2020-10-06,47157,47157,32016,176,31569,164,447,12,1399,52,2025,10,,,491,2,39682,391102,430784,3089
2020-10-06,47155,47155,2786,19,2690,16,96,3,191,-7,97,2,,,18,1,3070,26660,29730,198
2020-10-06,47153,47153,260,0,258,0,2,0,29,-3,10,-2,,,1,-2,293,5226,5519,27
2020-10-06,47151,47151,249,4,236,4,13,0,37,-2,17,0,,,3,0,265,4595,4860,27
2020-10-06,47149,47149,9884,77,9770,75,114,2,581,7,273,0,,,99,1,12092,88779,100871,846
2020-10-06,47147,47147,2305,7,2275,6,30,1,85,-8,162,0,,,38,0,2805,18301,21106,158
2020-10-06,47143,47143,917,4,907,3,10,1,86,-18,31,0,,,15,0,1089,11228,12317,40
2020-10-06,47189,47189,3827,39,3762,34,65,5,349,2,120,1,,,50,1,4510,40003,44513,317
2020-10-06,47097,47097,1071,8,969,6,102,2,97,-13,43,0,,,16,0,1168,11673,12841,113
2020-10-06,47093,47093,10202,114,9764,105,438,9,844,18,373,1,,,81,0,11126,137679,148805,1363
2020-10-06,47041,47041,598,0,572,0,26,0,42,-6,24,0,,,17,0,731,8413,9144,21
2020-10-06,47039,47039,568,2,447,1,121,1,58,-11,19,1,,,10,0,621,6208,6829,15
2020-10-06,47037,47037,27518,158,27320,155,198,3,1087,36,1079,0,,,317,1,34527,360389,394916,5039
2020-10-06,47035,47035,1307,9,1264,7,43,2,120,3,61,0,,,21,0,1590,23773,25363,251
2020-10-06,47033,47033,597,4,514,1,83,3,61,-7,21,0,,,20,0,665,3935,4600,45
2020-10-06,47031,47031,1425,14,1260,14,165,0,236,-11,43,1,,,16,0,1677,20349,22026,78
2020-10-06,47029,47029,806,13,736,8,70,5,60,9,41,0,,,11,0,850,8485,9335,72
2020-10-06,47027,47027,267,0,233,0,34,0,43,-4,7,0,,,6,0,288,3013,3301,59
2020-10-06,47025,47025,458,2,418,2,40,0,15,-1,18,0,,,5,0,518,11051,11569,39
2020-10-06,47021,47021,859,6,847,4,12,2,50,0,30,0,,,10,0,1028,11509,12537,112
2020-10-06,47019,47019,1233,0,1178,0,55,0,61,-9,88,0,,,31,2,1357,16484,17841,140
2020-10-06,47017,47017,997,5,842,5,155,0,123,-9,45,0,,,21,0,1043,11286,12329,123
2020-10-06,47015,47015,326,2,308,1,18,1,39,-4,10,0,,,2,1,395,4249,4644,55
2020-10-06,47013,47013,545,23,496,15,49,8,107,19,26,2,,,4,0,595,11973,12568,55
2020-10-06,47011,47011,3121,28,3011,25,110,3,194,11,170,2,,,19,0,3679,26516,30195,183
2020-10-06,47009,47009,2707,11,2647,9,60,2,205,-7,114,0,,,28,0,3132,30313,33445,226
2020-10-06,47007,47007,877,2,872,2,5,0,24,-1,19,0,,,4,0,924,8064,8988,115
2020-10-06,47005,47005,347,2,331,2,16,0,13,1,16,0,,,8,0,373,4691,5064,47
2020-10-06,47003,47003,1415,3,1345,2,70,1,79,-10,55,0,,,19,1,1691,13681,15372,170
2020-10-06,47001,47001,1317,18,1262,17,55,1,140,2,39,0,,,13,0,1495,26910,28405,160
2020-10-06,47095,47095,938,3,933,4,5,-1,23,1,7,0,,,2,0,1139,6384,7523,99
2020-10-06,47043,47043,1372,12,1215,9,157,3,127,-4,57,-1,,,17,0,1672,15062,16734,147
2020-10-06,47045,47045,1564,15,1418,19,146,-4,219,-9,65,0,,,18,0,1699,12276,13975,155
2020-10-06,47023,47023,670,3,542,4,128,-1,39,-16,22,0,,,13,0,746,5675,6421,99
2020-10-06,47049,47049,678,12,605,8,73,4,181,-13,25,2,,,4,0,746,4293,5039,46
2020-10-06,47047,47047,1313,12,1268,14,45,-2,128,-13,75,0,,,22,1,1639,16456,18095,105
2020-10-06,47089,47089,1258,15,1114,9,144,6,149,5,64,1,,,16,0,1330,17730,19060,249
2020-10-06,47087,47087,368,6,324,4,44,2,46,2,18,0,,,5,0,412,2501,2913,23
2020-10-06,47085,47085,313,6,253,3,60,3,58,-3,7,1,,,3,0,336,5900,6236,131
2020-10-06,47083,47083,313,11,283,10,30,1,61,-13,26,1,,,13,0,328,2340,2668,26
2020-10-06,47081,47081,666,0,616,2,50,-2,98,-15,20,1,,,11,0,793,7895,8688,88
2020-10-06,47079,47079,670,4,652,7,18,-3,45,0,39,0,,,10,0,787,10197,10984,104
2020-10-06,47077,47077,1252,8,1009,6,243,2,82,-7,43,1,,,24,0,1511,9436,10947,72
2020-10-06,47075,47075,1096,4,1030,1,66,3,140,-18,46,0,,,23,0,1196,7041,8237,34
2020-10-06,47073,47073,898,5,867,4,31,1,86,-8,64,1,,,22,0,1013,10246,11259,67
2020-10-06,47071,47071,1131,7,940,1,191,6,114,-9,26,0,,,16,0,1230,13083,14313,54
2020-10-06,47091,47091,846,63,832,63,14,0,153,53,29,0,,,3,0,908,6234,7142,114
2020-10-06,47067,47067,111,0,101,0,10,0,5,0,11,0,,,3,0,120,2029,2149,7
2020-10-06,47065,47065,10094,130,9721,107,373,23,645,79,414,4,,,99,3,11506,140751,152257,1303
2020-10-06,47063,47063,2073,12,1902,8,171,4,165,-13,102,1,,,31,0,2249,23025,25274,188
2020-10-06,47061,47061,397,8,364,7,33,1,105,-4,27,0,,,8,1,455,2735,3190,22
2020-10-06,47059,47059,1234,4,1163,5,71,-1,87,-9,86,0,,,48,0,1443,16163,17606,132
2020-10-06,47057,47057,443,9,400,7,43,2,70,0,27,3,,,4,1,485,6455,6940,79
2020-10-06,47055,47055,734,9,712,5,22,4,139,2,38,1,,,22,3,865,9536,10401,90
2020-10-06,47053,47053,1874,23,1462,10,412,13,248,-24,62,0,,,27,0,2048,16239,18287,233
2020-10-06,47051,47051,1056,4,1015,3,41,1,87,-8,44,1,,,10,0,1288,15837,17125,53
2020-10-06,47069,47069,1644,7,1561,2,83,5,86,-5,63,0,,,28,0,1886,14805,16691,157
2020-10-07,47139,47139,437,8,422,6,15,2,39,-1,19,0,,,12,0,498,4032,4530,32
2020-10-07,47127,47127,206,4,183,3,23,1,34,3,5,0,,,1,0,234,2595,2829,23
2020-10-07,47129,47129,348,1,325,1,23,0,32,1,9,0,,,4,0,377,8473,8850,43
2020-10-07,47131,47131,1414,32,1332,20,82,12,246,14,51,1,,,16,1,1540,10827,12367,75
2020-10-07,47137,47137,169,12,125,2,44,10,52,4,5,0,,,2,0,170,1050,1220,5
2020-10-07,47133,47133,893,21,789,6,104,15,150,11,27,2,,,8,0,980,7618,8598,24
2020-10-07,,47PEN,3370,54,3144,41,226,13,566,11,63,4,,,10,0,3771,185933,189704,604
2020-10-07,47135,47135,159,2,140,2,19,0,9,1,7,1,,,1,1,174,3726,3900,13
2020-10-07,47125,47125,3358,37,3186,35,172,2,263,3,124,0,,,46,0,3736,43461,47197,459
2020-10-07,,47OOS,3169,51,3046,41,123,10,453,21,101,0,,,27,0,3128,293639,296767,2405
2020-10-07,47123,47123,1157,11,1108,9,49,2,119,7,73,1,,,21,1,1296,11777,13073,115
2020-10-07,47117,47117,862,16,853,16,9,0,106,8,25,0,,,5,0,976,9836,10812,102
2020-10-07,47109,47109,990,8,797,4,193,4,108,-14,38,0,,,21,1,1124,8120,9244,34
2020-10-07,47107,47107,1259,20,1233,15,26,5,129,7,67,0,,,28,0,1443,18033,19476,204
2020-10-07,47119,47119,2602,20,2562,19,40,1,226,4,96,2,,,30,0,2976,27675,30651,183
2020-10-07,47115,47115,599,10,586,10,13,0,65,-1,41,0,,,9,0,710,6325,7035,80
2020-10-07,47113,47113,3246,21,2410,12,836,9,279,0,185,2,,,73,0,3452,29332,32784,97
2020-10-07,47111,47111,1136,16,1097,13,39,3,79,3,82,1,,,22,0,1377,7852,9229,123
2020-10-07,47105,47105,1342,23,1296,17,46,6,180,9,41,1,,,8,0,1467,14167,15634,111
2020-10-07,47103,47103,688,8,667,7,21,1,67,2,21,0,,,1,0,817,8688,9505,80
2020-10-07,47101,47101,252,10,250,10,2,0,54,8,13,0,,,1,0,275,4776,5051,42
2020-10-07,47121,47121,245,2,241,2,4,0,19,0,11,0,,,3,0,279,3305,3584,61
2020-10-07,47141,47141,3639,51,3361,44,278,7,359,2,119,0,,,49,0,4344,31511,35855,347
2020-10-07,47099,47099,1193,18,1172,18,21,0,152,12,46,1,,,16,2,1353,11504,12857,165
2020-10-07,47145,47145,998,18,949,17,49,1,104,13,36,0,,,6,0,1146,18390,19536,165
2020-10-07,47187,47187,5798,63,5665,64,133,-1,542,22,122,1,,,41,1,6744,72232,78976,895
2020-10-07,47185,47185,950,11,873,12,77,-1,112,0,43,0,,,10,0,1197,10756,11953,97
2020-10-07,47183,47183,1310,10,1203,5,107,5,125,-3,31,1,,,22,1,1430,11876,13306,31
2020-10-07,47181,47181,1529,2,1511,2,18,0,27,-2,18,0,,,6,0,1662,6212,7874,20
2020-10-07,47179,47179,2573,42,2499,41,74,1,242,4,116,1,,,38,0,2948,32287,35235,357
2020-10-07,47177,47177,1162,22,1068,19,94,3,108,8,17,0,,,9,1,1297,13930,15227,142
2020-10-07,47175,47175,173,2,158,2,15,0,9,-2,7,1,,,1,0,191,2220,2411,12
2020-10-07,47173,47173,429,9,387,6,42,3,62,4,13,0,,,2,0,443,5103,5546,34
2020-10-07,47171,47171,300,3,295,3,5,0,11,0,14,-1,,,1,0,358,6790,7148,19
2020-10-07,47169,47169,1700,3,1689,3,11,0,40,1,25,0,,,7,0,1778,5273,7051,29
2020-10-07,47167,47167,1964,20,1783,15,181,5,158,0,89,0,,,22,0,2316,22573,24889,135
2020-10-07,47165,47165,5138,29,5092,27,46,2,288,-3,396,1,,,104,0,6118,48134,54252,367
2020-10-07,47163,47163,2481,45,2321,40,160,5,298,20,180,0,,,35,-1,2670,32308,34978,327
2020-10-07,47161,47161,259,7,239,7,20,0,50,-2,6,0,,,3,0,291,3145,3436,34
2020-10-07,47159,47159,813,4,781,4,32,0,93,-7,31,0,,,12,0,1042,6069,7111,31
2020-10-07,47157,47157,32138,122,31673,104,465,18,1367,-32,2029,4,,,491,0,39804,393400,433204,2420
2020-10-07,47155,47155,2811,25,2711,21,100,4,205,14,98,1,,,18,0,3091,26764,29855,125
2020-10-07,47153,47153,261,1,259,1,2,0,28,-1,10,0,,,1,0,294,5254,5548,29
2020-10-07,47151,47151,255,6,242,6,13,0,38,1,17,0,,,3,0,273,4625,4898,38
2020-10-07,47149,47149,9978,94,9860,90,118,4,614,33,273,0,,,99,0,12191,89406,101597,726
2020-10-07,47147,47147,2326,21,2293,18,33,3,98,13,164,2,,,38,0,2824,18423,21247,141
2020-10-07,47143,47143,926,9,915,8,11,1,82,-4,31,0,,,15,0,1100,11292,12392,75
2020-10-07,47097,47097,1095,24,980,11,115,13,109,12,43,0,,,16,0,1182,11743,12925,84
2020-10-07,47189,47189,3863,36,3796,34,67,2,361,12,120,0,,,50,0,4547,40556,45103,590
2020-10-07,47093,47093,10288,86,9842,78,446,8,824,-20,376,3,,,81,0,11198,138574,149772,967
2020-10-07,47041,47041,608,10,580,8,28,2,44,2,24,0,,,17,0,741,8467,9208,64
2020-10-07,47039,47039,570,2,447,0,123,2,52,-6,19,0,,,10,0,621,6221,6842,13
2020-10-07,47037,47037,27636,118,27434,114,202,4,1074,-13,1083,4,,,319,2,34656,363726,398382,3466
2020-10-07,47035,47035,1339,32,1296,32,43,0,143,23,61,0,,,21,0,1625,23990,25615,252
2020-10-07,47033,47033,606,9,518,4,88,5,69,8,21,0,,,19,-1,668,3969,4637,37
2020-10-07,47031,47031,1465,40,1292,32,173,8,239,3,45,2,,,16,0,1709,20533,22242,216
2020-10-07,47029,47029,821,15,748,12,73,3,69,9,43,2,,,11,0,861,8552,9413,78
2020-10-07,47027,47027,272,5,237,4,35,1,46,3,7,0,,,6,0,292,3061,3353,52
2020-10-07,47025,47025,462,4,420,2,42,2,16,1,18,0,,,5,0,518,11082,11600,31
2020-10-07,47023,47023,674,4,547,5,127,-1,38,-1,22,0,,,13,0,751,5698,6449,28
2020-10-07,47021,47021,862,3,848,1,14,2,46,-4,30,0,,,10,0,1028,11591,12619,82
2020-10-07,47019,47019,1256,23,1200,22,56,1,83,22,89,1,,,31,0,1376,16630,18006,165
2020-10-07,47017,47017,1004,7,844,2,160,5,118,-5,46,1,,,23,2,1048,11309,12357,28
2020-10-07,47015,47015,332,6,313,5,19,1,44,5,10,0,,,2,0,399,4281,4680,36
2020-10-07,47013,47013,570,25,518,22,52,3,129,22,28,2,,,4,0,616,12148,12764,196
2020-10-07,47011,47011,3139,18,3025,14,114,4,200,6,172,2,,,19,0,3693,26640,30333,138
2020-10-07,47009,47009,2741,34,2677,30,64,4,226,21,115,1,,,28,0,3160,30518,33678,233
2020-10-07,47007,47007,880,3,874,2,6,1,25,1,19,0,,,4,0,927,8108,9035,47
2020-10-07,47005,47005,351,4,335,4,16,0,14,1,17,1,,,9,1,376,4710,5086,22
2020-10-07,47003,47003,1425,10,1353,8,72,2,81,2,55,0,,,19,0,1701,13781,15482,110
2020-10-07,47001,47001,1337,20,1281,19,56,1,149,9,39,0,,,13,0,1518,27181,28699,294
2020-10-07,47043,47043,1385,13,1223,8,162,5,128,1,57,0,,,17,0,1705,15165,16870,136
2020-10-07,47045,47045,1599,35,1430,12,169,23,227,8,65,0,,,19,1,1713,12354,14067,92
2020-10-07,47095,47095,940,2,933,0,7,2,18,-5,7,0,,,3,1,1142,6398,7540,17
2020-10-07,47049,47049,690,12,610,5,80,7,177,-4,27,2,,,4,0,753,4308,5061,22
2020-10-07,47091,47091,1009,163,995,163,14,0,301,148,29,0,,,3,0,1073,6453,7526,384
2020-10-07,47089,47089,1267,9,1118,4,149,5,151,2,64,0,,,16,0,1339,17814,19153,93
2020-10-07,47087,47087,374,6,330,6,44,0,48,2,18,0,,,5,0,417,2520,2937,24
2020-10-07,47085,47085,319,6,259,6,60,0,57,-1,8,1,,,3,0,350,5931,6281,45
2020-10-07,47083,47083,327,14,297,14,30,0,71,10,26,0,,,13,0,341,2383,2724,56
2020-10-07,47047,47047,1319,6,1272,4,47,2,116,-12,75,0,,,22,0,1650,16552,18202,107
2020-10-07,47079,47079,673,3,655,3,18,0,41,-4,39,0,,,10,0,793,10215,11008,24
2020-10-07,47077,47077,1263,11,1018,9,245,2,89,7,43,0,,,24,0,1522,9465,10987,40
2020-10-07,47075,47075,1114,18,1045,15,69,3,150,10,46,0,,,24,1,1220,7085,8305,68
2020-10-07,47073,47073,916,18,886,19,30,-1,98,12,64,0,,,22,0,1031,10372,11403,144
2020-10-07,47081,47081,674,8,623,7,51,1,92,-6,20,0,,,11,0,805,7960,8765,77
2020-10-07,47069,47069,1648,4,1565,4,83,0,85,-1,63,0,,,28,0,1889,14857,16746,55
2020-10-07,47067,47067,110,-1,100,-1,10,0,4,-1,11,0,,,3,0,119,2040,2159,10
2020-10-07,47065,47065,10166,72,9787,66,379,6,647,2,414,0,,,99,0,11577,141639,153216,959
2020-10-07,47063,47063,2094,21,1916,14,178,7,173,8,109,7,,,34,3,2268,23161,25429,155
2020-10-07,47061,47061,405,8,372,8,33,0,108,3,27,0,,,8,0,465,2755,3220,30
2020-10-07,47059,47059,1258,24,1187,24,71,0,101,14,86,0,,,48,0,1471,16262,17733,127
2020-10-07,47057,47057,441,-2,399,-1,42,-1,66,-4,27,0,,,4,0,480,6484,6964,24
2020-10-07,47055,47055,757,23,734,22,23,1,156,17,40,2,,,22,0,889,9608,10497,96
2020-10-07,47053,47053,1887,13,1469,7,418,6,238,-10,62,0,,,28,1,2057,16285,18342,55
2020-10-07,47051,47051,1073,17,1031,16,42,1,95,8,45,1,,,11,1,1307,15954,17261,136
2020-10-07,47071,47071,1146,15,955,15,191,0,114,0,26,0,,,17,1,1258,13137,14395,82
2020-10-08,47127,47127,207,1,183,0,24,1,31,-3,5,0,,,1,0,235,2681,2916,87
2020-10-08,47129,47129,355,7,332,7,23,0,37,5,9,0,,,4,0,384,8532,8916,66
2020-10-08,47131,47131,1440,26,1356,24,84,2,259,13,51,0,,,16,0,1564,10952,12516,149
2020-10-08,,47OOS,3182,13,3060,14,122,-1,442,-11,101,0,,,29,2,3119,296099,299218,2451
2020-10-08,47139,47139,438,1,422,0,16,1,40,1,19,0,,,12,0,500,4048,4548,18
2020-10-08,,47PEN,3422,52,3173,29,249,23,585,19,65,2,,,10,0,3801,187508,191309,1605
2020-10-08,47135,47135,166,7,146,6,20,1,16,7,7,0,,,1,0,180,3739,3919,19
2020-10-08,47137,47137,179,10,132,7,47,3,59,7,5,0,,,3,1,177,1071,1248,28
2020-10-08,47133,47133,924,31,819,30,105,1,172,22,27,0,,,8,0,1014,7708,8722,124
2020-10-08,47125,47125,3384,26,3209,23,175,3,275,12,124,0,,,47,1,3757,43792,47549,352
2020-10-08,47103,47103,699,11,677,10,22,1,70,3,21,0,,,1,0,827,8795,9622,117
2020-10-08,47109,47109,1009,19,814,17,195,2,108,0,38,0,,,21,0,1146,8267,9413,169
2020-10-08,47107,47107,1265,6,1239,6,26,0,124,-5,67,0,,,29,1,1455,18232,19687,211
2020-10-08,47119,47119,2647,45,2601,39,46,6,251,25,97,1,,,31,1,3018,28078,31096,445
2020-10-08,47117,47117,873,11,863,10,10,1,109,3,25,0,,,5,0,988,9900,10888,76
2020-10-08,47115,47115,604,5,591,5,13,0,66,1,42,1,,,9,0,715,6378,7093,58
2020-10-08,47113,47113,3295,49,2433,23,862,26,308,29,186,1,,,73,0,3479,29561,33040,256
2020-10-08,47111,47111,1159,23,1114,17,45,6,94,15,82,0,,,22,0,1394,7891,9285,56
2020-10-08,47105,47105,1369,27,1321,25,48,2,188,8,42,1,,,8,0,1492,14339,15831,197
2020-10-08,47141,47141,3686,47,3399,38,287,9,368,9,121,2,,,50,1,4386,31899,36285,430
2020-10-08,47123,47123,1171,14,1120,12,51,2,121,2,73,0,,,21,0,1312,11889,13201,128
2020-10-08,47143,47143,929,3,918,3,11,0,79,-3,31,0,,,16,1,1103,11362,12465,73
2020-10-08,47165,47165,5169,31,5121,29,48,2,288,0,397,1,,,104,0,6150,48650,54800,548
2020-10-08,47147,47147,2342,16,2309,16,33,0,104,6,164,0,,,39,1,2839,18646,21485,238
2020-10-08,47189,47189,3908,45,3840,44,68,1,377,16,123,3,,,52,2,4592,40786,45378,275
2020-10-08,47187,47187,5833,35,5694,29,139,6,525,-17,122,0,,,42,1,6779,72952,79731,755
2020-10-08,47185,47185,963,13,885,12,78,1,117,5,45,2,,,10,0,1210,10867,12077,124
2020-10-08,47183,47183,1330,20,1220,17,110,3,132,7,31,0,,,22,0,1447,11999,13446,140
2020-10-08,47181,47181,1538,9,1520,9,18,0,34,7,18,0,,,6,0,1672,6249,7921,47
2020-10-08,47179,47179,2590,17,2513,14,77,3,228,-14,116,0,,,39,1,2962,32524,35486,251
2020-10-08,47177,47177,1180,18,1085,17,95,1,119,11,17,0,,,9,0,1316,14147,15463,236
2020-10-08,47175,47175,174,1,159,1,15,0,9,0,7,0,,,1,0,192,2227,2419,8
2020-10-08,47173,47173,437,8,395,8,42,0,63,1,13,0,,,2,0,452,5172,5624,78
2020-10-08,47171,47171,300,0,295,0,5,0,9,-2,14,0,,,1,0,358,6851,7209,61
2020-10-08,47169,47169,1702,2,1691,2,11,0,38,-2,25,0,,,7,0,1782,5290,7072,21
2020-10-08,47167,47167,1987,23,1801,18,186,5,161,3,89,0,,,22,0,2328,22771,25099,210
2020-10-08,47101,47101,258,6,256,6,2,0,56,2,14,1,,,1,0,281,4800,5081,30
2020-10-08,47163,47163,2522,41,2363,42,159,-1,313,15,183,3,,,35,0,2718,32610,35328,350
2020-10-08,47161,47161,261,2,241,2,20,0,40,-10,6,0,,,4,1,293,3170,3463,27
2020-10-08,47159,47159,833,20,801,20,32,0,106,13,31,0,,,12,0,1067,6126,7193,82
2020-10-08,47157,47157,32280,142,31809,136,471,6,1379,12,2037,8,,,524,33,39974,396296,436270,3066
2020-10-08,47155,47155,2857,46,2756,45,101,1,225,20,101,3,,,19,1,3139,27082,30221,366
2020-10-08,47153,47153,262,1,260,1,2,0,25,-3,10,0,,,1,0,295,5381,5676,128
2020-10-08,47151,47151,264,9,248,6,16,3,44,6,17,0,,,3,0,275,4675,4950,52
2020-10-08,47149,47149,10048,70,9927,67,121,3,627,13,274,1,,,101,2,12266,90158,102424,827
2020-10-08,47145,47145,1010,12,961,12,49,0,106,2,36,0,,,6,0,1160,18554,19714,178
2020-10-08,47099,47099,1206,13,1185,13,21,0,147,-5,47,1,,,16,0,1367,11592,12959,102
2020-10-08,47121,47121,250,5,246,5,4,0,24,5,11,0,,,3,0,285,3328,3613,29
2020-10-08,47097,47097,1124,29,992,12,132,17,129,20,43,0,,,16,0,1194,11893,13087,162
2020-10-08,47041,47041,613,5,583,3,30,2,45,1,24,0,,,17,0,744,8606,9350,142
2020-10-08,47039,47039,585,15,455,8,130,7,63,11,19,0,,,10,0,629,6288,6917,75
2020-10-08,47037,47037,27765,129,27559,125,206,4,1092,18,1088,5,,,319,0,34801,366114,400915,2533
2020-10-08,47035,47035,1363,24,1320,24,43,0,155,12,61,0,,,22,1,1652,24231,25883,268
2020-10-08,47033,47033,617,11,520,2,97,9,75,6,21,0,,,19,0,671,4003,4674,37
2020-10-08,47031,47031,1503,38,1322,30,181,8,267,28,45,0,,,17,1,1737,20867,22604,362
2020-10-08,47029,47029,836,15,760,12,76,3,82,13,43,0,,,11,0,872,8621,9493,80
2020-10-08,47027,47027,281,9,239,2,42,7,53,7,7,0,,,6,0,296,3082,3378,25
2020-10-08,47023,47023,676,2,550,3,126,-1,33,-5,22,0,,,13,0,756,5732,6488,39
2020-10-08,47021,47021,874,12,859,11,15,1,53,7,30,0,,,10,0,1041,11661,12702,83
2020-10-08,47019,47019,1267,11,1209,9,58,2,86,3,89,0,,,31,0,1385,16729,18114,108
2020-10-08,47017,47017,1019,15,854,10,165,5,120,2,46,0,,,23,0,1059,11533,12592,235
2020-10-08,47015,47015,340,8,321,8,19,0,52,8,10,0,,,2,0,405,4358,4763,83
2020-10-08,47013,47013,615,45,558,40,57,5,166,37,29,1,,,4,0,658,12286,12944,180
2020-10-08,47011,47011,3167,28,3051,26,116,2,215,15,173,1,,,19,0,3722,26851,30573,240
2020-10-08,47009,47009,2772,31,2706,29,66,2,230,4,115,0,,,28,0,3194,30889,34083,405
2020-10-08,47007,47007,883,3,877,3,6,0,23,-2,19,0,,,4,0,929,8147,9076,41
2020-10-08,47005,47005,354,3,338,3,16,0,15,1,17,0,,,9,0,379,4798,5177,91
2020-10-08,47003,47003,1435,10,1362,9,73,1,74,-7,55,0,,,19,0,1713,13835,15548,66
2020-10-08,47001,47001,1350,13,1295,14,55,-1,155,6,39,0,,,13,0,1536,27530,29066,367
2020-10-08,47095,47095,941,1,934,1,7,0,19,1,7,0,,,3,0,1143,6416,7559,19
2020-10-08,47043,47043,1403,18,1237,14,166,4,135,7,59,2,,,17,0,1715,15312,17027,157
2020-10-08,47045,47045,1640,41,1459,29,181,12,247,20,65,0,,,20,1,1742,12555,14297,230
2020-10-08,47025,47025,467,5,425,5,42,0,19,3,19,1,,,5,0,525,11175,11700,100
2020-10-08,47049,47049,720,30,636,26,84,4,187,10,28,1,,,5,1,782,4401,5183,122
2020-10-08,47047,47047,1340,21,1293,21,47,0,132,16,75,0,,,23,1,1672,16664,18336,134
2020-10-08,47091,47091,1009,0,995,0,14,0,293,-8,30,1,,,4,1,1074,6466,7540,14
2020-10-08,47089,47089,1286,19,1134,16,152,3,162,11,64,0,,,16,0,1354,18087,19441,288
2020-10-08,47087,47087,373,-1,330,0,43,-1,44,-4,18,0,,,5,0,417,2551,2968,31
2020-10-08,47085,47085,321,2,260,1,61,1,54,-3,8,0,,,3,0,352,5990,6342,61
2020-10-08,47083,47083,332,5,300,3,32,2,65,-6,26,0,,,13,0,343,2386,2729,5
2020-10-08,47081,47081,685,11,632,9,53,2,93,1,20,0,,,12,1,814,8012,8826,61
2020-10-08,47079,47079,683,10,663,8,20,2,46,5,39,0,,,10,0,802,10318,11120,112
2020-10-08,47077,47077,1279,16,1028,10,251,6,98,9,44,1,,,24,0,1532,9516,11048,61
2020-10-08,47075,47075,1119,5,1050,5,69,0,145,-5,46,0,,,24,0,1228,7140,8368,63
2020-10-08,47073,47073,922,6,890,4,32,2,93,-5,65,1,,,22,0,1035,10461,11496,93
2020-10-08,47093,47093,10393,105,9935,93,458,12,841,17,380,4,,,82,1,11299,140297,151596,1824
2020-10-08,47069,47069,1659,11,1572,7,87,4,88,3,63,0,,,28,0,1896,14921,16817,71
2020-10-08,47071,47071,1153,7,958,3,195,4,109,-5,26,0,,,17,0,1264,13168,14432,37
2020-10-08,47053,47053,1915,28,1485,16,430,12,220,-18,62,0,,,28,0,2081,16408,18489,147
2020-10-08,47055,47055,773,16,748,14,25,2,158,2,42,2,,,23,1,902,9672,10574,77
2020-10-08,47057,47057,453,12,411,12,42,0,65,-1,27,0,,,4,0,495,6591,7086,122
2020-10-08,47059,47059,1268,10,1195,8,73,2,106,5,86,0,,,48,0,1480,16477,17957,224
2020-10-08,47051,47051,1080,7,1038,7,42,0,88,-7,46,1,,,12,1,1313,16085,17398,137
2020-10-08,47063,47063,2115,21,1933,17,182,4,181,8,110,1,,,35,1,2290,23524,25814,385
2020-10-08,47065,47065,10250,84,9851,64,399,20,671,24,418,4,,,101,2,11649,142996,154645,1429
2020-10-08,47067,47067,110,0,100,0,10,0,4,0,11,0,,,3,0,119,2062,2181,22
2020-10-08,47061,47061,412,7,378,6,34,1,108,0,29,2,,,8,0,473,2771,3244,24
2020-10-09,47125,47125,3417,33,3228,19,189,14,268,-7,125,1,,,48,1,3780,44125,47905,356
2020-10-09,47135,47135,166,0,146,0,20,0,15,-1,7,0,,,1,0,181,3748,3929,10
2020-10-09,,47PEN,3275,-147,3036,-137,239,-10,544,-41,52,-13,,,6,-4,3610,188564,192174,865
2020-10-09,47133,47133,939,15,830,11,109,4,171,-1,29,2,,,8,0,1027,7755,8782,60
2020-10-09,,47OOS,3180,-2,3063,3,117,-5,423,-19,103,2,,,30,1,3094,297742,300836,1618
2020-10-09,47131,47131,1454,14,1369,13,85,1,251,-8,51,0,,,16,0,1581,10996,12577,61
2020-10-09,47137,47137,184,5,136,4,48,1,60,1,5,0,,,3,0,182,1071,1253,5
2020-10-09,47129,47129,355,0,332,0,23,0,35,-2,9,0,,,4,0,384,8556,8940,24
2020-10-09,47127,47127,213,6,188,5,25,1,32,1,5,0,,,1,0,241,2696,2937,21
2020-10-09,47123,47123,1179,8,1129,9,50,-1,121,0,73,0,,,21,0,1321,11952,13273,72
2020-10-09,47115,47115,611,7,598,7,13,0,65,-1,43,1,,,9,0,725,6443,7168,75
2020-10-09,47109,47109,1008,-1,813,-1,195,0,90,-18,38,0,,,23,2,1148,8292,9440,27
2020-10-09,47107,47107,1280,15,1257,18,23,-3,126,2,66,-1,,,29,0,1473,18381,19854,167
2020-10-09,47119,47119,2684,37,2637,36,47,1,264,13,97,0,,,32,1,3058,28242,31300,204
2020-10-09,47117,47117,878,5,866,3,12,2,101,-8,25,0,,,5,0,993,9958,10951,63
2020-10-09,47113,47113,3326,31,2444,11,882,20,295,-13,186,0,,,74,1,3499,29792,33291,251
2020-10-09,47111,47111,1162,3,1118,4,44,-1,91,-3,82,0,,,22,0,1399,7941,9340,55
2020-10-09,47105,47105,1389,20,1341,20,48,0,192,4,42,0,,,9,1,1516,14460,15976,145
2020-10-09,47103,47103,711,12,686,9,25,3,78,8,21,0,,,2,1,838,8816,9654,32
2020-10-09,47101,47101,260,2,258,2,2,0,56,0,14,0,,,1,0,284,4836,5120,39
2020-10-09,47139,47139,442,4,426,4,16,0,43,3,19,0,,,13,1,503,4078,4581,33
2020-10-09,47121,47121,252,2,248,2,4,0,24,0,11,0,,,3,0,287,3343,3630,17
2020-10-09,47141,47141,3714,28,3427,28,287,0,342,-26,121,0,,,50,0,4416,32184,36600,315
2020-10-09,47099,47099,1224,18,1201,16,23,2,142,-5,47,0,,,17,1,1387,11649,13036,77
2020-10-09,47145,47145,1025,15,978,17,47,-2,113,7,36,0,,,6,0,1177,18689,19866,152
2020-10-09,47187,47187,5910,77,5751,57,159,20,546,21,122,0,,,44,2,6843,74188,81031,1300
2020-10-09,47185,47185,980,17,903,18,77,-1,126,9,47,2,,,10,0,1227,10942,12169,92
2020-10-09,47183,47183,1331,1,1223,3,108,-2,117,-15,32,1,,,23,1,1450,12046,13496,50
2020-10-09,47181,47181,1540,2,1521,1,19,1,32,-2,18,0,,,6,0,1673,6262,7935,14
2020-10-09,47179,47179,2623,33,2547,34,76,-1,238,10,116,0,,,39,0,3003,33115,36118,632
2020-10-09,47177,47177,1184,4,1090,5,94,-1,111,-8,17,0,,,9,0,1322,14242,15564,101
2020-10-09,47175,47175,176,2,161,2,15,0,10,1,7,0,,,1,0,194,2238,2432,13
2020-10-09,47173,47173,444,7,401,6,43,1,64,1,14,1,,,2,0,460,5225,5685,61
2020-10-09,47171,47171,300,0,295,0,5,0,9,0,14,0,,,1,0,359,6904,7263,54
2020-10-09,47169,47169,1703,1,1692,1,11,0,31,-7,25,0,,,7,0,1782,5313,7095,23
2020-10-09,47167,47167,1996,9,1807,6,189,3,156,-5,89,0,,,22,0,2337,22888,25225,126
2020-10-09,47165,47165,5200,31,5152,31,48,0,292,4,399,2,,,104,0,6189,49098,55287,487
2020-10-09,47163,47163,2581,59,2416,53,165,6,336,23,183,0,,,35,0,2774,33062,35836,508
2020-10-09,47161,47161,265,4,245,4,20,0,39,-1,6,0,,,5,1,297,3195,3492,29
2020-10-09,47159,47159,841,8,809,8,32,0,96,-10,31,0,,,12,0,1077,6158,7235,42
2020-10-09,47157,47157,32447,167,31969,160,478,7,1357,-22,2049,12,,,529,5,40196,398728,438924,2654
2020-10-09,47155,47155,2871,14,2769,13,102,1,212,-13,102,1,,,19,0,3154,27208,30362,141
2020-10-09,47153,47153,265,3,263,3,2,0,21,-4,12,2,,,3,2,298,5435,5733,57
2020-10-09,47151,47151,263,-1,248,0,15,-1,39,-5,18,1,,,3,0,277,4704,4981,31
2020-10-09,47149,47149,10147,99,10026,99,121,0,616,-11,276,2,,,102,1,12379,91311,103690,1266
2020-10-09,47147,47147,2348,6,2316,7,32,-1,106,2,165,1,,,39,0,2850,18791,21641,156
2020-10-09,47143,47143,958,29,945,27,13,2,95,16,31,0,,,16,0,1129,11454,12583,118
2020-10-09,47189,47189,3931,23,3861,21,70,2,377,0,122,-1,,,52,0,4620,41002,45622,244
2020-10-09,47097,47097,1128,4,996,4,132,0,129,0,43,0,,,16,0,1199,11930,13129,42
2020-10-09,47093,47093,10540,147,10067,132,473,15,867,26,382,2,,,82,0,11450,141800,153250,1654
2020-10-09,47041,47041,617,4,587,4,30,0,45,0,24,0,,,17,0,750,8642,9392,42
2020-10-09,47039,47039,584,-1,455,0,129,-1,56,-7,20,1,,,11,1,629,6387,7016,99
2020-10-09,47037,47037,27964,199,27753,194,211,5,1122,30,1094,6,,,321,2,35044,373077,408121,7206
2020-10-09,47035,47035,1374,11,1332,12,42,-1,156,1,62,1,,,23,1,1664,24440,26104,221
2020-10-09,47033,47033,626,9,524,4,102,5,81,6,21,0,,,19,0,674,4025,4699,25
2020-10-09,47031,47031,1512,9,1331,9,181,0,252,-15,45,0,,,17,0,1751,21015,22766,162
2020-10-09,47029,47029,843,7,766,6,77,1,88,6,43,0,,,11,0,880,8686,9566,73
2020-10-09,47027,47027,292,11,250,11,42,0,60,7,9,2,,,6,0,306,3096,3402,24
2020-10-09,47025,47025,470,3,427,2,43,1,20,1,19,0,,,5,0,526,11231,11757,57
2020-10-09,47023,47023,676,0,550,0,126,0,26,-7,22,0,,,13,0,756,5749,6505,17
2020-10-09,47021,47021,879,5,863,4,16,1,55,2,30,0,,,10,0,1045,11777,12822,120
2020-10-09,47019,47019,1282,15,1224,15,58,0,91,5,89,0,,,31,0,1400,16881,18281,167
2020-10-09,47017,47017,1024,5,856,2,168,3,117,-3,47,1,,,24,1,1060,11595,12655,63
2020-10-09,47015,47015,341,1,323,2,18,-1,49,-3,10,0,,,2,0,406,4379,4785,22
2020-10-09,47013,47013,635,20,572,14,63,6,175,9,29,0,,,4,0,674,12351,13025,81
2020-10-09,47011,47011,3186,19,3068,17,118,2,203,-12,176,3,,,19,0,3744,26976,30720,147
2020-10-09,47009,47009,2815,43,2747,41,68,2,246,16,115,0,,,28,0,3232,31263,34495,412
2020-10-09,47007,47007,890,7,883,6,7,1,27,4,19,0,,,4,0,935,8205,9140,64
2020-10-09,47005,47005,353,-1,337,-1,16,0,13,-2,17,0,,,9,0,377,4812,5189,12
2020-10-09,47003,47003,1448,13,1373,11,75,2,70,-4,55,0,,,19,0,1723,13942,15665,117
2020-10-09,47001,47001,1363,13,1311,16,52,-3,154,-1,40,1,,,13,0,1552,27726,29278,212
2020-10-09,47043,47043,1407,4,1242,5,165,-1,125,-10,60,1,,,17,0,1724,15372,17096,69
2020-10-09,47045,47045,1670,30,1486,27,184,3,258,11,65,0,,,21,1,1775,12680,14455,158
2020-10-09,47095,47095,941,0,934,0,7,0,17,-2,7,0,,,3,0,1143,6429,7572,13
2020-10-09,47049,47049,728,8,644,8,84,0,171,-16,28,0,,,5,0,792,4424,5216,33
2020-10-09,47047,47047,1354,14,1307,14,47,0,132,0,76,1,,,23,0,1687,16749,18436,100
2020-10-09,47091,47091,1019,10,1004,9,15,1,293,0,30,0,,,4,0,1083,6516,7599,59
2020-10-09,47089,47089,1296,10,1140,6,156,4,153,-9,66,2,,,16,0,1361,18201,19562,121
2020-10-09,47087,47087,377,4,334,4,43,0,43,-1,18,0,,,5,0,422,2578,3000,32
2020-10-09,47085,47085,326,5,264,4,62,1,54,0,9,1,,,3,0,361,6009,6370,28
2020-10-09,47083,47083,342,10,309,9,33,1,71,6,26,0,,,13,0,351,2407,2758,29
2020-10-09,47079,47079,686,3,666,3,20,0,48,2,39,0,,,10,0,803,10360,11163,43
2020-10-09,47077,47077,1281,2,1031,3,250,-1,93,-5,44,0,,,24,0,1539,9568,11107,59
2020-10-09,47075,47075,1123,4,1053,3,70,1,134,-11,46,0,,,24,0,1229,7226,8455,87
2020-10-09,47073,47073,940,18,907,17,33,1,103,10,65,0,,,22,0,1056,10600,11656,160
2020-10-09,47081,47081,684,-1,632,0,52,-1,80,-13,20,0,,,13,1,815,8045,8860,34
2020-10-09,47069,47069,1663,4,1576,4,87,0,80,-8,63,0,,,28,0,1899,14953,16852,35
2020-10-09,47067,47067,110,0,100,0,10,0,4,0,11,0,,,3,0,119,2070,2189,8
2020-10-09,47065,47065,10334,84,9927,76,407,8,664,-7,416,-2,,,99,-2,11728,143947,155675,1030
2020-10-09,47063,47063,2134,19,1942,9,192,10,187,6,111,1,,,38,3,2303,23643,25946,132
2020-10-09,47051,47051,1099,19,1055,17,44,2,99,11,46,0,,,12,0,1332,16225,17557,159
2020-10-09,47061,47061,420,8,386,8,34,0,104,-4,30,1,,,8,0,483,2811,3294,50
2020-10-09,47059,47059,1288,20,1213,18,75,2,118,12,88,2,,,48,0,1497,16587,18084,127
2020-10-09,47057,47057,462,9,420,9,42,0,68,3,27,0,,,4,0,506,6641,7147,61
2020-10-09,47055,47055,776,3,749,1,27,2,147,-11,41,-1,,,24,1,904,9728,10632,58
2020-10-09,47053,47053,1914,-1,1489,4,425,-5,204,-16,62,0,,,28,0,2079,16473,18552,63
2020-10-09,47071,47071,1155,2,960,2,195,0,100,-9,26,0,,,17,0,1265,13227,14492,60
2020-10-10,47127,47127,216,3,191,3,25,0,33,1,5,0,,,1,0,244,2705,2949,12
2020-10-10,47129,47129,360,5,336,4,24,1,39,4,9,0,,,4,0,389,8645,9034,94
2020-10-10,47131,47131,1470,16,1379,10,91,6,252,1,52,1,,,16,0,1592,11155,12747,170
2020-10-10,47137,47137,201,17,144,8,57,9,74,14,5,0,,,3,0,191,1082,1273,20
2020-10-10,47133,47133,957,18,836,6,121,12,179,8,31,2,,,8,0,1035,7799,8834,52
2020-10-10,,47PEN,3226,-49,2984,-52,242,3,561,17,50,-2,,,5,-1,3549,189328,192877,703
2020-10-10,47135,47135,166,0,146,0,20,0,13,-2,7,0,,,1,0,181,3757,3938,9
2020-10-10,47125,47125,3468,51,3274,46,194,5,292,24,125,0,,,48,0,3832,44444,48276,371
2020-10-10,,47OOS,3169,-11,3052,-11,117,0,403,-20,102,-1,,,29,-1,3110,299368,302478,1642
2020-10-10,47123,47123,1179,0,1128,-1,51,1,108,-13,72,-1,,,21,0,1321,11972,13293,20
2020-10-10,47101,47101,274,14,271,13,3,1,64,8,15,1,,,1,0,299,4870,5169,49
2020-10-10,47109,47109,1016,8,818,5,198,3,88,-2,38,0,,,23,0,1154,8386,9540,100
2020-10-10,47107,47107,1316,36,1290,33,26,3,151,25,66,0,,,30,1,1511,18472,19983,129
2020-10-10,47119,47119,2723,39,2676,39,47,0,275,11,98,1,,,33,1,3098,28674,31772,472
2020-10-10,47117,47117,900,22,887,21,13,1,113,12,25,0,,,5,0,1015,10007,11022,71
2020-10-10,47115,47115,617,6,603,5,14,1,63,-2,43,0,,,9,0,731,6488,7219,51
2020-10-10,47113,47113,3339,13,2457,13,882,0,282,-13,187,1,,,76,2,3514,30238,33752,461
2020-10-10,47111,47111,1168,6,1123,5,45,1,86,-5,82,0,,,22,0,1403,7957,9360,20
2020-10-10,47105,47105,1396,7,1349,8,47,-1,190,-2,42,0,,,9,0,1522,14531,16053,77
2020-10-10,47103,47103,716,5,689,3,27,2,70,-8,21,0,,,2,0,842,8840,9682,28
2020-10-10,47139,47139,442,0,426,0,16,0,35,-8,19,0,,,13,0,504,4092,4596,15
2020-10-10,47121,47121,254,2,250,2,4,0,24,0,12,1,,,4,1,289,3355,3644,14
2020-10-10,47141,47141,3725,11,3431,4,294,7,324,-18,122,1,,,50,0,4421,32272,36693,93
2020-10-10,47163,47163,2623,42,2452,36,171,6,349,13,185,2,,,36,1,2813,33222,36035,199
2020-10-10,47145,47145,1036,11,988,10,48,1,117,4,36,0,,,6,0,1188,18759,19947,81
2020-10-10,47099,47099,1244,20,1220,19,24,1,147,5,49,2,,,17,0,1408,11782,13190,154
2020-10-10,47187,47187,5969,59,5802,51,167,8,573,27,122,0,,,46,2,6908,75077,81985,954
2020-10-10,47185,47185,978,-2,901,-2,77,0,116,-10,49,2,,,10,0,1224,11069,12293,124
2020-10-10,47183,47183,1340,9,1228,5,112,4,114,-3,33,1,,,23,0,1458,12130,13588,92
2020-10-10,47181,47181,1541,1,1521,0,20,1,32,0,18,0,,,6,0,1674,6273,7947,12
2020-10-10,47179,47179,2672,49,2595,48,77,1,265,27,117,1,,,40,1,3055,33486,36541,423
2020-10-10,47177,47177,1185,1,1091,1,94,0,98,-13,17,0,,,9,0,1324,14286,15610,46
2020-10-10,47175,47175,178,2,163,2,15,0,12,2,7,0,,,1,0,196,2258,2454,22
2020-10-10,47173,47173,448,4,404,3,44,1,61,-3,14,0,,,2,0,463,5257,5720,35
2020-10-10,47171,47171,302,2,296,1,6,1,11,2,14,0,,,1,0,360,6930,7290,27
2020-10-10,47169,47169,1709,6,1698,6,11,0,34,3,25,0,,,7,0,1787,5324,7111,16
2020-10-10,47167,47167,2014,18,1818,11,196,7,166,10,90,1,,,22,0,2350,22992,25342,117
2020-10-10,47165,47165,5222,22,5173,21,49,1,293,1,399,0,,,105,1,6217,49452,55669,382
2020-10-10,47161,47161,268,3,248,3,20,0,40,1,6,0,,,5,0,300,3208,3508,16
2020-10-10,47159,47159,844,3,812,3,32,0,91,-5,31,0,,,12,0,1079,6178,7257,22
2020-10-10,47157,47157,32530,83,32040,71,490,12,1324,-33,2061,12,,,533,4,40271,400754,441025,2101
2020-10-10,47155,47155,2886,15,2784,15,102,0,206,-6,102,0,,,19,0,3172,27348,30520,158
2020-10-10,47153,47153,265,0,263,0,2,0,19,-2,10,-2,,,1,-2,298,5459,5757,24
2020-10-10,47151,47151,271,8,254,6,17,2,47,8,18,0,,,3,0,282,4732,5014,33
2020-10-10,47149,47149,10242,95,10116,90,126,5,650,34,276,0,,,103,1,12484,92036,104520,830
2020-10-10,47147,47147,2352,4,2320,4,32,0,101,-5,165,0,,,39,0,2851,18928,21779,138
2020-10-10,47143,47143,966,8,953,8,13,0,91,-4,31,0,,,16,0,1138,11521,12659,76
2020-10-10,47189,47189,3971,40,3886,25,85,15,388,11,122,0,,,52,0,4655,41323,45978,356
2020-10-10,47097,47097,1135,7,1000,4,135,3,128,-1,43,0,,,16,0,1204,11984,13188,59
2020-10-10,47093,47093,10730,190,10253,186,477,4,892,25,383,1,,,82,0,11648,142646,154294,1044
2020-10-10,47041,47041,619,2,589,2,30,0,41,-4,24,0,,,17,0,752,8660,9412,20
2020-10-10,47039,47039,584,0,456,1,128,-1,48,-8,20,0,,,11,0,631,6401,7032,16
2020-10-10,47037,47037,28120,156,27906,153,214,3,1186,64,1098,4,,,321,0,35224,378783,414007,5886
2020-10-10,47035,47035,1384,10,1342,10,42,0,158,2,62,0,,,23,0,1673,24571,26244,140
2020-10-10,47033,47033,643,17,536,12,107,5,89,8,21,0,,,19,0,687,4053,4740,41
2020-10-10,47031,47031,1538,26,1352,21,186,5,257,5,45,0,,,17,0,1772,21168,22940,174
2020-10-10,47029,47029,848,5,770,4,78,1,89,1,44,1,,,11,0,885,8722,9607,41
2020-10-10,47027,47027,305,13,260,10,45,3,70,10,9,0,,,6,0,317,3102,3419,17
2020-10-10,47025,47025,471,1,428,1,43,0,21,1,19,0,,,5,0,526,11252,11778,21
2020-10-10,47021,47021,886,7,870,7,16,0,59,4,30,0,,,10,0,1051,11863,12914,92
2020-10-10,47019,47019,1297,15,1239,15,58,0,102,11,89,0,,,31,0,1415,17070,18485,204
2020-10-10,47017,47017,1030,6,859,3,171,3,105,-12,47,0,,,24,0,1064,11680,12744,89
2020-10-10,47015,47015,348,7,328,5,20,2,49,0,10,0,,,2,0,416,4388,4804,19
2020-10-10,47013,47013,654,19,592,20,62,-1,186,11,29,0,,,4,0,694,12440,13134,109
2020-10-10,47011,47011,3199,13,3080,12,119,1,200,-3,178,2,,,20,1,3757,27145,30902,182
2020-10-10,47009,47009,2834,19,2765,18,69,1,251,5,116,1,,,30,2,3258,31407,34665,170
2020-10-10,47007,47007,893,3,886,3,7,0,27,0,20,1,,,4,0,936,8267,9203,63
2020-10-10,47005,47005,356,3,340,3,16,0,16,3,17,0,,,9,0,383,4842,5225,36
2020-10-10,47003,47003,1466,18,1390,17,76,1,81,11,56,1,,,19,0,1742,14080,15822,157
2020-10-10,47001,47001,1371,8,1318,7,53,1,147,-7,40,0,,,13,0,1561,27846,29407,129
2020-10-10,47095,47095,941,0,935,1,6,-1,12,-5,7,0,,,3,0,1142,6436,7578,6
2020-10-10,47043,47043,1415,8,1249,7,166,1,126,1,60,0,,,17,0,1728,15458,17186,90
2020-10-10,47045,47045,1700,30,1513,27,187,3,273,15,65,0,,,21,0,1805,12726,14531,76
2020-10-10,47023,47023,679,3,551,1,128,2,26,0,22,0,,,13,0,757,5847,6604,99
2020-10-10,47049,47049,750,22,655,11,95,11,178,7,28,0,,,5,0,805,4465,5270,54
2020-10-10,47047,47047,1362,8,1315,8,47,0,123,-9,76,0,,,23,0,1697,16901,18598,162
2020-10-10,47089,47089,1324,28,1166,26,158,2,173,20,67,1,,,17,1,1387,18366,19753,191
2020-10-10,47087,47087,382,5,339,5,43,0,45,2,18,0,,,5,0,427,2586,3013,13
2020-10-10,47085,47085,337,11,271,7,66,4,61,7,11,2,,,4,1,367,6042,6409,39
2020-10-10,47083,47083,349,7,316,7,33,0,67,-4,26,0,,,13,0,360,2432,2792,34
2020-10-10,47081,47081,686,2,633,1,53,1,75,-5,20,0,,,13,0,819,8133,8952,92
2020-10-10,47079,47079,692,6,668,2,24,4,52,4,39,0,,,10,0,806,10412,11218,55
2020-10-10,47077,47077,1290,9,1040,9,250,0,93,0,44,0,,,24,0,1547,9625,11172,65
2020-10-10,47075,47075,1132,9,1062,9,70,0,128,-6,46,0,,,25,1,1240,7261,8501,46
2020-10-10,47073,47073,955,15,917,10,38,5,110,7,65,0,,,22,0,1069,10714,11783,127
2020-10-10,47071,47071,1167,12,964,4,203,8,102,2,27,1,,,18,1,1269,13254,14523,31
2020-10-10,47091,47091,1030,11,1013,9,17,2,294,1,30,0,,,4,0,1093,6560,7653,54
2020-10-10,47067,47067,110,0,100,0,10,0,3,-1,11,0,,,3,0,119,2081,2200,11
2020-10-10,47065,47065,10421,87,10006,79,415,8,702,38,421,5,,,101,2,11814,145930,157744,2069
2020-10-10,47063,47063,2167,33,1976,34,191,-1,206,19,112,1,,,40,2,2339,23882,26221,275
2020-10-10,47061,47061,428,8,392,6,36,2,100,-4,30,0,,,8,0,487,2825,3312,18
2020-10-10,47059,47059,1308,20,1231,18,77,2,131,13,89,1,,,48,0,1517,16960,18477,393
2020-10-10,47057,47057,463,1,421,1,42,0,65,-3,28,1,,,4,0,512,6703,7215,68
2020-10-10,47055,47055,788,12,756,7,32,5,143,-4,41,0,,,26,2,914,9799,10713,81
2020-10-10,47053,47053,1923,9,1494,5,429,4,189,-15,62,0,,,28,0,2083,16571,18654,102
2020-10-10,47051,47051,1109,10,1064,9,45,1,101,2,46,0,,,12,0,1343,16298,17641,84
2020-10-10,47069,47069,1676,13,1584,8,92,5,89,9,64,1,,,30,2,1910,15027,16937,85
2020-10-11,47141,47141,3761,36,3464,33,297,3,344,20,122,0,,,50,0,4462,32605,37067,374
2020-10-11,47129,47129,366,6,342,6,24,0,42,3,9,0,,,5,1,395,8715,9110,76
2020-10-11,47131,47131,1485,15,1393,14,92,1,253,1,52,0,,,16,0,1607,11298,12905,158
2020-10-11,,47OOS,3291,122,3170,118,121,4,507,104,102,0,,,29,0,3210,302324,305534,3056
2020-10-11,47139,47139,445,3,429,3,16,0,34,-1,20,1,,,13,0,508,4122,4630,34
2020-10-11,,47PEN,3314,88,3058,74,256,14,635,74,52,2,,,6,1,3625,190425,194050,1173
2020-10-11,47135,47135,166,0,146,0,20,0,13,0,7,0,,,1,0,181,3787,3968,30
2020-10-11,47137,47137,206,5,148,4,58,1,79,5,5,0,,,3,0,198,1095,1293,20
2020-10-11,47127,47127,217,1,192,1,25,0,33,0,5,0,,,1,0,244,2722,2966,17
2020-10-11,47133,47133,978,21,846,10,132,11,196,17,31,0,,,8,0,1046,7854,8900,66
2020-10-11,47125,47125,3491,23,3293,19,198,4,299,7,126,1,,,49,1,3849,44770,48619,343
2020-10-11,47119,47119,2760,37,2712,36,48,1,293,18,98,0,,,33,0,3136,29005,32141,369
2020-10-11,47121,47121,257,3,253,3,4,0,25,1,12,0,,,4,0,292,3412,3704,60
2020-10-11,47109,47109,1023,7,824,6,199,1,90,2,38,0,,,23,0,1160,8446,9606,66
2020-10-11,47107,47107,1332,16,1306,16,26,0,159,8,67,1,,,31,1,1532,18696,20228,245
2020-10-11,47117,47117,920,20,907,20,13,0,128,15,25,0,,,5,0,1044,10167,11211,189
2020-10-11,47115,47115,623,6,608,5,15,1,67,4,43,0,,,9,0,737,6551,7288,69
2020-10-11,47113,47113,3368,29,2467,10,901,19,286,4,190,3,,,76,0,3529,30492,34021,269
2020-10-11,47111,47111,1175,7,1130,7,45,0,91,5,82,0,,,22,0,1412,8022,9434,74
2020-10-11,47105,47105,1423,27,1376,27,47,0,206,16,41,-1,,,8,-1,1552,14771,16323,270
2020-10-11,47103,47103,719,3,692,3,27,0,71,1,21,0,,,2,0,844,8873,9717,35
2020-10-11,47123,47123,1188,9,1140,12,48,-3,114,6,73,1,,,21,0,1338,12129,13467,174
2020-10-11,47143,47143,971,5,958,5,13,0,93,2,31,0,,,16,0,1144,11685,12829,170
2020-10-11,47101,47101,282,8,279,8,3,0,68,4,16,1,,,1,0,309,4926,5235,66
2020-10-11,47147,47147,2368,16,2336,16,32,0,109,8,165,0,,,39,0,2864,19102,21966,187
2020-10-11,47189,47189,4011,40,3925,39,86,1,402,14,124,2,,,52,0,4701,41637,46338,360
2020-10-11,47187,47187,6018,49,5853,51,165,-2,582,9,123,1,,,46,0,6956,75815,82771,786
2020-10-11,47185,47185,986,8,909,8,77,0,118,2,49,0,,,10,0,1233,11245,12478,185
2020-10-11,47183,47183,1358,18,1242,14,116,4,123,9,33,0,,,23,0,1474,12228,13702,114
2020-10-11,47181,47181,1542,1,1522,1,20,0,32,0,18,0,,,6,0,1675,6306,7981,34
2020-10-11,47179,47179,2709,37,2634,39,75,-2,284,19,117,0,,,40,0,3096,34005,37101,560
2020-10-11,47177,47177,1199,14,1105,14,94,0,106,8,17,0,,,9,0,1337,14413,15750,140
2020-10-11,47175,47175,180,2,165,2,15,0,14,2,7,0,,,1,0,198,2312,2510,56
2020-10-11,47173,47173,453,5,409,5,44,0,63,2,14,0,,,2,0,468,5300,5768,48
2020-10-11,47171,47171,303,1,297,1,6,0,11,0,14,0,,,1,0,361,7013,7374,84
2020-10-11,47169,47169,1714,5,1703,5,11,0,34,0,25,0,,,7,0,1794,5343,7137,26
2020-10-11,47167,47167,2044,30,1840,22,204,8,185,19,90,0,,,22,0,2373,23216,25589,247
2020-10-11,47165,47165,5243,21,5194,21,49,0,293,0,399,0,,,105,0,6242,49911,56153,484
2020-10-11,47163,47163,2685,62,2504,52,181,10,391,42,185,0,,,36,0,2864,33763,36627,592
2020-10-11,47161,47161,282,14,262,14,20,0,54,14,6,0,,,5,0,314,3251,3565,57
2020-10-11,47159,47159,865,21,833,21,32,0,109,18,31,0,,,12,0,1104,6245,7349,92
2020-10-11,47157,47157,32722,192,32224,184,498,8,1439,115,2077,16,,,537,4,40481,404112,444593,3568
2020-10-11,47155,47155,2910,24,2807,23,103,1,216,10,102,0,,,19,0,3197,27603,30800,280
2020-10-11,47153,47153,267,2,265,2,2,0,20,1,10,0,,,1,0,299,5493,5792,35
2020-10-11,47151,47151,274,3,256,2,18,1,50,3,18,0,,,3,0,285,4815,5100,86
2020-10-11,47149,47149,10312,70,10185,69,127,1,684,34,276,0,,,103,0,12553,92770,105323,803
2020-10-11,47145,47145,1051,15,1003,15,48,0,126,9,36,0,,,6,0,1204,18963,20167,220
2020-10-11,47099,47099,1262,18,1238,18,24,0,158,11,49,0,,,17,0,1427,11931,13358,168
2020-10-11,47097,47097,1160,25,1016,16,144,9,152,24,43,0,,,16,0,1220,12064,13284,96
2020-10-11,47095,47095,945,4,939,4,6,0,16,4,7,0,,,3,0,1148,6447,7595,17
2020-10-11,47043,47043,1419,4,1253,4,166,0,127,1,60,0,,,17,0,1732,15552,17284,98
2020-10-11,47041,47041,630,11,600,11,30,0,52,11,24,0,,,17,0,765,8764,9529,117
2020-10-11,47039,47039,589,5,460,4,129,1,51,3,20,0,,,11,0,635,6430,7065,33
2020-10-11,47037,47037,28294,174,28079,173,215,1,1294,108,1098,0,,,321,0,35429,384305,419734,5727
2020-10-11,47035,47035,1394,10,1352,10,42,0,164,6,62,0,,,23,0,1688,24849,26537,293
2020-10-11,47033,47033,665,22,548,12,117,10,110,21,21,0,,,19,0,698,4074,4772,32
2020-10-11,47031,47031,1557,19,1371,19,186,0,267,10,45,0,,,17,0,1791,21339,23130,190
2020-10-11,47029,47029,849,1,774,4,75,-3,84,-5,44,0,,,11,0,889,8817,9706,99
2020-10-11,47027,47027,313,8,265,5,48,3,75,5,9,0,,,6,0,323,3140,3463,44
2020-10-11,47025,47025,473,2,430,2,43,0,21,0,19,0,,,5,0,529,11438,11967,189
2020-10-11,47023,47023,683,4,556,5,127,-1,29,3,22,0,,,13,0,761,5889,6650,46
2020-10-11,47021,47021,890,4,873,3,17,1,60,1,30,0,,,10,0,1053,11933,12986,72
2020-10-11,47019,47019,1312,15,1253,14,59,1,105,3,89,0,,,31,0,1430,17247,18677,192
2020-10-11,47017,47017,1043,13,867,8,176,5,116,11,47,0,,,24,0,1074,11789,12863,119
2020-10-11,47015,47015,355,7,335,7,20,0,54,5,10,0,,,2,0,422,4438,4860,56
2020-10-11,47013,47013,693,39,623,31,70,8,225,39,29,0,,,4,0,727,12648,13375,241
2020-10-11,47011,47011,3225,26,3105,25,120,1,219,19,180,2,,,20,0,3783,27398,31181,279
2020-10-11,47009,47009,2852,18,2782,17,70,1,255,4,118,2,,,30,0,3285,31820,35105,440
2020-10-11,47007,47007,895,2,888,2,7,0,29,2,20,0,,,4,0,939,8313,9252,49
2020-10-11,47005,47005,359,3,342,2,17,1,19,3,17,0,,,9,0,383,4875,5258,33
2020-10-11,47003,47003,1483,17,1407,17,76,0,97,16,56,0,,,19,0,1760,14219,15979,157
2020-10-11,47045,47045,1736,36,1543,30,193,6,301,28,65,0,,,21,0,1835,12871,14706,175
2020-10-11,47047,47047,1369,7,1319,4,50,3,125,2,76,0,,,23,0,1701,16992,18693,95
2020-10-11,47001,47001,1386,15,1333,15,53,0,152,5,40,0,,,13,0,1582,28093,29675,268
2020-10-11,47051,47051,1124,15,1079,15,45,0,111,10,47,1,,,12,0,1362,16444,17806,165
2020-10-11,47049,47049,762,12,666,11,96,1,187,9,28,0,,,5,0,818,4523,5341,71
2020-10-11,47093,47093,10862,132,10381,128,481,4,949,57,384,1,,,82,0,11790,144116,155906,1612
2020-10-11,47091,47091,1038,8,1021,8,17,0,290,-4,30,0,,,4,0,1101,6592,7693,40
2020-10-11,47089,47089,1338,14,1177,11,161,3,182,9,67,0,,,17,0,1408,18634,20042,289
2020-10-11,47087,47087,385,3,342,3,43,0,47,2,18,0,,,5,0,431,2615,3046,33
2020-10-11,47085,47085,340,3,274,3,66,0,60,-1,11,0,,,4,0,370,6060,6430,21
2020-10-11,47081,47081,693,7,640,7,53,0,81,6,20,0,,,13,0,829,8185,9014,62
2020-10-11,47079,47079,692,0,668,0,24,0,52,0,39,0,,,10,0,807,10521,11328,110
2020-10-11,47077,47077,1297,7,1046,6,251,1,96,3,44,0,,,24,0,1553,9679,11232,60
2020-10-11,47075,47075,1140,8,1069,7,71,1,134,6,46,0,,,25,0,1247,7297,8544,43
2020-10-11,47083,47083,350,1,317,1,33,0,66,-1,26,0,,,13,0,362,2467,2829,37
2020-10-11,47071,47071,1185,18,975,11,210,7,118,16,27,0,,,18,0,1279,13399,14678,155
2020-10-11,47069,47069,1687,11,1595,11,92,0,97,8,64,0,,,30,0,1924,15173,17097,160
2020-10-11,47067,47067,110,0,100,0,10,0,3,0,11,0,,,3,0,119,2085,2204,4
2020-10-11,47065,47065,10483,62,10066,60,417,2,719,17,421,0,,,101,0,11878,147168,159046,1302
2020-10-11,47053,47053,1937,14,1506,12,431,2,190,1,62,0,,,28,0,2095,16639,18734,80
2020-10-11,47063,47063,2199,32,1990,14,209,18,220,14,112,0,,,40,0,2356,24084,26440,219
2020-10-11,47061,47061,435,7,398,6,37,1,96,-4,30,0,,,8,0,496,2879,3375,63
2020-10-11,47059,47059,1336,28,1255,24,81,4,149,18,89,0,,,48,0,1546,17185,18731,254
2020-10-11,47057,47057,473,10,430,9,43,1,70,5,28,0,,,4,0,523,6764,7287,72
2020-10-11,47055,47055,799,11,769,13,30,-2,149,6,41,0,,,28,2,926,9966,10892,179
2020-10-11,47073,47073,964,9,927,10,37,-1,107,-3,66,1,,,22,0,1077,10856,11933,150
2020-10-12,47127,47127,223,6,198,6,25,0,37,4,5,0,,,1,0,250,2740,2990,24
2020-10-12,47129,47129,372,6,348,6,24,0,46,4,9,0,,,5,0,400,8788,9188,78
2020-10-12,47131,47131,1506,21,1413,20,93,1,260,7,52,0,,,16,0,1631,11406,13037,132
2020-10-12,47137,47137,209,3,151,3,58,0,78,-1,5,0,,,3,0,201,1116,1317,24
2020-10-12,47133,47133,1002,24,870,24,132,0,210,14,31,0,,,8,0,1070,7951,9021,121
2020-10-12,,47PEN,3464,150,3196,138,268,12,763,128,53,1,,,6,0,3765,191589,195354,1304
2020-10-12,47135,47135,169,3,148,2,21,1,14,1,7,0,,,1,0,183,3798,3981,13
2020-10-12,47125,47125,3575,84,3370,77,205,7,372,73,127,1,,,49,0,3928,45392,49320,701
2020-10-12,,47OOS,3437,146,3316,146,121,0,641,134,104,2,,,29,0,3341,306461,309802,4268
2020-10-12,47123,47123,1202,14,1154,14,48,0,122,8,73,0,,,21,0,1355,12225,13580,113
2020-10-12,47101,47101,290,8,288,9,2,-1,76,8,16,0,,,1,0,320,5030,5350,115
2020-10-12,47109,47109,1036,13,837,13,199,0,100,10,38,0,,,23,0,1173,8632,9805,199
2020-10-12,47107,47107,1352,20,1326,20,26,0,174,15,67,0,,,31,0,1559,18919,20478,250
2020-10-12,47119,47119,2799,39,2751,39,48,0,305,12,98,0,,,33,0,3178,29539,32717,576
2020-10-12,47117,47117,946,26,934,27,12,-1,151,23,25,0,,,5,0,1078,10295,11373,162
2020-10-12,47115,47115,629,6,614,6,15,0,68,1,43,0,,,9,0,745,6742,7487,199
2020-10-12,47113,47113,3396,28,2489,22,907,6,298,12,190,0,,,76,0,3548,30866,34414,393
2020-10-12,47111,47111,1200,25,1147,17,53,8,107,16,82,0,,,22,0,1432,8103,9535,101
2020-10-12,47105,47105,1446,23,1399,23,47,0,218,12,42,1,,,9,1,1579,14917,16496,173
2020-10-12,47103,47103,730,11,704,12,26,-1,77,6,21,0,,,2,0,855,8929,9784,67
2020-10-12,47139,47139,448,3,432,3,16,0,34,0,20,0,,,13,0,511,4191,4702,72
2020-10-12,47121,47121,258,1,254,1,4,0,25,0,13,1,,,4,0,294,3445,3739,35
2020-10-12,47141,47141,3815,54,3515,51,300,3,383,39,122,0,,,50,0,4519,32989,37508,441
2020-10-12,47163,47163,2739,54,2556,52,183,2,428,37,188,3,,,38,2,2919,34130,37049,422
2020-10-12,47145,47145,1072,21,1023,20,49,1,141,15,36,0,,,6,0,1227,19281,20508,341
2020-10-12,47099,47099,1296,34,1272,34,24,0,184,26,49,0,,,17,0,1463,12146,13609,251
2020-10-12,47187,47187,6113,95,5931,78,182,17,645,63,123,0,,,46,0,7039,76867,83906,1135
2020-10-12,47185,47185,998,12,921,12,77,0,125,7,49,0,,,10,0,1248,11430,12678,200
2020-10-12,47183,47183,1376,18,1257,15,119,3,137,14,33,0,,,23,0,1493,12291,13784,82
2020-10-12,47181,47181,1543,1,1523,1,20,0,31,-1,18,0,,,6,0,1676,6361,8037,56
2020-10-12,47179,47179,2761,52,2686,52,75,0,315,31,118,1,,,41,1,3152,34492,37644,543
2020-10-12,47177,47177,1230,31,1136,31,94,0,133,27,18,1,,,9,0,1371,14565,15936,186
2020-10-12,47175,47175,181,1,166,1,15,0,15,1,7,0,,,1,0,199,2336,2535,25
2020-10-12,47173,47173,461,8,416,7,45,1,65,2,14,0,,,2,0,475,5374,5849,81
2020-10-12,47171,47171,305,2,298,1,7,1,11,0,14,0,,,1,0,362,7057,7419,45
2020-10-12,47169,47169,1714,0,1703,0,11,0,32,-2,26,1,,,7,0,1794,5375,7169,32
2020-10-12,47167,47167,2066,22,1858,18,208,4,200,15,90,0,,,22,0,2398,23475,25873,284
2020-10-12,47165,47165,5311,68,5262,68,49,0,334,41,400,1,,,105,0,6317,50535,56852,699
2020-10-12,47161,47161,289,7,267,5,22,2,59,5,6,0,,,5,0,319,3279,3598,33
2020-10-12,47159,47159,881,16,849,16,32,0,123,14,31,0,,,12,0,1127,6337,7464,115
2020-10-12,47157,47157,33056,334,32556,332,500,2,1683,244,2083,6,,,538,1,40879,408371,449250,4657
2020-10-12,47155,47155,2944,34,2841,34,103,0,240,24,103,1,,,19,0,3235,27898,31133,333
2020-10-12,47153,47153,280,13,278,13,2,0,32,12,10,0,,,1,0,314,5549,5863,71
2020-10-12,47151,47151,280,6,262,6,18,0,53,3,19,1,,,3,0,292,4884,5176,76
2020-10-12,47149,47149,10448,136,10318,133,130,3,765,81,276,0,,,103,0,12698,93970,106668,1345
2020-10-12,47147,47147,2387,19,2355,19,32,0,127,18,165,0,,,39,0,2884,19292,22176,210
2020-10-12,47143,47143,977,6,964,6,13,0,94,1,31,0,,,16,0,1153,11785,12938,109
2020-10-12,47097,47097,1180,20,1035,19,145,1,168,16,43,0,,,16,0,1239,12221,13460,176
2020-10-12,47189,47189,4074,63,3989,64,85,-1,424,22,124,0,,,52,0,4777,42193,46970,632
2020-10-12,47093,47093,11017,155,10525,144,492,11,1022,73,385,1,,,82,0,11955,145629,157584,1678
2020-10-12,47041,47041,637,7,607,7,30,0,58,6,24,0,,,17,0,773,8856,9629,100
2020-10-12,47039,47039,592,3,463,3,129,0,51,0,20,0,,,11,0,640,6497,7137,72
2020-10-12,47037,47037,28507,213,28284,205,223,8,1436,142,1098,0,,,321,0,35664,390597,426261,6527
2020-10-12,47035,47035,1406,12,1364,12,42,0,174,10,62,0,,,23,0,1705,25137,26842,305
2020-10-12,47033,47033,674,9,553,5,121,4,119,9,21,0,,,19,0,705,4114,4819,47
2020-10-12,47031,47031,1588,31,1402,31,186,0,284,17,45,0,,,17,0,1826,21550,23376,246
2020-10-12,47029,47029,866,17,789,15,77,2,98,14,44,0,,,11,0,905,8960,9865,159
2020-10-12,47027,47027,320,7,270,5,50,2,75,0,9,0,,,6,0,329,3171,3500,37
2020-10-12,47025,47025,477,4,433,3,44,1,23,2,19,0,,,5,0,533,11514,12047,80
2020-10-12,47023,47023,689,6,561,5,128,1,34,5,22,0,,,13,0,767,6012,6779,129
2020-10-12,47021,47021,903,13,886,13,17,0,71,11,30,0,,,10,0,1069,12098,13167,181
2020-10-12,47019,47019,1332,20,1273,20,59,0,119,14,90,1,,,32,1,1451,17499,18950,273
2020-10-12,47017,47017,1055,12,879,12,176,0,120,4,48,1,,,24,0,1087,11975,13062,199
2020-10-12,47015,47015,361,6,341,6,20,0,57,3,9,-1,,,2,0,426,4487,4913,53
2020-10-12,47013,47013,711,18,641,18,70,0,236,11,29,0,,,4,0,748,12774,13522,147
2020-10-12,47011,47011,3250,25,3127,22,123,3,232,13,188,8,,,20,0,3806,27717,31523,342
2020-10-12,47009,47009,2881,29,2812,30,69,-1,265,10,118,0,,,30,0,3309,32134,35443,338
2020-10-12,47007,47007,897,2,890,2,7,0,30,1,20,0,,,4,0,941,8357,9298,46
2020-10-12,47005,47005,366,7,349,7,17,0,24,5,17,0,,,9,0,390,4964,5354,96
2020-10-12,47003,47003,1509,26,1432,25,77,1,121,24,57,1,,,19,0,1783,14365,16148,169
2020-10-12,47001,47001,1416,30,1363,30,53,0,172,20,40,0,,,13,0,1611,28350,29961,286
2020-10-12,47043,47043,1441,22,1269,16,172,6,144,17,60,0,,,17,0,1750,15769,17519,235
2020-10-12,47045,47045,1778,42,1583,40,195,2,325,24,65,0,,,21,0,1878,12968,14846,140
2020-10-12,47095,47095,950,5,944,5,6,0,21,5,7,0,,,3,0,1153,6502,7655,60
2020-10-12,47049,47049,783,21,687,21,96,0,201,14,28,0,,,5,0,838,4706,5544,203
2020-10-12,47047,47047,1404,35,1354,35,50,0,160,35,76,0,,,23,0,1743,17180,18923,230
2020-10-12,47091,47091,1047,9,1032,11,15,-2,291,1,30,0,,,5,1,1113,6820,7933,240
2020-10-12,47089,47089,1359,21,1193,16,166,5,195,13,67,0,,,17,0,1424,18874,20298,256
2020-10-12,47087,47087,391,6,348,6,43,0,50,3,18,0,,,5,0,438,2652,3090,44
2020-10-12,47085,47085,353,13,283,9,70,4,70,10,11,0,,,4,0,378,6117,6495,65
2020-10-12,47083,47083,358,8,324,7,34,1,69,3,26,0,,,13,0,371,2550,2921,92
2020-10-12,47079,47079,699,7,675,7,24,0,56,4,39,0,,,10,0,813,10602,11415,87
2020-10-12,47077,47077,1311,14,1055,9,256,5,105,9,44,0,,,24,0,1564,9756,11320,88
2020-10-12,47075,47075,1147,7,1075,6,72,1,135,1,46,0,,,25,0,1253,7343,8596,52
2020-10-12,47073,47073,986,22,947,20,39,2,123,16,67,1,,,22,0,1101,11170,12271,338
2020-10-12,47081,47081,699,6,646,6,53,0,81,0,20,0,,,13,0,836,8257,9093,79
2020-10-12,47069,47069,1705,18,1613,18,92,0,111,14,64,0,,,30,0,1943,15354,17297,200
2020-10-12,47067,47067,111,1,101,1,10,0,3,0,11,0,,,3,0,120,2103,2223,19
2020-10-12,47065,47065,10608,125,10175,109,433,16,808,89,421,0,,,101,0,11999,149210,161209,2163
2020-10-12,47063,47063,2232,33,2024,34,208,-1,246,26,112,0,,,40,0,2394,24351,26745,305
2020-10-12,47051,47051,1139,15,1093,14,46,1,117,6,47,0,,,12,0,1380,16620,18000,194
2020-10-12,47061,47061,447,12,410,12,37,0,98,2,30,0,,,8,0,509,2927,3436,61
2020-10-12,47059,47059,1365,29,1284,29,81,0,171,22,89,0,,,48,0,1576,17485,19061,330
2020-10-12,47057,47057,483,10,440,10,43,0,73,3,28,0,,,4,0,532,6833,7365,78
2020-10-12,47055,47055,815,16,788,19,27,-3,156,7,41,0,,,28,0,948,10115,11063,171
2020-10-12,47053,47053,1945,8,1510,4,435,4,189,-1,62,0,,,28,0,2106,16774,18880,146
2020-10-12,47071,47071,1206,21,996,21,210,0,130,12,27,0,,,18,0,1299,13508,14807,129
2020-10-13,47127,47127,222,-1,197,-1,25,0,29,-8,5,0,,,1,0,248,2740,2988,-2
2020-10-13,47129,47129,376,4,351,3,25,1,46,0,10,1,,,6,1,403,8806,9209,21
2020-10-13,47131,47131,1520,14,1416,3,104,11,246,-14,52,0,,,15,-1,1636,11436,13072,35
2020-10-13,47137,47137,212,3,153,2,59,1,69,-9,5,0,,,3,0,203,1120,1323,6
2020-10-13,47133,47133,1014,12,878,8,136,4,198,-12,32,1,,,8,0,1079,7979,9058,37
2020-10-13,,47PEN,3460,-4,3182,-14,278,10,705,-58,53,0,,,6,0,3753,192246,195999,645
2020-10-13,47135,47135,170,1,149,1,21,0,15,1,7,0,,,1,0,184,3803,3987,6
2020-10-13,47125,47125,3592,17,3382,12,210,5,351,-21,128,1,,,50,1,3942,45627,49569,249
2020-10-13,,47OOS,3406,-31,3281,-35,125,4,581,-60,106,2,,,29,0,3289,308070,311359,1557
2020-10-13,47123,47123,1209,7,1160,6,49,1,106,-16,73,0,,,21,0,1360,12261,13621,41
2020-10-13,47101,47101,291,1,289,1,2,0,70,-6,16,0,,,1,0,322,5044,5366,16
2020-10-13,47109,47109,1042,6,839,2,203,4,92,-8,38,0,,,23,0,1172,8642,9814,9
2020-10-13,47107,47107,1357,5,1331,5,26,0,166,-8,68,1,,,31,0,1567,18976,20543,65
2020-10-13,47119,47119,2805,6,2757,6,48,0,297,-8,98,0,,,34,1,3183,29639,32822,105
2020-10-13,47117,47117,956,10,942,8,14,2,148,-3,26,1,,,5,0,1085,10330,11415,42
2020-10-13,47115,47115,633,4,617,3,16,1,62,-6,43,0,,,9,0,748,6785,7533,46
2020-10-13,47113,47113,3415,19,2495,6,920,13,277,-21,190,0,,,76,0,3557,30932,34489,75
2020-10-13,47111,47111,1199,-1,1147,0,52,-1,94,-13,82,0,,,22,0,1433,8119,9552,17
2020-10-13,47105,47105,1459,13,1412,13,47,0,204,-14,43,1,,,9,0,1592,14998,16590,94
2020-10-13,47103,47103,735,5,709,5,26,0,76,-1,21,0,,,2,0,863,8939,9802,18
2020-10-13,47139,47139,449,1,431,-1,18,2,30,-4,20,0,,,13,0,515,4202,4717,15
2020-10-13,47121,47121,262,4,257,3,5,1,28,3,13,0,,,4,0,297,3465,3762,23
2020-10-13,47141,47141,3833,18,3526,11,307,7,358,-25,123,1,,,51,1,4528,33081,37609,101
2020-10-13,47163,47163,2782,43,2611,55,171,-12,418,-10,192,4,,,39,1,2978,34267,37245,196
2020-10-13,47145,47145,1084,12,1035,12,49,0,144,3,36,0,,,6,0,1238,19348,20586,78
2020-10-13,47099,47099,1307,11,1283,11,24,0,180,-4,49,0,,,17,0,1474,12248,13722,113
2020-10-13,47187,47187,6163,50,5979,48,184,2,637,-8,127,4,,,47,1,7090,77307,84397,491
2020-10-13,47185,47185,1000,2,922,1,78,1,104,-21,49,0,,,11,1,1251,11443,12694,16
2020-10-13,47183,47183,1380,4,1260,3,120,1,123,-14,33,0,,,23,0,1495,12310,13805,21
2020-10-13,47181,47181,1543,0,1523,0,20,0,27,-4,19,1,,,6,0,1677,6375,8052,15
2020-10-13,47179,47179,2783,22,2704,18,79,4,307,-8,121,3,,,42,1,3172,34557,37729,85
2020-10-13,47177,47177,1230,0,1136,0,94,0,113,-20,18,0,,,9,0,1371,14588,15959,23
2020-10-13,47175,47175,181,0,166,0,15,0,15,0,7,0,,,1,0,198,2336,2534,-1
2020-10-13,47173,47173,461,0,417,1,44,-1,54,-11,14,0,,,2,0,476,5399,5875,26
2020-10-13,47171,47171,307,2,299,1,8,1,11,0,14,0,,,1,0,363,7062,7425,6
2020-10-13,47169,47169,1714,0,1703,0,11,0,26,-6,26,0,,,7,0,1795,5389,7184,15
2020-10-13,47167,47167,2084,18,1871,13,213,5,199,-1,91,1,,,22,0,2409,23556,25965,92
2020-10-13,47165,47165,5338,27,5289,27,49,0,323,-11,401,1,,,105,0,6348,50736,57084,232
2020-10-13,47161,47161,290,1,268,1,22,0,56,-3,6,0,,,6,1,320,3292,3612,14
2020-10-13,47159,47159,885,4,854,5,31,-1,110,-13,31,0,,,12,0,1131,6343,7474,10
2020-10-13,47157,47157,33167,111,32657,101,510,10,1659,-24,2086,3,,,540,2,41029,410177,451206,1956
2020-10-13,47155,47155,2973,29,2868,27,105,2,245,5,103,0,,,19,0,3265,28033,31298,165
2020-10-13,47153,47153,284,4,279,1,5,3,35,3,10,0,,,1,0,315,5566,5881,18
2020-10-13,47151,47151,283,3,265,3,18,0,49,-4,19,0,,,3,0,295,4904,5199,23
2020-10-13,47149,47149,10510,62,10376,58,134,4,756,-9,276,0,,,103,0,12777,94400,107177,509
2020-10-13,47147,47147,2396,9,2364,9,32,0,118,-9,165,0,,,39,0,2895,19355,22250,74
2020-10-13,47143,47143,981,4,967,3,14,1,78,-16,31,0,,,16,0,1157,11839,12996,58
2020-10-13,47189,47189,4118,44,4032,43,86,1,422,-2,124,0,,,52,0,4824,42350,47174,204
2020-10-13,47097,47097,1195,15,1047,12,148,3,168,0,43,0,,,16,0,1250,12272,13522,62
2020-10-13,47093,47093,11106,89,10600,75,506,14,1004,-18,389,4,,,83,1,12035,146478,158513,929
2020-10-13,47041,47041,637,0,607,0,30,0,52,-6,24,0,,,16,-1,774,8873,9647,18
2020-10-13,47039,47039,592,0,464,1,128,-1,42,-9,20,0,,,11,0,639,6509,7148,11
2020-10-13,47037,47037,28629,122,28403,119,226,3,1412,-24,1103,5,,,322,1,35816,393138,428954,2693
2020-10-13,47035,47035,1408,2,1366,2,42,0,155,-19,63,1,,,24,1,1706,25190,26896,54
2020-10-13,47033,47033,681,7,554,1,127,6,111,-8,21,0,,,19,0,705,4132,4837,18
2020-10-13,47031,47031,1612,24,1411,9,201,15,276,-8,46,1,,,18,1,1833,21583,23416,40
2020-10-13,47029,47029,865,-1,790,1,75,-2,87,-11,44,0,,,11,0,906,8996,9902,37
2020-10-13,47027,47027,325,5,270,0,55,5,71,-4,9,0,,,6,0,329,3179,3508,8
2020-10-13,47025,47025,479,2,433,0,46,2,24,1,19,0,,,5,0,532,11549,12081,34
2020-10-13,47021,47021,908,5,890,4,18,1,70,-1,30,0,,,10,0,1074,12125,13199,32
2020-10-13,47019,47019,1332,0,1272,-1,60,1,105,-14,91,1,,,32,0,1450,17532,18982,32
2020-10-13,47017,47017,1058,3,880,1,178,2,105,-15,48,0,,,24,0,1087,12001,13088,26
2020-10-13,47015,47015,361,0,341,0,20,0,51,-6,9,0,,,2,0,425,4491,4916,3
2020-10-13,47013,47013,721,10,646,5,75,5,232,-4,32,3,,,5,1,755,12824,13579,57
2020-10-13,47011,47011,3266,16,3138,11,128,5,224,-8,192,4,,,20,0,3818,27844,31662,139
2020-10-13,47009,47009,2911,30,2843,31,68,-1,271,6,120,2,,,31,1,3341,32265,35606,163
2020-10-13,47007,47007,898,1,891,1,7,0,30,0,20,0,,,4,0,942,8375,9317,19
2020-10-13,47005,47005,366,0,349,0,17,0,22,-2,17,0,,,9,0,392,4966,5358,4
2020-10-13,47003,47003,1523,14,1442,10,81,4,126,5,57,0,,,19,0,1793,14392,16185,37
2020-10-13,47001,47001,1428,12,1375,12,53,0,158,-14,41,1,,,13,0,1625,28437,30062,101
2020-10-13,47095,47095,951,1,945,1,6,0,20,-1,7,0,,,3,0,1154,6514,7668,13
2020-10-13,47043,47043,1462,21,1285,16,177,5,144,0,60,0,,,17,0,1768,15840,17608,89
2020-10-13,47045,47045,1801,23,1596,13,205,10,312,-13,65,0,,,21,0,1889,13118,15007,161
2020-10-13,47023,47023,690,1,562,1,128,0,30,-4,22,0,,,13,0,771,6021,6792,13
2020-10-13,47049,47049,785,2,688,1,97,1,153,-48,29,1,,,6,1,841,4711,5552,8
2020-10-13,47047,47047,1414,10,1361,7,53,3,155,-5,76,0,,,23,0,1749,17254,19003,80
2020-10-13,47089,47089,1368,9,1199,6,169,3,171,-24,68,1,,,17,0,1429,18923,20352,54
2020-10-13,47087,47087,395,4,350,2,45,2,44,-6,18,0,,,5,0,440,2658,3098,8
2020-10-13,47085,47085,358,5,288,5,70,0,67,-3,11,0,,,4,0,384,6135,6519,24
2020-10-13,47083,47083,361,3,324,0,37,3,58,-11,26,0,,,14,1,371,2555,2926,5
2020-10-13,47081,47081,702,3,647,1,55,2,68,-13,20,0,,,13,0,837,8282,9119,26
2020-10-13,47079,47079,696,-3,676,1,20,-4,45,-11,39,0,,,10,0,813,10612,11425,10
2020-10-13,47077,47077,1316,5,1056,1,260,4,100,-5,44,0,,,24,0,1565,9773,11338,18
2020-10-13,47075,47075,1150,3,1077,2,73,1,109,-26,46,0,,,25,0,1257,7462,8719,123
2020-10-13,47073,47073,995,9,956,9,39,0,122,-1,67,0,,,22,0,1107,11215,12322,51
2020-10-13,47071,47071,1219,13,996,0,223,13,119,-11,28,1,,,19,1,1300,13511,14811,4
2020-10-13,47091,47091,1049,2,1034,2,15,0,280,-11,31,1,,,5,0,1115,6827,7942,9
2020-10-13,47067,47067,111,0,101,0,10,0,2,-1,11,0,,,3,0,120,2105,2225,2
2020-10-13,47065,47065,10666,58,10219,44,447,14,765,-43,426,5,,,102,1,12044,149723,161767,558
2020-10-13,47063,47063,2229,-3,2035,11,194,-14,219,-27,114,2,,,41,1,2404,24396,26800,55
2020-10-13,47061,47061,462,15,423,13,39,2,93,-5,30,0,,,8,0,523,2938,3461,25
2020-10-13,47059,47059,1374,9,1290,6,84,3,170,-1,89,0,,,48,0,1580,17533,19113,52
2020-10-13,47057,47057,486,3,442,2,44,1,64,-9,28,0,,,4,0,536,6854,7390,25
2020-10-13,47055,47055,815,0,787,-1,28,1,145,-11,42,1,,,29,1,948,10133,11081,18
2020-10-13,47053,47053,1960,15,1518,8,442,7,174,-15,62,0,,,29,1,2110,16798,18908,28
2020-10-13,47051,47051,1144,5,1095,2,49,3,106,-11,48,1,,,13,1,1382,16651,18033,33
2020-10-13,47069,47069,1708,3,1615,2,93,1,104,-7,64,0,,,30,0,1945,15377,17322,25
2020-10-14,47139,47139,448,-1,430,-1,18,0,28,-2,20,0,,,13,0,514,4209,4723,6
2020-10-14,47127,47127,227,5,199,2,28,3,32,3,6,1,,,1,0,250,2756,3006,18
2020-10-14,47129,47129,380,4,354,3,26,1,49,3,10,0,,,6,0,407,8854,9261,52
2020-10-14,47131,47131,1555,35,1427,11,128,24,255,9,53,1,,,18,3,1650,11502,13152,80
2020-10-14,47137,47137,218,6,159,6,59,0,69,0,5,0,,,3,0,209,1155,1364,41
2020-10-14,47133,47133,1032,18,890,12,142,6,199,1,32,0,,,8,0,1092,8079,9171,113
2020-10-14,,47PEN,3387,-73,3095,-87,292,14,655,-50,53,0,,,6,0,3664,192842,196506,507
2020-10-14,47135,47135,175,5,154,5,21,0,19,4,7,0,,,1,0,189,3816,4005,18
2020-10-14,47125,47125,3623,31,3408,26,215,5,364,13,128,0,,,50,0,3966,45797,49763,194
2020-10-14,,47OOS,3398,-8,3268,-13,130,5,542,-39,107,1,,,31,2,3269,309620,312889,1530
2020-10-14,47123,47123,1239,30,1188,28,51,2,131,25,73,0,,,21,0,1393,12365,13758,137
2020-10-14,47117,47117,968,12,953,11,15,1,151,3,28,2,,,6,1,1098,10363,11461,46
2020-10-14,47109,47109,1048,6,842,3,206,3,88,-4,39,1,,,24,1,1176,8663,9839,25
2020-10-14,47107,47107,1370,13,1344,13,26,0,173,7,70,2,,,31,0,1582,19055,20637,94
2020-10-14,47119,47119,2858,53,2810,53,48,0,327,30,99,1,,,34,0,3243,29919,33162,340
2020-10-14,47115,47115,640,7,626,9,14,-2,63,1,43,0,,,9,0,759,7047,7806,273
2020-10-14,47113,47113,3432,17,2495,0,937,17,278,1,190,0,,,76,0,3556,30974,34530,41
2020-10-14,47111,47111,1214,15,1162,15,52,0,103,9,82,0,,,23,1,1449,8177,9626,74
2020-10-14,47105,47105,1483,24,1435,23,48,1,208,4,43,0,,,9,0,1617,15106,16723,133
2020-10-14,47103,47103,745,10,718,9,27,1,80,4,21,0,,,2,0,871,8956,9827,25
2020-10-14,47101,47101,294,3,292,3,2,0,69,-1,17,1,,,2,1,325,5053,5378,12
2020-10-14,47121,47121,265,3,260,3,5,0,30,2,13,0,,,4,0,300,3505,3805,43
2020-10-14,47141,47141,3899,66,3594,68,305,-2,395,37,123,0,,,51,0,4605,33645,38250,641
2020-10-14,47099,47099,1332,25,1308,25,24,0,199,19,49,0,,,17,0,1501,12329,13830,108
2020-10-14,47145,47145,1111,27,1060,25,51,2,162,18,36,0,,,6,0,1266,19776,21042,456
2020-10-14,47187,47187,6194,31,6003,24,191,7,620,-17,131,4,,,47,0,7109,77568,84677,280
2020-10-14,47185,47185,1014,14,936,14,78,0,104,0,50,1,,,13,2,1268,11532,12800,106
2020-10-14,47183,47183,1394,14,1267,7,127,7,126,3,33,0,,,23,0,1503,12349,13852,47
2020-10-14,47181,47181,1546,3,1526,3,20,0,24,-3,20,1,,,7,1,1679,6387,8066,14
2020-10-14,47179,47179,2801,18,2721,17,80,1,301,-6,121,0,,,42,0,3194,34844,38038,309
2020-10-14,47177,47177,1252,22,1158,22,94,0,128,15,17,-1,,,9,0,1396,14752,16148,189
2020-10-14,47175,47175,185,4,170,4,15,0,18,3,7,0,,,1,0,202,2392,2594,60
2020-10-14,47173,47173,470,9,425,8,45,1,56,2,14,0,,,2,0,484,5425,5909,34
2020-10-14,47171,47171,309,2,302,3,7,-1,13,2,15,1,,,1,0,365,7080,7445,20
2020-10-14,47169,47169,1717,3,1706,3,11,0,27,1,26,0,,,7,0,1797,5410,7207,23
2020-10-14,47167,47167,2113,29,1883,12,230,17,211,12,91,0,,,22,0,2421,23678,26099,134
2020-10-14,47165,47165,5360,22,5310,21,50,1,300,-23,402,1,,,105,0,6370,51143,57513,429
2020-10-14,47163,47163,2830,48,2657,46,173,2,426,8,194,2,,,40,1,3027,34515,37542,297
2020-10-14,47161,47161,294,4,272,4,22,0,50,-6,6,0,,,6,0,324,3305,3629,17
2020-10-14,47159,47159,896,11,865,11,31,0,105,-5,31,0,,,12,0,1142,6384,7526,52
2020-10-14,47157,47157,33288,121,32762,105,526,16,1630,-29,2091,5,,,545,5,41155,411880,453035,1829
2020-10-14,47155,47155,3006,33,2899,31,107,2,257,12,104,1,,,19,0,3302,28267,31569,271
2020-10-14,47153,47153,289,5,284,5,5,0,35,0,12,2,,,3,2,320,5573,5893,12
2020-10-14,47151,47151,294,11,273,8,21,3,50,1,19,0,,,3,0,303,4982,5285,86
2020-10-14,47149,47149,10570,60,10436,60,134,0,769,13,278,2,,,104,1,12838,94797,107635,458
2020-10-14,47147,47147,2401,5,2368,4,33,1,109,-9,165,0,,,39,0,2900,19385,22285,35
2020-10-14,47143,47143,988,7,973,6,15,1,77,-1,31,0,,,16,0,1168,11962,13130,134
2020-10-14,47097,47097,1206,11,1048,1,158,10,164,-4,44,1,,,16,0,1252,12316,13568,46
2020-10-14,47189,47189,4155,37,4066,34,89,3,425,3,125,1,,,52,0,4859,42687,47546,372
2020-10-14,47093,47093,11257,151,10746,146,511,5,992,-12,396,7,,,83,0,12185,147158,159343,830
2020-10-14,47041,47041,645,8,615,8,30,0,56,4,24,0,,,16,0,783,8986,9769,122
2020-10-14,47039,47039,600,8,470,6,130,2,43,1,20,0,,,11,0,646,6519,7165,17
2020-10-14,47037,47037,28717,88,28488,85,229,3,1395,-17,1109,6,,,323,1,35907,395236,431143,2189
2020-10-14,47035,47035,1427,19,1384,18,43,1,163,8,63,0,,,24,0,1724,25353,27077,181
2020-10-14,47033,47033,699,18,560,6,139,12,126,15,21,0,,,19,0,714,4149,4863,26
2020-10-14,47031,47031,1630,18,1419,8,211,10,266,-10,47,1,,,18,0,1847,21664,23511,95
2020-10-14,47029,47029,870,5,795,5,75,0,84,-3,44,0,,,11,0,912,9075,9987,85
2020-10-14,47027,47027,344,19,287,17,57,2,86,15,10,1,,,6,0,347,3215,3562,54
2020-10-14,47025,47025,484,5,436,3,48,2,27,3,19,0,,,5,0,537,11586,12123,42
2020-10-14,47023,47023,699,9,570,8,129,1,39,9,22,0,,,13,0,777,6028,6805,13
2020-10-14,47021,47021,912,4,893,3,19,1,68,-2,30,0,,,10,0,1077,12151,13228,29
2020-10-14,47019,47019,1339,7,1279,7,60,0,108,3,91,0,,,32,0,1457,17637,19094,112
2020-10-14,47017,47017,1063,5,884,4,179,1,94,-11,48,0,,,24,0,1093,12048,13141,53
2020-10-14,47015,47015,361,0,341,0,20,0,51,0,10,1,,,2,0,424,4513,4937,21
2020-10-14,47013,47013,747,26,661,15,86,11,244,12,33,1,,,5,0,770,12879,13649,70
2020-10-14,47011,47011,3279,13,3147,9,132,4,228,4,192,0,,,20,0,3827,28034,31861,199
2020-10-14,47009,47009,2947,36,2877,34,70,2,284,13,120,0,,,31,0,3377,32415,35792,186
2020-10-14,47007,47007,901,3,895,4,6,-1,30,0,20,0,,,4,0,947,8386,9333,16
2020-10-14,47005,47005,368,2,351,2,17,0,23,1,17,0,,,9,0,392,4979,5371,13
2020-10-14,47003,47003,1536,13,1452,10,84,3,131,5,56,-1,,,19,0,1804,14439,16243,58
2020-10-14,47001,47001,1463,35,1408,33,55,2,173,15,41,0,,,13,0,1657,28743,30400,338
2020-10-14,47043,47043,1472,10,1291,6,181,4,139,-5,60,0,,,17,0,1775,15900,17675,67
2020-10-14,47045,47045,1840,39,1618,22,222,17,324,12,69,4,,,24,3,1913,13217,15130,123
2020-10-14,47095,47095,952,1,945,0,7,1,21,1,7,0,,,3,0,1154,6557,7711,43
2020-10-14,47049,47049,802,17,705,17,97,0,153,0,29,0,,,5,-1,866,4831,5697,145
2020-10-14,47091,47091,1050,1,1035,1,15,0,275,-5,31,0,,,6,1,1117,7040,8157,215
2020-10-14,47089,47089,1380,12,1204,5,176,7,169,-2,71,3,,,17,0,1435,19045,20480,128
2020-10-14,47087,47087,399,4,353,3,46,1,42,-2,18,0,,,5,0,444,2709,3153,55
2020-10-14,47085,47085,367,9,291,3,76,6,69,2,13,2,,,4,0,387,6155,6542,23
2020-10-14,47083,47083,370,9,333,9,37,0,55,-3,27,1,,,14,0,393,2823,3216,290
2020-10-14,47047,47047,1432,18,1376,15,56,3,168,13,76,0,,,21,-2,1770,17342,19112,109
2020-10-14,47079,47079,697,1,677,1,20,0,42,-3,39,0,,,10,0,816,10639,11455,30
2020-10-14,47077,47077,1327,11,1059,3,268,8,101,1,44,0,,,24,0,1568,9781,11349,11
2020-10-14,47075,47075,1159,9,1084,7,75,2,103,-6,46,0,,,25,0,1265,7490,8755,36
2020-10-14,47073,47073,1016,21,975,19,41,2,132,10,67,0,,,23,1,1125,11391,12516,194
2020-10-14,47081,47081,710,8,654,7,56,1,74,6,20,0,,,13,0,844,8323,9167,48
2020-10-14,47069,47069,1727,19,1634,19,93,0,109,5,68,4,,,32,2,1967,15412,17379,57
2020-10-14,47067,47067,112,1,102,1,10,0,3,1,11,0,,,3,0,121,2110,2231,6
2020-10-14,47065,47065,10730,64,10276,57,454,7,757,-8,424,-2,,,100,-2,12108,150387,162495,728
2020-10-14,47063,47063,2254,25,2057,22,197,3,233,14,114,0,,,41,0,2426,24588,27014,214
2020-10-14,47061,47061,467,5,428,5,39,0,89,-4,30,0,,,8,0,528,2949,3477,16
2020-10-14,47059,47059,1383,9,1298,8,85,1,164,-6,89,0,,,48,0,1589,17607,19196,83
2020-10-14,47057,47057,491,5,445,3,46,2,60,-4,28,0,,,4,0,544,6917,7461,71
2020-10-14,47055,47055,824,9,794,7,30,2,141,-4,43,1,,,31,2,954,10148,11102,21
2020-10-14,47053,47053,1982,22,1523,5,459,17,180,6,64,2,,,33,4,2117,16843,18960,52
2020-10-14,47051,47051,1154,10,1105,10,49,0,108,2,48,0,,,14,1,1392,16689,18081,48
2020-10-14,47071,47071,1240,21,1015,19,225,2,129,10,28,0,,,19,0,1322,13564,14886,75
2020-10-15,47127,47127,228,1,201,2,27,-1,31,-1,6,0,,,1,0,254,2769,3023,17
2020-10-15,47129,47129,391,11,364,10,27,1,55,6,10,0,,,6,0,417,8889,9306,45
2020-10-15,47131,47131,1580,25,1444,17,136,8,249,-6,53,0,,,18,0,1670,11647,13317,165
2020-10-15,,47OOS,3472,74,3343,75,129,-1,590,48,109,2,,,33,2,3323,311546,314869,1980
2020-10-15,47139,47139,451,3,432,2,19,1,28,0,20,0,,,13,0,515,4249,4764,41
2020-10-15,,47PEN,3437,50,3150,55,287,-5,674,19,52,-1,,,3,-3,3715,194019,197734,1228
2020-10-15,47135,47135,176,1,155,1,21,0,18,-1,7,0,,,1,0,190,3821,4011,6
2020-10-15,47137,47137,220,2,160,1,60,1,70,1,5,0,,,3,0,208,1252,1460,96
2020-10-15,47133,47133,1055,23,902,12,153,11,208,9,32,0,,,11,3,1104,8171,9275,104
2020-10-15,47125,47125,3678,55,3463,55,215,0,394,30,129,1,,,51,1,4024,46200,50224,461
2020-10-15,47103,47103,763,18,734,16,29,2,91,11,21,0,,,2,0,890,8999,9889,62
2020-10-15,47109,47109,1058,10,851,9,207,1,82,-6,39,0,,,25,1,1187,8743,9930,91
2020-10-15,47107,47107,1406,36,1379,35,27,1,195,22,70,0,,,32,1,1621,19264,20885,248
2020-10-15,47119,47119,2874,16,2827,17,47,-1,322,-5,99,0,,,34,0,3262,29998,33260,98
2020-10-15,47117,47117,987,19,971,18,16,1,161,10,28,0,,,8,2,1118,10474,11592,131
2020-10-15,47115,47115,652,12,638,12,14,0,69,6,44,1,,,9,0,777,7205,7982,176
2020-10-15,47113,47113,3468,36,2521,26,947,10,286,8,190,0,,,78,2,3587,31108,34695,165
2020-10-15,47111,47111,1231,17,1178,16,53,1,103,0,82,0,,,23,0,1465,8297,9762,136
2020-10-15,47105,47105,1498,15,1448,13,50,2,204,-4,44,1,,,10,1,1627,15200,16827,104
2020-10-15,47141,47141,3948,49,3634,40,314,9,405,10,123,0,,,51,0,4646,34156,38802,552
2020-10-15,47123,47123,1263,24,1211,23,52,1,140,9,73,0,,,21,0,1415,12462,13877,119
2020-10-15,47143,47143,998,10,984,11,14,-1,78,1,31,0,,,16,0,1182,12058,13240,110
2020-10-15,47165,47165,5428,68,5377,67,51,1,326,26,403,1,,,106,1,6447,51822,58269,756
2020-10-15,47147,47147,2419,18,2384,16,35,2,112,3,167,2,,,39,0,2918,19584,22502,217
2020-10-15,47189,47189,4176,21,4086,20,90,1,401,-24,125,0,,,52,0,4887,42909,47796,250
2020-10-15,47187,47187,6274,80,6077,74,197,6,619,-1,131,0,,,47,0,7195,78143,85338,661
2020-10-15,47185,47185,1032,18,954,18,78,0,114,10,50,0,,,14,1,1287,11616,12903,103
2020-10-15,47183,47183,1400,6,1272,5,128,1,115,-11,33,0,,,23,0,1509,12394,13903,51
2020-10-15,47181,47181,1546,0,1526,0,20,0,21,-3,20,0,,,7,0,1680,6413,8093,27
2020-10-15,47179,47179,2855,54,2775,54,80,0,319,18,123,2,,,42,0,3253,35221,38474,436
2020-10-15,47177,47177,1282,30,1188,30,94,0,154,26,17,0,,,9,0,1432,14897,16329,181
2020-10-15,47175,47175,186,1,171,1,15,0,17,-1,7,0,,,1,0,204,2405,2609,15
2020-10-15,47173,47173,474,4,427,2,47,2,50,-6,15,1,,,2,0,487,5447,5934,25
2020-10-15,47171,47171,330,21,311,9,19,12,33,20,15,0,,,1,0,375,7132,7507,62
2020-10-15,47169,47169,1717,0,1706,0,11,0,26,-1,26,0,,,7,0,1798,5432,7230,23
2020-10-15,47167,47167,2123,10,1896,13,227,-3,209,-2,92,1,,,22,0,2437,23815,26252,153
2020-10-15,47101,47101,300,6,297,5,3,1,69,0,17,0,,,2,0,330,5092,5422,44
2020-10-15,47163,47163,2914,84,2736,79,178,5,485,59,195,1,,,42,2,3106,34786,37892,350
2020-10-15,47161,47161,297,3,275,3,22,0,49,-1,6,0,,,7,1,327,3329,3656,27
2020-10-15,47159,47159,907,11,875,10,32,1,106,1,31,0,,,12,0,1157,6435,7592,66
2020-10-15,47157,47157,33443,155,32916,154,527,1,1661,31,2099,8,,,547,2,41345,414224,455569,2534
2020-10-15,47155,47155,3044,38,2934,35,110,3,281,24,104,0,,,20,1,3339,28561,31900,331
2020-10-15,47153,47153,301,12,296,12,5,0,45,10,12,0,,,4,1,332,5663,5995,102
2020-10-15,47151,47151,299,5,275,2,24,3,53,3,19,0,,,3,0,305,5006,5311,26
2020-10-15,47149,47149,10637,67,10500,64,137,3,763,-6,279,1,,,105,1,12910,95602,108512,877
2020-10-15,47145,47145,1123,12,1069,9,54,3,161,-1,37,1,,,6,0,1272,20019,21291,249
2020-10-15,47099,47099,1368,36,1344,36,24,0,224,25,49,0,,,17,0,1545,12431,13976,146
2020-10-15,47121,47121,269,4,265,5,4,-1,31,1,13,0,,,4,0,306,3528,3834,29
2020-10-15,47097,47097,1232,26,1071,23,161,3,176,12,44,0,,,17,1,1278,12399,13677,109
2020-10-15,47041,47041,653,8,623,8,30,0,57,1,24,0,,,16,0,793,9042,9835,66
2020-10-15,47039,47039,607,7,477,7,130,0,44,1,20,0,,,11,0,652,6548,7200,35
2020-10-15,47037,47037,28895,178,28664,176,231,2,1465,70,1112,3,,,324,1,36111,398328,434439,3296
2020-10-15,47035,47035,1446,19,1403,19,43,0,164,1,63,0,,,24,0,1749,25551,27300,223
2020-10-15,47033,47033,715,16,569,9,146,7,132,6,21,0,,,19,0,723,4175,4898,35
2020-10-15,47031,47031,1668,38,1457,38,211,0,286,20,47,0,,,19,1,1888,21989,23877,366
2020-10-15,47029,47029,878,8,800,5,78,3,86,2,45,1,,,12,1,918,9130,10048,61
2020-10-15,47027,47027,351,7,297,10,54,-3,87,1,10,0,,,7,1,356,3234,3590,28
2020-10-15,47023,47023,703,4,574,4,129,0,41,2,22,0,,,13,0,782,6041,6823,18
2020-10-15,47021,47021,927,15,907,14,20,1,79,11,30,0,,,10,0,1091,12214,13305,77
2020-10-15,47019,47019,1359,20,1298,19,61,1,119,11,92,1,,,32,0,1476,17875,19351,257
2020-10-15,47017,47017,1072,9,894,10,178,-1,86,-8,49,1,,,24,0,1105,12116,13221,80
2020-10-15,47015,47015,366,5,347,6,19,-1,49,-2,10,0,,,2,0,433,4547,4980,43
2020-10-15,47013,47013,786,39,676,15,110,24,261,17,35,2,,,6,1,788,13050,13838,189
2020-10-15,47011,47011,3306,27,3173,26,133,1,237,9,192,0,,,21,1,3853,28269,32122,261
2020-10-15,47009,47009,2974,27,2901,24,73,3,279,-5,121,1,,,31,0,3409,32799,36208,416
2020-10-15,47007,47007,906,5,900,5,6,0,32,2,20,0,,,4,0,951,8409,9360,27
2020-10-15,47005,47005,370,2,353,2,17,0,24,1,17,0,,,9,0,394,5009,5403,32
2020-10-15,47003,47003,1548,12,1464,12,84,0,137,6,55,-1,,,19,0,1819,14563,16382,139
2020-10-15,47001,47001,1486,23,1423,15,63,8,185,12,41,0,,,13,0,1677,28922,30599,199
2020-10-15,47095,47095,954,2,946,1,8,1,19,-2,7,0,,,3,0,1155,6603,7758,47
2020-10-15,47043,47043,1487,15,1303,12,184,3,144,5,61,1,,,18,1,1786,15978,17764,89
2020-10-15,47045,47045,1874,34,1647,29,227,5,333,9,69,0,,,24,0,1942,13324,15266,136
2020-10-15,47025,47025,487,3,437,1,50,2,29,2,20,1,,,6,1,538,11645,12183,60
2020-10-15,47049,47049,812,10,715,10,97,0,141,-12,29,0,,,5,0,879,5022,5901,204
2020-10-15,47047,47047,1453,21,1397,21,56,0,178,10,78,2,,,21,0,1796,17450,19246,134
2020-10-15,47091,47091,1060,10,1045,10,15,0,277,2,31,0,,,6,0,1127,7258,8385,228
2020-10-15,47089,47089,1393,13,1212,8,181,5,161,-8,71,0,,,18,1,1448,19113,20561,81
2020-10-15,47087,47087,403,4,357,4,46,0,42,0,18,0,,,5,0,448,2765,3213,60
2020-10-15,47085,47085,377,10,299,8,78,2,73,4,13,0,,,4,0,395,6200,6595,53
2020-10-15,47083,47083,373,3,336,3,37,0,48,-7,27,0,,,14,0,396,2965,3361,145
2020-10-15,47081,47081,711,1,657,3,54,-2,62,-12,20,0,,,13,0,849,8351,9200,33
2020-10-15,47079,47079,708,11,688,11,20,0,45,3,39,0,,,10,0,828,10682,11510,55
2020-10-15,47077,47077,1335,8,1066,7,269,1,100,-1,44,0,,,24,0,1578,9858,11436,87
2020-10-15,47075,47075,1169,10,1090,6,79,4,102,-1,46,0,,,25,0,1271,7521,8792,37
2020-10-15,47073,47073,1039,23,996,21,43,2,145,13,67,0,,,23,0,1150,11507,12657,141
2020-10-15,47093,47093,11389,132,10871,125,518,7,1037,45,401,5,,,84,1,12328,148535,160863,1520
2020-10-15,47069,47069,1733,6,1638,4,95,2,102,-7,69,1,,,32,0,1971,15430,17401,22
2020-10-15,47071,47071,1245,5,1019,4,226,1,119,-10,28,0,,,19,0,1329,13625,14954,68
2020-10-15,47053,47053,1997,15,1528,5,469,10,162,-18,64,0,,,36,3,2127,16938,19065,105
2020-10-15,47055,47055,850,26,821,27,29,-1,133,-8,44,1,,,30,-1,987,10282,11269,167
2020-10-15,47057,47057,497,6,452,7,45,-1,60,0,28,0,,,4,0,551,6935,7486,25
2020-10-15,47059,47059,1435,52,1350,52,85,0,197,33,89,0,,,48,0,1644,17796,19440,244
2020-10-15,47051,47051,1169,15,1120,15,49,0,115,7,48,0,,,14,0,1408,16827,18235,154
2020-10-15,47063,47063,2271,17,2070,13,201,4,224,-9,117,3,,,43,2,2442,24763,27205,191
2020-10-15,47065,47065,10785,55,10317,41,468,14,735,-22,424,0,,,101,1,12163,150987,163150,655
2020-10-15,47067,47067,112,0,102,0,10,0,2,-1,11,0,,,3,0,121,2114,2235,4
2020-10-15,47061,47061,483,16,444,16,39,0,91,2,31,1,,,8,0,545,3007,3552,75
2020-10-16,47125,47125,3691,13,3478,15,213,-2,375,-19,131,2,,,51,0,4038,46312,50350,126
2020-10-16,47135,47135,176,0,155,0,21,0,18,0,7,0,,,1,0,190,3819,4009,-2
2020-10-16,,47PEN,3434,-3,3156,6,278,-9,622,-52,53,1,,,3,0,3724,194361,198085,351
2020-10-16,47133,47133,1058,3,907,5,151,-2,204,-4,33,1,,,11,0,1107,8175,9282,7
2020-10-16,,47OOS,3440,-32,3312,-31,128,-1,525,-65,109,0,,,31,-2,3265,312419,315684,815
2020-10-16,47131,47131,1583,3,1446,2,137,1,223,-26,53,0,,,17,-1,1675,11653,13328,11
2020-10-16,47137,47137,221,1,162,2,59,-1,62,-8,6,1,,,4,1,212,1253,1465,5
2020-10-16,47129,47129,393,2,365,1,28,1,49,-6,10,0,,,6,0,418,8898,9316,10
2020-10-16,47127,47127,230,2,202,1,28,1,32,1,6,0,,,2,1,255,2773,3028,5
2020-10-16,47123,47123,1274,11,1221,10,53,1,143,3,75,2,,,22,1,1425,12471,13896,19
2020-10-16,47115,47115,654,2,640,2,14,0,71,2,44,0,,,9,0,778,7212,7990,8
2020-10-16,47109,47109,1059,1,852,1,207,0,79,-3,39,0,,,24,-1,1188,8779,9967,37
2020-10-16,47107,47107,1413,7,1384,5,29,2,183,-12,70,0,,,32,0,1628,19289,20917,32
2020-10-16,47119,47119,2885,11,2836,9,49,2,309,-13,101,2,,,35,1,3270,30009,33279,19
2020-10-16,47117,47117,992,5,975,4,17,1,154,-7,28,0,,,8,0,1124,10481,11605,13
2020-10-16,47113,47113,3495,27,2537,16,958,11,293,7,190,0,,,78,0,3604,31137,34741,46
2020-10-16,47111,47111,1234,3,1178,0,56,3,100,-3,83,1,,,22,-1,1465,8305,9770,8
2020-10-16,47105,47105,1507,9,1458,10,49,-1,193,-11,44,0,,,10,0,1640,15214,16854,27
2020-10-16,47103,47103,770,7,738,4,32,3,93,2,22,1,,,2,0,896,9004,9900,11
2020-10-16,47101,47101,304,4,301,4,3,0,69,0,17,0,,,2,0,336,5100,5436,14
2020-10-16,47139,47139,451,0,432,0,19,0,26,-2,20,0,,,13,0,515,4258,4773,9
2020-10-16,47121,47121,277,8,273,8,4,0,37,6,13,0,,,4,0,314,3533,3847,13
2020-10-16,47141,47141,3948,0,3634,0,314,0,379,-26,123,0,,,51,0,4646,34167,38813,11
2020-10-16,47099,47099,1376,8,1352,8,24,0,216,-8,49,0,,,17,0,1554,12437,13991,15
2020-10-16,47145,47145,1130,7,1076,7,54,0,157,-4,37,0,,,6,0,1280,20050,21330,39
2020-10-16,47187,47187,6294,20,6086,9,208,11,573,-46,133,2,,,47,0,7206,78205,85411,73
2020-10-16,47185,47185,1032,0,953,-1,79,1,97,-17,50,0,,,14,0,1287,11619,12906,3
2020-10-16,47183,47183,1404,4,1275,3,129,1,101,-14,33,0,,,23,0,1512,12406,13918,15
2020-10-16,47181,47181,1548,2,1529,3,19,-1,22,1,20,0,,,7,0,1682,6413,8095,2
2020-10-16,47179,47179,2874,19,2792,17,82,2,310,-9,123,0,,,42,0,3274,35313,38587,113
2020-10-16,47177,47177,1283,1,1188,0,95,1,145,-9,17,0,,,9,0,1430,14908,16338,9
2020-10-16,47175,47175,186,0,171,0,15,0,17,0,7,0,,,1,0,204,2405,2609,0
2020-10-16,47173,47173,476,2,429,2,47,0,47,-3,15,0,,,2,0,489,5450,5939,5
2020-10-16,47171,47171,330,0,317,6,13,-6,33,0,16,1,,,1,0,377,7140,7517,10
2020-10-16,47169,47169,1717,0,1706,0,11,0,24,-2,26,0,,,7,0,1797,5434,7231,1
2020-10-16,47167,47167,2128,5,1898,2,230,3,200,-9,92,0,,,22,0,2442,23834,26276,24
2020-10-16,47165,47165,5442,14,5387,10,55,4,311,-15,404,1,,,106,0,6462,51896,58358,89
2020-10-16,47163,47163,2943,29,2764,28,179,1,487,2,197,2,,,42,0,3137,34857,37994,102
2020-10-16,47161,47161,299,2,276,1,23,1,48,-1,6,0,,,7,0,328,3334,3662,6
2020-10-16,47159,47159,908,1,875,0,33,1,97,-9,32,1,,,12,0,1156,6438,7594,2
2020-10-16,47157,47157,33507,64,32971,55,536,9,1570,-91,2108,9,,,548,1,41401,415155,456556,987
2020-10-16,47155,47155,3054,10,2943,9,111,1,273,-8,104,0,,,20,0,3349,28602,31951,51
2020-10-16,47153,47153,306,5,301,5,5,0,45,0,12,0,,,4,0,337,5670,6007,12
2020-10-16,47151,47151,300,1,275,0,25,1,48,-5,19,0,,,3,0,306,5007,5313,2
2020-10-16,47149,47149,10654,17,10516,16,138,1,727,-36,280,1,,,105,0,12932,95681,108613,101
2020-10-16,47147,47147,2426,7,2390,6,36,1,112,0,171,4,,,40,1,2934,19629,22563,61
2020-10-16,47143,47143,1003,5,988,4,15,1,74,-4,32,1,,,16,0,1186,12067,13253,13
2020-10-16,47189,47189,4184,8,4087,1,97,7,363,-38,126,1,,,52,0,4889,42931,47820,24
2020-10-16,47097,47097,1240,8,1077,6,163,2,168,-8,44,0,,,18,1,1285,12451,13736,59
2020-10-16,47093,47093,11441,52,10913,42,528,10,972,-65,410,9,,,85,1,12370,148680,161050,187
2020-10-16,47041,47041,654,1,625,2,29,-1,53,-4,24,0,,,16,0,794,9044,9838,3
2020-10-16,47039,47039,607,0,477,0,130,0,40,-4,20,0,,,11,0,652,6554,7206,6
2020-10-16,47037,47037,28933,38,28699,35,234,3,1373,-92,1123,11,,,324,0,36155,398757,434912,473
2020-10-16,47035,47035,1449,3,1406,3,43,0,153,-11,66,3,,,24,0,1754,25563,27317,17
2020-10-16,47033,47033,716,1,572,3,144,-2,122,-10,21,0,,,19,0,723,4177,4900,2
2020-10-16,47031,47031,1669,1,1458,1,211,0,261,-25,47,0,,,19,0,1892,22018,23910,33
2020-10-16,47029,47029,884,6,806,6,78,0,83,-3,45,0,,,12,0,923,9137,10060,12
2020-10-16,47027,47027,351,0,297,0,54,0,83,-4,10,0,,,7,0,356,3243,3599,9
2020-10-16,47025,47025,488,1,438,1,50,0,29,0,20,0,,,6,0,538,11666,12204,21
2020-10-16,47023,47023,703,0,574,0,129,0,38,-3,22,0,,,13,0,782,6047,6829,6
2020-10-16,47021,47021,929,2,909,2,20,0,74,-5,31,1,,,11,1,1092,12223,13315,10
2020-10-16,47019,47019,1366,7,1306,8,60,-1,115,-4,92,0,,,32,0,1486,17923,19409,58
2020-10-16,47017,47017,1071,-1,896,2,175,-3,80,-6,49,0,,,24,0,1102,12192,13294,73
2020-10-16,47015,47015,366,0,347,0,19,0,46,-3,10,0,,,2,0,428,4552,4980,0
2020-10-16,47013,47013,796,10,688,12,108,-2,254,-7,35,0,,,6,0,802,13060,13862,24
2020-10-16,47011,47011,3312,6,3180,7,132,-1,221,-16,192,0,,,21,0,3859,28330,32189,67
2020-10-16,47009,47009,3001,27,2922,21,79,6,279,0,121,0,,,31,0,3432,32808,36240,32
2020-10-16,47007,47007,905,-1,899,-1,6,0,29,-3,20,0,,,4,0,952,8412,9364,4
2020-10-16,47005,47005,374,4,356,3,18,1,27,3,17,0,,,9,0,398,5099,5497,94
2020-10-16,47003,47003,1551,3,1467,3,84,0,134,-3,55,0,,,20,1,1827,14574,16401,19
2020-10-16,47001,47001,1498,12,1432,9,66,3,174,-11,41,0,,,13,0,1682,28966,30648,49
2020-10-16,47043,47043,1499,12,1306,3,193,9,141,-3,60,-1,,,18,0,1795,16011,17806,42
2020-10-16,47045,47045,1881,7,1652,5,229,2,313,-20,70,1,,,24,0,1946,13337,15283,17
2020-10-16,47095,47095,955,1,947,1,8,0,20,1,7,0,,,3,0,1156,6604,7760,2
2020-10-16,47049,47049,813,1,718,3,95,-2,123,-18,29,0,,,6,1,882,5028,5910,9
2020-10-16,47047,47047,1456,3,1400,3,56,0,157,-21,78,0,,,21,0,1796,17470,19266,20
2020-10-16,47091,47091,1060,0,1046,1,14,-1,266,-11,31,0,,,6,0,1128,7261,8389,4
2020-10-16,47089,47089,1407,14,1224,12,183,2,161,0,73,2,,,18,0,1461,19133,20594,33
2020-10-16,47087,47087,406,3,360,3,46,0,39,-3,18,0,,,5,0,451,2766,3217,4
2020-10-16,47085,47085,385,8,303,4,82,4,74,1,13,0,,,4,0,399,6210,6609,14
2020-10-16,47083,47083,375,2,338,2,37,0,48,0,30,3,,,14,0,399,2967,3366,5
2020-10-16,47079,47079,707,-1,687,-1,20,0,41,-4,39,0,,,10,0,827,10703,11530,20
2020-10-16,47077,47077,1338,3,1068,2,270,1,94,-6,44,0,,,24,0,1580,9861,11441,5
2020-10-16,47075,47075,1173,4,1093,3,80,1,92,-10,46,0,,,25,0,1275,7519,8794,2
2020-10-16,47073,47073,1043,4,1000,4,43,0,134,-11,68,1,,,23,0,1154,11527,12681,24
2020-10-16,47081,47081,714,3,658,1,56,2,55,-7,20,0,,,13,0,850,8341,9191,-9
2020-10-16,47069,47069,1739,6,1645,7,94,-1,97,-5,69,0,,,32,0,1977,15442,17419,18
2020-10-16,47067,47067,112,0,102,0,10,0,2,0,11,0,,,3,0,121,2120,2241,6
2020-10-16,47065,47065,10834,49,10354,37,480,12,724,-11,425,1,,,101,0,12205,151509,163714,564
2020-10-16,47063,47063,2281,10,2080,10,201,0,212,-12,118,1,,,43,0,2451,24859,27310,105
2020-10-16,47051,47051,1173,4,1124,4,49,0,114,-1,48,0,,,14,0,1416,16876,18292,57
2020-10-16,47061,47061,488,5,449,5,39,0,88,-3,32,1,,,8,0,551,3009,3560,8
2020-10-16,47059,47059,1444,9,1355,5,89,4,193,-4,90,1,,,48,0,1647,17918,19565,125
2020-10-16,47057,47057,509,12,463,11,46,1,69,9,28,0,,,4,0,560,6943,7503,17
2020-10-16,47055,47055,855,5,828,7,27,-2,129,-4,48,4,,,31,1,994,10286,11280,11
2020-10-16,47053,47053,2002,5,1532,4,470,1,147,-15,64,0,,,36,0,2130,16967,19097,32
2020-10-16,47071,47071,1247,2,1019,0,228,2,114,-5,29,1,,,19,0,1328,13629,14957,3
2020-10-17,47127,47127,239,9,207,5,32,4,36,4,6,0,,,2,0,260,2793,3053,25
2020-10-17,47129,47129,399,6,371,6,28,0,51,2,10,0,,,6,0,425,8944,9369,53
2020-10-17,47131,47131,1611,28,1464,18,147,10,210,-13,53,0,,,17,0,1693,11746,13439,111
2020-10-17,47137,47137,229,8,168,6,61,2,56,-6,7,1,,,5,1,219,1289,1508,43
2020-10-17,47133,47133,1094,36,932,25,162,11,216,12,34,1,,,11,0,1133,8273,9406,124
2020-10-17,,47PEN,3461,27,3180,24,281,3,656,34,51,-2,,,3,0,3742,195922,199664,1579
2020-10-17,47135,47135,190,14,166,11,24,3,31,13,9,2,,,1,0,201,3838,4039,30
2020-10-17,47125,47125,3740,49,3516,38,224,11,398,23,132,1,,,51,0,4085,46783,50868,518
2020-10-17,,47OOS,3531,91,3399,87,132,4,576,51,114,5,,,34,3,3344,314537,317881,2197
2020-10-17,47123,47123,1283,9,1230,9,53,0,145,2,76,1,,,23,1,1439,12538,13977,81
2020-10-17,47101,47101,323,19,318,17,5,2,79,10,17,0,,,2,0,352,5153,5505,69
2020-10-17,47109,47109,1067,8,860,8,207,0,80,1,41,2,,,25,1,1198,8843,10041,74
2020-10-17,47107,47107,1448,35,1420,36,28,-1,203,20,70,0,,,32,0,1666,19482,21148,231
2020-10-17,47119,47119,2910,25,2861,25,49,0,305,-4,103,2,,,35,0,3296,30286,33582,303
2020-10-17,47117,47117,1012,20,993,18,19,2,167,13,28,0,,,8,0,1146,10547,11693,88
2020-10-17,47115,47115,670,16,655,15,15,1,79,8,43,-1,,,9,0,794,7354,8148,158
2020-10-17,47113,47113,3571,76,2584,47,987,29,307,14,194,4,,,78,0,3659,31345,35004,263
2020-10-17,47111,47111,1252,18,1197,19,55,-1,107,7,83,0,,,24,2,1483,8438,9921,151
2020-10-17,47105,47105,1513,6,1463,5,50,1,176,-17,44,0,,,10,0,1647,15372,17019,165
2020-10-17,47103,47103,781,11,745,7,36,4,94,1,22,0,,,2,0,905,9049,9954,54
2020-10-17,47139,47139,458,7,437,5,21,2,30,4,21,1,,,13,0,521,4288,4809,36
2020-10-17,47121,47121,276,-1,272,-1,4,0,34,-3,13,0,,,4,0,314,3557,3871,24
2020-10-17,47141,47141,4009,61,3665,31,344,30,403,24,123,0,,,52,1,4682,34527,39209,396
2020-10-17,47163,47163,3072,129,2886,122,186,7,587,100,197,0,,,44,2,3261,35390,38651,657
2020-10-17,47145,47145,1146,16,1092,16,54,0,160,3,37,0,,,6,0,1301,20394,21695,365
2020-10-17,47099,47099,1405,29,1381,29,24,0,234,18,49,0,,,17,0,1585,12538,14123,132
2020-10-17,47187,47187,6374,80,6162,76,212,4,591,18,133,0,,,48,1,7298,78978,86276,865
2020-10-17,47185,47185,1047,15,965,12,82,3,101,4,49,-1,,,14,0,1298,11706,13004,98
2020-10-17,47183,47183,1416,12,1286,11,130,1,103,2,33,0,,,25,2,1524,12510,14034,116
2020-10-17,47181,47181,1552,4,1531,2,21,2,22,0,20,0,,,7,0,1685,6513,8198,103
2020-10-17,47179,47179,2933,59,2850,58,83,1,351,41,126,3,,,42,0,3334,35857,39191,604
2020-10-17,47177,47177,1293,10,1195,7,98,3,144,-1,17,0,,,9,0,1441,15092,16533,195
2020-10-17,47175,47175,190,4,175,4,15,0,19,2,8,1,,,1,0,210,2431,2641,32
2020-10-17,47173,47173,487,11,440,11,47,0,53,6,15,0,,,2,0,502,5516,6018,79
2020-10-17,47171,47171,340,10,324,7,16,3,42,9,17,1,,,1,0,385,7193,7578,61
2020-10-17,47169,47169,1720,3,1709,3,11,0,22,-2,26,0,,,7,0,1799,5477,7276,45
2020-10-17,47167,47167,2151,23,1914,16,237,7,208,8,92,0,,,22,0,2461,24013,26474,198
2020-10-17,47165,47165,5486,44,5430,43,56,1,334,23,406,2,,,106,0,6509,52599,59108,750
2020-10-17,47161,47161,301,2,277,1,24,1,45,-3,7,1,,,7,0,329,3366,3695,33
2020-10-17,47159,47159,920,12,880,5,40,7,107,10,32,0,,,13,1,1167,6502,7669,75
2020-10-17,47157,47157,33754,247,33207,236,547,11,1685,115,2112,4,,,549,1,41661,418933,460594,4038
2020-10-17,47155,47155,3109,55,2995,52,114,3,307,34,104,0,,,20,0,3405,28916,32321,370
2020-10-17,47153,47153,314,8,309,8,5,0,52,7,13,1,,,4,0,347,5763,6110,103
2020-10-17,47151,47151,311,11,281,6,30,5,53,5,19,0,,,4,1,312,5065,5377,64
2020-10-17,47149,47149,10770,116,10628,112,142,4,778,51,283,3,,,106,1,13042,96655,109697,1084
2020-10-17,47147,47147,2450,24,2414,24,36,0,131,19,171,0,,,39,-1,2956,19829,22785,222
2020-10-17,47143,47143,1014,11,999,11,15,0,74,0,32,0,,,16,0,1199,12175,13374,121
2020-10-17,47189,47189,4254,70,4155,68,99,2,396,33,130,4,,,53,1,4961,43317,48278,458
2020-10-17,47097,47097,1254,14,1094,17,160,-3,168,0,44,0,,,18,0,1304,12553,13857,121
2020-10-17,47093,47093,11559,118,11023,110,536,8,993,21,416,6,,,86,1,12499,149783,162282,1232
2020-10-17,47041,47041,661,7,632,7,29,0,57,4,24,0,,,16,0,802,9127,9929,91
2020-10-17,47039,47039,612,5,482,5,130,0,42,2,20,0,,,11,0,659,6703,7362,156
2020-10-17,47037,47037,29185,252,28942,243,243,9,1535,162,1130,7,,,325,1,36441,402820,439261,4349
2020-10-17,47035,47035,1467,18,1425,19,42,-1,154,1,66,0,,,24,0,1773,25795,27568,251
2020-10-17,47033,47033,735,19,585,13,150,6,130,8,22,1,,,20,1,738,4215,4953,53
2020-10-17,47031,47031,1696,27,1481,23,215,4,261,0,48,1,,,20,1,1918,22234,24152,242
2020-10-17,47029,47029,895,11,813,7,82,4,88,5,45,0,,,12,0,930,9258,10188,128
2020-10-17,47027,47027,355,4,298,1,57,3,82,-1,10,0,,,9,2,357,3261,3618,19
2020-10-17,47025,47025,489,1,439,1,50,0,27,-2,20,0,,,6,0,539,11738,12277,73
2020-10-17,47021,47021,942,13,921,12,21,1,76,2,31,0,,,11,0,1105,12314,13419,104
2020-10-17,47019,47019,1388,22,1326,20,62,2,127,12,92,0,,,32,0,1508,18171,19679,270
2020-10-17,47017,47017,1076,5,901,5,175,0,80,0,49,0,,,24,0,1108,12269,13377,83
2020-10-17,47015,47015,375,9,356,9,19,0,52,6,9,-1,,,2,0,441,4577,5018,38
2020-10-17,47013,47013,824,28,712,24,112,4,264,10,38,3,,,6,0,825,13150,13975,113
2020-10-17,47011,47011,3341,29,3204,24,137,5,230,9,192,0,,,21,0,3887,28561,32448,259
2020-10-17,47009,47009,3041,40,2957,35,84,5,295,16,121,0,,,31,0,3467,33093,36560,320
2020-10-17,47007,47007,913,8,906,7,7,1,34,5,20,0,,,4,0,959,8501,9460,96
2020-10-17,47005,47005,379,5,361,5,18,0,29,2,17,0,,,9,0,402,5125,5527,30
2020-10-17,47003,47003,1562,11,1477,10,85,1,143,9,55,0,,,20,0,1840,14687,16527,126
2020-10-17,47001,47001,1526,28,1457,25,69,3,184,10,41,0,,,13,0,1711,29199,30910,262
2020-10-17,47095,47095,957,2,949,2,8,0,18,-2,7,0,,,3,0,1160,6652,7812,52
2020-10-17,47043,47043,1519,20,1322,16,197,4,150,9,63,3,,,18,0,1804,16170,17974,168
2020-10-17,47045,47045,1909,28,1676,24,233,4,319,6,71,1,,,26,2,1973,13395,15368,85
2020-10-17,47023,47023,708,5,578,4,130,1,40,2,22,0,,,14,1,786,6084,6870,41
2020-10-17,47049,47049,828,15,732,14,96,1,128,5,30,1,,,7,1,898,5082,5980,70
2020-10-17,47047,47047,1479,23,1424,24,55,-1,170,13,78,0,,,21,0,1824,17673,19497,231
2020-10-17,47089,47089,1425,18,1237,13,188,5,160,-1,73,0,,,18,0,1476,19365,20841,247
2020-10-17,47087,47087,413,7,363,3,50,4,42,3,18,0,,,5,0,455,2794,3249,32
2020-10-17,47085,47085,388,3,306,3,82,0,72,-2,13,0,,,4,0,404,6265,6669,60
2020-10-17,47083,47083,375,0,338,0,37,0,47,-1,30,0,,,14,0,402,2996,3398,32
2020-10-17,47081,47081,720,6,663,5,57,1,53,-2,20,0,,,13,0,856,8398,9254,63
2020-10-17,47079,47079,723,16,703,16,20,0,50,9,39,0,,,10,0,846,10782,11628,98
2020-10-17,47077,47077,1341,3,1073,5,268,-2,86,-8,45,1,,,25,1,1583,9928,11511,70
2020-10-17,47075,47075,1179,6,1098,5,81,1,82,-10,46,0,,,25,0,1279,7624,8903,109
2020-10-17,47073,47073,1057,14,1015,15,42,-1,140,6,69,1,,,23,0,1167,11734,12901,220
2020-10-17,47071,47071,1278,31,1049,30,229,1,135,21,29,0,,,19,0,1361,13906,15267,310
2020-10-17,47091,47091,1066,6,1052,6,14,0,53,-213,31,0,,,6,0,1134,7372,8506,117
2020-10-17,47067,47067,113,1,103,1,10,0,3,1,11,0,,,3,0,122,2130,2252,11
2020-10-17,47065,47065,10918,84,10434,80,484,4,734,10,427,2,,,102,1,12297,152575,164872,1158
2020-10-17,47063,47063,2292,11,2089,9,203,2,205,-7,118,0,,,43,0,2462,25049,27511,201
2020-10-17,47061,47061,498,10,458,9,40,1,88,0,35,3,,,8,0,562,3047,3609,49
2020-10-17,47059,47059,1464,20,1373,18,91,2,200,7,89,-1,,,48,0,1668,18154,19822,257
2020-10-17,47057,47057,517,8,470,7,47,1,69,0,28,0,,,4,0,567,6995,7562,59
2020-10-17,47055,47055,869,14,843,15,26,-1,140,11,48,0,,,31,0,1011,10422,11433,153
2020-10-17,47053,47053,2018,16,1545,13,473,3,151,4,65,1,,,37,1,2142,17143,19285,188
2020-10-17,47051,47051,1181,8,1131,7,50,1,122,8,49,1,,,15,1,1425,16980,18405,113
2020-10-17,47069,47069,1753,14,1658,13,95,1,104,7,69,0,,,32,0,1992,15530,17522,103
2020-10-18,47189,47189,4318,64,4210,55,108,9,422,26,130,0,,,53,0,5027,43716,48743,465
2020-10-18,47129,47129,404,5,376,5,28,0,51,0,10,0,,,6,0,431,8990,9421,52
2020-10-18,47131,47131,1630,19,1477,13,153,6,224,14,53,0,,,17,0,1706,11863,13569,130
2020-10-18,,47OOS,3618,87,3483,84,135,3,646,70,114,0,,,34,0,3428,317973,321401,3520
2020-10-18,47139,47139,460,2,439,2,21,0,32,2,21,0,,,13,0,524,4317,4841,32
2020-10-18,,47PEN,3575,114,3270,90,305,24,745,89,51,0,,,3,0,3838,197966,201804,2140
2020-10-18,47135,47135,196,6,172,6,24,0,36,5,9,0,,,1,0,207,3931,4138,99
2020-10-18,47137,47137,240,11,179,11,61,0,63,7,7,0,,,5,0,230,1341,1571,63
2020-10-18,47127,47127,241,2,209,2,32,0,35,-1,6,0,,,2,0,262,2808,3070,17
2020-10-18,47133,47133,1106,12,939,7,167,5,218,2,34,0,,,11,0,1144,8333,9477,71
2020-10-18,47125,47125,3784,44,3557,41,227,3,427,29,132,0,,,51,0,4128,47305,51433,565
2020-10-18,47119,47119,2976,66,2927,66,49,0,348,43,103,0,,,35,0,3373,30996,34369,787
2020-10-18,47121,47121,290,14,286,14,4,0,46,12,13,0,,,4,0,332,3635,3967,96
2020-10-18,47109,47109,1083,16,872,12,211,4,87,7,41,0,,,25,0,1213,8915,10128,87
2020-10-18,47107,47107,1471,23,1442,22,29,1,219,16,70,0,,,32,0,1690,19722,21412,264
2020-10-18,47117,47117,1023,11,1004,11,19,0,174,7,28,0,,,8,0,1157,10715,11872,179
2020-10-18,47115,47115,684,14,668,13,16,1,86,7,43,0,,,9,0,804,7465,8269,121
2020-10-18,47113,47113,3599,28,2595,11,1004,17,311,4,194,0,,,78,0,3673,31748,35421,417
2020-10-18,47111,47111,1255,3,1200,3,55,0,103,-4,83,0,,,24,0,1488,8484,9972,51
2020-10-18,47105,47105,1525,12,1475,12,50,0,184,8,44,0,,,10,0,1662,15604,17266,247
2020-10-18,47103,47103,794,13,757,12,37,1,102,8,22,0,,,2,0,921,9090,10011,57
2020-10-18,47123,47123,1319,36,1266,36,53,0,178,33,77,1,,,23,0,1479,12708,14187,210
2020-10-18,47141,47141,4079,70,3735,70,344,0,460,57,123,0,,,52,0,4760,34936,39696,487
2020-10-18,47101,47101,329,6,325,7,4,-1,84,5,17,0,,,2,0,359,5208,5567,62
2020-10-18,47145,47145,1169,23,1115,23,54,0,174,14,37,0,,,6,0,1326,20701,22027,332
2020-10-18,47187,47187,6484,110,6253,91,231,19,658,67,133,0,,,48,0,7397,79946,87343,1067
2020-10-18,47185,47185,1070,23,987,22,83,1,118,17,49,0,,,14,0,1321,11912,13233,229
2020-10-18,47183,47183,1429,13,1297,11,132,2,114,11,33,0,,,25,0,1538,12594,14132,98
2020-10-18,47181,47181,1553,1,1531,0,22,1,23,1,20,0,,,7,0,1684,6544,8228,30
2020-10-18,47179,47179,2991,58,2903,53,88,5,382,31,129,3,,,43,1,3399,36255,39654,463
2020-10-18,47177,47177,1326,33,1227,32,99,1,175,31,17,0,,,9,0,1470,15259,16729,196
2020-10-18,47175,47175,191,1,176,1,15,0,20,1,8,0,,,1,0,212,2550,2762,121
2020-10-18,47173,47173,490,3,443,3,47,0,51,-2,15,0,,,2,0,505,5553,6058,40
2020-10-18,47171,47171,346,6,327,3,19,3,47,5,17,0,,,1,0,389,7226,7615,37
2020-10-18,47169,47169,1727,7,1715,6,12,1,23,1,26,0,,,7,0,1807,5505,7312,36
2020-10-18,47167,47167,2171,20,1930,16,241,4,221,13,92,0,,,22,0,2480,24166,26646,172
2020-10-18,47165,47165,5551,65,5493,63,58,2,381,47,407,1,,,107,1,6578,53268,59846,738
2020-10-18,47163,47163,3103,31,2914,28,189,3,595,8,197,0,,,44,0,3289,35888,39177,526
2020-10-18,47161,47161,305,4,280,3,25,1,45,0,7,0,,,7,0,332,3407,3739,44
2020-10-18,47159,47159,930,10,890,10,40,0,116,9,32,0,,,13,0,1184,6554,7738,69
2020-10-18,47157,47157,33996,242,33444,237,552,5,1815,130,2118,6,,,551,2,41942,422789,464731,4137
2020-10-18,47155,47155,3124,15,3010,15,114,0,310,3,105,1,,,20,0,3426,29188,32614,293
2020-10-18,47153,47153,321,7,316,7,5,0,58,6,13,0,,,4,0,352,5830,6182,72
2020-10-18,47151,47151,314,3,284,3,30,0,53,0,19,0,,,4,0,316,5165,5481,104
2020-10-18,47149,47149,10866,96,10713,85,153,11,818,40,283,0,,,106,0,13148,97655,110803,1106
2020-10-18,47147,47147,2462,12,2426,12,36,0,131,0,171,0,,,39,0,2963,20088,23051,266
2020-10-18,47143,47143,1020,6,1005,6,15,0,79,5,32,0,,,16,0,1207,12333,13540,166
2020-10-18,47099,47099,1429,24,1405,24,24,0,248,14,49,0,,,17,0,1608,12722,14330,207
2020-10-18,47049,47049,846,18,748,16,98,2,143,15,30,0,,,7,0,916,5190,6106,126
2020-10-18,47095,47095,962,5,954,5,8,0,23,5,7,0,,,3,0,1166,6707,7873,61
2020-10-18,47041,47041,669,8,640,8,29,0,64,7,24,0,,,16,0,812,9194,10006,77
2020-10-18,47039,47039,620,8,487,5,133,3,48,6,20,0,,,11,0,663,6746,7409,47
2020-10-18,47037,47037,29425,240,29178,236,247,4,1664,129,1130,0,,,325,0,36722,408599,445321,6060
2020-10-18,47035,47035,1477,10,1431,6,46,4,154,0,66,0,,,24,0,1782,25907,27689,121
2020-10-18,47033,47033,751,16,598,13,153,3,140,10,22,0,,,20,0,750,4247,4997,44
2020-10-18,47031,47031,1720,24,1497,16,223,8,271,10,48,0,,,20,0,1936,22505,24441,289
2020-10-18,47029,47029,913,18,825,12,88,6,103,15,45,0,,,12,0,944,9339,10283,95
2020-10-18,47027,47027,362,7,303,5,59,2,88,6,10,0,,,9,0,362,3286,3648,30
2020-10-18,47025,47025,492,3,442,3,50,0,29,2,20,0,,,6,0,543,11777,12320,43
2020-10-18,47023,47023,710,2,580,2,130,0,41,1,22,0,,,14,0,787,6131,6918,48
2020-10-18,47021,47021,955,13,930,9,25,4,86,10,31,0,,,11,0,1115,12408,13523,104
2020-10-18,47019,47019,1398,10,1336,10,62,0,126,-1,93,1,,,32,0,1519,18369,19888,209
2020-10-18,47017,47017,1086,10,910,9,176,1,85,5,49,0,,,24,0,1123,12373,13496,119
2020-10-18,47015,47015,381,6,362,6,19,0,57,5,9,0,,,2,0,441,4622,5063,45
2020-10-18,47013,47013,849,25,732,20,117,5,263,-1,39,1,,,7,1,850,13335,14185,210
2020-10-18,47011,47011,3368,27,3231,27,137,0,242,12,194,2,,,21,0,3916,28763,32679,231
2020-10-18,47009,47009,3067,26,2983,26,84,0,305,10,121,0,,,31,0,3500,33499,36999,439
2020-10-18,47007,47007,917,4,910,4,7,0,36,2,20,0,,,4,0,962,8564,9526,66
2020-10-18,47005,47005,382,3,364,3,18,0,32,3,17,0,,,9,0,405,5153,5558,31
2020-10-18,47003,47003,1573,11,1484,7,89,4,151,8,55,0,,,20,0,1848,14870,16718,191
2020-10-18,47001,47001,1544,18,1474,17,70,1,192,8,41,0,,,13,0,1729,29422,31151,241
2020-10-18,47043,47043,1535,16,1329,7,206,9,157,7,63,0,,,18,0,1817,16274,18091,117
2020-10-18,47045,47045,1995,86,1739,63,256,23,391,72,71,0,,,26,0,2040,13597,15637,269
2020-10-18,47097,47097,1292,38,1109,15,183,23,200,32,44,0,,,18,0,1321,12633,13954,97
2020-10-18,47051,47051,1190,9,1139,8,51,1,124,2,49,0,,,15,0,1436,17087,18523,118
2020-10-18,47047,47047,1505,26,1449,25,56,1,181,11,78,0,,,21,0,1853,17830,19683,186
2020-10-18,47093,47093,11679,120,11145,122,534,-2,1042,49,418,2,,,86,0,12644,150947,163591,1309
2020-10-18,47091,47091,1078,12,1064,12,14,0,60,7,31,0,,,6,0,1146,7450,8596,90
2020-10-18,47089,47089,1445,20,1255,18,190,2,173,13,73,0,,,18,0,1499,19662,21161,320
2020-10-18,47087,47087,415,2,365,2,50,0,41,-1,18,0,,,5,0,457,2810,3267,18
2020-10-18,47085,47085,402,14,315,9,87,5,83,11,13,0,,,4,0,414,6319,6733,64
2020-10-18,47081,47081,727,7,670,7,57,0,57,4,20,0,,,13,0,864,8455,9319,65
2020-10-18,47079,47079,736,13,716,13,20,0,63,13,39,0,,,10,0,863,10820,11683,55
2020-10-18,47077,47077,1346,5,1077,4,269,1,83,-3,47,2,,,25,0,1588,9977,11565,54
2020-10-18,47075,47075,1183,4,1102,4,81,0,76,-6,46,0,,,25,0,1283,7669,8952,49
2020-10-18,47083,47083,379,4,340,2,39,2,46,-1,30,0,,,14,0,403,3092,3495,97
2020-10-18,47071,47071,1302,24,1065,16,237,8,157,22,29,0,,,19,0,1376,13986,15362,95
2020-10-18,47069,47069,1773,20,1679,21,94,-1,121,17,69,0,,,32,0,2018,15765,17783,261
2020-10-18,47067,47067,112,-1,102,-1,10,0,2,-1,11,0,,,3,0,121,2135,2256,4
2020-10-18,47065,47065,10983,65,10500,66,483,-1,720,-14,429,2,,,102,0,12359,153598,165957,1085
2020-10-18,47053,47053,2035,17,1561,16,474,1,154,3,65,0,,,37,0,2159,17267,19426,141
2020-10-18,47063,47063,2316,24,2111,22,205,2,223,18,118,0,,,43,0,2485,25338,27823,312
2020-10-18,47061,47061,504,6,463,5,41,1,92,4,35,0,,,8,0,568,3151,3719,110
2020-10-18,47059,47059,1492,28,1401,28,91,0,214,14,89,0,,,49,1,1699,18424,20123,301
2020-10-18,47057,47057,526,9,479,9,47,0,76,7,28,0,,,4,0,582,7095,7677,115
2020-10-18,47055,47055,880,11,854,11,26,0,144,4,48,0,,,31,0,1026,10608,11634,201
2020-10-18,47073,47073,1080,23,1037,22,43,1,150,10,69,0,,,23,0,1190,11914,13104,203
2020-10-19,47127,47127,245,4,213,4,32,0,37,2,6,0,,,2,0,267,2832,3099,29
2020-10-19,47129,47129,408,4,380,4,28,0,53,2,10,0,,,6,0,434,9031,9465,44
2020-10-19,47131,47131,1636,6,1484,7,152,-1,221,-3,53,0,,,17,0,1716,11934,13650,81
2020-10-19,47137,47137,244,4,183,4,61,0,64,1,7,0,,,5,0,234,1384,1618,47
2020-10-19,47133,47133,1112,6,945,6,167,0,212,-6,34,0,,,11,0,1149,8423,9572,95
2020-10-19,,47PEN,3765,190,3449,179,316,11,910,165,52,1,,,3,0,4035,200399,204434,2630
2020-10-19,47135,47135,204,8,178,6,26,2,43,7,9,0,,,1,0,215,3952,4167,29
2020-10-19,47125,47125,3857,73,3626,69,231,4,481,54,132,0,,,51,0,4203,48091,52294,861
2020-10-19,,47OOS,3794,176,3649,166,145,10,806,160,115,1,,,35,1,3583,322256,325839,4438
2020-10-19,47123,47123,1348,29,1295,29,53,0,200,22,77,0,,,23,0,1510,12888,14398,211
2020-10-19,47101,47101,350,21,346,21,4,0,102,18,17,0,,,2,0,382,5390,5772,205
2020-10-19,47109,47109,1088,5,876,4,212,1,89,2,41,0,,,25,0,1217,9014,10231,103
2020-10-19,47107,47107,1508,37,1478,36,30,1,246,27,71,1,,,32,0,1731,19995,21726,314
2020-10-19,47119,47119,3074,98,3025,98,49,0,417,69,103,0,,,35,0,3471,31631,35102,733
2020-10-19,47117,47117,1052,29,1034,30,18,-1,198,24,28,0,,,8,0,1197,10870,12067,195
2020-10-19,47115,47115,699,15,683,15,16,0,100,14,43,0,,,9,0,828,7626,8454,185
2020-10-19,47113,47113,3613,14,2608,13,1005,1,306,-5,194,0,,,78,0,3685,32096,35781,360
2020-10-19,47111,47111,1257,2,1202,2,55,0,100,-3,83,0,,,24,0,1491,8530,10021,49
2020-10-19,47105,47105,1540,15,1490,15,50,0,188,4,44,0,,,10,0,1677,15753,17430,164
2020-10-19,47103,47103,801,7,764,7,37,0,108,6,22,0,,,2,0,928,9149,10077,66
2020-10-19,47139,47139,469,9,448,9,21,0,38,6,21,0,,,13,0,534,4363,4897,56
2020-10-19,47121,47121,294,4,290,4,4,0,48,2,13,0,,,4,0,336,3687,4023,56
2020-10-19,47141,47141,4110,31,3762,27,348,4,470,10,125,2,,,53,1,4788,35236,40024,328
2020-10-19,47163,47163,3188,85,2999,85,189,0,656,61,198,1,,,44,0,3373,36424,39797,620
2020-10-19,47145,47145,1185,16,1127,12,58,4,177,3,38,1,,,7,1,1344,20989,22333,306
2020-10-19,47099,47099,1462,33,1432,27,30,6,276,28,49,0,,,17,0,1639,13083,14722,392
2020-10-19,47187,47187,6618,134,6378,125,240,9,743,85,133,0,,,48,0,7528,81208,88736,1393
2020-10-19,47185,47185,1076,6,995,8,81,-2,124,6,49,0,,,14,0,1330,12004,13334,101
2020-10-19,47183,47183,1434,5,1301,4,133,1,105,-9,33,0,,,25,0,1542,12645,14187,55
2020-10-19,47181,47181,1560,7,1537,6,23,1,29,6,20,0,,,7,0,1693,6605,8298,70
2020-10-19,47179,47179,3080,89,2986,83,94,6,454,72,130,1,,,43,0,3484,36852,40336,682
2020-10-19,47177,47177,1339,13,1240,13,99,0,188,13,17,0,,,9,0,1488,15393,16881,152
2020-10-19,47175,47175,191,0,176,0,15,0,18,-2,8,0,,,1,0,212,2565,2777,15
2020-10-19,47173,47173,493,3,446,3,47,0,52,1,15,0,,,2,0,511,5579,6090,32
2020-10-19,47171,47171,364,18,343,16,21,2,65,18,17,0,,,1,0,403,7334,7737,122
2020-10-19,47169,47169,1740,13,1728,13,12,0,35,12,26,0,,,7,0,1820,5558,7378,66
2020-10-19,47167,47167,2192,21,1946,16,246,5,232,11,92,0,,,22,0,2498,24330,26828,182
2020-10-19,47165,47165,5636,85,5577,84,59,1,453,72,408,1,,,107,0,6670,53986,60656,810
2020-10-19,47161,47161,308,3,283,3,25,0,46,1,8,1,,,7,0,337,3451,3788,49
2020-10-19,47159,47159,933,3,892,2,41,1,114,-2,32,0,,,13,0,1185,6600,7785,47
2020-10-19,47157,47157,34370,374,33809,365,561,9,2091,276,2121,3,,,552,1,42354,427658,470012,5281
2020-10-19,47155,47155,3149,25,3034,24,115,1,324,14,105,0,,,20,0,3451,29378,32829,215
2020-10-19,47153,47153,329,8,324,8,5,0,64,6,13,0,,,4,0,362,5930,6292,110
2020-10-19,47151,47151,324,10,294,10,30,0,60,7,19,0,,,4,0,326,5240,5566,85
2020-10-19,47149,47149,11031,165,10874,161,157,4,924,106,283,0,,,106,0,13330,99152,112482,1679
2020-10-19,47147,47147,2485,23,2448,22,37,1,145,14,171,0,,,39,0,2988,20284,23272,221
2020-10-19,47143,47143,1048,28,1033,28,15,0,105,26,32,0,,,16,0,1238,12628,13866,326
2020-10-19,47097,47097,1308,16,1120,11,188,5,209,9,45,1,,,18,0,1333,12761,14094,140
2020-10-19,47189,47189,4402,84,4293,83,109,1,484,62,130,0,,,53,0,5123,44352,49475,732
2020-10-19,47093,47093,11833,154,11292,147,541,7,1115,73,421,3,,,87,1,12811,152608,165419,1828
2020-10-19,47041,47041,672,3,644,4,28,-1,66,2,25,1,,,16,0,818,9245,10063,57
2020-10-19,47039,47039,625,5,491,4,134,1,49,1,20,0,,,11,0,668,6763,7431,22
2020-10-19,47037,47037,29801,376,29554,376,247,0,1937,273,1133,3,,,325,0,37172,415084,452256,6935
2020-10-19,47035,47035,1489,12,1441,10,48,2,163,9,66,0,,,24,0,1792,26094,27886,197
2020-10-19,47033,47033,766,15,607,9,159,6,147,7,23,1,,,20,0,758,4283,5041,44
2020-10-19,47031,47031,1760,40,1536,39,224,1,300,29,48,0,,,20,0,1977,22822,24799,358
2020-10-19,47029,47029,922,9,829,4,93,5,105,2,46,1,,,12,0,950,9397,10347,64
2020-10-19,47027,47027,363,1,304,1,59,0,85,-3,10,0,,,12,3,364,3301,3665,17
2020-10-19,47025,47025,495,3,444,2,51,1,31,2,21,1,,,6,0,547,11821,12368,48
2020-10-19,47023,47023,712,2,582,2,130,0,42,1,22,0,,,14,0,791,6175,6966,48
2020-10-19,47021,47021,969,14,942,12,27,2,94,8,31,0,,,11,0,1129,12542,13671,148
2020-10-19,47019,47019,1415,17,1353,17,62,0,129,3,93,0,,,32,0,1540,18659,20199,311
2020-10-19,47017,47017,1093,7,916,6,177,1,83,-2,49,0,,,24,0,1130,12409,13539,43
2020-10-19,47015,47015,386,5,366,4,20,1,58,1,9,0,,,2,0,453,4660,5113,50
2020-10-19,47013,47013,864,15,747,15,117,0,247,-16,39,0,,,7,0,869,13500,14369,184
2020-10-19,47011,47011,3408,40,3271,40,137,0,268,26,199,5,,,21,0,3962,29094,33056,377
2020-10-19,47009,47009,3102,35,3015,32,87,3,321,16,121,0,,,31,0,3529,33787,37316,317
2020-10-19,47007,47007,924,7,917,7,7,0,43,7,20,0,,,4,0,970,8723,9693,167
2020-10-19,47005,47005,387,5,369,5,18,0,37,5,17,0,,,9,0,410,5172,5582,24
2020-10-19,47003,47003,1590,17,1500,16,90,1,164,13,55,0,,,20,0,1866,15127,16993,275
2020-10-19,47001,47001,1555,11,1485,11,70,0,194,2,41,0,,,13,0,1744,29611,31355,204
2020-10-19,47043,47043,1562,27,1356,27,206,0,177,20,63,0,,,18,0,1850,16454,18304,213
2020-10-19,47045,47045,2023,28,1761,22,262,6,399,8,71,0,,,26,0,2063,13692,15755,118
2020-10-19,47095,47095,968,6,959,5,9,1,28,5,7,0,,,3,0,1172,6726,7898,25
2020-10-19,47049,47049,849,3,752,4,97,-1,140,-3,30,0,,,7,0,921,5306,6227,121
2020-10-19,47047,47047,1520,15,1464,15,56,0,193,12,80,2,,,22,1,1867,18045,19912,229
2020-10-19,47091,47091,1104,26,1088,24,16,2,84,24,32,1,,,6,0,1172,7684,8856,260
2020-10-19,47089,47089,1458,13,1262,7,196,6,180,7,73,0,,,18,0,1507,19808,21315,154
2020-10-19,47087,47087,416,1,366,1,50,0,42,1,18,0,,,5,0,458,2848,3306,39
2020-10-19,47085,47085,409,7,322,7,87,0,82,-1,13,0,,,4,0,421,6374,6795,62
2020-10-19,47083,47083,389,10,349,9,40,1,51,5,30,0,,,14,0,412,3283,3695,200
2020-10-19,47079,47079,741,5,721,5,20,0,67,4,39,0,,,10,0,868,10859,11727,44
2020-10-19,47077,47077,1354,8,1081,4,273,4,85,2,47,0,,,25,0,1593,10042,11635,70
2020-10-19,47075,47075,1190,7,1108,6,82,1,79,3,46,0,,,25,0,1290,7808,9098,146
2020-10-19,47073,47073,1099,19,1056,19,43,0,162,12,70,1,,,23,0,1212,12074,13286,182
2020-10-19,47081,47081,739,12,682,12,57,0,68,11,20,0,,,13,0,877,8539,9416,97
2020-10-19,47069,47069,1787,14,1688,9,99,5,132,11,69,0,,,32,0,2026,15957,17983,200
2020-10-19,47067,47067,112,0,102,0,10,0,2,0,11,0,,,3,0,121,2153,2274,18
2020-10-19,47065,47065,11097,114,10606,106,491,8,777,57,430,1,,,102,0,12495,155430,167925,1968
2020-10-19,47063,47063,2327,11,2121,10,206,1,218,-5,119,1,,,43,0,2495,25448,27943,120
2020-10-19,47051,47051,1211,21,1160,21,51,0,134,10,50,1,,,15,0,1467,17304,18771,248
2020-10-19,47061,47061,516,12,476,13,40,-1,100,8,35,0,,,8,0,580,3246,3826,107
2020-10-19,47059,47059,1556,64,1463,62,93,2,266,52,90,1,,,50,1,1762,18806,20568,445
2020-10-19,47057,47057,531,5,482,3,49,2,77,1,29,1,,,4,0,585,7139,7724,47
2020-10-19,47055,47055,892,12,865,11,27,1,147,3,51,3,,,34,3,1041,10807,11848,214
2020-10-19,47053,47053,2054,19,1572,11,482,8,166,12,65,0,,,37,0,2167,17358,19525,99
2020-10-19,47071,47071,1313,11,1076,11,237,0,163,6,29,0,,,19,0,1389,14077,15466,104
2020-10-20,47127,47127,245,0,213,0,32,0,34,-3,6,0,,,2,0,267,2834,3101,2
2020-10-20,47129,47129,411,3,383,3,28,0,51,-2,10,0,,,6,0,438,9045,9483,18
2020-10-20,47131,47131,1649,13,1490,6,159,7,196,-25,54,1,,,18,1,1722,11956,13678,28
2020-10-20,47137,47137,249,5,187,4,62,1,49,-15,7,0,,,5,0,239,1388,1627,9
2020-10-20,47133,47133,1133,21,968,23,165,-2,200,-12,34,0,,,11,0,1174,8469,9643,71
2020-10-20,,47PEN,3726,-39,3401,-48,325,9,856,-54,52,0,,,4,1,3983,200785,204768,334
2020-10-20,47135,47135,208,4,179,1,29,3,44,1,9,0,,,1,0,215,3956,4171,4
2020-10-20,47125,47125,3872,15,3630,4,242,11,447,-34,132,0,,,51,0,4210,48163,52373,79
2020-10-20,,47OOS,3775,-19,3628,-21,147,2,732,-74,116,1,,,35,0,3532,323472,327004,1165
2020-10-20,47123,47123,1370,22,1316,21,54,1,199,-1,79,2,,,27,4,1529,12968,14497,99
2020-10-20,47101,47101,352,2,348,2,4,0,90,-12,17,0,,,2,0,384,5399,5783,11
2020-10-20,47109,47109,1091,3,879,3,212,0,79,-10,41,0,,,26,1,1218,9040,10258,27
2020-10-20,47107,47107,1522,14,1492,14,30,0,238,-8,71,0,,,32,0,1746,20057,21803,77
2020-10-20,47119,47119,3081,7,3032,7,49,0,399,-18,103,0,,,35,0,3483,31700,35183,81
2020-10-20,47117,47117,1056,4,1039,5,17,-1,186,-12,28,0,,,8,0,1202,10889,12091,24
2020-10-20,47115,47115,708,9,690,7,18,2,100,0,46,3,,,9,0,838,7647,8485,31
2020-10-20,47113,47113,3630,17,2615,7,1015,10,288,-18,194,0,,,79,1,3692,32151,35843,62
2020-10-20,47111,47111,1263,6,1208,6,55,0,91,-9,83,0,,,24,0,1498,8555,10053,32
2020-10-20,47105,47105,1550,10,1499,9,51,1,182,-6,46,2,,,10,0,1684,15810,17494,64
2020-10-20,47103,47103,814,13,778,14,36,-1,107,-1,22,0,,,2,0,945,9166,10111,34
2020-10-20,47139,47139,474,5,453,5,21,0,37,-1,21,0,,,13,0,540,4374,4914,17
2020-10-20,47121,47121,296,2,292,2,4,0,44,-4,14,1,,,5,1,338,3695,4033,10
2020-10-20,47141,47141,4156,46,3805,43,351,3,460,-10,127,2,,,53,0,4833,35517,40350,326
2020-10-20,47163,47163,3248,60,3060,61,188,-1,658,2,205,7,,,45,1,3438,36530,39968,171
2020-10-20,47145,47145,1201,16,1142,15,59,1,171,-6,38,0,,,7,0,1361,21083,22444,111
2020-10-20,47099,47099,1479,17,1448,16,31,1,261,-15,50,1,,,18,1,1659,13165,14824,102
2020-10-20,47187,47187,6656,38,6408,30,248,8,709,-34,133,0,,,49,1,7563,81636,89199,463
2020-10-20,47185,47185,1102,26,1021,26,81,0,137,13,50,1,,,14,0,1361,12070,13431,97
2020-10-20,47183,47183,1444,10,1305,4,139,6,105,0,33,0,,,25,0,1545,12681,14226,39
2020-10-20,47181,47181,1565,5,1541,4,24,1,28,-1,20,0,,,7,0,1698,6614,8312,14
2020-10-20,47179,47179,3132,52,3029,43,103,9,472,18,133,3,,,44,1,3528,36922,40450,114
2020-10-20,47177,47177,1351,12,1252,12,99,0,180,-8,18,1,,,10,1,1499,15520,17019,138
2020-10-20,47175,47175,191,0,176,0,15,0,14,-4,8,0,,,1,0,212,2575,2787,10
2020-10-20,47173,47173,499,6,453,7,46,-1,55,3,15,0,,,2,0,516,5601,6117,27
2020-10-20,47171,47171,367,3,348,5,19,-2,65,0,18,1,,,2,1,405,7341,7746,9
2020-10-20,47169,47169,1743,3,1731,3,12,0,34,-1,26,0,,,7,0,1824,5563,7387,9
2020-10-20,47167,47167,2206,14,1960,14,246,0,216,-16,92,0,,,22,0,2513,24436,26949,121
2020-10-20,47165,47165,5664,28,5603,26,61,2,448,-5,408,0,,,107,0,6695,54122,60817,161
2020-10-20,47161,47161,311,3,285,2,26,1,41,-5,9,1,,,7,0,339,3464,3803,15
2020-10-20,47159,47159,947,14,905,13,42,1,107,-7,32,0,,,13,0,1202,6624,7826,41
2020-10-20,47157,47157,34523,153,33961,152,562,1,2034,-57,2125,4,,,553,1,42552,429218,471770,1758
2020-10-20,47155,47155,3173,24,3055,21,118,3,312,-12,107,2,,,21,1,3472,29546,33018,189
2020-10-20,47153,47153,329,0,324,0,5,0,62,-2,13,0,,,4,0,362,5938,6300,8
2020-10-20,47151,47151,332,8,301,7,31,1,66,6,19,0,,,4,0,332,5259,5591,25
2020-10-20,47149,47149,11090,59,10931,57,159,2,882,-42,283,0,,,106,0,13397,99523,112920,438
2020-10-20,47147,47147,2498,13,2460,12,38,1,144,-1,174,3,,,39,0,3005,20385,23390,118
2020-10-20,47143,47143,1049,1,1034,1,15,0,95,-10,32,0,,,16,0,1239,12647,13886,20
2020-10-20,47189,47189,4431,29,4321,28,110,1,467,-17,130,0,,,53,0,5154,44477,49631,156
2020-10-20,47097,47097,1319,11,1134,14,185,-3,197,-12,45,0,,,18,0,1350,12806,14156,62
2020-10-20,47093,47093,11936,103,11389,97,547,6,1073,-42,430,9,,,87,0,12919,153042,165961,542
2020-10-20,47041,47041,677,5,649,5,28,0,63,-3,26,1,,,16,0,824,9282,10106,43
2020-10-20,47039,47039,628,3,494,3,134,0,48,-1,20,0,,,11,0,671,6777,7448,17
2020-10-20,47037,47037,29914,113,29664,110,250,3,1874,-63,1138,5,,,326,1,37310,417576,454886,2630
2020-10-20,47035,47035,1501,12,1453,12,48,0,139,-24,66,0,,,24,0,1810,26244,28054,168
2020-10-20,47033,47033,783,17,613,6,170,11,151,4,23,0,,,21,1,766,4309,5075,34
2020-10-20,47031,47031,1774,14,1540,4,234,10,279,-21,48,0,,,20,0,1983,22862,24845,46
2020-10-20,47029,47029,926,4,833,4,93,0,91,-14,47,1,,,12,0,955,9450,10405,58
2020-10-20,47027,47027,371,8,308,4,63,4,79,-6,10,0,,,12,0,370,3311,3681,16
2020-10-20,47025,47025,504,9,447,3,57,6,38,7,21,0,,,6,0,549,11855,12404,36
2020-10-20,47021,47021,973,4,944,2,29,2,93,-1,31,0,,,11,0,1131,12576,13707,36
2020-10-20,47019,47019,1428,13,1366,13,62,0,131,2,93,0,,,32,0,1551,18695,20246,47
2020-10-20,47017,47017,1094,1,916,0,178,1,74,-9,50,1,,,24,0,1132,12430,13562,23
2020-10-20,47015,47015,387,1,367,1,20,0,53,-5,10,1,,,2,0,456,4680,5136,23
2020-10-20,47013,47013,885,21,756,9,129,12,241,-6,40,1,,,7,0,877,13545,14422,53
2020-10-20,47011,47011,3434,26,3295,24,139,2,261,-7,199,0,,,21,0,3991,29259,33250,194
2020-10-20,47009,47009,3139,37,3045,30,94,7,333,12,122,1,,,32,1,3565,33971,37536,220
2020-10-20,47007,47007,924,0,917,0,7,0,35,-8,20,0,,,4,0,969,8738,9707,14
2020-10-20,47005,47005,391,4,373,4,18,0,36,-1,17,0,,,9,0,414,5185,5599,17
2020-10-20,47003,47003,1596,6,1505,5,91,1,158,-6,55,0,,,20,0,1872,15161,17033,40
2020-10-20,47001,47001,1567,12,1497,12,70,0,186,-8,42,1,,,13,0,1756,29705,31461,106
2020-10-20,47095,47095,970,2,960,1,10,1,29,1,7,0,,,3,0,1173,6728,7901,3
2020-10-20,47043,47043,1573,11,1361,5,212,6,174,-3,64,1,,,18,0,1853,16523,18376,72
2020-10-20,47045,47045,2037,14,1772,11,265,3,375,-24,71,0,,,26,0,2073,13733,15806,51
2020-10-20,47023,47023,713,1,583,1,130,0,39,-3,22,0,,,14,0,790,6189,6979,13
2020-10-20,47049,47049,861,12,763,11,98,1,127,-13,30,0,,,8,1,935,5324,6259,32
2020-10-20,47047,47047,1570,50,1514,50,56,0,221,28,80,0,,,22,0,1926,18193,20119,207
2020-10-20,47089,47089,1466,8,1271,9,195,-1,160,-20,74,1,,,19,1,1521,19890,21411,96
2020-10-20,47087,47087,422,6,372,6,50,0,41,-1,18,0,,,5,0,464,2869,3333,27
2020-10-20,47085,47085,415,6,325,3,90,3,80,-2,14,1,,,4,0,426,6387,6813,18
2020-10-20,47083,47083,392,3,353,4,39,-1,41,-10,29,-1,,,15,1,414,3285,3699,4
2020-10-20,47081,47081,744,5,684,2,60,3,66,-2,20,0,,,13,0,878,8553,9431,15
2020-10-20,47079,47079,746,5,726,5,20,0,63,-4,39,0,,,10,0,872,10899,11771,44
2020-10-20,47077,47077,1361,7,1084,3,277,4,82,-3,47,0,,,25,0,1600,10066,11666,31
2020-10-20,47075,47075,1195,5,1112,4,83,1,73,-6,46,0,,,26,1,1294,7829,9123,25
2020-10-20,47073,47073,1105,6,1059,3,46,3,151,-11,70,0,,,24,1,1217,12110,13327,41
2020-10-20,47071,47071,1322,9,1084,8,238,1,159,-4,29,0,,,19,0,1397,14120,15517,51
2020-10-20,47091,47091,1106,2,1090,2,16,0,76,-8,32,0,,,7,1,1174,7690,8864,8
2020-10-20,47067,47067,112,0,102,0,10,0,2,0,11,0,,,3,0,121,2155,2276,2
2020-10-20,47065,47065,11197,100,10695,89,502,11,785,8,432,2,,,103,1,12587,155945,168532,607
2020-10-20,47063,47063,2338,11,2132,11,206,0,204,-14,120,1,,,43,0,2514,25555,28069,126
2020-10-20,47061,47061,524,8,483,7,41,1,102,2,35,0,,,8,0,589,3253,3842,16
2020-10-20,47059,47059,1565,9,1472,9,93,0,249,-17,91,1,,,51,1,1771,18840,20611,43
2020-10-20,47057,47057,539,8,486,4,53,4,74,-3,29,0,,,4,0,592,7167,7759,35
2020-10-20,47055,47055,901,9,874,9,27,0,140,-7,51,0,,,34,0,1051,10842,11893,45
2020-10-20,47053,47053,2059,5,1576,4,483,1,149,-17,65,0,,,38,1,2174,17381,19555,30
2020-10-20,47051,47051,1228,17,1176,16,52,1,137,3,50,0,,,16,1,1482,17364,18846,75
2020-10-20,47069,47069,1795,8,1691,3,104,5,131,-1,69,0,,,32,0,2029,16007,18036,53
2020-10-21,47139,47139,476,2,455,2,21,0,34,-3,21,0,,,13,0,542,4379,4921,7
2020-10-21,47127,47127,249,4,213,0,36,4,36,2,6,0,,,2,0,267,2834,3101,0
2020-10-21,47129,47129,416,5,387,4,29,1,50,-1,11,1,,,7,1,443,9109,9552,69
2020-10-21,47131,47131,1664,15,1501,11,163,4,195,-1,54,0,,,20,2,1734,12021,13755,77
2020-10-21,47137,47137,250,1,188,1,62,0,43,-6,7,0,,,5,0,239,1395,1634,7
2020-10-21,47133,47133,1152,19,975,7,177,12,199,-1,34,0,,,11,0,1184,8518,9702,59
2020-10-21,,47PEN,3755,29,3428,27,327,2,828,-28,52,0,,,4,0,4017,201484,205501,733
2020-10-21,47135,47135,253,45,224,45,29,0,86,42,9,0,,,1,0,261,4001,4262,91
2020-10-21,47125,47125,3933,61,3666,36,267,25,448,1,133,1,,,51,0,4245,48481,52726,353
2020-10-21,,47OOS,3761,-14,3599,-29,162,15,666,-66,117,1,,,35,0,3482,324925,328407,1403
2020-10-21,47123,47123,1382,12,1330,14,52,-2,205,6,79,0,,,27,0,1546,13062,14608,111
2020-10-21,47117,47117,1063,7,1045,6,18,1,177,-9,28,0,,,8,0,1207,10921,12128,37
2020-10-21,47109,47109,1096,5,882,3,214,2,73,-6,41,0,,,26,0,1221,9075,10296,38
2020-10-21,47107,47107,1542,20,1512,20,30,0,228,-10,71,0,,,32,0,1767,20160,21927,124
2020-10-21,47119,47119,3112,31,3059,27,53,4,398,-1,104,1,,,36,1,3511,31811,35322,139
2020-10-21,47115,47115,715,7,697,7,18,0,97,-3,46,0,,,9,0,848,7670,8518,33
2020-10-21,47113,47113,3665,35,2634,19,1031,16,299,11,194,0,,,79,0,3713,32253,35966,123
2020-10-21,47111,47111,1269,6,1214,6,55,0,87,-4,83,0,,,24,0,1508,8578,10086,33
2020-10-21,47105,47105,1566,16,1513,14,53,2,180,-2,46,0,,,10,0,1702,15915,17617,123
2020-10-21,47103,47103,830,16,795,17,35,-1,112,5,22,0,,,2,0,961,9176,10137,26
2020-10-21,47101,47101,358,6,354,6,4,0,90,0,18,1,,,2,0,390,5410,5800,17
2020-10-21,47121,47121,297,1,293,1,4,0,45,1,14,0,,,5,0,338,3710,4048,15
2020-10-21,47141,47141,4230,74,3875,70,355,4,484,24,128,1,,,54,1,4914,35869,40783,433
2020-10-21,47099,47099,1505,26,1471,23,34,3,272,11,50,0,,,18,0,1681,13193,14874,50
2020-10-21,47145,47145,1224,23,1166,24,58,-1,177,6,39,1,,,7,0,1386,21253,22639,195
2020-10-21,47187,47187,6707,51,6454,46,253,5,685,-24,136,3,,,51,2,7610,82047,89657,458
2020-10-21,47185,47185,1122,20,1041,20,81,0,146,9,50,0,,,14,0,1386,12149,13535,104
2020-10-21,47183,47183,1453,9,1311,6,142,3,100,-5,33,0,,,25,0,1550,12729,14279,53
2020-10-21,47181,47181,1569,4,1543,2,26,2,30,2,20,0,,,7,0,1701,6627,8328,16
2020-10-21,47179,47179,3182,50,3075,46,107,4,476,4,136,3,,,44,0,3573,37108,40681,231
2020-10-21,47177,47177,1368,17,1267,15,101,2,183,3,18,0,,,10,0,1518,15626,17144,125
2020-10-21,47175,47175,195,4,180,4,15,0,17,3,8,0,,,1,0,216,2582,2798,11
2020-10-21,47173,47173,514,15,468,15,46,0,60,5,15,0,,,2,0,534,5666,6200,83
2020-10-21,47171,47171,373,6,348,0,25,6,70,5,19,1,,,2,0,408,7338,7746,0
2020-10-21,47169,47169,1744,1,1732,1,12,0,34,0,26,0,,,7,0,1823,5579,7402,15
2020-10-21,47167,47167,2235,29,1979,19,256,10,227,11,92,0,,,22,0,2534,24588,27122,173
2020-10-21,47165,47165,5715,51,5653,50,62,1,456,8,409,1,,,107,0,6755,54397,61152,335
2020-10-21,47163,47163,3321,73,3129,69,192,4,679,21,209,4,,,46,1,3510,36791,40301,333
2020-10-21,47161,47161,312,1,285,0,27,1,41,0,10,1,,,8,1,340,3479,3819,16
2020-10-21,47159,47159,954,7,912,7,42,0,99,-8,32,0,,,12,-1,1211,6664,7875,49
2020-10-21,47157,47157,34739,216,34166,205,573,11,2102,68,2132,7,,,553,0,42817,431596,474413,2643
2020-10-21,47155,47155,3224,51,3103,48,121,3,327,15,108,1,,,21,0,3524,29790,33314,296
2020-10-21,47153,47153,330,1,325,1,5,0,58,-4,13,0,,,4,0,364,5956,6320,20
2020-10-21,47151,47151,344,12,311,10,33,2,72,6,19,0,,,4,0,346,5297,5643,52
2020-10-21,47149,47149,11165,75,10996,65,169,10,849,-33,284,1,,,107,1,13482,99955,113437,517
2020-10-21,47147,47147,2510,12,2469,9,41,3,144,0,176,2,,,40,1,3015,20442,23457,67
2020-10-21,47143,47143,1059,10,1044,10,15,0,89,-6,32,0,,,16,0,1251,12710,13961,75
2020-10-21,47097,47097,1345,26,1145,11,200,15,205,8,46,1,,,17,-1,1359,12874,14233,77
2020-10-21,47189,47189,4455,24,4348,27,107,-3,449,-18,130,0,,,53,0,5186,44860,50046,415
2020-10-21,47093,47093,12081,145,11527,138,554,7,1092,19,431,1,,,87,0,13074,154071,167145,1184
2020-10-21,47041,47041,686,9,658,9,28,0,68,5,26,0,,,16,0,832,9380,10212,106
2020-10-21,47039,47039,645,17,504,10,141,7,65,17,20,0,,,11,0,681,6787,7468,20
2020-10-21,47037,47037,30155,241,29898,234,257,7,1934,60,1143,5,,,328,2,37580,420472,458052,3166
2020-10-21,47035,47035,1536,35,1487,34,49,1,159,20,66,0,,,24,0,1853,26466,28319,265
2020-10-21,47033,47033,802,19,622,9,180,10,157,6,23,0,,,21,0,774,4337,5111,36
2020-10-21,47031,47031,1783,9,1544,4,239,5,268,-11,48,0,,,20,0,1990,22935,24925,80
2020-10-21,47029,47029,952,26,850,17,102,9,109,18,47,0,,,12,0,972,9555,10527,122
2020-10-21,47027,47027,379,8,310,2,69,6,80,1,10,0,,,13,1,372,3334,3706,25
2020-10-21,47025,47025,506,2,448,1,58,1,35,-3,21,0,,,6,0,551,11959,12510,106
2020-10-21,47023,47023,715,2,585,2,130,0,37,-2,22,0,,,14,0,795,6214,7009,30
2020-10-21,47021,47021,982,9,954,10,28,-1,91,-2,31,0,,,11,0,1140,12633,13773,66
2020-10-21,47019,47019,1439,11,1376,10,63,1,133,2,93,0,,,32,0,1562,18736,20298,52
2020-10-21,47017,47017,1107,13,927,11,180,2,81,7,50,0,,,24,0,1143,12462,13605,43
2020-10-21,47015,47015,390,3,370,3,20,0,49,-4,10,0,,,2,0,460,4719,5179,43
2020-10-21,47013,47013,899,14,768,12,131,2,238,-3,41,1,,,7,0,895,13667,14562,140
2020-10-21,47011,47011,3447,13,3307,12,140,1,250,-11,200,1,,,22,1,4002,29333,33335,85
2020-10-21,47009,47009,3170,31,3073,28,97,3,335,2,123,1,,,32,0,3601,34305,37906,370
2020-10-21,47007,47007,994,70,987,70,7,0,101,66,20,0,,,4,0,1040,8848,9888,181
2020-10-21,47005,47005,396,5,378,5,18,0,39,3,17,0,,,9,0,420,5212,5632,33
2020-10-21,47003,47003,1606,10,1512,7,94,3,154,-4,55,0,,,20,0,1880,15187,17067,34
2020-10-21,47001,47001,1596,29,1526,29,70,0,194,8,46,4,,,13,0,1794,30006,31800,339
2020-10-21,47043,47043,1591,18,1376,15,215,3,177,3,64,0,,,19,1,1874,16635,18509,133
2020-10-21,47045,47045,2071,34,1791,19,280,15,369,-6,71,0,,,26,0,2095,13777,15872,66
2020-10-21,47095,47095,976,6,964,4,12,2,35,6,7,0,,,3,0,1180,6738,7918,17
2020-10-21,47049,47049,869,8,772,9,97,-1,117,-10,31,1,,,8,0,943,5355,6298,39
2020-10-21,47091,47091,1115,9,1091,1,24,8,82,6,32,0,,,7,0,1175,7692,8867,3
2020-10-21,47089,47089,1483,17,1285,14,198,3,152,-8,74,0,,,20,1,1537,19998,21535,124
2020-10-21,47087,47087,422,0,373,1,49,-1,38,-3,18,0,,,5,0,466,2887,3353,20
2020-10-21,47085,47085,419,4,328,3,91,1,79,-1,14,0,,,4,0,427,6407,6834,21
2020-10-21,47083,47083,392,0,353,0,39,0,36,-5,29,0,,,15,0,415,3291,3706,7
2020-10-21,47047,47047,1596,26,1539,25,57,1,232,11,80,0,,,22,0,1958,18305,20263,144
2020-10-21,47079,47079,753,7,732,6,21,1,66,3,39,0,,,10,0,881,10935,11816,45
2020-10-21,47077,47077,1373,12,1093,9,280,3,80,-2,47,0,,,25,0,1610,10087,11697,31
2020-10-21,47075,47075,1200,5,1116,4,84,1,70,-3,46,0,,,26,0,1300,7883,9183,60
2020-10-21,47073,47073,1117,12,1071,12,46,0,151,0,71,1,,,24,0,1230,12174,13404,77
2020-10-21,47081,47081,745,1,685,1,60,0,63,-3,20,0,,,13,0,879,8575,9454,23
2020-10-21,47069,47069,1804,9,1695,4,109,5,124,-7,69,0,,,32,0,2033,16031,18064,28
2020-10-21,47067,47067,112,0,102,0,10,0,1,-1,11,0,,,3,0,121,2162,2283,7
2020-10-21,47065,47065,11289,92,10771,76,518,16,794,9,434,2,,,104,1,12673,156692,169365,833
2020-10-21,47063,47063,2365,27,2159,27,206,0,217,13,121,1,,,43,0,2536,25752,28288,219
2020-10-21,47061,47061,525,1,485,2,40,-1,91,-11,37,2,,,10,2,591,3265,3856,14
2020-10-21,47059,47059,1575,10,1479,7,96,3,239,-10,91,0,,,51,0,1779,18878,20657,46
2020-10-21,47057,47057,546,7,493,7,53,0,77,3,29,0,,,4,0,600,7232,7832,73
2020-10-21,47055,47055,911,10,880,6,31,4,138,-2,51,0,,,34,0,1057,10857,11914,21
2020-10-21,47053,47053,2078,19,1586,10,492,9,154,5,65,0,,,38,0,2189,17437,19626,71
2020-10-21,47051,47051,1234,6,1181,5,53,1,118,-19,50,0,,,16,0,1491,17396,18887,41
2020-10-21,47071,47071,1336,14,1096,12,240,2,172,13,30,1,,,19,0,1411,14167,15578,61
2020-10-22,47127,47127,254,5,218,5,36,0,38,2,6,0,,,2,0,272,2849,3121,20
2020-10-22,47129,47129,422,6,394,7,28,-1,53,3,12,1,,,7,0,449,9141,9590,38
2020-10-22,47131,47131,1678,14,1507,6,171,8,182,-13,55,1,,,20,0,1742,12035,13777,22
2020-10-22,,47OOS,3828,67,3661,62,167,5,661,-5,119,2,,,36,1,3523,327189,330712,2305
2020-10-22,47139,47139,483,7,460,5,23,2,40,6,21,0,,,13,0,546,4401,4947,26
2020-10-22,,47PEN,3822,67,3465,37,357,30,841,13,54,2,,,4,0,4057,202356,206413,912
2020-10-22,47135,47135,261,8,226,2,35,6,93,7,9,0,,,1,0,263,4016,4279,17
2020-10-22,47137,47137,252,2,190,2,62,0,41,-2,9,2,,,7,2,241,1409,1650,16
2020-10-22,47133,47133,1165,13,985,10,180,3,196,-3,34,0,,,12,1,1195,8557,9752,50
2020-10-22,47125,47125,3988,55,3708,42,280,13,456,8,135,2,,,51,0,4292,48802,53094,368
2020-10-22,47103,47103,836,6,800,5,36,1,112,0,23,1,,,3,1,966,9213,10179,42
2020-10-22,47109,47109,1099,3,881,-1,218,4,69,-4,41,0,,,26,0,1221,9104,10325,29
2020-10-22,47107,47107,1564,22,1532,20,32,2,226,-2,71,0,,,33,1,1792,20254,22046,119
2020-10-22,47119,47119,3139,27,3085,26,54,1,387,-11,104,0,,,37,1,3538,31992,35530,208
2020-10-22,47117,47117,1085,22,1067,22,18,0,173,-4,28,0,,,9,1,1231,11016,12247,119
2020-10-22,47115,47115,724,9,707,10,17,-1,97,0,46,0,,,9,0,859,7740,8599,81
2020-10-22,47113,47113,3696,31,2644,10,1052,21,293,-6,195,1,,,79,0,3723,32314,36037,71
2020-10-22,47111,47111,1286,17,1228,14,58,3,92,5,83,0,,,25,1,1524,8629,10153,67
2020-10-22,47105,47105,1566,0,1513,0,53,0,152,-28,46,0,,,10,0,1703,15974,17677,60
2020-10-22,47141,47141,4257,27,3898,23,359,4,456,-28,128,0,,,54,0,4944,36157,41101,318
2020-10-22,47123,47123,1395,13,1344,14,51,-1,207,2,79,0,,,28,1,1559,13119,14678,70
2020-10-22,47143,47143,1063,4,1048,4,15,0,90,1,34,2,,,16,0,1256,12779,14035,74
2020-10-22,47165,47165,5788,73,5726,73,62,0,493,37,410,1,,,108,1,6832,54918,61750,598
2020-10-22,47147,47147,2537,27,2496,27,41,0,157,13,177,1,,,41,1,3051,20643,23694,237
2020-10-22,47189,47189,4514,59,4408,60,106,-1,457,8,131,1,,,55,2,5259,45182,50441,395
2020-10-22,47187,47187,6802,95,6534,80,268,15,706,21,139,3,,,55,4,7701,82885,90586,929
2020-10-22,47185,47185,1133,11,1050,9,83,2,138,-8,50,0,,,14,0,1400,12210,13610,75
2020-10-22,47183,47183,1467,14,1322,11,145,3,100,0,33,0,,,25,0,1562,12765,14327,48
2020-10-22,47181,47181,1569,0,1543,0,26,0,27,-3,20,0,,,7,0,1701,6654,8355,27
2020-10-22,47179,47179,3241,59,3130,55,111,4,496,20,139,3,,,46,2,3631,37414,41045,364
2020-10-22,47177,47177,1387,19,1278,11,109,8,188,5,18,0,,,10,0,1531,15733,17264,120
2020-10-22,47175,47175,197,2,182,2,15,0,18,1,8,0,,,1,0,218,2588,2806,8
2020-10-22,47173,47173,517,3,471,3,46,0,60,0,15,0,,,3,1,537,5686,6223,23
2020-10-22,47171,47171,384,11,359,11,25,0,77,7,19,0,,,2,0,419,7380,7799,53
2020-10-22,47169,47169,1751,7,1738,6,13,1,36,2,26,0,,,7,0,1832,5617,7449,47
2020-10-22,47167,47167,2260,25,1997,18,263,7,222,-5,94,2,,,22,0,2550,24719,27269,147
2020-10-22,47101,47101,360,2,355,1,5,1,80,-10,18,0,,,2,0,392,5427,5819,19
2020-10-22,47163,47163,3395,74,3198,69,197,5,701,22,213,4,,,46,0,3585,37125,40710,409
2020-10-22,47161,47161,312,0,287,2,25,-2,25,-16,9,-1,,,8,0,342,3503,3845,26
2020-10-22,47159,47159,962,8,921,9,41,-1,96,-3,32,0,,,12,0,1224,6707,7931,56
2020-10-22,47157,47157,34892,153,34307,141,585,12,2057,-45,2138,6,,,558,5,42979,433500,476479,2066
2020-10-22,47155,47155,3241,17,3121,18,120,-1,309,-18,109,1,,,21,0,3542,29924,33466,152
2020-10-22,47153,47153,329,-1,324,-1,5,0,54,-4,13,0,,,4,0,363,5985,6348,28
2020-10-22,47151,47151,351,7,318,7,33,0,70,-2,19,0,,,4,0,352,5337,5689,46
2020-10-22,47149,47149,11274,109,11099,103,175,6,839,-10,284,0,,,110,3,13587,100736,114323,886
2020-10-22,47145,47145,1223,-1,1166,0,57,-1,156,-21,38,-1,,,7,0,1387,21335,22722,83
2020-10-22,47099,47099,1526,21,1491,20,35,1,253,-19,50,0,,,18,0,1702,13334,15036,162
2020-10-22,47121,47121,300,3,296,3,4,0,47,2,14,0,,,5,0,342,3728,4070,22
2020-10-22,47097,47097,1367,22,1154,9,213,13,212,7,47,1,,,17,0,1373,12903,14276,43
2020-10-22,47041,47041,690,4,662,4,28,0,62,-6,27,1,,,17,1,835,9432,10267,55
2020-10-22,47039,47039,648,3,508,4,140,-1,63,-2,20,0,,,11,0,685,6801,7486,18
2020-10-22,47037,47037,30302,147,30044,146,258,1,1908,-26,1149,6,,,330,2,37768,423143,460911,2859
2020-10-22,47035,47035,1561,25,1511,24,50,1,165,6,68,2,,,24,0,1879,26642,28521,202
2020-10-22,47033,47033,803,1,621,-1,182,2,143,-14,21,-2,,,20,-1,775,4360,5135,24
2020-10-22,47031,47031,1799,16,1558,14,241,2,256,-12,48,0,,,20,0,2006,23092,25098,173
2020-10-22,47029,47029,966,14,858,8,108,6,114,5,47,0,,,12,0,981,9587,10568,41
2020-10-22,47027,47027,383,4,314,4,69,0,72,-8,10,0,,,14,1,376,3353,3729,23
2020-10-22,47023,47023,715,0,585,0,130,0,29,-8,22,0,,,14,0,793,6221,7014,5
2020-10-22,47021,47021,1000,18,971,17,29,1,97,6,31,0,,,11,0,1163,12781,13944,171
2020-10-22,47019,47019,1465,26,1401,25,64,1,134,1,95,2,,,32,0,1592,18853,20445,147
2020-10-22,47017,47017,1105,-2,925,-2,180,0,69,-12,50,0,,,25,1,1143,12474,13617,12
2020-10-22,47015,47015,396,6,376,6,20,0,49,0,10,0,,,2,0,467,4753,5220,41
2020-10-22,47013,47013,911,12,781,13,130,-1,206,-32,42,1,,,8,1,912,13808,14720,158
2020-10-22,47011,47011,3479,32,3335,28,144,4,260,10,202,2,,,23,1,4039,29464,33503,168
2020-10-22,47009,47009,3191,21,3094,21,97,0,328,-7,124,1,,,32,0,3621,34408,38029,123
2020-10-22,47007,47007,999,5,991,4,8,1,102,1,20,0,,,4,0,1045,8862,9907,19
2020-10-22,47005,47005,397,1,379,1,18,0,36,-3,17,0,,,9,0,421,5219,5640,8
2020-10-22,47003,47003,1617,11,1521,9,96,2,137,-17,55,0,,,20,0,1887,15274,17161,94
2020-10-22,47001,47001,1611,15,1541,15,70,0,195,1,47,1,,,14,1,1809,30107,31916,116
2020-10-22,47095,47095,975,-1,965,1,10,-2,30,-5,7,0,,,3,0,1180,6743,7923,5
2020-10-22,47043,47043,1604,13,1385,9,219,4,177,0,63,-1,,,19,0,1883,16725,18608,99
2020-10-22,47045,47045,2096,25,1803,12,293,13,351,-18,72,1,,,27,1,2106,13827,15933,61
2020-10-22,47025,47025,508,2,451,3,57,-1,33,-2,21,0,,,6,0,555,11972,12527,17
2020-10-22,47049,47049,877,8,780,8,97,0,107,-10,31,0,,,8,0,952,5401,6353,55
2020-10-22,47047,47047,1605,9,1546,7,59,2,205,-27,80,0,,,22,0,1963,18368,20331,68
2020-10-22,47091,47091,1117,2,1095,4,22,-2,73,-9,33,1,,,7,0,1177,7750,8927,60
2020-10-22,47089,47089,1492,9,1293,8,199,1,134,-18,74,0,,,20,0,1546,20072,21618,83
2020-10-22,47087,47087,434,12,383,10,51,2,46,8,18,0,,,5,0,476,2906,3382,29
2020-10-22,47085,47085,424,5,332,4,92,1,78,-1,14,0,,,4,0,432,6434,6866,32
2020-10-22,47083,47083,399,7,356,3,43,4,38,2,29,0,,,15,0,421,3321,3742,36
2020-10-22,47081,47081,751,6,690,5,61,1,63,0,20,0,,,13,0,886,8625,9511,57
2020-10-22,47079,47079,756,3,734,2,22,1,67,1,39,0,,,10,0,883,10943,11826,10
2020-10-22,47077,47077,1379,6,1098,5,281,1,75,-5,47,0,,,25,0,1617,10127,11744,47
2020-10-22,47075,47075,1210,10,1123,7,87,3,65,-5,47,1,,,27,1,1307,7911,9218,35
2020-10-22,47073,47073,1142,25,1094,23,48,2,157,6,71,0,,,24,0,1256,12323,13579,175
2020-10-22,47093,47093,12174,93,11619,92,555,1,1082,-10,439,8,,,88,1,13184,154734,167918,773
2020-10-22,47069,47069,1821,17,1711,16,110,1,129,5,69,0,,,32,0,2052,16106,18158,94
2020-10-22,47071,47071,1352,16,1105,9,247,7,172,0,31,1,,,19,0,1419,14263,15682,104
2020-10-22,47053,47053,2082,4,1587,1,495,3,145,-9,65,0,,,38,0,2186,17479,19665,39
2020-10-22,47055,47055,921,10,891,11,30,-1,140,2,51,0,,,34,0,1067,10941,12008,94
2020-10-22,47057,47057,551,5,495,2,56,3,71,-6,29,0,,,4,0,601,7266,7867,35
2020-10-22,47059,47059,1618,43,1520,41,98,2,243,4,92,1,,,51,0,1820,19059,20879,222
2020-10-22,47051,47051,1244,10,1191,10,53,0,118,0,51,1,,,16,0,1506,17485,18991,104
2020-10-22,47063,47063,2379,14,2168,9,211,5,197,-20,121,0,,,43,0,2549,25835,28384,96
2020-10-22,47065,47065,11368,79,10840,69,528,10,793,-1,439,5,,,105,1,12754,157400,170154,789
2020-10-22,47067,47067,113,1,102,0,11,1,2,1,11,0,,,3,0,121,2168,2289,6
2020-10-22,47061,47061,535,10,493,8,42,2,96,5,38,1,,,11,1,601,3296,3897,41
2020-10-23,47125,47125,4080,92,3784,76,296,16,482,26,137,2,,,52,1,4382,49476,53858,764
2020-10-23,47135,47135,277,16,240,14,37,2,109,16,10,1,,,2,1,279,4058,4337,58
2020-10-23,,47PEN,2837,-985,2495,-970,342,-15,924,83,33,-21,,,8,4,2902,204273,207175,762
2020-10-23,47133,47133,1184,19,1001,16,183,3,172,-24,35,1,,,16,4,1218,8669,9887,135
2020-10-23,,47OOS,3906,78,3738,77,168,1,697,36,119,0,,,36,0,3603,331065,334668,3956
2020-10-23,47131,47131,1730,52,1550,43,180,9,193,11,55,0,,,21,1,1787,12231,14018,241
2020-10-23,47137,47137,262,10,195,5,67,5,44,3,9,0,,,7,0,247,1475,1722,72
2020-10-23,47129,47129,431,9,402,8,29,1,56,3,12,0,,,7,0,457,9221,9678,88
2020-10-23,47127,47127,259,5,223,5,36,0,39,1,6,0,,,2,0,278,2868,3146,25
2020-10-23,47123,47123,1419,24,1368,24,51,0,211,4,79,0,,,28,0,1585,13301,14886,208
2020-10-23,47115,47115,741,17,724,17,17,0,95,-2,46,0,,,9,0,877,7875,8752,153
2020-10-23,47109,47109,1111,12,892,11,219,1,69,0,41,0,,,27,1,1238,9243,10481,156
2020-10-23,47107,47107,1589,25,1557,25,32,0,228,2,72,1,,,34,1,1821,20542,22363,317
2020-10-23,47119,47119,3164,25,3110,25,54,0,368,-19,104,0,,,37,0,3563,32284,35847,317
2020-10-23,47117,47117,1108,23,1090,23,18,0,173,0,28,0,,,9,0,1261,11152,12413,166
2020-10-23,47113,47113,3711,15,2661,17,1050,-2,290,-3,195,0,,,80,1,3742,32505,36247,210
2020-10-23,47111,47111,1307,21,1246,18,61,3,96,4,83,0,,,25,0,1543,8691,10234,81
2020-10-23,47105,47105,1588,22,1536,23,52,-1,147,-5,47,1,,,11,1,1734,16236,17970,293
2020-10-23,47103,47103,852,16,815,15,37,1,119,7,24,1,,,3,0,984,9296,10280,101
2020-10-23,47101,47101,375,15,370,15,5,0,88,8,18,0,,,2,0,408,5519,5927,108
2020-10-23,47139,47139,492,9,467,7,25,2,38,-2,21,0,,,13,0,554,4438,4992,45
2020-10-23,47121,47121,306,6,302,6,4,0,46,-1,15,1,,,6,1,350,3751,4101,31
2020-10-23,47141,47141,4329,72,3944,46,385,26,480,24,129,1,,,55,1,4999,36690,41689,588
2020-10-23,47099,47099,1556,30,1521,30,35,0,265,12,51,1,,,18,0,1735,13502,15237,201
2020-10-23,47145,47145,1257,34,1198,32,59,2,177,21,38,0,,,7,0,1424,21684,23108,386
2020-10-23,47187,47187,6897,95,6618,84,279,11,719,13,140,1,,,56,1,7797,83755,91552,966
2020-10-23,47185,47185,1150,17,1065,15,85,2,146,8,51,1,,,14,0,1415,12388,13803,193
2020-10-23,47183,47183,1511,44,1364,42,147,2,110,10,34,1,,,25,0,1609,12887,14496,169
2020-10-23,47181,47181,1584,15,1556,13,28,2,40,13,20,0,,,7,0,1715,6728,8443,88
2020-10-23,47179,47179,3326,85,3205,75,121,10,540,44,142,3,,,49,3,3715,37957,41672,627
2020-10-23,47177,47177,1415,28,1303,25,112,3,197,9,18,0,,,10,0,1557,16054,17611,347
2020-10-23,47175,47175,201,4,185,3,16,1,21,3,8,0,,,1,0,221,2618,2839,33
2020-10-23,47173,47173,523,6,477,6,46,0,57,-3,16,1,,,3,0,543,5755,6298,75
2020-10-23,47171,47171,395,11,367,8,28,3,82,5,20,1,,,3,1,430,7458,7888,89
2020-10-23,47169,47169,1758,7,1742,4,16,3,39,3,26,0,,,7,0,1841,5650,7491,42
2020-10-23,47167,47167,2309,49,2042,45,267,4,241,19,95,1,,,22,0,2606,25054,27660,391
2020-10-23,47165,47165,5900,112,5829,103,71,9,528,35,411,1,,,109,1,6950,55708,62658,908
2020-10-23,47163,47163,3540,145,3326,128,214,17,778,77,216,3,,,46,0,3717,37626,41343,633
2020-10-23,47161,47161,317,5,292,5,25,0,26,1,9,0,,,9,1,347,3535,3882,37
2020-10-23,47159,47159,976,14,933,12,43,2,92,-4,32,0,,,13,1,1240,6771,8011,80
2020-10-23,47157,47157,35564,672,34973,666,591,6,2269,212,2155,17,,,562,4,43806,438810,482616,6137
2020-10-23,47155,47155,3299,58,3177,56,122,2,326,17,110,1,,,21,0,3607,30510,34117,651
2020-10-23,47153,47153,338,9,333,9,5,0,57,3,13,0,,,4,0,372,6085,6457,109
2020-10-23,47151,47151,362,11,329,11,33,0,76,6,22,3,,,5,1,364,5403,5767,78
2020-10-23,47149,47149,11502,228,11311,212,191,16,931,92,287,3,,,113,3,13826,102237,116063,1740
2020-10-23,47147,47147,2577,40,2530,34,47,6,175,18,177,0,,,41,0,3087,20925,24012,318
2020-10-23,47143,47143,1083,20,1068,20,15,0,98,8,36,2,,,17,1,1276,12910,14186,151
2020-10-23,47189,47189,4577,63,4465,57,112,6,473,16,132,1,,,56,1,5316,45631,50947,506
2020-10-23,47097,47097,1404,37,1184,30,220,7,229,17,48,1,,,17,0,1403,13085,14488,212
2020-10-23,47093,47093,12398,224,11825,206,573,18,1165,83,442,3,,,89,1,13415,156918,170333,2415
2020-10-23,47041,47041,711,21,676,14,35,7,75,13,27,0,,,17,0,851,9533,10384,117
2020-10-23,47039,47039,648,0,509,1,139,-1,57,-6,20,0,,,11,0,686,6955,7641,155
2020-10-23,47037,47037,30982,680,30718,674,264,6,2025,117,1165,16,,,333,3,38553,427729,466282,5371
2020-10-23,47035,47035,1584,23,1529,18,55,5,179,14,72,4,,,25,1,1905,26971,28876,355
2020-10-23,47033,47033,829,26,641,20,188,6,140,-3,21,0,,,20,0,797,4397,5194,59
2020-10-23,47031,47031,1832,33,1582,24,250,9,262,6,48,0,,,23,3,2036,23469,25505,407
2020-10-23,47029,47029,1014,48,892,34,122,14,157,43,49,2,,,12,0,1017,9729,10746,178
2020-10-23,47027,47027,394,11,318,4,76,7,74,2,10,0,,,13,-1,380,3387,3767,38
2020-10-23,47025,47025,514,6,457,6,57,0,37,4,22,1,,,6,0,561,12176,12737,210
2020-10-23,47023,47023,721,6,591,6,130,0,34,5,22,0,,,14,0,800,6254,7054,40
2020-10-23,47021,47021,1031,31,1000,29,31,2,121,24,31,0,,,11,0,1192,12942,14134,190
2020-10-23,47019,47019,1495,30,1429,28,66,2,149,15,95,0,,,32,0,1622,19086,20708,263
2020-10-23,47017,47017,1125,20,943,18,182,2,73,4,51,1,,,25,0,1164,12635,13799,182
2020-10-23,47015,47015,404,8,382,6,22,2,50,1,11,1,,,2,0,474,4797,5271,51
2020-10-23,47013,47013,975,64,840,59,135,5,247,41,45,3,,,9,1,970,13969,14939,219
2020-10-23,47011,47011,3519,40,3372,37,147,3,273,13,202,0,,,23,0,4079,29744,33823,320
2020-10-23,47009,47009,3273,82,3173,79,100,3,377,49,126,2,,,34,2,3705,34959,38664,635
2020-10-23,47007,47007,1010,11,1002,11,8,0,112,10,20,0,,,4,0,1056,8975,10031,124
2020-10-23,47005,47005,411,14,393,14,18,0,38,2,19,2,,,9,0,436,5306,5742,102
2020-10-23,47003,47003,1650,33,1549,28,101,5,150,13,55,0,,,20,0,1916,15451,17367,206
2020-10-23,47001,47001,1646,35,1575,34,71,1,206,11,47,0,,,14,0,1844,30575,32419,503
2020-10-23,47043,47043,1636,32,1406,21,230,11,199,22,63,0,,,19,0,1905,16876,18781,173
2020-10-23,47045,47045,2163,67,1865,62,298,5,366,15,73,1,,,29,2,2174,14031,16205,272
2020-10-23,47095,47095,980,5,971,6,9,-1,30,0,7,0,,,3,0,1187,6831,8018,95
2020-10-23,47049,47049,889,12,790,10,99,2,102,-5,34,3,,,10,2,965,5526,6491,138
2020-10-23,47047,47047,1650,45,1591,45,59,0,204,-1,81,1,,,22,0,2018,18665,20683,352
2020-10-23,47091,47091,1127,10,1103,8,24,2,73,0,33,0,,,7,0,1187,7901,9088,161
2020-10-23,47089,47089,1529,37,1317,24,212,13,155,21,76,2,,,20,0,1574,20321,21895,277
2020-10-23,47087,47087,446,12,390,7,56,5,49,3,18,0,,,5,0,483,2949,3432,50
2020-10-23,47085,47085,434,10,341,9,93,1,77,-1,14,0,,,4,0,442,6478,6920,54
2020-10-23,47083,47083,404,5,361,5,43,0,39,1,29,0,,,17,2,423,3370,3793,51
2020-10-23,47079,47079,771,15,749,15,22,0,73,6,39,0,,,10,0,903,11054,11957,131
2020-10-23,47077,47077,1398,19,1116,18,282,1,82,7,49,2,,,25,0,1639,10225,11864,120
2020-10-23,47075,47075,1253,43,1165,42,88,1,84,19,47,0,,,27,0,1352,7985,9337,119
2020-10-23,47073,47073,1170,28,1122,28,48,0,171,14,71,0,,,24,0,1281,12545,13826,247
2020-10-23,47081,47081,767,16,705,15,62,1,64,1,22,2,,,15,2,903,8693,9596,85
2020-10-23,47069,47069,1854,33,1744,33,110,0,123,-6,70,1,,,33,1,2087,16180,18267,109
2020-10-23,47067,47067,115,2,104,2,11,0,4,2,11,0,,,3,0,123,2181,2304,15
2020-10-23,47065,47065,11497,129,10961,121,536,8,835,42,439,0,,,105,0,12883,158756,171639,1485
2020-10-23,47063,47063,2422,43,2205,37,217,6,208,11,122,1,,,48,5,2596,26195,28791,407
2020-10-23,47051,47051,1263,19,1209,18,54,1,123,5,51,0,,,17,1,1522,17673,19195,204
2020-10-23,47061,47061,545,10,502,9,43,1,86,-10,38,0,,,11,0,610,3348,3958,61
2020-10-23,47059,47059,1654,36,1552,32,102,4,252,9,94,2,,,51,0,1853,19266,21119,240
2020-10-23,47057,47057,566,15,510,15,56,0,82,11,29,0,,,4,0,615,7343,7958,91
2020-10-23,47055,47055,937,16,907,16,30,0,135,-5,52,1,,,35,1,1085,11057,12142,134
2020-10-23,47053,47053,2123,41,1624,37,499,4,163,18,65,0,,,42,4,2229,17720,19949,284
2020-10-23,47071,47071,1375,23,1121,16,254,7,167,-5,30,-1,,,19,0,1442,14530,15972,290
2020-10-24,47127,47127,265,6,229,6,36,0,39,0,6,0,,,2,0,284,2875,3159,13
2020-10-24,47129,47129,435,4,406,4,29,0,54,-2,12,0,,,7,0,462,9258,9720,42
2020-10-24,47131,47131,1741,11,1558,8,183,3,177,-16,56,1,,,21,0,1796,12269,14065,47
2020-10-24,47137,47137,272,10,197,2,75,8,42,-2,9,0,,,7,0,249,1493,1742,20
2020-10-24,47133,47133,1213,29,1013,12,200,17,166,-6,37,2,,,16,0,1231,8705,9936,49
2020-10-24,,47PEN,2953,116,2591,96,362,20,974,50,35,2,,,9,1,3014,205529,208543,1368
2020-10-24,47135,47135,291,14,250,10,41,4,120,11,10,0,,,2,0,289,4070,4359,22
2020-10-24,47125,47125,4115,35,3811,27,304,8,483,1,138,1,,,55,3,4408,49896,54304,446
2020-10-24,,47OOS,3896,-10,3715,-23,181,13,698,1,118,-1,,,35,-1,3573,333009,336582,1914
2020-10-24,47123,47123,1443,24,1390,22,53,2,225,14,79,0,,,28,0,1606,13393,14999,113
2020-10-24,47101,47101,385,10,380,10,5,0,92,4,18,0,,,2,0,418,5552,5970,43
2020-10-24,47109,47109,1112,1,894,2,218,-1,62,-7,41,0,,,27,0,1237,9297,10534,53
2020-10-24,47107,47107,1615,26,1580,23,35,3,237,9,72,0,,,35,1,1841,20644,22485,122
2020-10-24,47119,47119,3218,54,3164,54,54,0,388,20,107,3,,,37,0,3625,32733,36358,511
2020-10-24,47117,47117,1126,18,1108,18,18,0,167,-6,28,0,,,9,0,1280,11237,12517,104
2020-10-24,47115,47115,747,6,730,6,17,0,96,1,46,0,,,9,0,884,7954,8838,86
2020-10-24,47113,47113,3740,29,2681,20,1059,9,294,4,194,-1,,,79,-1,3758,32834,36592,345
2020-10-24,47111,47111,1324,17,1252,6,72,11,96,0,83,0,,,25,0,1551,8802,10353,119
2020-10-24,47105,47105,1612,24,1558,22,54,2,150,3,47,0,,,11,0,1757,16327,18084,114
2020-10-24,47103,47103,880,28,839,24,41,4,137,18,24,0,,,3,0,1007,9354,10361,81
2020-10-24,47139,47139,503,11,477,10,26,1,47,9,21,0,,,13,0,565,4502,5067,75
2020-10-24,47121,47121,307,1,303,1,4,0,45,-1,15,0,,,6,0,353,3781,4134,33
2020-10-24,47141,47141,4403,74,3986,42,417,32,502,22,132,3,,,56,1,5045,36986,42031,342
2020-10-24,47163,47163,3653,113,3433,107,220,6,836,58,218,2,,,46,0,3837,38179,42016,673
2020-10-24,47145,47145,1285,28,1226,28,59,0,185,8,38,0,,,7,0,1453,21878,23331,223
2020-10-24,47099,47099,1587,31,1552,31,35,0,270,5,53,2,,,19,1,1771,13627,15398,161
2020-10-24,47187,47187,6971,74,6681,63,290,11,737,18,139,-1,,,56,0,7868,84493,92361,809
2020-10-24,47185,47185,1175,25,1082,17,93,8,158,12,51,0,,,14,0,1439,12563,14002,199
2020-10-24,47183,47183,1523,12,1371,7,152,5,109,-1,34,0,,,25,0,1618,12934,14552,56
2020-10-24,47181,47181,1591,7,1561,5,30,2,45,5,20,0,,,7,0,1720,6782,8502,59
2020-10-24,47179,47179,3388,62,3265,60,123,2,561,21,144,2,,,50,1,3775,38418,42193,521
2020-10-24,47177,47177,1425,10,1313,10,112,0,188,-9,18,0,,,10,0,1569,16180,17749,138
2020-10-24,47175,47175,205,4,187,2,18,2,24,3,8,0,,,1,0,223,2731,2954,115
2020-10-24,47173,47173,538,15,491,14,47,1,71,14,16,0,,,3,0,557,5787,6344,46
2020-10-24,47171,47171,404,9,373,6,31,3,87,5,22,2,,,3,0,438,7527,7965,77
2020-10-24,47169,47169,1768,10,1751,9,17,1,48,9,26,0,,,7,0,1852,5702,7554,63
2020-10-24,47167,47167,2322,13,2052,10,270,3,225,-16,95,0,,,22,0,2615,25173,27788,128
2020-10-24,47165,47165,5948,48,5879,50,69,-2,532,4,413,2,,,109,0,7014,56085,63099,441
2020-10-24,47161,47161,320,3,295,3,25,0,26,0,9,0,,,10,1,351,3559,3910,28
2020-10-24,47159,47159,984,8,942,9,42,-1,91,-1,32,0,,,13,0,1253,6813,8066,55
2020-10-24,47157,47157,35753,189,35155,182,598,7,2272,3,2161,6,,,562,0,44031,441476,485507,2891
2020-10-24,47155,47155,3328,29,3206,29,122,0,320,-6,111,1,,,21,0,3639,30724,34363,246
2020-10-24,47153,47153,342,4,337,4,5,0,56,-1,11,-2,,,2,-2,375,6125,6500,43
2020-10-24,47151,47151,374,12,340,11,34,1,79,3,22,0,,,5,0,376,5435,5811,44
2020-10-24,47149,47149,11611,109,11405,94,206,15,960,29,288,1,,,112,-1,13949,102948,116897,834
2020-10-24,47147,47147,2589,12,2540,10,49,2,170,-5,177,0,,,41,0,3096,21030,24126,114
2020-10-24,47143,47143,1093,10,1078,10,15,0,105,7,38,2,,,17,0,1289,13029,14318,132
2020-10-24,47189,47189,4629,52,4511,46,118,6,476,3,133,1,,,56,0,5376,45880,51256,309
2020-10-24,47097,47097,1423,19,1196,12,227,7,220,-9,48,0,,,17,0,1419,13123,14542,54
2020-10-24,47093,47093,12561,163,11980,155,581,8,1184,19,444,2,,,89,0,13590,157656,171246,913
2020-10-24,47041,47041,725,14,685,9,40,5,84,9,27,0,,,17,0,863,9569,10432,48
2020-10-24,47039,47039,655,7,514,5,141,2,60,3,20,0,,,11,0,692,6965,7657,16
2020-10-24,47037,47037,31206,224,30936,218,270,6,2071,46,1169,4,,,336,3,38816,432426,471242,4960
2020-10-24,47035,47035,1595,11,1539,10,56,1,175,-4,72,0,,,25,0,1917,27100,29017,141
2020-10-24,47033,47033,833,4,643,2,190,2,134,-6,21,0,,,20,0,798,4418,5216,22
2020-10-24,47031,47031,1853,21,1599,17,254,4,255,-7,48,0,,,23,0,2052,23621,25673,168
2020-10-24,47029,47029,1035,21,909,17,126,4,167,10,49,0,,,14,2,1031,9868,10899,153
2020-10-24,47027,47027,401,7,317,-1,84,8,67,-7,10,0,,,13,0,381,3399,3780,13
2020-10-24,47025,47025,518,4,460,3,58,1,38,1,22,0,,,6,0,565,12211,12776,39
2020-10-24,47021,47021,1041,10,1011,11,30,-1,119,-2,32,1,,,11,0,1203,13010,14213,79
2020-10-24,47019,47019,1529,34,1461,32,68,2,167,18,97,2,,,32,0,1655,19237,20892,184
2020-10-24,47017,47017,1130,5,945,2,185,3,72,-1,51,0,,,25,0,1170,12654,13824,25
2020-10-24,47015,47015,408,4,385,3,23,1,50,0,11,0,,,2,0,471,4827,5298,27
2020-10-24,47013,47013,1000,25,859,19,141,6,249,2,45,0,,,11,2,991,14042,15033,94
2020-10-24,47011,47011,3558,39,3412,40,146,-1,286,13,202,0,,,23,0,4128,29911,34039,216
2020-10-24,47009,47009,3309,36,3206,33,103,3,374,-3,126,0,,,36,2,3737,35217,38954,290
2020-10-24,47007,47007,1011,1,1003,1,8,0,109,-3,20,0,,,4,0,1056,9010,10066,35
2020-10-24,47005,47005,413,2,395,2,18,0,37,-1,19,0,,,9,0,437,5356,5793,51
2020-10-24,47003,47003,1681,31,1579,30,102,1,161,11,55,0,,,20,0,1950,15555,17505,138
2020-10-24,47001,47001,1666,20,1594,19,72,1,204,-2,47,0,,,14,0,1870,30771,32641,222
2020-10-24,47095,47095,983,3,974,3,9,0,31,1,7,0,,,3,0,1191,6843,8034,16
2020-10-24,47043,47043,1648,12,1417,11,231,1,198,-1,63,0,,,19,0,1921,16981,18902,121
2020-10-24,47045,47045,2189,26,1883,18,306,8,351,-15,73,0,,,30,1,2188,14081,16269,64
2020-10-24,47023,47023,725,4,595,4,130,0,37,3,22,0,,,14,0,802,6291,7093,39
2020-10-24,47049,47049,908,19,801,11,107,8,110,8,34,0,,,11,1,977,5556,6533,42
2020-10-24,47047,47047,1667,17,1605,14,62,3,203,-1,81,0,,,23,1,2035,18754,20789,106
2020-10-24,47089,47089,1537,8,1325,8,212,0,142,-13,76,0,,,20,0,1586,20572,22158,263
2020-10-24,47087,47087,452,6,392,2,60,4,44,-5,18,0,,,5,0,485,2956,3441,9
2020-10-24,47085,47085,440,6,344,3,96,3,78,1,14,0,,,4,0,445,6509,6954,34
2020-10-24,47083,47083,409,5,365,4,44,1,38,-1,29,0,,,17,0,430,3501,3931,138
2020-10-24,47081,47081,779,12,712,7,67,5,66,2,22,0,,,15,0,913,8743,9656,60
2020-10-24,47079,47079,781,10,756,7,25,3,77,4,39,0,,,10,0,912,11076,11988,31
2020-10-24,47077,47077,1402,4,1119,3,283,1,79,-3,49,0,,,26,1,1640,10241,11881,17
2020-10-24,47075,47075,1272,19,1178,13,94,6,97,13,47,0,,,27,0,1363,8028,9391,54
2020-10-24,47073,47073,1188,18,1138,16,50,2,171,0,72,1,,,25,1,1299,12724,14023,197
2020-10-24,47071,47071,1379,4,1123,2,256,2,153,-14,30,0,,,19,0,1444,14612,16056,84
2020-10-24,47091,47091,1132,5,1107,4,25,1,76,3,33,0,,,7,0,1192,7980,9172,84
2020-10-24,47067,47067,117,2,106,2,11,0,6,2,11,0,,,3,0,125,2186,2311,7
2020-10-24,47065,47065,11618,121,11073,112,545,9,880,45,442,3,,,108,3,13000,159924,172924,1285
2020-10-24,47063,47063,2445,23,2228,23,217,0,207,-1,124,2,,,48,0,2621,26431,29052,261
2020-10-24,47061,47061,553,8,510,8,43,0,75,-11,38,0,,,11,0,618,3423,4041,83
2020-10-24,47059,47059,1684,30,1581,29,103,1,258,6,94,0,,,51,0,1885,19624,21509,390
2020-10-24,47057,47057,603,37,547,37,56,0,112,30,29,0,,,4,0,658,7498,8156,198
2020-10-24,47055,47055,951,14,922,15,29,-1,136,1,52,0,,,35,0,1104,11150,12254,112
2020-10-24,47053,47053,2130,7,1630,6,500,1,157,-6,66,1,,,43,1,2234,17760,19994,45
2020-10-24,47051,47051,1278,15,1223,14,55,1,132,9,51,0,,,19,2,1539,17739,19278,83
2020-10-24,47069,47069,1864,10,1751,7,113,3,124,1,70,0,,,33,0,2100,16301,18401,134
2020-10-25,47189,47189,4690,61,4571,60,119,1,502,26,133,0,,,59,3,5446,46469,51915,659
2020-10-25,47129,47129,443,8,413,7,30,1,53,-1,12,0,,,7,0,471,9310,9781,61
2020-10-25,47131,47131,1788,47,1586,28,202,19,198,21,56,0,,,22,1,1832,12371,14203,138
2020-10-25,,47OOS,4079,183,3882,167,197,16,848,150,119,1,,,35,0,3718,336621,340339,3757
2020-10-25,47139,47139,511,8,486,9,25,-1,47,0,21,0,,,13,0,577,4562,5139,72
2020-10-25,,47PEN,2206,-747,1891,-700,315,-47,832,-142,22,-13,,,3,-6,2197,207775,209972,1429
2020-10-25,47135,47135,308,17,256,6,52,11,136,16,10,0,,,2,0,297,4108,4405,46
2020-10-25,47137,47137,274,2,199,2,75,0,43,1,9,0,,,7,0,252,1502,1754,12
2020-10-25,47127,47127,269,4,232,3,37,1,39,0,6,0,,,2,0,290,2902,3192,33
2020-10-25,47133,47133,1227,14,1022,9,205,5,172,6,38,1,,,17,1,1245,8767,10012,76
2020-10-25,47125,47125,4217,102,3903,92,314,10,540,57,138,0,,,56,1,4513,50664,55177,873
2020-10-25,47119,47119,3307,89,3232,68,75,21,451,63,107,0,,,37,0,3701,33256,36957,599
2020-10-25,47121,47121,327,20,323,20,4,0,64,19,15,0,,,6,0,374,3865,4239,105
2020-10-25,47109,47109,1129,17,903,9,226,8,70,8,41,0,,,27,0,1252,9362,10614,80
2020-10-25,47107,47107,1640,25,1604,24,36,1,245,8,72,0,,,36,1,1873,21060,22933,448
2020-10-25,47117,47117,1138,12,1120,12,18,0,174,7,28,0,,,10,1,1300,11468,12768,251
2020-10-25,47115,47115,773,26,755,25,18,1,113,17,46,0,,,9,0,912,8160,9072,234
2020-10-25,47113,47113,3780,40,2702,21,1078,19,316,22,194,0,,,79,0,3780,33094,36874,282
2020-10-25,47111,47111,1343,19,1268,16,75,3,109,13,83,0,,,25,0,1568,8857,10425,72
2020-10-25,47105,47105,1623,11,1566,8,57,3,151,1,48,1,,,11,0,1769,16475,18244,160
2020-10-25,47103,47103,897,17,858,19,39,-2,147,10,24,0,,,3,0,1026,9494,10520,159
2020-10-25,47123,47123,1462,19,1408,18,54,1,239,14,79,0,,,28,0,1631,13604,15235,236
2020-10-25,47141,47141,4440,37,4009,23,431,14,517,15,132,0,,,56,0,5073,37310,42383,352
2020-10-25,47101,47101,403,18,398,18,5,0,105,13,19,1,,,3,1,439,5681,6120,150
2020-10-25,47145,47145,1302,17,1242,16,60,1,191,6,38,0,,,7,0,1472,22085,23557,226
2020-10-25,47187,47187,7102,131,6801,120,301,11,804,67,139,0,,,56,0,8013,85578,93591,1230
2020-10-25,47185,47185,1188,13,1093,11,95,2,167,9,51,0,,,14,0,1455,12641,14096,94
2020-10-25,47183,47183,1561,38,1404,33,157,5,135,26,34,0,,,26,1,1650,13041,14691,139
2020-10-25,47181,47181,1600,9,1569,8,31,1,54,9,20,0,,,7,0,1727,6841,8568,66
2020-10-25,47179,47179,3476,88,3351,86,125,2,614,53,145,1,,,51,1,3868,38944,42812,619
2020-10-25,47177,47177,1439,14,1323,10,116,4,196,8,18,0,,,10,0,1583,16357,17940,191
2020-10-25,47175,47175,207,2,189,2,18,0,23,-1,8,0,,,1,0,225,2743,2968,14
2020-10-25,47173,47173,543,5,495,4,48,1,73,2,16,0,,,3,0,563,5849,6412,68
2020-10-25,47171,47171,418,14,381,8,37,6,98,11,22,0,,,3,0,447,7605,8052,87
2020-10-25,47169,47169,1775,7,1758,7,17,0,54,6,26,0,,,8,1,1856,5735,7591,37
2020-10-25,47167,47167,2367,45,2083,31,284,14,253,28,95,0,,,23,1,2655,25396,28051,263
2020-10-25,47165,47165,6114,166,6040,161,74,5,639,107,414,1,,,110,1,7180,56900,64080,981
2020-10-25,47163,47163,3763,110,3540,107,223,3,912,76,219,1,,,46,0,3943,38738,42681,665
2020-10-25,47161,47161,331,11,305,10,26,1,34,8,9,0,,,11,1,362,3606,3968,58
2020-10-25,47159,47159,991,7,947,5,44,2,93,2,32,0,,,13,0,1257,6846,8103,37
2020-10-25,47157,47157,36376,623,35755,600,621,23,2588,316,2165,4,,,562,0,44736,446222,490958,5451
2020-10-25,47155,47155,3351,23,3229,23,122,0,333,13,111,0,,,22,1,3665,30968,34633,270
2020-10-25,47153,47153,346,4,341,4,5,0,51,-5,11,0,,,2,0,380,6193,6573,73
2020-10-25,47151,47151,384,10,350,10,34,0,87,8,22,0,,,5,0,385,5526,5911,100
2020-10-25,47149,47149,11893,282,11675,270,218,12,1140,180,289,1,,,114,2,14255,104589,118844,1947
2020-10-25,47147,47147,2614,25,2564,24,50,1,180,10,177,0,,,41,0,3126,21235,24361,235
2020-10-25,47143,47143,1111,18,1097,19,14,-1,121,16,38,0,,,18,1,1312,13191,14503,185
2020-10-25,47099,47099,1618,31,1581,29,37,2,284,14,54,1,,,20,1,1803,13914,15717,319
2020-10-25,47049,47049,916,8,809,8,107,0,111,1,34,0,,,11,0,984,5580,6564,31
2020-10-25,47095,47095,985,2,976,2,9,0,31,0,7,0,,,3,0,1193,6872,8065,31
2020-10-25,47041,47041,732,7,689,4,43,3,87,3,28,1,,,17,0,868,9637,10505,73
2020-10-25,47039,47039,663,8,520,6,143,2,64,4,20,0,,,11,0,698,6990,7688,31
2020-10-25,47037,47037,31748,542,31468,532,280,10,2346,275,1175,6,,,337,1,39446,438597,478043,6801
2020-10-25,47035,47035,1610,15,1554,15,56,0,179,4,73,1,,,25,0,1936,27209,29145,128
2020-10-25,47033,47033,868,35,662,19,206,16,149,15,21,0,,,20,0,819,4458,5277,61
2020-10-25,47031,47031,1894,41,1639,40,255,1,277,22,48,0,,,25,2,2099,23948,26047,374
2020-10-25,47029,47029,1058,23,924,15,134,8,180,13,49,0,,,14,0,1047,9963,11010,111
2020-10-25,47027,47027,406,5,317,0,89,5,71,4,10,0,,,13,0,380,3431,3811,31
2020-10-25,47025,47025,526,8,467,7,59,1,42,4,23,1,,,6,0,571,12282,12853,77
2020-10-25,47023,47023,732,7,602,7,130,0,44,7,22,0,,,14,0,811,6325,7136,43
2020-10-25,47021,47021,1060,19,1029,18,31,1,134,15,32,0,,,11,0,1222,13193,14415,202
2020-10-25,47019,47019,1556,27,1487,26,69,1,185,18,97,0,,,33,1,1684,19446,21130,238
2020-10-25,47017,47017,1148,18,961,16,187,2,82,10,51,0,,,26,1,1189,12762,13951,127
2020-10-25,47015,47015,415,7,392,7,23,0,52,2,11,0,,,2,0,482,4870,5352,54
2020-10-25,47013,47013,1030,30,888,29,142,1,256,7,46,1,,,12,1,1021,14421,15442,409
2020-10-25,47011,47011,3587,29,3440,28,147,1,291,5,202,0,,,23,0,4160,30254,34414,375
2020-10-25,47009,47009,3343,34,3239,33,104,1,384,10,126,0,,,36,0,3778,35603,39381,427
2020-10-25,47007,47007,1017,6,1009,6,8,0,114,5,20,0,,,4,0,1062,9061,10123,57
2020-10-25,47005,47005,419,6,401,6,18,0,36,-1,19,0,,,9,0,443,5398,5841,48
2020-10-25,47003,47003,1709,28,1604,25,105,3,180,19,55,0,,,20,0,1978,15734,17712,207
2020-10-25,47001,47001,1688,22,1612,18,76,4,218,14,47,0,,,14,0,1887,31153,33040,399
2020-10-25,47043,47043,1691,43,1453,36,238,7,230,32,63,0,,,19,0,1961,17212,19173,271
2020-10-25,47045,47045,2237,48,1922,39,315,9,362,11,73,0,,,32,2,2237,14217,16454,185
2020-10-25,47097,47097,1436,13,1204,8,232,5,223,3,48,0,,,17,0,1426,13255,14681,139
2020-10-25,47051,47051,1295,17,1239,16,56,1,141,9,51,0,,,19,0,1562,17926,19488,210
2020-10-25,47047,47047,1692,25,1628,23,64,2,214,11,81,0,,,25,2,2068,19031,21099,310
2020-10-25,47093,47093,12738,177,12147,167,591,10,1249,65,445,1,,,89,0,13781,159600,173381,2135
2020-10-25,47091,47091,1150,18,1120,13,30,5,91,15,33,0,,,7,0,1205,8066,9271,99
2020-10-25,47089,47089,1555,18,1339,14,216,4,151,9,76,0,,,21,1,1596,20707,22303,145
2020-10-25,47087,47087,452,0,391,-1,61,1,45,1,18,0,,,5,0,484,2968,3452,11
2020-10-25,47085,47085,450,10,351,7,99,3,79,1,14,0,,,4,0,452,6568,7020,66
2020-10-25,47081,47081,803,24,732,20,71,4,78,12,22,0,,,15,0,934,8809,9743,87
2020-10-25,47079,47079,796,15,771,15,25,0,92,15,39,0,,,11,1,929,11138,12067,79
2020-10-25,47077,47077,1416,14,1132,13,284,1,88,9,49,0,,,26,0,1657,10319,11976,95
2020-10-25,47075,47075,1295,23,1199,21,96,2,107,10,47,0,,,27,0,1387,8089,9476,85
2020-10-25,47083,47083,420,11,376,11,44,0,45,7,29,0,,,17,0,442,3529,3971,40
2020-10-25,47071,47071,1397,18,1132,9,265,9,161,8,30,0,,,20,1,1454,14672,16126,70
2020-10-25,47069,47069,1898,34,1774,23,124,11,140,16,70,0,,,33,0,2123,16472,18595,194
2020-10-25,47067,47067,119,2,108,2,11,0,6,0,11,0,,,3,0,127,2196,2323,12
2020-10-25,47065,47065,11758,140,11209,136,549,4,949,69,444,2,,,109,1,13156,161556,174712,1788
2020-10-25,47053,47053,2162,32,1648,18,514,14,162,5,67,1,,,44,1,2252,17853,20105,111
2020-10-25,47063,47063,2464,19,2239,11,225,8,211,4,124,0,,,48,0,2633,26648,29281,229
2020-10-25,47061,47061,570,17,527,17,43,0,75,0,38,0,,,11,0,639,3466,4105,64
2020-10-25,47059,47059,1750,66,1643,62,107,4,302,44,95,1,,,52,1,1953,19934,21887,378
2020-10-25,47057,47057,611,8,551,4,60,4,115,3,29,0,,,4,0,663,7544,8207,51
2020-10-25,47055,47055,969,18,940,18,29,0,147,11,52,0,,,36,1,1126,11398,12524,270
2020-10-25,47073,47073,1209,21,1156,18,53,3,178,7,72,0,,,25,0,1318,12852,14170,147
2020-10-26,47127,47127,272,3,235,3,37,0,40,1,6,0,,,2,0,293,2916,3209,17
2020-10-26,47129,47129,443,0,413,0,30,0,49,-4,12,0,,,7,0,471,9322,9793,12
2020-10-26,47131,47131,1795,7,1592,6,203,1,199,1,56,0,,,22,0,1838,12407,14245,42
2020-10-26,47137,47137,274,0,199,0,75,0,41,-2,10,1,,,8,1,252,1537,1789,35
2020-10-26,47133,47133,1229,2,1024,2,205,0,160,-12,38,0,,,17,0,1246,8782,10028,16
2020-10-26,,47PEN,2261,55,1951,60,310,-5,876,44,22,0,,,5,2,2263,208876,211139,1167
2020-10-26,47135,47135,308,0,259,3,49,-3,132,-4,10,0,,,2,0,301,4135,4436,31
2020-10-26,47125,47125,4240,23,3927,24,313,-1,532,-8,139,1,,,57,1,4536,50986,55522,345
2020-10-26,,47OOS,4151,72,3946,64,205,8,899,51,120,1,,,36,1,3758,338440,342198,1859
2020-10-26,47123,47123,1472,10,1418,10,54,0,240,1,80,1,,,28,0,1644,13660,15304,69
2020-10-26,47101,47101,418,15,413,15,5,0,120,15,19,0,,,5,2,456,5722,6178,58
2020-10-26,47109,47109,1134,5,908,5,226,0,74,4,41,0,,,27,0,1256,9384,10640,26
2020-10-26,47107,47107,1659,19,1622,18,37,1,251,6,73,1,,,37,1,1893,21145,23038,105
2020-10-26,47119,47119,3389,82,3314,82,75,0,517,66,109,2,,,38,1,3789,33747,37536,579
2020-10-26,47117,47117,1157,19,1139,19,18,0,186,12,28,0,,,10,0,1316,11600,12916,148
2020-10-26,47115,47115,783,10,765,10,18,0,117,4,46,0,,,9,0,924,8260,9184,112
2020-10-26,47113,47113,3814,34,2727,25,1087,9,334,18,194,0,,,79,0,3806,33369,37175,301
2020-10-26,47111,47111,1348,5,1273,5,75,0,106,-3,83,0,,,25,0,1573,8884,10457,32
2020-10-26,47105,47105,1643,20,1583,17,60,3,164,13,48,0,,,11,0,1785,16536,18321,77
2020-10-26,47103,47103,917,20,878,20,39,0,164,17,24,0,,,3,0,1046,9555,10601,81
2020-10-26,47139,47139,517,6,493,7,24,-1,50,3,21,0,,,13,0,584,4593,5177,38
2020-10-26,47121,47121,329,2,325,2,4,0,65,1,15,0,,,6,0,376,3891,4267,28
2020-10-26,47141,47141,4456,16,4022,13,434,3,508,-9,132,0,,,57,1,5086,37380,42466,83
2020-10-26,47163,47163,3819,56,3601,61,218,-5,932,20,219,0,,,46,0,4013,39086,43099,418
2020-10-26,47145,47145,1321,19,1259,17,62,2,202,11,38,0,,,7,0,1487,22230,23717,160
2020-10-26,47099,47099,1645,27,1608,27,37,0,296,12,54,0,,,20,0,1834,14033,15867,150
2020-10-26,47187,47187,7187,85,6884,83,303,2,847,43,140,1,,,56,0,8104,86222,94326,735
2020-10-26,47185,47185,1194,6,1099,6,95,0,163,-4,52,1,,,14,0,1462,12680,14142,46
2020-10-26,47183,47183,1573,12,1417,13,156,-1,145,10,34,0,,,26,0,1663,13076,14739,48
2020-10-26,47181,47181,1604,4,1574,5,30,-1,57,3,20,0,,,7,0,1733,6870,8603,35
2020-10-26,47179,47179,3569,93,3444,93,125,0,676,62,148,3,,,51,0,3962,39373,43335,523
2020-10-26,47177,47177,1449,10,1333,10,116,0,202,6,18,0,,,10,0,1593,16408,18001,61
2020-10-26,47175,47175,208,1,190,1,18,0,23,0,8,0,,,1,0,226,2750,2976,8
2020-10-26,47173,47173,546,3,497,2,49,1,75,2,16,0,,,3,0,566,5870,6436,24
2020-10-26,47171,47171,433,15,393,12,40,3,110,12,23,1,,,3,0,460,7655,8115,63
2020-10-26,47169,47169,1776,1,1759,1,17,0,53,-1,26,0,,,8,0,1858,5753,7611,20
2020-10-26,47167,47167,2381,14,2098,15,283,-1,258,5,95,0,,,23,0,2676,25507,28183,132
2020-10-26,47165,47165,6184,70,6109,69,75,1,676,37,421,7,,,112,2,7258,57288,64546,466
2020-10-26,47161,47161,336,5,310,5,26,0,37,3,10,1,,,11,0,368,3626,3994,26
2020-10-26,47159,47159,994,3,950,3,44,0,88,-5,32,0,,,13,0,1259,6881,8140,37
2020-10-26,47157,47157,36685,309,36055,300,630,9,2796,208,2169,4,,,565,3,45073,448671,493744,2786
2020-10-26,47155,47155,3364,13,3240,11,124,2,322,-11,112,1,,,23,1,3677,31096,34773,140
2020-10-26,47153,47153,347,1,342,1,5,0,48,-3,11,0,,,2,0,382,6246,6628,55
2020-10-26,47151,47151,386,2,352,2,34,0,83,-4,22,0,,,5,0,387,5549,5936,25
2020-10-26,47149,47149,12017,124,11793,118,224,6,1217,77,291,2,,,115,1,14403,105564,119967,1123
2020-10-26,47147,47147,2628,14,2578,14,50,0,183,3,177,0,,,42,1,3140,21358,24498,137
2020-10-26,47143,47143,1124,13,1110,13,14,0,130,9,38,0,,,18,0,1328,13350,14678,175
2020-10-26,47097,47097,1441,5,1210,6,231,-1,219,-4,48,0,,,17,0,1432,13292,14724,43
2020-10-26,47189,47189,4731,41,4612,41,119,0,514,12,133,0,,,59,0,5501,46811,52312,397
2020-10-26,47093,47093,12848,110,12250,103,598,7,1288,39,447,2,,,91,2,13912,160537,174449,1068
2020-10-26,47041,47041,737,5,694,5,43,0,89,2,28,0,,,17,0,874,9667,10541,36
2020-10-26,47039,47039,663,0,521,1,142,-1,62,-2,20,0,,,11,0,700,7000,7700,12
2020-10-26,47037,47037,31975,227,31692,224,283,3,2437,91,1179,4,,,343,6,39740,441747,481487,3444
2020-10-26,47035,47035,1613,3,1556,2,57,1,171,-8,74,1,,,27,2,1938,27269,29207,62
2020-10-26,47033,47033,870,2,663,1,207,1,143,-6,22,1,,,20,0,820,4479,5299,22
2020-10-26,47031,47031,1923,29,1664,25,259,4,298,21,48,0,,,25,0,2127,24101,26228,181
2020-10-26,47029,47029,1080,22,944,20,136,2,201,21,51,2,,,14,0,1068,10026,11094,84
2020-10-26,47027,47027,406,0,317,0,89,0,66,-5,11,1,,,15,2,380,3439,3819,8
2020-10-26,47025,47025,528,2,468,1,60,1,39,-3,23,0,,,6,0,572,12309,12881,28
2020-10-26,47023,47023,733,1,603,1,130,0,39,-5,22,0,,,14,0,812,6368,7180,44
2020-10-26,47021,47021,1069,9,1038,9,31,0,135,1,32,0,,,11,0,1230,13275,14505,90
2020-10-26,47019,47019,1583,27,1514,27,69,0,204,19,97,0,,,34,1,1714,19611,21325,195
2020-10-26,47017,47017,1153,5,963,2,190,3,86,4,52,1,,,26,0,1193,12790,13983,32
2020-10-26,47015,47015,421,6,398,6,23,0,57,5,11,0,,,2,0,486,4892,5378,26
2020-10-26,47013,47013,1035,5,892,4,143,1,247,-9,47,1,,,12,0,1027,14465,15492,50
2020-10-26,47011,47011,3619,32,3472,32,147,0,315,24,203,1,,,23,0,4197,30419,34616,202
2020-10-26,47009,47009,3374,31,3270,31,104,0,398,14,127,1,,,36,0,3811,35767,39578,197
2020-10-26,47007,47007,1026,9,1018,9,8,0,123,9,20,0,,,4,0,1073,9117,10190,67
2020-10-26,47005,47005,421,2,402,1,19,1,38,2,19,0,,,9,0,444,5415,5859,18
2020-10-26,47003,47003,1745,36,1636,32,109,4,209,29,55,0,,,20,0,2016,15910,17926,214
2020-10-26,47001,47001,1697,9,1620,8,77,1,208,-10,46,-1,,,13,-1,1897,31254,33151,111
2020-10-26,47043,47043,1707,16,1469,16,238,0,227,-3,63,0,,,19,0,1977,17308,19285,112
2020-10-26,47045,47045,2247,10,1932,10,315,0,359,-3,73,0,,,32,0,2247,14304,16551,97
2020-10-26,47095,47095,987,2,978,2,9,0,32,1,7,0,,,3,0,1196,6883,8079,14
2020-10-26,47049,47049,918,2,811,2,107,0,108,-3,34,0,,,11,0,986,5653,6639,75
2020-10-26,47047,47047,1698,6,1634,6,64,0,213,-1,81,0,,,25,0,2077,19124,21201,102
2020-10-26,47091,47091,1157,7,1127,7,30,0,98,7,33,0,,,7,0,1212,8188,9400,129
2020-10-26,47089,47089,1564,9,1348,9,216,0,155,4,76,0,,,21,0,1606,20775,22381,78
2020-10-26,47087,47087,453,1,392,1,61,0,43,-2,18,0,,,5,0,486,2994,3480,28
2020-10-26,47085,47085,458,8,359,8,99,0,80,1,14,0,,,4,0,462,6597,7059,39
2020-10-26,47083,47083,423,3,379,3,44,0,47,2,29,0,,,17,0,446,3637,4083,112
2020-10-26,47079,47079,802,6,777,6,25,0,95,3,39,0,,,11,0,940,11178,12118,51
2020-10-26,47077,47077,1421,5,1135,3,286,2,85,-3,49,0,,,26,0,1658,10351,12009,33
2020-10-26,47075,47075,1297,2,1200,1,97,1,107,0,47,0,,,28,1,1388,8172,9560,84
2020-10-26,47073,47073,1226,17,1171,15,55,2,186,8,73,1,,,25,0,1335,12960,14295,125
2020-10-26,47081,47081,810,7,739,7,71,0,84,6,22,0,,,15,0,941,8859,9800,57
2020-10-26,47069,47069,1905,7,1780,6,125,1,141,1,70,0,,,33,0,2133,16635,18768,173
2020-10-26,47067,47067,121,2,109,1,12,1,8,2,11,0,,,3,0,128,2205,2333,10
2020-10-26,47065,47065,11867,109,11310,101,557,8,1009,60,444,0,,,109,0,13283,162603,175886,1174
2020-10-26,47063,47063,2475,11,2247,8,228,3,213,2,124,0,,,48,0,2643,26705,29348,67
2020-10-26,47051,47051,1302,7,1245,6,57,1,141,0,52,1,,,20,1,1572,18040,19612,124
2020-10-26,47061,47061,575,5,532,5,43,0,74,-1,38,0,,,11,0,644,3531,4175,70
2020-10-26,47059,47059,1812,62,1703,60,109,2,353,51,95,0,,,52,0,2017,20222,22239,352
2020-10-26,47057,47057,612,1,551,0,61,1,113,-2,29,0,,,4,0,664,7564,8228,21
2020-10-26,47055,47055,983,14,954,14,29,0,155,8,52,0,,,36,0,1142,11488,12630,106
2020-10-26,47053,47053,2172,10,1659,11,513,-1,160,-2,67,0,,,44,0,2262,17907,20169,64
2020-10-26,47071,47071,1404,7,1139,7,265,0,158,-3,30,0,,,20,0,1462,14700,16162,36
2020-10-27,47127,47127,271,-1,237,2,34,-3,29,-11,6,0,,,2,0,295,2917,3212,3
2020-10-27,47129,47129,444,1,414,1,30,0,41,-8,12,0,,,7,0,474,9350,9824,31
2020-10-27,47131,47131,1811,16,1598,6,213,10,192,-7,56,0,,,23,1,1845,12461,14306,61
2020-10-27,47137,47137,276,2,201,2,75,0,28,-13,11,1,,,9,1,255,1540,1795,6
2020-10-27,47133,47133,1232,3,1029,5,203,-2,129,-31,39,1,,,18,1,1251,8824,10075,47
2020-10-27,,47PEN,2330,69,1956,5,374,64,894,18,23,1,,,6,1,2275,209522,211797,658
2020-10-27,47135,47135,329,21,299,40,30,-19,145,13,14,4,,,5,3,349,4155,4504,68
2020-10-27,47125,47125,4275,35,3942,15,333,20,498,-34,140,1,,,58,1,4552,51078,55630,108
2020-10-27,,47OOS,4171,20,3965,19,206,1,858,-41,118,-2,,,34,-2,3765,340009,343774,1576
2020-10-27,47123,47123,1486,14,1433,15,53,-1,228,-12,80,0,,,29,1,1661,13766,15427,123
2020-10-27,47101,47101,422,4,416,3,6,1,117,-3,20,1,,,5,0,459,5731,6190,12
2020-10-27,47109,47109,1144,10,913,5,231,5,72,-2,41,0,,,28,1,1261,9410,10671,31
2020-10-27,47107,47107,1673,14,1636,14,37,0,228,-23,75,2,,,37,0,1907,21194,23101,63
2020-10-27,47119,47119,3407,18,3331,17,76,1,482,-35,109,0,,,38,0,3808,33911,37719,183
2020-10-27,47117,47117,1156,-1,1137,-2,19,1,151,-35,29,1,,,11,1,1317,11699,13016,100
2020-10-27,47115,47115,794,11,775,10,19,1,107,-10,51,5,,,10,1,935,8289,9224,40
2020-10-27,47113,47113,3851,37,2741,14,1110,23,322,-12,194,0,,,80,1,3821,33429,37250,75
2020-10-27,47111,47111,1357,9,1282,9,75,0,101,-5,84,1,,,25,0,1587,8933,10520,63
2020-10-27,47105,47105,1653,10,1593,10,60,0,145,-19,48,0,,,11,0,1799,16644,18443,122
2020-10-27,47103,47103,925,8,881,3,44,5,149,-15,24,0,,,3,0,1050,9569,10619,18
2020-10-27,47139,47139,527,10,499,6,28,4,54,4,21,0,,,13,0,589,4599,5188,11
2020-10-27,47121,47121,330,1,326,1,4,0,60,-5,16,1,,,6,0,379,3906,4285,18
2020-10-27,47141,47141,4499,43,4062,40,437,3,467,-41,132,0,,,57,0,5133,37613,42746,280
2020-10-27,47163,47163,3846,27,3626,25,220,2,853,-79,227,8,,,48,2,4042,39207,43249,150
2020-10-27,47145,47145,1346,25,1282,23,64,2,204,2,38,0,,,7,0,1514,22348,23862,145
2020-10-27,47099,47099,1665,20,1618,10,47,10,263,-33,54,0,,,20,0,1846,14064,15910,43
2020-10-27,47187,47187,7235,48,6932,48,303,0,798,-49,140,0,,,56,0,8158,86628,94786,460
2020-10-27,47185,47185,1200,6,1106,7,94,-1,153,-10,53,1,,,14,0,1473,12738,14211,69
2020-10-27,47183,47183,1579,6,1421,4,158,2,139,-6,34,0,,,26,0,1669,13109,14778,39
2020-10-27,47181,47181,1606,2,1577,3,29,-1,55,-2,20,0,,,7,0,1737,6920,8657,54
2020-10-27,47179,47179,3615,46,3486,42,129,4,663,-13,150,2,,,53,2,4005,39479,43484,149
2020-10-27,47177,47177,1461,12,1346,13,115,-1,177,-25,18,0,,,10,0,1609,16512,18121,120
2020-10-27,47175,47175,210,2,192,2,18,0,20,-3,8,0,,,2,1,228,2760,2988,12
2020-10-27,47173,47173,549,3,499,2,50,1,69,-6,16,0,,,3,0,568,5885,6453,17
2020-10-27,47171,47171,445,12,394,1,51,11,111,1,24,1,,,3,0,464,7665,8129,14
2020-10-27,47169,47169,1777,1,1760,1,17,0,47,-6,26,0,,,8,0,1858,5763,7621,10
2020-10-27,47167,47167,2406,25,2110,12,296,13,255,-3,95,0,,,23,0,2689,25666,28355,172
2020-10-27,47165,47165,6230,46,6154,45,76,1,657,-19,423,2,,,112,0,7315,57549,64864,318
2020-10-27,47161,47161,338,2,310,0,28,2,36,-1,10,0,,,11,0,368,3630,3998,4
2020-10-27,47159,47159,1005,11,960,10,45,1,74,-14,32,0,,,14,1,1271,6908,8179,39
2020-10-27,47157,47157,36855,170,36222,167,633,3,2710,-86,2178,9,,,568,3,45300,450847,496147,2403
2020-10-27,47155,47155,3408,44,3283,43,125,1,332,10,114,2,,,23,0,3724,31320,35044,271
2020-10-27,47153,47153,357,10,351,9,6,1,43,-5,11,0,,,2,0,392,6257,6649,21
2020-10-27,47151,47151,394,8,357,5,37,3,78,-5,22,0,,,5,0,392,5594,5986,50
2020-10-27,47149,47149,12143,126,11909,116,234,10,1215,-2,291,0,,,115,0,14542,106045,120587,620
2020-10-27,47147,47147,2640,12,2586,8,54,4,165,-18,180,3,,,44,2,3148,21478,24626,128
2020-10-27,47143,47143,1130,6,1115,5,15,1,123,-7,40,2,,,18,0,1332,13382,14714,36
2020-10-27,47189,47189,4785,54,4662,50,123,4,520,6,133,0,,,60,1,5556,47015,52571,259
2020-10-27,47097,47097,1451,10,1219,9,232,1,196,-23,49,1,,,17,0,1440,13348,14788,64
2020-10-27,47093,47093,12956,108,12350,100,606,8,1234,-54,455,8,,,92,1,14021,161131,175152,703
2020-10-27,47041,47041,751,14,709,15,42,-1,93,4,30,2,,,17,0,891,9709,10600,59
2020-10-27,47039,47039,667,4,523,2,144,2,53,-9,20,0,,,11,0,701,7009,7710,10
2020-10-27,47037,47037,32175,200,31892,200,283,0,2427,-10,1182,3,,,341,-2,39967,444412,484379,2892
2020-10-27,47035,47035,1623,10,1566,10,57,0,163,-8,74,0,,,27,0,1950,27395,29345,138
2020-10-27,47033,47033,876,6,666,3,210,3,121,-22,22,0,,,20,0,822,4494,5316,17
2020-10-27,47031,47031,1943,20,1666,2,277,18,269,-29,48,0,,,26,1,2133,24132,26265,37
2020-10-27,47029,47029,1097,17,961,17,136,0,202,1,53,2,,,14,0,1086,10164,11250,156
2020-10-27,47027,47027,410,4,319,2,91,2,48,-18,12,1,,,15,0,382,3454,3836,17
2020-10-27,47025,47025,534,6,470,2,64,4,43,4,23,0,,,6,0,573,12346,12919,38
2020-10-27,47021,47021,1079,10,1047,9,32,1,129,-6,32,0,,,12,1,1240,13309,14549,44
2020-10-27,47019,47019,1598,15,1526,12,72,3,194,-10,99,2,,,34,0,1723,19654,21377,52
2020-10-27,47017,47017,1158,5,967,4,191,1,79,-7,52,0,,,26,0,1198,12813,14011,28
2020-10-27,47015,47015,427,6,401,3,26,3,59,2,11,0,,,2,0,493,4903,5396,18
2020-10-27,47013,47013,1044,9,901,9,143,0,224,-23,47,0,,,12,0,1040,14491,15531,39
2020-10-27,47011,47011,3641,22,3487,15,154,7,297,-18,203,0,,,23,0,4214,30506,34720,104
2020-10-27,47009,47009,3404,30,3295,25,109,5,380,-18,128,1,,,36,0,3846,36058,39904,326
2020-10-27,47007,47007,1026,0,1018,0,8,0,114,-9,20,0,,,4,0,1073,9137,10210,20
2020-10-27,47005,47005,426,5,406,4,20,1,38,0,19,0,,,9,0,449,5420,5869,10
2020-10-27,47003,47003,1753,8,1643,7,110,1,193,-16,55,0,,,20,0,2026,15942,17968,42
2020-10-27,47001,47001,1727,30,1645,25,82,5,210,2,47,1,,,14,1,1924,31431,33355,204
2020-10-27,47095,47095,988,1,979,1,9,0,28,-4,7,0,,,3,0,1197,6894,8091,12
2020-10-27,47043,47043,1722,15,1476,7,246,8,214,-13,64,1,,,19,0,1984,17353,19337,52
2020-10-27,47045,47045,2285,38,1964,32,321,6,352,-7,73,0,,,35,3,2279,14404,16683,132
2020-10-27,47023,47023,735,2,605,2,130,0,32,-7,22,0,,,15,1,814,6382,7196,16
2020-10-27,47049,47049,926,8,819,8,107,0,86,-22,37,3,,,11,0,995,5685,6680,41
2020-10-27,47047,47047,1708,10,1647,13,61,-3,180,-33,81,0,,,25,0,2097,19264,21361,160
2020-10-27,47089,47089,1575,11,1360,12,215,-1,142,-13,77,1,,,22,1,1621,20952,22573,192
2020-10-27,47087,47087,459,6,398,6,61,0,44,1,18,0,,,6,1,492,3015,3507,27
2020-10-27,47085,47085,457,-1,358,-1,99,0,69,-11,13,-1,,,4,0,463,6604,7067,8
2020-10-27,47083,47083,425,2,380,1,45,1,45,-2,29,0,,,17,0,447,3644,4091,8
2020-10-27,47081,47081,810,0,744,5,66,-5,75,-9,22,0,,,15,0,947,8871,9818,18
2020-10-27,47079,47079,809,7,783,6,26,1,88,-7,39,0,,,12,1,946,11209,12155,37
2020-10-27,47077,47077,1426,5,1138,3,288,2,80,-5,49,0,,,26,0,1664,10381,12045,36
2020-10-27,47075,47075,1305,8,1206,6,99,2,104,-3,47,0,,,28,0,1396,8205,9601,41
2020-10-27,47073,47073,1232,6,1177,6,55,0,167,-19,73,0,,,25,0,1341,13025,14366,71
2020-10-27,47071,47071,1416,12,1147,8,269,4,139,-19,31,1,,,22,2,1472,14723,16195,33
2020-10-27,47091,47091,1166,9,1129,2,37,7,100,2,33,0,,,7,0,1212,8199,9411,11
2020-10-27,47067,47067,121,0,109,0,12,0,7,-1,11,0,,,3,0,128,2207,2335,2
2020-10-27,47065,47065,11952,85,11382,72,570,13,996,-13,447,3,,,110,1,13369,163285,176654,768
2020-10-27,47063,47063,2495,20,2265,18,230,2,203,-10,125,1,,,48,0,2663,26847,29510,162
2020-10-27,47061,47061,578,3,535,3,43,0,64,-10,38,0,,,11,0,648,3545,4193,18
2020-10-27,47059,47059,1821,9,1712,9,109,0,332,-21,95,0,,,54,2,2026,20311,22337,98
2020-10-27,47057,47057,617,5,557,6,60,-1,107,-6,29,0,,,4,0,668,7612,8280,52
2020-10-27,47055,47055,986,3,956,2,30,1,128,-27,52,0,,,36,0,1149,11528,12677,47
2020-10-27,47053,47053,2192,20,1668,9,524,11,161,1,67,0,,,49,5,2275,17949,20224,55
2020-10-27,47051,47051,1305,3,1247,2,58,1,128,-13,52,0,,,22,2,1574,18061,19635,23
2020-10-27,47069,47069,1909,4,1782,2,127,2,125,-16,70,0,,,33,0,2135,16699,18834,66
2020-10-28,47139,47139,533,6,504,5,29,1,56,2,23,2,,,13,0,594,4614,5208,20
2020-10-28,47127,47127,277,6,240,3,37,3,32,3,6,0,,,2,0,297,2921,3218,6
2020-10-28,47129,47129,451,7,419,5,32,2,44,3,12,0,,,7,0,480,9409,9889,65
2020-10-28,47131,47131,1847,36,1617,19,230,17,192,0,56,0,,,23,0,1864,12526,14390,84
2020-10-28,47137,47137,283,7,203,2,80,5,28,0,11,0,,,9,0,256,1544,1800,5
2020-10-28,47133,47133,1248,16,1045,16,203,0,124,-5,39,0,,,18,0,1272,8866,10138,63
2020-10-28,,47PEN,2107,-223,1795,-161,312,-62,688,-206,20,-3,,,5,-1,2100,210401,212501,704
2020-10-28,47135,47135,336,7,306,7,30,0,148,3,14,0,,,5,0,352,4179,4531,27
2020-10-28,47125,47125,4333,58,3986,44,347,14,512,14,141,1,,,60,2,4598,51285,55883,253
2020-10-28,,47OOS,4177,6,3961,-4,216,10,814,-44,121,3,,,35,1,3746,341632,345378,1604
2020-10-28,47123,47123,1507,21,1451,18,56,3,213,-15,80,0,,,29,0,1676,13902,15578,151
2020-10-28,47117,47117,1172,16,1152,15,20,1,151,0,29,0,,,11,0,1333,11829,13162,146
2020-10-28,47109,47109,1150,6,915,2,235,4,71,-1,41,0,,,29,1,1265,9455,10720,49
2020-10-28,47107,47107,1683,10,1643,7,40,3,213,-15,79,4,,,38,1,1915,21303,23218,117
2020-10-28,47119,47119,3431,24,3355,24,76,0,451,-31,111,2,,,38,0,3835,34061,37896,177
2020-10-28,47115,47115,809,15,788,13,21,2,111,4,51,0,,,10,0,951,8370,9321,97
2020-10-28,47113,47113,3892,41,2754,13,1138,28,336,14,195,1,,,80,0,3838,33491,37329,79
2020-10-28,47111,47111,1371,14,1293,11,78,3,104,3,84,0,,,25,0,1600,8973,10573,53
2020-10-28,47105,47105,1678,25,1618,25,60,0,154,9,49,1,,,12,1,1828,16780,18608,165
2020-10-28,47103,47103,931,6,886,5,45,1,147,-2,25,1,,,3,0,1057,9625,10682,63
2020-10-28,47101,47101,431,9,422,6,9,3,105,-12,20,0,,,5,0,465,5744,6209,19
2020-10-28,47121,47121,332,2,328,2,4,0,56,-4,16,0,,,6,0,381,3921,4302,17
2020-10-28,47189,47189,4847,62,4719,57,128,5,524,4,133,0,,,60,0,5616,47465,53081,510
2020-10-28,47099,47099,1696,31,1648,30,48,1,275,12,54,0,,,20,0,1882,14221,16103,193
2020-10-28,47145,47145,1387,41,1321,39,66,2,229,25,39,1,,,8,1,1556,22541,24097,235
2020-10-28,47187,47187,7319,84,7014,82,305,2,795,-3,140,0,,,56,0,8243,87187,95430,644
2020-10-28,47185,47185,1228,28,1132,26,96,2,166,13,54,1,,,14,0,1505,12826,14331,120
2020-10-28,47183,47183,1601,22,1436,15,165,7,140,1,34,0,,,26,0,1683,13205,14888,110
2020-10-28,47181,47181,1612,6,1582,5,30,1,59,4,20,0,,,7,0,1742,6942,8684,27
2020-10-28,47179,47179,3663,48,3531,45,132,3,652,-11,150,0,,,53,0,4052,39668,43720,236
2020-10-28,47177,47177,1490,29,1370,24,120,5,176,-1,18,0,,,11,1,1634,16644,18278,157
2020-10-28,47175,47175,212,2,194,2,18,0,17,-3,8,0,,,2,0,230,2779,3009,21
2020-10-28,47173,47173,552,3,502,3,50,0,62,-7,16,0,,,3,0,573,5919,6492,39
2020-10-28,47171,47171,457,12,402,8,55,4,113,2,24,0,,,3,0,472,7691,8163,34
2020-10-28,47169,47169,1781,4,1764,4,17,0,45,-2,27,1,,,9,1,1864,5780,7644,23
2020-10-28,47167,47167,2439,33,2133,23,306,10,260,5,96,1,,,23,0,2716,25807,28523,168
2020-10-28,47165,47165,6305,75,6226,72,79,3,669,12,426,3,,,113,1,7399,57908,65307,443
2020-10-28,47163,47163,3923,77,3702,76,221,1,846,-7,234,7,,,49,1,4120,39610,43730,481
2020-10-28,47161,47161,344,6,317,7,27,-1,38,2,10,0,,,11,0,376,3654,4030,32
2020-10-28,47159,47159,1024,19,978,18,46,1,85,11,32,0,,,14,0,1293,6952,8245,66
2020-10-28,47157,47157,37111,256,36454,232,657,24,2721,11,2189,11,,,570,2,45573,453062,498635,2488
2020-10-28,47155,47155,3461,53,3331,48,130,5,346,14,113,-1,,,22,-1,3779,31612,35391,347
2020-10-28,47153,47153,357,0,351,0,6,0,37,-6,12,1,,,2,0,391,6266,6657,8
2020-10-28,47151,47151,400,6,361,4,39,2,75,-3,22,0,,,5,0,396,5646,6042,56
2020-10-28,47149,47149,12271,128,12024,115,247,13,1241,26,291,0,,,115,0,14677,106631,121308,721
2020-10-28,47147,47147,2669,29,2613,27,56,2,180,15,181,1,,,43,-1,3175,21600,24775,149
2020-10-28,47143,47143,1132,2,1115,0,17,2,119,-4,41,1,,,19,1,1333,13407,14740,26
2020-10-28,47097,47097,1474,23,1230,11,244,12,197,1,50,1,,,17,0,1452,13422,14874,86
2020-10-28,47141,47141,4548,49,4100,38,448,11,456,-11,133,1,,,57,0,5182,37929,43111,365
2020-10-28,47093,47093,13049,93,12430,80,619,13,1206,-28,460,5,,,95,3,14105,162063,176168,1016
2020-10-28,47041,47041,779,28,735,26,44,2,113,20,30,0,,,17,0,921,9767,10688,88
2020-10-28,47039,47039,674,7,531,8,143,-1,57,4,20,0,,,11,0,709,7027,7736,26
2020-10-28,47037,47037,32483,308,32187,295,296,13,2462,35,1189,7,,,346,5,40333,448662,488995,4616
2020-10-28,47035,47035,1651,28,1590,24,61,4,170,7,75,1,,,27,0,1979,27554,29533,188
2020-10-28,47033,47033,897,21,676,10,221,11,125,4,22,0,,,22,2,832,4513,5345,29
2020-10-28,47031,47031,1962,19,1674,8,288,11,259,-10,49,1,,,26,0,2142,24301,26443,178
2020-10-28,47029,47029,1123,26,977,16,146,10,216,14,53,0,,,14,0,1107,10270,11377,127
2020-10-28,47027,47027,415,5,323,4,92,1,43,-5,12,0,,,15,0,387,3479,3866,30
2020-10-28,47025,47025,538,4,474,4,64,0,43,0,24,1,,,7,1,578,12432,13010,91
2020-10-28,47023,47023,740,5,610,5,130,0,31,-1,22,0,,,15,0,820,6397,7217,21
2020-10-28,47021,47021,1091,12,1057,10,34,2,136,7,33,1,,,12,0,1254,13398,14652,103
2020-10-28,47019,47019,1630,32,1557,31,73,1,214,20,99,0,,,34,0,1756,19721,21477,100
2020-10-28,47017,47017,1161,3,966,-1,195,4,76,-3,52,0,,,26,0,1198,12849,14047,36
2020-10-28,47015,47015,430,3,404,3,26,0,54,-5,11,0,,,2,0,496,4935,5431,35
2020-10-28,47013,47013,1071,27,911,10,160,17,222,-2,48,1,,,13,1,1051,14595,15646,115
2020-10-28,47011,47011,3667,26,3511,24,156,2,299,2,206,3,,,23,0,4238,30576,34814,94
2020-10-28,47009,47009,3464,60,3350,55,114,5,407,27,130,2,,,36,0,3908,36335,40243,339
2020-10-28,47007,47007,1033,7,1025,7,8,0,118,4,20,0,,,4,0,1080,9178,10258,48
2020-10-28,47005,47005,431,5,410,4,21,1,42,4,19,0,,,9,0,455,5430,5885,16
2020-10-28,47003,47003,1763,10,1647,4,116,6,189,-4,55,0,,,20,0,2029,15984,18013,45
2020-10-28,47001,47001,1767,40,1682,37,85,3,233,23,47,0,,,14,0,1967,31820,33787,432
2020-10-28,47043,47043,1747,25,1492,16,255,9,224,10,64,0,,,19,0,2004,17485,19489,152
2020-10-28,47045,47045,2324,39,1982,18,342,21,323,-29,77,4,,,38,3,2298,14459,16757,74
2020-10-28,47095,47095,990,2,981,2,9,0,26,-2,7,0,,,4,1,1198,6908,8106,15
2020-10-28,47049,47049,934,8,826,7,108,1,85,-1,38,1,,,11,0,1005,5715,6720,40
2020-10-28,47047,47047,1744,36,1680,33,64,3,195,15,81,0,,,25,0,2133,19398,21531,170
2020-10-28,47091,47091,1171,5,1130,1,41,4,93,-7,34,1,,,7,0,1214,8201,9415,4
2020-10-28,47089,47089,1588,13,1368,8,220,5,136,-6,77,0,,,23,1,1633,21067,22700,127
2020-10-28,47087,47087,468,9,408,10,60,-1,50,6,18,0,,,6,0,502,3036,3538,31
2020-10-28,47085,47085,462,5,361,3,101,2,64,-5,13,0,,,4,0,467,6630,7097,30
2020-10-28,47083,47083,428,3,381,1,47,2,41,-4,29,0,,,17,0,449,3650,4099,8
2020-10-28,47079,47079,821,12,796,13,25,-1,91,3,39,0,,,12,0,961,11241,12202,47
2020-10-28,47077,47077,1436,10,1145,7,291,3,87,7,49,0,,,26,0,1671,10412,12083,38
2020-10-28,47075,47075,1317,12,1213,7,104,5,109,5,48,1,,,28,0,1402,8248,9650,49
2020-10-28,47073,47073,1245,13,1188,11,57,2,163,-4,74,1,,,25,0,1352,13091,14443,77
2020-10-28,47081,47081,820,10,751,7,69,3,80,5,22,0,,,15,0,953,8916,9869,51
2020-10-28,47069,47069,1929,20,1794,12,135,8,127,2,70,0,,,33,0,2150,16735,18885,51
2020-10-28,47067,47067,123,2,111,2,12,0,8,1,11,0,,,3,0,130,2208,2338,3
2020-10-28,47065,47065,12057,105,11471,89,586,16,1006,10,448,1,,,111,1,13466,164094,177560,906
2020-10-28,47063,47063,2525,30,2292,27,233,3,215,12,127,2,,,50,2,2693,27048,29741,231
2020-10-28,47051,47051,1314,9,1254,7,60,2,126,-2,53,1,,,23,1,1582,18102,19684,49
2020-10-28,47061,47061,585,7,542,7,43,0,65,1,39,1,,,11,0,654,3549,4203,10
2020-10-28,47059,47059,1831,10,1720,8,111,2,317,-15,96,1,,,54,0,2037,20337,22374,37
2020-10-28,47057,47057,635,18,568,11,67,7,122,15,29,0,,,4,0,679,7664,8343,63
2020-10-28,47055,47055,994,8,963,7,31,1,125,-3,52,0,,,38,2,1156,11621,12777,100
2020-10-28,47053,47053,2205,13,1670,2,535,11,159,-2,68,1,,,49,0,2281,17994,20275,51
2020-10-28,47071,47071,1426,10,1153,6,273,4,132,-7,31,0,,,22,0,1479,14780,16259,64
2020-10-29,47129,47129,458,7,426,7,32,0,47,3,12,0,,,7,0,488,9461,9949,60
2020-10-29,47131,47131,1855,8,1625,8,230,0,179,-13,56,0,,,23,0,1875,12640,14515,125
2020-10-29,,47OOS,4278,101,4060,99,218,2,866,52,123,2,,,36,1,3841,344240,348081,2703
2020-10-29,47139,47139,540,7,511,7,29,0,60,4,23,0,,,13,0,601,4653,5254,46
2020-10-29,,47PEN,2230,123,1895,100,335,23,755,67,22,2,,,6,1,2205,211976,214181,1680
2020-10-29,47135,47135,343,7,309,3,34,4,142,-6,14,0,,,5,0,354,4221,4575,44
2020-10-29,47137,47137,287,4,207,4,80,0,25,-3,12,1,,,9,0,263,1588,1851,51
2020-10-29,47127,47127,283,6,245,5,38,1,36,4,6,0,,,2,0,304,2938,3242,24
2020-10-29,47133,47133,1261,13,1057,12,204,1,122,-2,39,0,,,20,2,1284,8961,10245,107
2020-10-29,47125,47125,4389,56,4025,39,364,17,516,4,141,0,,,60,0,4653,51782,56435,552
2020-10-29,47103,47103,945,14,895,9,50,5,149,2,25,0,,,3,0,1068,9677,10745,63
2020-10-29,47121,47121,337,5,332,4,5,1,54,-2,16,0,,,6,0,384,3954,4338,36
2020-10-29,47109,47109,1150,0,915,0,235,0,61,-10,41,0,,,29,0,1268,9528,10796,76
2020-10-29,47107,47107,1712,29,1672,29,40,0,218,5,79,0,,,38,0,1951,21526,23477,259
2020-10-29,47119,47119,3458,27,3380,25,78,2,419,-32,112,1,,,39,1,3855,34332,38187,291
2020-10-29,47117,47117,1190,18,1171,19,19,-1,157,6,29,0,,,11,0,1351,11936,13287,125
2020-10-29,47115,47115,812,3,791,3,21,0,103,-8,51,0,,,10,0,956,8451,9407,86
2020-10-29,47113,47113,3918,26,2771,17,1147,9,334,-2,199,4,,,80,0,3847,33572,37419,90
2020-10-29,47111,47111,1381,10,1300,7,81,3,108,4,84,0,,,25,0,1608,9056,10664,91
2020-10-29,47105,47105,1690,12,1630,12,60,0,157,3,49,0,,,12,0,1844,17010,18854,246
2020-10-29,47141,47141,4610,62,4150,50,460,12,461,5,133,0,,,59,2,5241,38454,43695,584
2020-10-29,47123,47123,1521,14,1464,13,57,1,198,-15,80,0,,,29,0,1695,14044,15739,161
2020-10-29,47143,47143,1141,9,1121,6,20,3,117,-2,42,1,,,19,0,1341,13486,14827,87
2020-10-29,47165,47165,6371,66,6290,64,81,2,674,5,430,4,,,113,0,7487,58527,66014,707
2020-10-29,47147,47147,2681,12,2626,13,55,-1,166,-14,187,6,,,43,0,3195,21752,24947,172
2020-10-29,47101,47101,442,11,436,14,6,-3,108,3,20,0,,,5,0,479,5826,6305,96
2020-10-29,47189,47189,4920,73,4793,74,127,-1,537,13,136,3,,,63,3,5703,47908,53611,530
2020-10-29,47187,47187,7387,68,7068,54,319,14,779,-16,140,0,,,56,0,8305,87811,96116,686
2020-10-29,47185,47185,1252,24,1152,20,100,4,170,4,55,1,,,14,0,1529,12998,14527,196
2020-10-29,47183,47183,1610,9,1442,6,168,3,135,-5,34,0,,,26,0,1692,13246,14938,50
2020-10-29,47181,47181,1619,7,1588,6,31,1,65,6,20,0,,,7,0,1750,6981,8731,47
2020-10-29,47179,47179,3767,104,3630,99,137,5,708,56,153,3,,,53,0,4157,40088,44245,525
2020-10-29,47177,47177,1507,17,1386,16,121,1,179,3,18,0,,,11,0,1652,16822,18474,196
2020-10-29,47175,47175,212,0,194,0,18,0,13,-4,8,0,,,2,0,230,2798,3028,19
2020-10-29,47173,47173,555,3,504,2,51,1,62,0,17,1,,,4,1,575,5948,6523,31
2020-10-29,47171,47171,477,20,421,19,56,1,122,9,24,0,,,5,2,490,7767,8257,94
2020-10-29,47169,47169,1789,8,1772,8,17,0,48,3,27,0,,,9,0,1877,5810,7687,43
2020-10-29,47167,47167,2466,27,2153,20,313,7,272,12,96,0,,,23,0,2741,25999,28740,217
2020-10-29,47163,47163,3981,58,3749,47,232,11,843,-3,241,7,,,50,1,4168,39788,43956,226
2020-10-29,47161,47161,348,4,320,3,28,1,41,3,10,0,,,11,0,381,3667,4048,18
2020-10-29,47159,47159,1032,8,984,6,48,2,86,1,32,0,,,14,0,1300,7002,8302,57
2020-10-29,47157,47157,37335,224,36673,219,662,5,2695,-26,2201,12,,,570,0,45867,455793,501660,3025
2020-10-29,47155,47155,3497,36,3362,31,135,5,339,-7,114,1,,,22,0,3813,31840,35653,262
2020-10-29,47153,47153,363,6,357,6,6,0,40,3,12,0,,,2,0,399,6335,6734,77
2020-10-29,47151,47151,408,8,367,6,41,2,79,4,22,0,,,5,0,402,5705,6107,65
2020-10-29,47149,47149,12406,135,12155,131,251,4,1273,32,291,0,,,115,0,14830,107814,122644,1336
2020-10-29,47145,47145,1420,33,1355,34,65,-1,247,18,39,0,,,8,0,1591,22904,24495,398
2020-10-29,47099,47099,1707,11,1656,8,51,3,260,-15,54,0,,,20,0,1888,14290,16178,75
2020-10-29,47097,47097,1495,21,1249,19,246,2,204,7,51,1,,,17,0,1473,13497,14970,96
2020-10-29,47095,47095,990,0,981,0,9,0,25,-1,7,0,,,4,0,1199,6943,8142,36
2020-10-29,47043,47043,1763,16,1506,14,257,2,231,7,64,0,,,19,0,2026,17618,19644,155
2020-10-29,47041,47041,786,7,743,8,43,-1,113,0,30,0,,,17,0,930,9934,10864,176
2020-10-29,47039,47039,679,5,534,3,145,2,57,0,20,0,,,11,0,712,7047,7759,23
2020-10-29,47037,47037,32679,196,32375,188,304,8,2411,-51,1192,3,,,345,-1,40552,451709,492261,3266
2020-10-29,47035,47035,1669,18,1610,20,59,-2,175,5,75,0,,,27,0,2000,27932,29932,399
2020-10-29,47033,47033,907,10,680,4,227,6,111,-14,22,0,,,22,0,836,4527,5363,18
2020-10-29,47031,47031,1987,25,1691,17,296,8,261,2,49,0,,,26,0,2158,24542,26700,257
2020-10-29,47029,47029,1150,27,1004,27,146,0,227,11,53,0,,,14,0,1133,10398,11531,154
2020-10-29,47027,47027,418,3,325,2,93,1,41,-2,13,1,,,15,0,389,3505,3894,28
2020-10-29,47025,47025,543,5,477,3,66,2,44,1,24,0,,,7,0,582,12504,13086,76
2020-10-29,47023,47023,741,1,611,1,130,0,30,-1,22,0,,,15,0,821,6409,7230,13
2020-10-29,47021,47021,1097,6,1063,6,34,0,130,-6,33,0,,,12,0,1262,13473,14735,83
2020-10-29,47019,47019,1666,36,1593,36,73,0,238,24,100,1,,,36,2,1799,19929,21728,251
2020-10-29,47017,47017,1169,8,971,5,198,3,77,1,52,0,,,26,0,1201,12885,14086,39
2020-10-29,47015,47015,432,2,406,2,26,0,49,-5,11,0,,,2,0,499,4962,5461,30
2020-10-29,47013,47013,1104,33,925,14,179,19,232,10,48,0,,,13,0,1065,14789,15854,208
2020-10-29,47011,47011,3703,36,3542,31,161,5,310,11,206,0,,,23,0,4276,30776,35052,238
2020-10-29,47009,47009,3515,51,3398,48,117,3,425,18,130,0,,,36,0,3969,36705,40674,431
2020-10-29,47007,47007,1034,1,1026,1,8,0,114,-4,20,0,,,4,0,1080,9231,10311,53
2020-10-29,47005,47005,434,3,413,3,21,0,39,-3,19,0,,,10,1,458,5480,5938,53
2020-10-29,47003,47003,1789,26,1673,26,116,0,210,21,55,0,,,20,0,2058,16149,18207,194
2020-10-29,47045,47045,2336,12,1996,14,340,-2,293,-30,78,1,,,38,0,2312,14514,16826,69
2020-10-29,47047,47047,1759,15,1696,16,63,-1,187,-8,81,0,,,25,0,2152,19498,21650,119
2020-10-29,47001,47001,1813,46,1724,42,89,4,255,22,47,0,,,14,0,2005,32123,34128,341
2020-10-29,47051,47051,1336,22,1274,20,62,2,136,10,53,0,,,23,0,1608,18278,19886,202
2020-10-29,47049,47049,944,10,834,8,110,2,81,-4,38,0,,,11,0,1015,5854,6869,149
2020-10-29,47093,47093,13193,144,12559,129,634,15,1218,12,461,1,,,95,0,14254,163757,178011,1843
2020-10-29,47091,47091,1192,21,1147,17,45,4,94,1,34,0,,,7,0,1234,8336,9570,155
2020-10-29,47089,47089,1604,16,1383,15,221,1,139,3,78,1,,,24,1,1646,21217,22863,163
2020-10-29,47087,47087,471,3,411,3,60,0,47,-3,19,1,,,6,0,505,3072,3577,39
2020-10-29,47085,47085,465,3,366,5,99,-2,59,-5,13,0,,,4,0,473,6659,7132,35
2020-10-29,47081,47081,829,9,761,10,68,-1,82,2,22,0,,,15,0,963,8985,9948,79
2020-10-29,47079,47079,837,16,811,15,26,1,96,5,39,0,,,12,0,975,11332,12307,105
2020-10-29,47077,47077,1441,5,1148,3,293,2,81,-6,50,1,,,26,0,1676,10461,12137,54
2020-10-29,47075,47075,1320,3,1214,1,106,2,104,-5,49,1,,,28,0,1406,8282,9688,38
2020-10-29,47083,47083,431,3,383,2,48,1,43,2,29,0,,,17,0,452,3680,4132,33
2020-10-29,47071,47071,1435,9,1157,4,278,5,123,-9,31,0,,,22,0,1483,14840,16323,64
2020-10-29,47069,47069,1931,2,1795,1,136,1,115,-12,70,0,,,33,0,2151,16759,18910,25
2020-10-29,47067,47067,125,2,113,2,12,0,8,0,11,0,,,3,0,132,2217,2349,11
2020-10-29,47065,47065,12175,118,11579,108,596,10,1031,25,454,6,,,112,1,13587,165208,178795,1235
2020-10-29,47053,47053,2227,22,1677,7,550,15,163,4,68,0,,,49,0,2285,18052,20337,62
2020-10-29,47063,47063,2547,22,2305,13,242,9,215,0,127,0,,,50,0,2707,27244,29951,210
2020-10-29,47061,47061,587,2,544,2,43,0,53,-12,39,0,,,12,1,657,3583,4240,37
2020-10-29,47059,47059,1876,45,1760,40,116,5,342,25,96,0,,,54,0,2072,20537,22609,235
2020-10-29,47057,47057,636,1,569,1,67,0,110,-12,29,0,,,4,0,683,7724,8407,64
2020-10-29,47055,47055,1007,13,975,12,32,1,122,-3,52,0,,,38,0,1171,11758,12929,152
2020-10-29,47073,47073,1272,27,1213,25,59,2,170,7,75,1,,,28,3,1381,13278,14659,216
2020-10-30,47129,47129,458,0,427,1,31,-1,39,-8,12,0,,,7,0,488,9488,9976,27
2020-10-30,47131,47131,1865,10,1634,9,231,1,177,-2,56,0,,,27,4,1880,12659,14539,24
2020-10-30,,47OOS,4304,26,4086,26,218,0,822,-44,123,0,,,36,0,3879,345839,349718,1637
2020-10-30,47139,47139,538,-2,509,-2,29,0,51,-9,23,0,,,13,0,600,4669,5269,15
2020-10-30,,47PEN,2304,74,1950,55,354,19,784,29,23,1,,,7,1,2264,213031,215295,1114
2020-10-30,47135,47135,350,7,316,7,34,0,140,-2,16,2,,,8,3,360,4227,4587,12
2020-10-30,47137,47137,287,0,207,0,80,0,18,-7,13,1,,,9,0,261,1595,1856,5
2020-10-30,47127,47127,286,3,248,3,38,0,36,0,6,0,,,2,0,305,2956,3261,19
2020-10-30,47133,47133,1268,7,1063,6,205,1,112,-10,41,2,,,25,5,1291,8984,10275,30
2020-10-30,47125,47125,4428,39,4052,27,376,12,510,-6,141,0,,,61,1,4682,52091,56773,338
2020-10-30,47103,47103,951,6,901,6,50,0,140,-9,25,0,,,4,1,1074,9748,10822,77
2020-10-30,47121,47121,339,2,333,1,6,1,50,-4,16,0,,,6,0,386,3967,4353,15
2020-10-30,47109,47109,1163,13,922,7,241,6,64,3,41,0,,,30,1,1272,9587,10859,63
2020-10-30,47107,47107,1729,17,1688,16,41,1,207,-11,79,0,,,39,1,1969,21616,23585,108
2020-10-30,47119,47119,3630,172,3551,171,79,1,554,135,114,2,,,39,0,4050,35482,39532,1345
2020-10-30,47117,47117,1205,15,1186,15,19,0,155,-2,29,0,,,12,1,1368,12026,13394,107
2020-10-30,47115,47115,826,14,805,14,21,0,105,2,51,0,,,13,3,973,8519,9492,85
2020-10-30,47113,47113,3927,9,2774,3,1153,6,319,-15,200,1,,,80,0,3855,33649,37504,85
2020-10-30,47111,47111,1384,3,1304,4,80,-1,105,-3,85,1,,,25,0,1612,9089,10701,37
2020-10-30,47105,47105,1697,7,1636,6,61,1,151,-6,49,0,,,13,1,1850,17085,18935,81
2020-10-30,47189,47189,4950,30,4822,29,128,1,499,-38,137,1,,,64,1,5739,48169,53908,297
2020-10-30,47123,47123,1536,15,1479,15,57,0,195,-3,80,0,,,29,0,1711,14117,15828,89
2020-10-30,47141,47141,4638,28,4180,30,458,-2,436,-25,135,2,,,59,0,5274,38714,43988,293
2020-10-30,47163,47163,4100,119,3867,118,233,1,870,27,247,6,,,52,2,4291,40417,44708,752
2020-10-30,47145,47145,1447,27,1379,24,68,3,250,3,39,0,,,8,0,1616,22988,24604,109
2020-10-30,47101,47101,458,16,451,15,7,1,111,3,21,1,,,6,1,497,5921,6418,113
2020-10-30,47187,47187,7496,109,7172,104,324,5,805,26,140,0,,,57,1,8419,88708,97127,1011
2020-10-30,47185,47185,1266,14,1164,12,102,2,165,-5,55,0,,,15,1,1541,13070,14611,84
2020-10-30,47183,47183,1619,9,1451,9,168,0,136,1,34,0,,,26,0,1701,13284,14985,47
2020-10-30,47181,47181,1623,4,1591,3,32,1,68,3,20,0,,,7,0,1752,7006,8758,27
2020-10-30,47179,47179,3877,110,3717,87,160,23,745,37,153,0,,,58,5,4250,40565,44815,570
2020-10-30,47177,47177,1520,13,1398,12,122,1,166,-13,18,0,,,11,0,1664,16872,18536,62
2020-10-30,47175,47175,213,1,195,1,18,0,14,1,8,0,,,2,0,231,2802,3033,5
2020-10-30,47173,47173,560,5,507,3,53,2,60,-2,17,0,,,4,0,578,5951,6529,6
2020-10-30,47171,47171,486,9,429,8,57,1,119,-3,25,1,,,5,0,499,7798,8297,40
2020-10-30,47169,47169,1794,5,1777,5,17,0,50,2,27,0,,,9,0,1881,5842,7723,36
2020-10-30,47167,47167,2501,35,2185,32,316,3,281,9,96,0,,,23,0,2768,26123,28891,151
2020-10-30,47165,47165,6439,68,6359,69,80,-1,662,-12,432,2,,,117,4,7561,58976,66537,523
2020-10-30,47161,47161,356,8,323,3,33,5,44,3,11,1,,,13,2,385,3703,4088,40
2020-10-30,47159,47159,1040,8,991,7,49,1,87,1,32,0,,,14,0,1309,7032,8341,39
2020-10-30,47157,47157,37618,283,36929,256,689,27,2733,38,2203,2,,,571,1,46172,459431,505603,3943
2020-10-30,47155,47155,3534,37,3397,35,137,2,342,3,117,3,,,23,1,3850,32025,35875,222
2020-10-30,47153,47153,370,7,363,6,7,1,44,4,12,0,,,2,0,405,6350,6755,21
2020-10-30,47151,47151,416,8,375,8,41,0,84,5,22,0,,,5,0,411,5739,6150,43
2020-10-30,47149,47149,12485,79,12231,76,254,3,1261,-12,293,2,,,116,1,14918,108474,123392,748
2020-10-30,47147,47147,2702,21,2645,19,57,2,175,9,187,0,,,43,0,3216,21980,25196,249
2020-10-30,47143,47143,1151,10,1131,10,20,0,108,-9,43,1,,,21,2,1348,13575,14923,96
2020-10-30,47099,47099,1732,25,1672,16,60,9,255,-5,54,0,,,20,0,1910,14479,16389,211
2020-10-30,47049,47049,948,4,838,4,110,0,74,-7,38,0,,,12,1,1021,5860,6881,12
2020-10-30,47095,47095,992,2,983,2,9,0,21,-4,7,0,,,4,0,1200,6954,8154,12
2020-10-30,47041,47041,790,4,746,3,44,1,110,-3,30,0,,,18,1,936,9982,10918,54
2020-10-30,47039,47039,682,3,537,3,145,0,55,-2,21,1,,,11,0,714,7063,7777,18
2020-10-30,47037,47037,32908,229,32595,220,313,9,2405,-6,1198,6,,,350,5,40801,454740,495541,3280
2020-10-30,47035,47035,1698,29,1637,27,61,2,192,17,77,2,,,27,0,2030,28021,30051,119
2020-10-30,47033,47033,917,10,688,8,229,2,111,0,22,0,,,22,0,845,4548,5393,30
2020-10-30,47031,47031,2014,27,1715,24,299,3,253,-8,49,0,,,28,2,2187,24681,26868,168
2020-10-30,47029,47029,1167,17,1018,14,149,3,231,4,53,0,,,16,2,1147,10477,11624,93
2020-10-30,47027,47027,422,4,328,3,94,1,43,2,13,0,,,16,1,393,3515,3908,14
2020-10-30,47023,47023,744,3,613,2,131,1,29,-1,22,0,,,16,1,824,6428,7252,22
2020-10-30,47021,47021,1120,23,1083,20,37,3,137,7,33,0,,,12,0,1285,13583,14868,133
2020-10-30,47019,47019,1721,55,1642,49,79,6,275,37,100,0,,,36,0,1850,20111,21961,233
2020-10-30,47017,47017,1181,12,981,10,200,2,76,-1,52,0,,,27,1,1210,12974,14184,98
2020-10-30,47015,47015,436,4,410,4,26,0,50,1,11,0,,,2,0,504,4986,5490,29
2020-10-30,47013,47013,1116,12,932,7,184,5,215,-17,48,0,,,13,0,1075,14870,15945,91
2020-10-30,47011,47011,3729,26,3565,23,164,3,311,1,207,1,,,23,0,4304,30979,35283,231
2020-10-30,47009,47009,3554,39,3435,37,119,2,431,6,132,2,,,41,5,4011,36969,40980,306
2020-10-30,47007,47007,1040,6,1031,5,9,1,116,2,20,0,,,4,0,1085,9274,10359,48
2020-10-30,47005,47005,441,7,420,7,21,0,40,1,19,0,,,10,0,466,5548,6014,76
2020-10-30,47003,47003,1805,16,1684,11,121,5,211,1,55,0,,,22,2,2069,16233,18302,95
2020-10-30,47001,47001,1848,35,1756,32,92,3,266,11,49,2,,,16,2,2043,32223,34266,138
2020-10-30,47097,47097,1507,12,1255,6,252,6,197,-7,51,0,,,17,0,1478,13617,15095,125
2020-10-30,47043,47043,1791,28,1525,19,266,9,233,2,65,1,,,19,0,2043,17730,19773,129
2020-10-30,47045,47045,2363,27,2015,19,348,8,290,-3,79,1,,,38,0,2328,14568,16896,70
2020-10-30,47025,47025,549,6,482,5,67,1,49,5,25,1,,,8,1,585,12533,13118,32
2020-10-30,47051,47051,1351,15,1283,9,68,6,138,2,53,0,,,24,1,1618,18356,19974,88
2020-10-30,47047,47047,1774,15,1709,13,65,2,184,-3,81,0,,,27,2,2170,19565,21735,85
2020-10-30,47091,47091,1211,19,1150,3,61,16,111,17,34,0,,,8,1,1235,8362,9597,27
2020-10-30,47089,47089,1622,18,1395,12,227,6,146,7,79,1,,,24,0,1660,21430,23090,227
2020-10-30,47087,47087,477,6,417,6,60,0,47,0,19,0,,,8,2,515,3087,3602,25
2020-10-30,47085,47085,469,4,369,3,100,1,60,1,13,0,,,4,0,478,6695,7173,41
2020-10-30,47083,47083,431,0,384,1,47,-1,37,-6,29,0,,,17,0,453,3697,4150,18
2020-10-30,47081,47081,841,12,772,11,69,1,88,6,22,0,,,15,0,973,9042,10015,67
2020-10-30,47077,47077,1443,2,1151,3,292,-1,75,-6,50,0,,,26,0,1676,10481,12157,20
2020-10-30,47075,47075,1334,14,1227,13,107,1,106,2,49,0,,,28,0,1424,8361,9785,97
2020-10-30,47073,47073,1286,14,1222,9,64,5,170,0,75,0,,,29,1,1393,13396,14789,130
2020-10-30,47079,47079,845,8,815,4,30,4,93,-3,39,0,,,12,0,983,11359,12342,35
2020-10-30,47069,47069,1939,8,1802,7,137,1,107,-8,70,0,,,33,0,2159,16829,18988,78
2020-10-30,47053,47053,2234,7,1682,5,552,2,155,-8,68,0,,,49,0,2289,18104,20393,56
2020-10-30,47071,47071,1444,9,1164,7,280,2,108,-15,32,1,,,23,1,1489,14918,16407,84
2020-10-30,47057,47057,641,5,573,4,68,1,106,-4,29,0,,,4,0,687,7757,8444,37
2020-10-30,47059,47059,1927,51,1805,45,122,6,371,29,96,0,,,55,1,2122,20798,22920,311
2020-10-30,47061,47061,600,13,556,12,44,1,63,10,39,0,,,13,1,672,3620,4292,52
2020-10-30,47055,47055,1022,15,992,17,30,-2,119,-3,52,0,,,38,0,1191,11881,13072,143
2020-10-30,47065,47065,12251,76,11650,71,601,5,1027,-4,455,1,,,111,-1,13654,166074,179728,933
2020-10-30,47067,47067,127,2,114,1,13,1,10,2,11,0,,,3,0,133,2232,2365,16
2020-10-30,47093,47093,13301,108,12652,93,649,15,1211,-7,463,2,,,96,1,14351,164340,178691,680
2020-10-30,47063,47063,2569,22,2316,11,253,11,221,6,129,2,,,50,0,2720,27423,30143,192
2020-10-31,47125,47125,4451,23,4058,6,393,17,488,-22,141,0,,,61,0,4687,52192,56879,106
2020-10-31,47135,47135,354,4,320,4,34,0,139,-1,17,1,,,9,1,365,4241,4606,19
2020-10-31,,47PEN,2162,-142,1835,-115,327,-27,622,-162,20,-3,,,6,-1,2157,213535,215692,397
2020-10-31,47133,47133,1281,13,1075,12,206,1,108,-4,42,1,,,25,0,1307,9009,10316,41
2020-10-31,,47OOS,4212,-92,3993,-93,219,1,682,-140,123,0,,,36,0,3763,345893,349656,-62
2020-10-31,47131,47131,1883,18,1646,12,237,6,179,2,56,0,,,27,0,1896,12703,14599,60
2020-10-31,47129,47129,462,4,430,3,32,1,39,0,12,0,,,7,0,493,9501,9994,18
2020-10-31,47127,47127,286,0,248,0,38,0,34,-2,6,0,,,2,0,306,2960,3266,5
2020-10-31,47123,47123,1546,10,1489,10,57,0,189,-6,80,0,,,29,0,1723,14165,15888,60
2020-10-31,47101,47101,472,14,465,14,7,0,117,6,21,0,,,6,0,512,5949,6461,43
2020-10-31,47109,47109,1170,7,933,11,237,-4,62,-2,41,0,,,30,0,1284,9617,10901,42
2020-10-31,47107,47107,1744,15,1702,14,42,1,197,-10,79,0,,,39,0,1986,21694,23680,95
2020-10-31,47119,47119,3650,20,3568,17,82,3,538,-16,114,0,,,39,0,4066,35725,39791,259
2020-10-31,47117,47117,1213,8,1194,8,19,0,153,-2,29,0,,,12,0,1377,12050,13427,33
2020-10-31,47115,47115,834,8,813,8,21,0,104,-1,51,0,,,14,1,981,8528,9509,17
2020-10-31,47113,47113,3946,19,2789,15,1157,4,319,0,201,1,,,81,1,3870,33881,37751,247
2020-10-31,47111,47111,1390,6,1308,4,82,2,92,-13,85,0,,,25,0,1617,9099,10716,15
2020-10-31,47105,47105,1711,14,1652,16,59,-2,155,4,50,1,,,13,0,1868,17127,18995,60
2020-10-31,47103,47103,971,20,919,18,52,2,136,-4,25,0,,,4,0,1093,9764,10857,35
2020-10-31,47137,47137,289,2,208,1,81,1,17,-1,13,0,,,9,0,263,1601,1864,8
2020-10-31,47121,47121,339,0,333,0,6,0,46,-4,17,1,,,6,0,386,3981,4367,14
2020-10-31,47139,47139,542,4,513,4,29,0,53,2,23,0,,,13,0,604,4684,5288,19
2020-10-31,47185,47185,1271,5,1166,2,105,3,152,-13,56,1,,,15,0,1543,13180,14723,112
2020-10-31,47143,47143,1165,14,1143,12,22,2,106,-2,44,1,,,21,0,1361,13612,14973,50
2020-10-31,47099,47099,1740,8,1674,2,66,6,241,-14,54,0,,,20,0,1912,14488,16400,11
2020-10-31,47183,47183,1633,14,1462,11,171,3,142,6,34,0,,,26,0,1713,13351,15064,79
2020-10-31,47181,47181,1624,1,1593,2,31,-1,62,-6,20,0,,,7,0,1754,7026,8780,22
2020-10-31,47179,47179,3940,63,3780,63,160,0,756,11,158,5,,,59,1,4313,40728,45041,226
2020-10-31,47177,47177,1538,18,1416,18,122,0,172,6,19,1,,,11,0,1684,16947,18631,95
2020-10-31,47175,47175,217,4,199,4,18,0,18,4,8,0,,,2,0,235,2812,3047,14
2020-10-31,47173,47173,563,3,510,3,53,0,51,-9,18,1,,,4,0,581,5967,6548,19
2020-10-31,47171,47171,503,17,436,7,67,10,134,15,25,0,,,5,0,508,7826,8334,37
2020-10-31,47169,47169,1793,-1,1776,-1,17,0,42,-8,27,0,,,9,0,1882,5844,7726,3
2020-10-31,47167,47167,2503,2,2186,1,317,1,264,-17,96,0,,,23,0,2771,26202,28973,82
2020-10-31,47165,47165,6459,20,6374,15,85,5,637,-25,432,0,,,117,0,7574,59105,66679,142
2020-10-31,47163,47163,4142,42,3899,32,243,10,837,-33,250,3,,,53,1,4322,40481,44803,95
2020-10-31,47161,47161,359,3,325,2,34,1,42,-2,11,0,,,13,0,388,3711,4099,11
2020-10-31,47159,47159,1044,4,993,2,51,2,82,-5,32,0,,,14,0,1313,7057,8370,29
2020-10-31,47157,47157,37715,97,37016,87,699,10,2596,-137,2212,9,,,571,0,46258,460146,506404,801
2020-10-31,47155,47155,3547,13,3409,12,138,1,323,-19,118,1,,,23,0,3863,32082,35945,70
2020-10-31,47153,47153,370,0,363,0,7,0,42,-2,13,1,,,2,0,405,6411,6816,61
2020-10-31,47151,47151,422,6,380,5,42,1,80,-4,22,0,,,5,0,419,5764,6183,33
2020-10-31,47149,47149,12528,43,12269,38,259,5,1209,-52,294,1,,,116,0,14956,108773,123729,337
2020-10-31,47147,47147,2705,3,2650,5,55,-2,166,-9,187,0,,,43,0,3222,22033,25255,59
2020-10-31,47145,47145,1460,13,1392,13,68,0,240,-10,39,0,,,8,0,1632,23026,24658,54
2020-10-31,47141,47141,4643,5,4178,-2,465,7,389,-47,135,0,,,59,0,5273,38768,44041,53
2020-10-31,47097,47097,1513,6,1259,4,254,2,185,-12,51,0,,,18,1,1485,13630,15115,20
2020-10-31,47049,47049,957,9,845,7,112,2,71,-3,38,0,,,12,0,1029,5873,6902,21
2020-10-31,47093,47093,13445,144,12788,136,657,8,1225,14,462,-1,,,96,0,14490,164958,179448,757
2020-10-31,47039,47039,686,4,541,4,145,0,54,-1,21,0,,,11,0,718,7187,7905,128
2020-10-31,47037,47037,33037,129,32716,121,321,8,2334,-71,1208,10,,,352,2,40939,456098,497037,1496
2020-10-31,47035,47035,1705,7,1644,7,61,0,183,-9,77,0,,,27,0,2040,28063,30103,52
2020-10-31,47033,47033,926,9,697,9,229,0,106,-5,22,0,,,23,1,857,4572,5429,36
2020-10-31,47031,47031,2029,15,1728,13,301,2,247,-6,49,0,,,28,0,2200,24725,26925,57
2020-10-31,47029,47029,1173,6,1021,3,152,3,227,-4,53,0,,,17,1,1150,10503,11653,29
2020-10-31,47027,47027,425,3,331,3,94,0,41,-2,13,0,,,16,0,395,3524,3919,11
2020-10-31,47025,47025,555,6,487,5,68,1,51,2,25,0,,,8,0,592,12544,13136,18
2020-10-31,47023,47023,750,6,618,5,132,1,35,6,22,0,,,16,0,829,6485,7314,62
2020-10-31,47021,47021,1122,2,1084,1,38,1,123,-14,33,0,,,12,0,1287,13632,14919,51
2020-10-31,47019,47019,1745,24,1666,24,79,0,280,5,102,2,,,36,0,1874,20181,22055,94
2020-10-31,47017,47017,1189,8,988,7,201,1,83,7,52,0,,,27,0,1222,13029,14251,67
2020-10-31,47015,47015,438,2,412,2,26,0,46,-4,11,0,,,2,0,506,4994,5500,10
2020-10-31,47013,47013,1130,14,938,6,192,8,204,-11,49,1,,,13,0,1081,14908,15989,44
2020-10-31,47011,47011,3753,24,3586,21,167,3,302,-9,208,1,,,24,1,4325,31034,35359,76
2020-10-31,47009,47009,3595,41,3474,39,121,2,427,-4,133,1,,,41,0,4052,37033,41085,105
2020-10-31,47007,47007,1045,5,1035,4,10,1,45,-71,20,0,,,4,0,1091,9289,10380,21
2020-10-31,47005,47005,440,-1,419,-1,21,0,32,-8,19,0,,,10,0,467,5570,6037,23
2020-10-31,47003,47003,1822,17,1701,17,121,0,220,9,55,0,,,23,1,2086,16342,18428,126
2020-10-31,47001,47001,1868,20,1772,16,96,4,272,6,49,0,,,16,0,2060,32307,34367,101
2020-10-31,47187,47187,7510,14,7183,11,327,3,765,-40,140,0,,,57,0,8434,88758,97192,65
2020-10-31,47041,47041,792,2,747,1,45,1,104,-6,30,0,,,18,0,938,10025,10963,45
2020-10-31,47095,47095,997,5,986,3,11,2,22,1,8,1,,,4,0,1204,6965,8169,15
2020-10-31,47043,47043,1797,6,1530,5,267,1,227,-6,65,0,,,20,1,2047,17761,19808,35
2020-10-31,47047,47047,1785,11,1718,9,67,2,178,-6,81,0,,,27,0,2180,19602,21782,47
2020-10-31,47091,47091,1220,9,1159,9,61,0,113,2,34,0,,,8,0,1247,8390,9637,40
2020-10-31,47089,47089,1635,13,1405,10,230,3,145,-1,80,1,,,24,0,1671,21520,23191,101
2020-10-31,47087,47087,483,6,420,3,63,3,47,0,19,0,,,8,0,518,3095,3613,11
2020-10-31,47085,47085,471,2,370,1,101,1,58,-2,13,0,,,4,0,479,6704,7183,10
2020-10-31,47083,47083,437,6,383,-1,54,7,38,1,29,0,,,17,0,454,3695,4149,-1
2020-10-31,47081,47081,846,5,777,5,69,0,88,0,22,0,,,15,0,978,9056,10034,19
2020-10-31,47079,47079,858,13,828,13,30,0,100,7,39,0,,,12,0,996,11419,12415,73
2020-10-31,47077,47077,1454,11,1161,10,293,1,77,2,50,0,,,26,0,1687,10533,12220,63
2020-10-31,47075,47075,1338,4,1231,4,107,0,104,-2,49,0,,,28,0,1430,8367,9797,12
2020-10-31,47073,47073,1299,13,1236,14,63,-1,170,0,75,0,,,29,0,1406,13441,14847,58
2020-10-31,47071,47071,1451,7,1170,6,281,1,102,-6,32,0,,,23,0,1496,15028,16524,117
2020-10-31,47069,47069,1953,14,1815,13,138,1,113,6,70,0,,,33,0,2177,16969,19146,158
2020-10-31,47067,47067,128,1,114,0,14,1,12,2,11,0,,,3,0,133,2236,2369,4
2020-10-31,47065,47065,12300,49,11692,42,608,7,1005,-22,456,1,,,111,0,13702,166603,180305,577
2020-10-31,47063,47063,2582,13,2328,12,254,1,222,1,129,0,,,50,0,2733,27489,30222,79
2020-10-31,47061,47061,605,5,561,5,44,0,61,-2,39,0,,,13,0,677,3622,4299,7
2020-10-31,47059,47059,1967,40,1844,39,123,1,365,-6,96,0,,,55,0,2160,20999,23159,239
2020-10-31,47057,47057,649,8,579,6,70,2,105,-1,29,0,,,4,0,693,7789,8482,38
2020-10-31,47055,47055,1026,4,996,4,30,0,114,-5,52,0,,,38,0,1196,11908,13104,32
2020-10-31,47053,47053,2241,7,1689,7,552,0,153,-2,67,-1,,,48,-1,2301,18179,20480,87
2020-10-31,47051,47051,1357,6,1289,6,68,0,131,-7,53,0,,,25,1,1625,18381,20006,32
2020-10-31,47045,47045,2392,29,2035,20,357,9,296,6,79,0,,,38,0,2354,14641,16995,99
2020-10-31,47189,47189,4959,9,4828,6,131,3,472,-27,137,0,,,64,0,5746,48187,53933,25
